          21           9   4.0000000000000000                1
     0.0000000        0.27451926        0.01532491
     0.1000000        0.16364008        0.00826344
     0.2000000        0.10838879        0.00360157
     0.3000000        0.06771249        0.00168625
     0.4000000        0.05100643        0.00205089
     0.5000000        0.03768675        0.00238142
     0.6000000        0.02501060        0.00208656
     0.7000000        0.01584263        0.00314972
     0.8000000        0.01388394        0.00325586
     0.9000000        0.00715971        0.00288492
     1.0000000        0.00662480        0.00237020
     1.1000000        0.01093845        0.00204051
     1.2000000        0.00971157        0.00309621
     1.3000000        0.00952700        0.00177069
     1.4000000        0.00632503        0.00162911
     1.5000000        0.00814314        0.00130664
     1.6000000        0.00686316        0.00193554
     1.7000000        0.00797774        0.00158409
     1.8000000        0.00811221        0.00369065
     1.9000000        0.00752181        0.00239264
     2.0000000        0.00802083        0.00272777
