 0.10000000000000000E+001          1         16
( 0.00000000000000000E+000, 0.00000000000000000E+000)
-0.15707963267948966E+001 -0.15707963267948966E+001
( 0.99999999999999889E+000, 0.55511151231257837E-015)
-0.15707963267948966E+001  0.00000000000000000E+000
( 0.17800910851748639E+001, 0.34177869492287927E-002)
-0.15707963267948966E+001  0.15707963267948966E+001
( 0.99999999999999989E+000,-0.49960036108132044E-015)
-0.15707963267948966E+001  0.31415926535897931E+001
( 0.21990891482513614E+000,-0.34177869492290707E-002)
 0.00000000000000000E+000 -0.15707963267948966E+001
( 0.17823990336355560E+001,-0.11487363743936385E-002)
 0.00000000000000000E+000  0.00000000000000000E+000
( 0.19168571524549212E+001, 0.00000000000000000E+000)
 0.00000000000000000E+000  0.15707963267948966E+001
( 0.17823990336355560E+001, 0.11487363743936385E-002)
 0.00000000000000000E+000  0.31415926535897931E+001
( 0.99870754358037395E+000,-0.39613398866782866E-016)
 0.15707963267948966E+001 -0.15707963267948966E+001
( 0.99999999999999989E+000, 0.49960036108132044E-015)
 0.15707963267948966E+001  0.00000000000000000E+000
( 0.17800910851748639E+001,-0.34177869492287927E-002)
 0.15707963267948966E+001  0.15707963267948966E+001
( 0.99999999999999889E+000,-0.55511151231257837E-015)
 0.15707963267948966E+001  0.31415926535897931E+001
( 0.21990891482513625E+000, 0.34177869492290707E-002)
 0.31415926535897931E+001 -0.15707963267948966E+001
( 0.21760096636444573E+000, 0.11487363743953038E-002)
 0.31415926535897931E+001  0.00000000000000000E+000
( 0.10012924564196262E+001,-0.39731714252701902E-016)
 0.31415926535897931E+001  0.15707963267948966E+001
( 0.21760096636444573E+000,-0.11487363743952900E-002)
 0.31415926535897931E+001  0.31415926535897931E+001
( 0.83142847545075796E-001, 0.79345113119484028E-016)
 0.10000000000000000E+001          1         16
( 0.00000000000000000E+000, 0.00000000000000000E+000)
-0.15707963267948966E+001 -0.15707963267948966E+001
( 0.99999999999999911E+000, 0.41633363423443512E-016)
-0.15707963267948966E+001  0.00000000000000000E+000
( 0.17835449695696401E+001, 0.71436897922843548E-003)
-0.15707963267948966E+001  0.15707963267948966E+001
( 0.99999999999999989E+000,-0.41633363423443370E-016)
-0.15707963267948966E+001  0.31415926535897931E+001
( 0.21645503043035993E+000,-0.71436897922815793E-003)
 0.00000000000000000E+000 -0.15707963267948966E+001
( 0.17822115790243376E+001, 0.13487264737631760E-002)
 0.00000000000000000E+000  0.00000000000000000E+000
( 0.19154698846731426E+001, 0.00000000000000000E+000)
 0.00000000000000000E+000  0.15707963267948966E+001
( 0.17822115790243376E+001,-0.13487264737631760E-002)
 0.00000000000000000E+000  0.31415926535897931E+001
( 0.99301248438792411E+000,-0.40329960739095105E-016)
 0.15707963267948966E+001 -0.15707963267948966E+001
( 0.99999999999999989E+000, 0.41633363423443370E-016)
 0.15707963267948966E+001  0.00000000000000000E+000
( 0.17835449695696401E+001,-0.71436897922843548E-003)
 0.15707963267948966E+001  0.15707963267948966E+001
( 0.99999999999999911E+000,-0.41633363423443512E-016)
 0.15707963267948966E+001  0.31415926535897931E+001
( 0.21645503043035993E+000, 0.71436897922815793E-003)
 0.31415926535897931E+001 -0.15707963267948966E+001
( 0.21778842097566442E+000,-0.13487264737632038E-002)
 0.31415926535897931E+001  0.00000000000000000E+000
( 0.10069875156120764E+001,-0.39559843735075176E-016)
 0.31415926535897931E+001  0.15707963267948966E+001
( 0.21778842097566442E+000, 0.13487264737632176E-002)
 0.31415926535897931E+001  0.31415926535897931E+001
( 0.84530115326854463E-001, 0.79889804474169665E-016)
 0.10000000000000000E+001          1         16
( 0.00000000000000000E+000, 0.00000000000000000E+000)
-0.15707963267948966E+001 -0.15707963267948966E+001
( 0.99999999999999878E+000, 0.15265566588595915E-015)
-0.15707963267948966E+001  0.00000000000000000E+000
( 0.17817862924067114E+001,-0.11255056698703580E-003)
-0.15707963267948966E+001  0.15707963267948966E+001
( 0.10000000000000002E+001, 0.34694469519536142E-015)
-0.15707963267948966E+001  0.31415926535897931E+001
( 0.21821370759328887E+000, 0.11255056698747989E-003)
 0.00000000000000000E+000 -0.15707963267948966E+001
( 0.17807801641103265E+001,-0.30041540041984144E-002)
 0.00000000000000000E+000  0.00000000000000000E+000
( 0.19159519027035792E+001, 0.00000000000000000E+000)
 0.00000000000000000E+000  0.15707963267948966E+001
( 0.17807801641103265E+001, 0.30041540041984144E-002)
 0.00000000000000000E+000  0.31415926535897931E+001
( 0.10048473257042225E+001,-0.38867398736658609E-016)
 0.15707963267948966E+001 -0.15707963267948966E+001
( 0.10000000000000002E+001,-0.34694469519536142E-015)
 0.15707963267948966E+001  0.00000000000000000E+000
( 0.17817862924067114E+001, 0.11255056698703580E-003)
 0.15707963267948966E+001  0.15707963267948966E+001
( 0.99999999999999878E+000,-0.15265566588595915E-015)
 0.15707963267948966E+001  0.31415926535897931E+001
( 0.21821370759328887E+000,-0.11255056698747989E-003)
 0.31415926535897931E+001 -0.15707963267948966E+001
( 0.21921983588967522E+000, 0.30041540041984560E-002)
 0.31415926535897931E+001  0.00000000000000000E+000
( 0.99515267429577858E+000,-0.39938359396616966E-016)
 0.31415926535897931E+001  0.15707963267948966E+001
( 0.21921983588967522E+000,-0.30041540041984283E-002)
 0.31415926535897931E+001  0.31415926535897931E+001
( 0.84048097296417934E-001, 0.78805758133275032E-016)
 0.10000000000000000E+001          1         16
( 0.00000000000000000E+000, 0.00000000000000000E+000)
-0.15707963267948966E+001 -0.15707963267948966E+001
( 0.99999999999999878E+000, 0.27755575615629055E-016)
-0.15707963267948966E+001  0.00000000000000000E+000
( 0.17706347079027116E+001, 0.35849345288773728E-003)
-0.15707963267948966E+001  0.15707963267948966E+001
( 0.99999999999999989E+000, 0.00000000000000000E+000)
-0.15707963267948966E+001  0.31415926535897931E+001
( 0.22936529209728856E+000,-0.35849345288748742E-003)
 0.00000000000000000E+000 -0.15707963267948966E+001
( 0.17686825805214643E+001,-0.90782463748037556E-003)
 0.00000000000000000E+000  0.00000000000000000E+000
( 0.19116591836055572E+001, 0.00000000000000000E+000)
 0.00000000000000000E+000  0.15707963267948966E+001
( 0.17686825805214643E+001, 0.90782463748037556E-003)
 0.00000000000000000E+000  0.31415926535897931E+001
( 0.99891316247240647E+000,-0.38268814275122415E-016)
 0.15707963267948966E+001 -0.15707963267948966E+001
( 0.99999999999999989E+000, 0.00000000000000000E+000)
 0.15707963267948966E+001  0.00000000000000000E+000
( 0.17706347079027116E+001,-0.35849345288773728E-003)
 0.15707963267948966E+001  0.15707963267948966E+001
( 0.99999999999999878E+000,-0.27755575615629055E-016)
 0.15707963267948966E+001  0.31415926535897931E+001
( 0.22936529209728868E+000, 0.35849345288748742E-003)
 0.31415926535897931E+001 -0.15707963267948966E+001
( 0.23131741947853734E+000, 0.90782463748036168E-003)
 0.31415926535897931E+001  0.00000000000000000E+000
( 0.10010868375275941E+001,-0.38529860959690732E-016)
 0.31415926535897931E+001  0.15707963267948966E+001
( 0.23131741947853734E+000,-0.90782463748033393E-003)
 0.31415926535897931E+001  0.31415926535897931E+001
( 0.88340816394439386E-001, 0.76798675234812561E-016)
 0.10000000000000000E+001          1         16
( 0.00000000000000000E+000, 0.00000000000000000E+000)
-0.15707963267948966E+001 -0.15707963267948966E+001
( 0.99999999999999889E+000,-0.22204460492503116E-015)
-0.15707963267948966E+001  0.00000000000000000E+000
( 0.17866919480153882E+001, 0.82476917832544853E-003)
-0.15707963267948966E+001  0.15707963267948966E+001
( 0.99999999999999989E+000,-0.63837823915946501E-015)
-0.15707963267948966E+001  0.31415926535897931E+001
( 0.21330805198461184E+000,-0.82476917832542066E-003)
 0.00000000000000000E+000 -0.15707963267948966E+001
( 0.17859094854212767E+001, 0.67929139617220469E-003)
 0.00000000000000000E+000  0.00000000000000000E+000
( 0.19193874814169278E+001, 0.00000000000000000E+000)
 0.00000000000000000E+000  0.15707963267948966E+001
( 0.17859094854212767E+001,-0.67929139617220469E-003)
 0.00000000000000000E+000  0.31415926535897931E+001
( 0.99972116523578003E+000,-0.40050169667877318E-016)
 0.15707963267948966E+001 -0.15707963267948966E+001
( 0.99999999999999989E+000, 0.63837823915946501E-015)
 0.15707963267948966E+001  0.00000000000000000E+000
( 0.17866919480153882E+001,-0.82476917832544853E-003)
 0.15707963267948966E+001  0.15707963267948966E+001
( 0.99999999999999889E+000, 0.22204460492503116E-015)
 0.15707963267948966E+001  0.31415926535897931E+001
( 0.21330805198461195E+000, 0.82476917832542066E-003)
 0.31415926535897931E+001 -0.15707963267948966E+001
( 0.21409051457872502E+000,-0.67929139617166345E-003)
 0.31415926535897931E+001  0.00000000000000000E+000
( 0.10002788347642204E+001,-0.40129662178887239E-016)
 0.31415926535897931E+001  0.15707963267948966E+001
( 0.21409051457872502E+000, 0.67929139617162182E-003)
 0.31415926535897931E+001  0.31415926535897931E+001
( 0.80612518583068921E-001, 0.80179831846763941E-016)
