          81           9   8.0000000000000000                1
     0.0000000        1.04695872        0.01004554
     0.1000000        0.92852422        0.01033131
     0.2000000        0.83306240        0.00775514
     0.3000000        0.76448376        0.00816095
     0.4000000        0.69861543        0.00956770
     0.5000000        0.64552368        0.00840430
     0.6000000        0.58576212        0.00653105
     0.7000000        0.53488755        0.00858002
     0.8000000        0.49311017        0.00924904
     0.9000000        0.45142402        0.01033040
     1.0000000        0.41426924        0.00725163
     1.1000000        0.38674369        0.01056003
     1.2000000        0.35817530        0.01092923
     1.3000000        0.33569249        0.01230386
     1.4000000        0.31036815        0.01203631
     1.5000000        0.29182256        0.00890967
     1.6000000        0.27921306        0.00997788
     1.7000000        0.25706508        0.00896819
     1.8000000        0.23289115        0.00857050
     1.9000000        0.22309234        0.00926410
     2.0000000        0.21021759        0.00764869
     2.1000000        0.19811959        0.00927489
     2.2000000        0.18723710        0.00897073
     2.3000000        0.16317402        0.00926758
     2.4000000        0.15027309        0.01096301
     2.5000000        0.14472683        0.01163117
     2.6000000        0.13574615        0.01256469
     2.7000000        0.12254087        0.01111016
     2.8000000        0.12146157        0.00682493
     2.9000000        0.11418952        0.01058356
     3.0000000        0.10705052        0.01255667
     3.1000000        0.09867174        0.01163840
     3.2000000        0.09277795        0.00945649
     3.3000000        0.09017425        0.01125219
     3.4000000        0.08668625        0.01120730
     3.5000000        0.09018705        0.01151328
     3.6000000        0.08165109        0.01462296
     3.7000000        0.08010884        0.01620095
     3.8000000        0.07474855        0.01726000
     3.9000000        0.07812004        0.01644525
     4.0000000        0.07846527        0.01297539
     4.1000000        0.07491934        0.01431378
     4.2000000        0.07680523        0.01337063
     4.3000000        0.08089592        0.01467024
     4.4000000        0.08510299        0.01441808
     4.5000000        0.09035814        0.01172499
     4.6000000        0.09750196        0.01327206
     4.7000000        0.10302095        0.01130724
     4.8000000        0.11237397        0.00932989
     4.9000000        0.11747988        0.01170334
     5.0000000        0.12246110        0.01229275
     5.1000000        0.12377714        0.01251917
     5.2000000        0.12146217        0.01000061
     5.3000000        0.12279825        0.01064588
     5.4000000        0.13429744        0.01072165
     5.5000000        0.14427977        0.01214392
     5.6000000        0.14959547        0.01330610
     5.7000000        0.15928194        0.01460751
     5.8000000        0.16201684        0.01326309
     5.9000000        0.17659327        0.01384893
     6.0000000        0.18326649        0.01496830
     6.1000000        0.19965722        0.01404481
     6.2000000        0.20858946        0.01272325
     6.3000000        0.22500761        0.01149207
     6.4000000        0.23863407        0.01162824
     6.5000000        0.25606717        0.01229214
     6.6000000        0.28246934        0.01142898
     6.7000000        0.29971746        0.01156961
     6.8000000        0.32099153        0.01258221
     6.9000000        0.33776409        0.01091615
     7.0000000        0.37082354        0.01220830
     7.1000000        0.40497669        0.01338761
     7.2000000        0.43373409        0.01312926
     7.3000000        0.47497609        0.01222157
     7.4000000        0.51929445        0.01232438
     7.5000000        0.56430778        0.01148811
     7.6000000        0.61556595        0.01212917
     7.7000000        0.67213918        0.01109070
     7.8000000        0.74403933        0.00955751
     7.9000000        0.84013773        0.00723363
     8.0000000        0.95304128        0.01004554
