          51           4   10.000000000000000                1
     0.0000000        0.08147490        0.01879213
     0.1000000        0.06310841        0.01404589
     0.2000000        0.03349025        0.01744037
     0.3000000        0.02250597        0.02195019
     0.4000000        0.01746521        0.01170427
     0.5000000        0.01393918        0.01015735
     0.6000000        0.02545121        0.00826870
     0.7000000        0.01936187        0.01596505
     0.8000000        0.01597484        0.00575086
     0.9000000       -0.00410504        0.00444185
     1.0000000        0.01224330        0.00631240
     1.1000000        0.01931659        0.01307168
     1.2000000        0.01590431        0.01509721
     1.3000000        0.01377296        0.00841793
     1.4000000        0.00539583        0.00822771
     1.5000000        0.00846459        0.00318053
     1.6000000        0.01224912        0.01202473
     1.7000000        0.01219387        0.00489245
     1.8000000        0.01158982        0.01337611
     1.9000000       -0.00713174        0.00632901
     2.0000000        0.01036851        0.00381451
     2.1000000       -0.00361180        0.00785438
     2.2000000       -0.00539325        0.01462916
     2.3000000       -0.00976451        0.02119114
     2.4000000       -0.01047155        0.01145901
     2.5000000        0.00320866        0.00809989
     2.6000000        0.00461004        0.01150806
     2.7000000        0.00658067        0.01028263
     2.8000000        0.01856438        0.00983416
     2.9000000        0.00490220        0.01013469
     3.0000000       -0.00426601        0.01584471
     3.1000000       -0.00740118        0.01089865
     3.2000000        0.00405745        0.00112341
     3.3000000       -0.01266023        0.00781388
     3.4000000       -0.00692717        0.01318329
     3.5000000       -0.00414187        0.01036862
     3.6000000       -0.00906009        0.00525889
     3.7000000       -0.01231969        0.01092369
     3.8000000       -0.01400133        0.01216818
     3.9000000       -0.00051311        0.01215587
     4.0000000       -0.01098968        0.00978092
     4.1000000       -0.00010177        0.00715360
     4.2000000        0.00019222        0.00675529
     4.3000000       -0.00207073        0.01245980
     4.4000000       -0.00270498        0.00611718
     4.5000000        0.00236025        0.00532811
     4.6000000        0.00950255        0.00776712
     4.7000000       -0.00078876        0.00411066
     4.8000000        0.00455133        0.00670231
     4.9000000        0.00286255        0.00816152
     5.0000000        0.00079102        0.01060148
