          51           9   10.000000000000000                1
     0.0000000        0.51497461        0.08628274
     0.1000000        0.41523298        0.05601359
     0.2000000        0.35947826        0.05310185
     0.3000000        0.31936904        0.07832335
     0.4000000        0.33922552        0.05218127
     0.5000000        0.34190586        0.05933879
     0.6000000        0.30057381        0.05177213
     0.7000000        0.25592538        0.05250533
     0.8000000        0.19786981        0.07649745
     0.9000000        0.27001014        0.10705832
     1.0000000        0.19147721        0.15937109
     1.1000000        0.17382131        0.08981843
     1.2000000        0.03992397        0.11031710
     1.3000000       -0.00565029        0.05380263
     1.4000000       -0.05184229        0.07604306
     1.5000000        0.05012616        0.09285362
     1.6000000        0.16598163        0.17674361
     1.7000000        0.15615748        0.15205322
     1.8000000        0.05221790        0.13482476
     1.9000000        0.06382796        0.05350808
     2.0000000        0.07178693        0.06039679
     2.1000000        0.07883911        0.06512078
     2.2000000       -0.03052590        0.05997608
     2.3000000       -0.00084172        0.08760401
     2.4000000        0.04959400        0.04859899
     2.5000000        0.12419309        0.10085838
     2.6000000        0.03364466        0.07581563
     2.7000000       -0.04851926        0.08229389
     2.8000000        0.01546302        0.05724848
     2.9000000       -0.02366416        0.09537149
     3.0000000        0.00734661        0.04675699
     3.1000000        0.12431932        0.12957760
     3.2000000        0.01355801        0.08415657
     3.3000000       -0.15341212        0.09079880
     3.4000000       -0.23894180        0.20642024
     3.5000000       -0.17186399        0.13106339
     3.6000000       -0.91367782        0.79097624
     3.7000000       -0.32348368        0.20661359
     3.8000000        0.07465518        0.10421298
     3.9000000       -0.00411604        0.05660047
     4.0000000       -0.14995576        0.12637955
     4.1000000        0.02919512        0.09664126
     4.2000000       -0.07163724        0.09389100
     4.3000000       -0.21140595        0.22254318
     4.4000000       -0.40928478        0.50023829
     4.5000000       -0.20896301        0.24111017
     4.6000000       -0.17317709        0.19685366
     4.7000000       -0.06127058        0.09236753
     4.8000000       -0.08515035        0.06894434
     4.9000000        0.12941181        0.11561000
     5.0000000        0.36750085        0.47321395
