          41           4   8.0000000000000000                1
     0.0000000        0.59821415        0.01680672
     0.1000000        0.47868946        0.01505893
     0.2000000        0.38754251        0.01149044
     0.3000000        0.31663079        0.00799963
     0.4000000        0.26048049        0.00576093
     0.5000000        0.21638416        0.00472514
     0.6000000        0.18278626        0.00533090
     0.7000000        0.15602580        0.00668652
     0.8000000        0.13334286        0.00720830
     0.9000000        0.11347583        0.00729410
     1.0000000        0.09693458        0.00704381
     1.1000000        0.08400462        0.00639848
     1.2000000        0.07235530        0.00588340
     1.3000000        0.06173834        0.00571827
     1.4000000        0.05317336        0.00607733
     1.5000000        0.04678974        0.00534980
     1.6000000        0.04165344        0.00389346
     1.7000000        0.03795177        0.00264057
     1.8000000        0.03501523        0.00178755
     1.9000000        0.03207910        0.00127938
     2.0000000        0.02838181        0.00168106
     2.1000000        0.02414226        0.00206638
     2.2000000        0.02085569        0.00188883
     2.3000000        0.01822513        0.00145025
     2.4000000        0.01518686        0.00176602
     2.5000000        0.01237077        0.00252011
     2.6000000        0.01068795        0.00325372
     2.7000000        0.00866506        0.00446997
     2.8000000        0.00599620        0.00583390
     2.9000000        0.00314801        0.00735799
     3.0000000       -0.00099559        0.00841668
     3.1000000       -0.00323612        0.00870643
     3.2000000       -0.00377644        0.00898110
     3.3000000       -0.00461372        0.00941278
     3.4000000       -0.00428914        0.00950590
     3.5000000       -0.00392689        0.00916374
     3.6000000       -0.00389882        0.00946046
     3.7000000       -0.00441271        0.00947375
     3.8000000       -0.00441042        0.00891750
     3.9000000       -0.00321147        0.00867842
     4.0000000       -0.00272786        0.00863943
