          51           4   10.000000000000000                1
     0.0000000        1.86100883        0.01083164
     0.1000000        1.03678380        0.01295218
     0.2000000        0.57897035        0.00532561
     0.3000000        0.33483239        0.00180244
     0.4000000        0.18988403        0.00325773
     0.5000000        0.11079095        0.00192869
     0.6000000        0.06334072        0.00260802
     0.7000000        0.03633484        0.00148634
     0.8000000        0.02309592        0.00196816
     0.9000000        0.01192823        0.00121161
     1.0000000        0.00930191        0.00151133
     1.1000000        0.00393234        0.00141897
     1.2000000        0.00118249        0.00107804
     1.3000000        0.00248712        0.00198728
     1.4000000        0.00070877        0.00171772
     1.5000000       -0.00100893        0.00088943
     1.6000000        0.00098743        0.00100129
     1.7000000        0.00002876        0.00085710
     1.8000000        0.00091961        0.00077600
     1.9000000        0.00056653        0.00070497
     2.0000000       -0.00007082        0.00037585
     2.1000000        0.00015828        0.00022586
     2.2000000        0.00035618        0.00041097
     2.3000000        0.00004499        0.00053796
     2.4000000        0.00014753        0.00025695
     2.5000000       -0.00006099        0.00073499
     2.6000000       -0.00002336        0.00067260
     2.7000000        0.00032164        0.00053000
     2.8000000        0.00028725        0.00027347
     2.9000000       -0.00029161        0.00007059
     3.0000000        0.00008395        0.00037114
     3.1000000       -0.00019477        0.00028407
     3.2000000       -0.00005208        0.00008745
     3.3000000        0.00011202        0.00024284
     3.4000000       -0.00014995        0.00021001
     3.5000000       -0.00039717        0.00012372
     3.6000000        0.00008106        0.00012516
     3.7000000        0.00011256        0.00009674
     3.8000000        0.00018783        0.00013315
     3.9000000       -0.00013076        0.00006995
     4.0000000       -0.00012236        0.00010468
     4.1000000       -0.00013530        0.00008702
     4.2000000       -0.00002828        0.00014263
     4.3000000        0.00004756        0.00004998
     4.4000000        0.00001390        0.00010166
     4.5000000        0.00003746        0.00007471
     4.6000000        0.00007655        0.00020426
     4.7000000        0.00010680        0.00012120
     4.8000000       -0.00006540        0.00010018
     4.9000000       -0.00020348        0.00009672
     5.0000000       -0.00021448        0.00011814
