          41           4   8.0000000000000000                1
     0.0000000        1.88042909        1.80560841
     0.1000000        1.61561892        1.52356686
     0.2000000       -0.18912403        0.78180418
     0.3000000       -0.07475430        0.71314552
     0.4000000        0.42301921        0.92436294
     0.5000000       -0.58489953        0.70444581
     0.6000000       -0.63028225        0.94326737
     0.7000000       -0.04698023        0.28808412
     0.8000000       -0.31063439        0.65748750
     0.9000000       -0.46188548        0.56600225
     1.0000000       -0.02125564        0.12399441
     1.1000000       -0.01138097        0.04751645
     1.2000000       -0.12432493        0.23367628
     1.3000000       -0.16337304        0.12044020
     1.4000000       -0.14067170        0.12370884
     1.5000000       -0.26138223        0.12316652
     1.6000000       -0.30115040        0.37468753
     1.7000000        0.23868081        0.30175255
     1.8000000       -0.04911474        0.03915378
     1.9000000       -0.12733947        0.15583720
     2.0000000        0.14551500        0.18566170
     2.1000000       -0.00099806        0.07634053
     2.2000000        0.01485733        0.06014789
     2.3000000        0.05804843        0.04783727
     2.4000000        0.03307859        0.01710665
     2.5000000        0.13010174        0.12827742
     2.6000000       -0.10381056        0.14976860
     2.7000000       -0.48171225        0.54346671
     2.8000000       -0.22580445        0.23372388
     2.9000000       -0.05990995        0.08302918
     3.0000000       -0.03471222        0.03552735
     3.1000000       -0.00298488        0.00841347
     3.2000000        0.00719513        0.01806120
     3.3000000       -0.02321177        0.01454102
     3.4000000       -0.05875401        0.04902900
     3.5000000       -0.13149426        0.15107397
     3.6000000       -0.00060856        0.01469207
     3.7000000        0.00497433        0.01055090
     3.8000000        0.03367328        0.04204919
     3.9000000       -0.00776787        0.02125277
     4.0000000       -0.00242629        0.02674827
