 0.10000000000000000E+001          1         28
( 0.99999999999998268E+000, 0.00000000000000000E+000)
-0.26927937030769660E+001  0.00000000000000000E+000
( 0.56588568866937063E-001, 0.49379825472132764E-014)
-0.26927937030769660E+001  0.31415926535897936E+001
( 0.50490503401524223E+000, 0.20979765362213906E-014)
-0.22439947525641384E+001  0.00000000000000000E+000
( 0.52246693859346466E-001,-0.55001178693087988E-014)
-0.22439947525641384E+001  0.31415926535897936E+001
( 0.50620706459536713E+000, 0.63000025725281846E-015)
-0.17951958020513106E+001  0.00000000000000000E+000
( 0.44739345625206914E-001, 0.23192245035147451E-014)
-0.17951958020513106E+001  0.31415926535897936E+001
( 0.50856812694246323E+000, 0.17807726923744491E-014)
-0.13463968515384830E+001  0.00000000000000000E+000
( 0.33898511461303037E-001,-0.18028574588315443E-014)
-0.13463968515384830E+001  0.31415926535897936E+001
( 0.51151455071426144E+000, 0.24934962847823339E-015)
-0.89759790102565529E+000  0.00000000000000000E+000
( 0.20358460129001315E-001, 0.14455120067151514E-015)
-0.89759790102565529E+000  0.31415926535897936E+001
( 0.51426381182462066E+000, 0.12098012790151064E-014)
-0.44879895051282764E+000  0.00000000000000000E+000
( 0.72815797819774731E-002,-0.88342846428914910E-017)
-0.44879895051282764E+000  0.31415926535897936E+001
( 0.51615280047284628E+000,-0.13129948655024626E-015)
 0.00000000000000000E+000  0.00000000000000000E+000
( 0.28001414178030402E+002, 0.00000000000000000E+000)
 0.00000000000000000E+000  0.31415926535897936E+001
( 0.51682433423246088E+000, 0.44198591444883923E-014)
 0.44879895051282764E+000  0.00000000000000000E+000
( 0.72815797819774731E-002, 0.88342846428914910E-017)
 0.44879895051282764E+000  0.31415926535897936E+001
( 0.51615280047284595E+000, 0.94720173160075061E-015)
 0.89759790102565529E+000  0.00000000000000000E+000
( 0.20358460129001315E-001,-0.14455120067151514E-015)
 0.89759790102565529E+000  0.31415926535897936E+001
( 0.51426381182462066E+000, 0.44178573548292527E-017)
 0.13463968515384830E+001  0.00000000000000000E+000
( 0.33898511461303037E-001, 0.18028574588315443E-014)
 0.13463968515384830E+001  0.31415926535897936E+001
( 0.51151455071426155E+000, 0.12644056476912484E-014)
 0.17951958020513106E+001  0.00000000000000000E+000
( 0.44739345625206914E-001,-0.23192245035147451E-014)
 0.17951958020513106E+001  0.31415926535897936E+001
( 0.50856812694246323E+000, 0.12732467613424270E-014)
 0.22439947525641384E+001  0.00000000000000000E+000
( 0.52246693859346466E-001, 0.55001178693087988E-014)
 0.22439947525641384E+001  0.31415926535897936E+001
( 0.50620706459536713E+000,-0.51195392632639028E-015)
 0.26927937030769660E+001  0.00000000000000000E+000
( 0.56588568866937063E-001,-0.49379825472132764E-014)
 0.26927937030769660E+001  0.31415926535897936E+001
( 0.50490503401524223E+000, 0.70227765472402123E-015)
 0.31415926535897936E+001  0.00000000000000000E+000
( 0.58003800038380932E-001, 0.53909082762036094E-014)
 0.31415926535897936E+001  0.31415926535897936E+001
( 0.50457444755073966E+000,-0.96071939933794658E-015)
 0.10000000000000000E+001          1         28
( 0.99999999999998124E+000, 0.00000000000000000E+000)
-0.26927937030769660E+001  0.00000000000000000E+000
( 0.35408109794380263E-001, 0.51283073139382023E-014)
-0.26927937030769660E+001  0.31415926535897936E+001
( 0.49663785655375503E+000, 0.57538485376716286E-015)
-0.22439947525641384E+001  0.00000000000000000E+000
( 0.31643776094084863E-001,-0.57538839873477333E-014)
-0.22439947525641384E+001  0.31415926535897936E+001
( 0.49956771622041957E+000,-0.25817805287816162E-015)
-0.17951958020513106E+001  0.00000000000000000E+000
( 0.25369670993044657E-001, 0.19385769835595717E-014)
-0.17951958020513106E+001  0.31415926535897936E+001
( 0.50365043603836068E+000, 0.11463594764355599E-014)
-0.13463968515384830E+001  0.00000000000000000E+000
( 0.17295550604968440E-001,-0.31985668138977621E-014)
-0.13463968515384830E+001  0.31415926535897936E+001
( 0.50795739173697640E+000, 0.12644107423180226E-014)
-0.89759790102565529E+000  0.00000000000000000E+000
( 0.90749259867990099E-002, 0.19209082271727768E-014)
-0.89759790102565529E+000  0.31415926535897936E+001
( 0.51147736180367565E+000, 0.44850552272803877E-015)
-0.44879895051282764E+000  0.00000000000000000E+000
( 0.26488104675036640E-002, 0.43525483165666533E-015)
-0.44879895051282764E+000  0.31415926535897936E+001
( 0.51358528302810691E+000, 0.69343757559773581E-015)
 0.00000000000000000E+000  0.00000000000000000E+000
( 0.28000056119093461E+002, 0.00000000000000000E+000)
 0.00000000000000000E+000  0.31415926535897936E+001
( 0.51426483988089200E+000, 0.44200523500386314E-014)
 0.44879895051282764E+000  0.00000000000000000E+000
( 0.26488104675036640E-002,-0.43525483165666533E-015)
 0.44879895051282764E+000  0.31415926535897936E+001
( 0.51358528302810669E+000,-0.44180653154210376E-017)
 0.89759790102565529E+000  0.00000000000000000E+000
( 0.90749259867990099E-002,-0.19209082271727768E-014)
 0.89759790102565529E+000  0.31415926535897936E+001
( 0.51147736180367542E+000, 0.63883115701227290E-015)
 0.13463968515384830E+001  0.00000000000000000E+000
( 0.17295550604968440E-001, 0.31985668138977621E-014)
 0.13463968515384830E+001  0.31415926535897936E+001
( 0.50795739173697663E+000, 0.50310983598776788E-015)
 0.17951958020513106E+001  0.00000000000000000E+000
( 0.25369670993044657E-001,-0.19385769835595717E-014)
 0.17951958020513106E+001  0.31415926535897936E+001
( 0.50365043603836068E+000, 0.17807773065307398E-014)
 0.22439947525641384E+001  0.00000000000000000E+000
( 0.31643776094084863E-001, 0.57538839873477333E-014)
 0.22439947525641384E+001  0.31415926535897936E+001
( 0.49956771622042007E+000, 0.50310705455516631E-015)
 0.26927937030769660E+001  0.00000000000000000E+000
( 0.35408109794380263E-001,-0.51283073139382023E-014)
 0.26927937030769660E+001  0.31415926535897936E+001
( 0.49663785655375453E+000, 0.18442214036562081E-014)
 0.31415926535897936E+001  0.00000000000000000E+000
( 0.36651629118078760E-001, 0.53909090602287965E-014)
 0.31415926535897936E+001  0.31415926535897936E+001
( 0.49560079399524459E+000,-0.96208259568580113E-015)
 0.10000000000000000E+001          1         28
( 0.99999999999998002E+000, 0.00000000000000000E+000)
-0.26927937030769660E+001  0.00000000000000000E+000
( 0.39608232006143114E-001, 0.54455279916239652E-014)
-0.26927937030769660E+001  0.31415926535897936E+001
( 0.49671162618053444E+000, 0.38506536561051820E-015)
-0.22439947525641384E+001  0.00000000000000000E+000
( 0.35599683462862554E-001,-0.61345465934666833E-014)
-0.22439947525641384E+001  0.31415926535897936E+001
( 0.49913640525096942E+000,-0.44174517198493755E-017)
-0.17951958020513106E+001  0.00000000000000000E+000
( 0.29079473578145124E-001, 0.24461139459728938E-014)
-0.17951958020513106E+001  0.31415926535897936E+001
( 0.50258818813084360E+000, 0.25420703459361107E-014)
-0.13463968515384830E+001  0.00000000000000000E+000
( 0.20485510740388003E-001,-0.23103954438083529E-014)
-0.13463968515384830E+001  0.31415926535897936E+001
( 0.50641155292093532E+000, 0.24934756428346950E-015)
-0.89759790102565529E+000  0.00000000000000000E+000
( 0.11008830397853560E-001, 0.29359724966938313E-014)
-0.89759790102565529E+000  0.31415926535897936E+001
( 0.50984034177731885E+000, 0.44850712581761014E-015)
-0.44879895051282764E+000  0.00000000000000000E+000
( 0.31815184239174189E-002,-0.72277303103861738E-016)
-0.44879895051282764E+000  0.31415926535897936E+001
( 0.51218887750978725E+000, 0.50311255775008097E-015)
 0.00000000000000000E+000  0.00000000000000000E+000
( 0.28000102986347045E+002, 0.00000000000000000E+000)
 0.00000000000000000E+000  0.31415926535897936E+001
( 0.51302051315273722E+000, 0.44202599898673457E-014)
 0.44879895051282764E+000  0.00000000000000000E+000
( 0.31815184239174189E-002, 0.72277303103861738E-016)
 0.44879895051282764E+000  0.31415926535897936E+001
( 0.51218887750978725E+000, 0.37622982271374855E-015)
 0.89759790102565529E+000  0.00000000000000000E+000
( 0.11008830397853560E-001,-0.29359724966938313E-014)
 0.89759790102565529E+000  0.31415926535897936E+001
( 0.50984034177731830E+000, 0.10194792684500852E-014)
 0.13463968515384830E+001  0.00000000000000000E+000
( 0.20485510740388003E-001, 0.23103954438083529E-014)
 0.13463968515384830E+001  0.31415926535897936E+001
( 0.50641155292093509E+000, 0.12644081612999804E-014)
 0.17951958020513106E+001  0.00000000000000000E+000
( 0.29079473578145124E-001,-0.24461139459728938E-014)
 0.17951958020513106E+001  0.31415926535897936E+001
( 0.50258818813084360E+000, 0.51194865836679732E-015)
 0.22439947525641384E+001  0.00000000000000000E+000
( 0.35599683462862554E-001, 0.61345465934666833E-014)
 0.22439947525641384E+001  0.31415926535897936E+001
( 0.49913640525096942E+000, 0.12246423206024552E-015)
 0.26927937030769660E+001  0.00000000000000000E+000
( 0.39608232006143114E-001,-0.54455279916239652E-014)
 0.26927937030769660E+001  0.31415926535897936E+001
( 0.49671162618053444E+000, 0.22883057445351940E-014)
 0.31415926535897936E+001  0.00000000000000000E+000
( 0.40958956204218744E-001, 0.53909225467099065E-014)
 0.31415926535897936E+001  0.31415926535897936E+001
( 0.49582940987117724E+000,-0.96163457868377826E-015)
 0.10000000000000000E+001          1         28
( 0.99999999999997902E+000, 0.00000000000000000E+000)
-0.26927937030769660E+001  0.00000000000000000E+000
( 0.32297397977193602E-001, 0.49379911536683635E-014)
-0.26927937030769660E+001  0.31415926535897936E+001
( 0.49620166940766131E+000, 0.20979764823311215E-014)
-0.22439947525641384E+001  0.00000000000000000E+000
( 0.28746530764715672E-001,-0.51194789556360005E-014)
-0.22439947525641384E+001  0.31415926535897936E+001
( 0.49915946766585084E+000, 0.12246977993772748E-015)
-0.17951958020513106E+001  0.00000000000000000E+000
( 0.22903661129728192E-001, 0.25729936954844432E-014)
-0.17951958020513106E+001  0.31415926535897936E+001
( 0.50309409971762376E+000, 0.89259414797503805E-015)
-0.13463968515384830E+001  0.00000000000000000E+000
( 0.15501766947772007E-001,-0.29448054445306773E-014)
-0.13463968515384830E+001  0.31415926535897936E+001
( 0.50736007708210107E+000,-0.13129814664210888E-015)
-0.89759790102565529E+000  0.00000000000000000E+000
( 0.79629740301445651E-002, 0.11596142163564895E-014)
-0.89759790102565529E+000  0.31415926535897936E+001
( 0.51113640887857981E+000, 0.95603652969997853E-015)
-0.44879895051282764E+000  0.00000000000000000E+000
( 0.22256795614017072E-002,-0.19915921402104818E-015)
-0.44879895051282764E+000  0.31415926535897936E+001
( 0.51367311165351381E+000,-0.10829197205285359E-014)
 0.00000000000000000E+000  0.00000000000000000E+000
( 0.28000052070559992E+002, 0.00000000000000000E+000)
 0.00000000000000000E+000  0.31415926535897936E+001
( 0.51454927360178371E+000, 0.44200059585539041E-014)
 0.44879895051282764E+000  0.00000000000000000E+000
( 0.22256795614017072E-002, 0.19915921402104818E-015)
 0.44879895051282764E+000  0.31415926535897936E+001
( 0.51367311165351337E+000, 0.16450557353790557E-014)
 0.89759790102565529E+000  0.00000000000000000E+000
( 0.79629740301445651E-002,-0.11596142163564895E-014)
 0.89759790102565529E+000  0.31415926535897936E+001
( 0.51113640887857936E+000, 0.25818424199617639E-015)
 0.13463968515384830E+001  0.00000000000000000E+000
( 0.15501766947772007E-001, 0.29448054445306773E-014)
 0.13463968515384830E+001  0.31415926535897936E+001
( 0.50736007708210085E+000, 0.17719364225642013E-014)
 0.17951958020513106E+001  0.00000000000000000E+000
( 0.22903661129728192E-001,-0.25729936954844432E-014)
 0.17951958020513106E+001  0.31415926535897936E+001
( 0.50309409971762331E+000, 0.22883075687606928E-014)
 0.22439947525641384E+001  0.00000000000000000E+000
( 0.28746530764715672E-001, 0.51194789556360005E-014)
 0.22439947525641384E+001  0.31415926535897936E+001
( 0.49915946766585134E+000, 0.50310744489850759E-015)
 0.26927937030769660E+001  0.00000000000000000E+000
( 0.32297397977193602E-001,-0.49379911536683635E-014)
 0.26927937030769660E+001  0.31415926535897936E+001
( 0.49620166940766158E+000, 0.70227734024741265E-015)
 0.31415926535897936E+001  0.00000000000000000E+000
( 0.33459866721977295E-001, 0.53909165086293868E-014)
 0.31415926535897936E+001  0.31415926535897936E+001
( 0.49505266880346355E+000,-0.96255084742505435E-015)
 0.10000000000000000E+001          1         28
( 0.99999999999997979E+000, 0.00000000000000000E+000)
-0.26927937030769660E+001  0.00000000000000000E+000
( 0.35552973310917856E-001, 0.44304659738869476E-014)
-0.26927937030769660E+001  0.31415926535897936E+001
( 0.49277957330273059E+000, 0.82915700530990676E-015)
-0.22439947525641384E+001  0.00000000000000000E+000
( 0.31878611698361904E-001,-0.55001324278770144E-014)
-0.22439947525641384E+001  0.31415926535897936E+001
( 0.49556693133410246E+000,-0.44199840291186376E-017)
-0.17951958020513106E+001  0.00000000000000000E+000
( 0.26162420463907994E-001, 0.32074092929715545E-014)
-0.17951958020513106E+001  0.31415926535897936E+001
( 0.49876857550214848E+000, 0.12732451806609570E-014)
-0.13463968515384830E+001  0.00000000000000000E+000
( 0.18866067011782329E-001,-0.30716907487971657E-014)
-0.13463968515384830E+001  0.31415926535897936E+001
( 0.50221409472170897E+000, 0.62999420739855529E-015)
-0.89759790102565529E+000  0.00000000000000000E+000
( 0.10671035820259966E-001, 0.20477938563358399E-014)
-0.89759790102565529E+000  0.31415926535897936E+001
( 0.50553043975659318E+000, 0.19474221151190636E-015)
-0.44879895051282764E+000  0.00000000000000000E+000
( 0.32775068837179889E-002,-0.14679861380179826E-014)
-0.44879895051282764E+000  0.31415926535897936E+001
( 0.50790541341852369E+000,-0.67859362864656302E-016)
 0.00000000000000000E+000  0.00000000000000000E+000
( 0.28000093929146846E+002, 0.00000000000000000E+000)
 0.00000000000000000E+000  0.31415926535897936E+001
( 0.50875700607821106E+000, 0.44209441575878271E-014)
 0.44879895051282764E+000  0.00000000000000000E+000
( 0.32775068837179889E-002, 0.14679861380179826E-014)
 0.44879895051282764E+000  0.31415926535897936E+001
( 0.50790541341852335E+000, 0.75687817566563868E-015)
 0.89759790102565529E+000  0.00000000000000000E+000
( 0.10671035820259966E-001,-0.20477938563358399E-014)
 0.89759790102565529E+000  0.31415926535897936E+001
( 0.50553043975659340E+000, 0.89259564724007047E-015)
 0.13463968515384830E+001  0.00000000000000000E+000
( 0.18866067011782329E-001, 0.30716907487971657E-014)
 0.13463968515384830E+001  0.31415926535897936E+001
( 0.50221409472170908E+000, 0.10106440051008362E-014)
 0.17951958020513106E+001  0.00000000000000000E+000
( 0.26162420463907994E-001,-0.32074092929715545E-014)
 0.17951958020513106E+001  0.31415926535897936E+001
( 0.49876857550214848E+000, 0.16538913367260100E-014)
 0.22439947525641384E+001  0.00000000000000000E+000
( 0.31878611698361904E-001, 0.55001324278770144E-014)
 0.22439947525641384E+001  0.31415926535897936E+001
( 0.49556693133410246E+000, 0.50311451405692042E-015)
 0.26927937030769660E+001  0.00000000000000000E+000
( 0.35552973310917856E-001,-0.44304659738869476E-014)
 0.26927937030769660E+001  0.31415926535897936E+001
( 0.49277957330273059E+000, 0.17807729336127295E-014)
 0.31415926535897936E+001  0.00000000000000000E+000
( 0.36823542806655923E-001, 0.53909216220685954E-014)
 0.31415926535897936E+001  0.31415926535897936E+001
( 0.49153184707193021E+000,-0.96167469828264512E-015)
