          21           9   4.0000000000000000                1
     0.0000000        1.29557357        0.01174354
     0.1000000        0.84710747        0.00732014
     0.2000000        0.58022067        0.00818686
     0.3000000        0.41535183        0.00951387
     0.4000000        0.31251081        0.01078267
     0.5000000        0.24222841        0.00884696
     0.6000000        0.19846290        0.00604944
     0.7000000        0.16902758        0.00623801
     0.8000000        0.15385687        0.00809082
     0.9000000        0.13763195        0.00930166
     1.0000000        0.12449192        0.00525681
     1.1000000        0.10873545        0.00753478
     1.2000000        0.09410307        0.00388062
     1.3000000        0.09069622        0.00404902
     1.4000000        0.07964695        0.00476978
     1.5000000        0.07029260        0.00695999
     1.6000000        0.06715444        0.00348099
     1.7000000        0.07019182        0.00389032
     1.8000000        0.07207069        0.00459643
     1.9000000        0.06223445        0.00501927
     2.0000000        0.06487499        0.00655616
