          26           4   5.0000000000000000                1
     0.0000000        0.51608339        0.02449199
     0.1000000        0.45829667        0.02405215
     0.2000000        0.41031980        0.02366631
     0.3000000        0.36959774        0.02401242
     0.4000000        0.33355626        0.02431799
     0.5000000        0.30113240        0.02419827
     0.6000000        0.27269483        0.02346088
     0.7000000        0.24727739        0.02272761
     0.8000000        0.22541695        0.02277183
     0.9000000        0.20770769        0.02231245
     1.0000000        0.19357852        0.02138377
     1.1000000        0.18125125        0.02036455
     1.2000000        0.17077486        0.01972702
     1.3000000        0.16114241        0.02026407
     1.4000000        0.15279756        0.02159462
     1.5000000        0.14466443        0.02170319
     1.6000000        0.13564518        0.02053932
     1.7000000        0.12696930        0.01984314
     1.8000000        0.11984676        0.01939274
     1.9000000        0.11387410        0.01886807
     2.0000000        0.10808265        0.01845550
     2.1000000        0.10225161        0.01723280
     2.2000000        0.09700716        0.01588725
     2.3000000        0.09379687        0.01607189
     2.4000000        0.09214980        0.01677005
     2.5000000        0.09161202        0.01701997
