          11           9   2.0000000000000000                1
     0.0000000        0.19746129        0.00400787
     0.1000000        0.14278092        0.00364775
     0.2000000        0.10373190        0.00172679
     0.3000000        0.08120279        0.00262430
     0.4000000        0.06414173        0.00205923
     0.5000000        0.04968000        0.00150678
     0.6000000        0.04338585        0.00212397
     0.7000000        0.03744571        0.00203427
     0.8000000        0.03370786        0.00146787
     0.9000000        0.03432218        0.00350090
     1.0000000        0.03058412        0.00271673
