          81           4   8.0000000000000000                1
     0.0000000        1.02893352        0.03107579
     0.1000000        0.90356806        0.03281341
     0.2000000        0.81313199        0.03020992
     0.3000000        0.72400785        0.02696027
     0.4000000        0.65295962        0.03222182
     0.5000000        0.59033411        0.03051791
     0.6000000        0.52827491        0.02883893
     0.7000000        0.47336521        0.02275333
     0.8000000        0.43466619        0.02708365
     0.9000000        0.38220987        0.02815837
     1.0000000        0.35116476        0.02274696
     1.1000000        0.32371048        0.01844588
     1.2000000        0.28491929        0.02000364
     1.3000000        0.25061116        0.02829660
     1.4000000        0.23781208        0.02234681
     1.5000000        0.21359471        0.02744845
     1.6000000        0.18407644        0.03451528
     1.7000000        0.19124989        0.02572590
     1.8000000        0.16026675        0.03458930
     1.9000000        0.15478390        0.02357483
     2.0000000        0.15426470        0.02145558
     2.1000000        0.14600972        0.02099400
     2.2000000        0.14231586        0.01963927
     2.3000000        0.13111889        0.02954922
     2.4000000        0.11898591        0.02630216
     2.5000000        0.10820068        0.02491079
     2.6000000        0.09927493        0.02101463
     2.7000000        0.11908838        0.01635309
     2.8000000        0.11617330        0.01167538
     2.9000000        0.09516049        0.01404734
     3.0000000        0.08839690        0.00896223
     3.1000000        0.08004312        0.01495899
     3.2000000        0.07782216        0.01882746
     3.3000000        0.07297918        0.01967882
     3.4000000        0.07713414        0.02031571
     3.5000000        0.07152184        0.03249684
     3.6000000        0.07520603        0.03092967
     3.7000000        0.10129564        0.02618465
     3.8000000        0.10160625        0.02895795
     3.9000000        0.09838994        0.03003020
     4.0000000        0.09792085        0.03333338
     4.1000000        0.10968716        0.02228980
     4.2000000        0.12005492        0.01054781
     4.3000000        0.10532422        0.01736510
     4.4000000        0.09029891        0.02172975
     4.5000000        0.08362291        0.02495802
     4.6000000        0.06244925        0.02507984
     4.7000000        0.07148116        0.02150068
     4.8000000        0.07059711        0.01037568
     4.9000000        0.08797591        0.00555135
     5.0000000        0.09079713        0.01279728
     5.1000000        0.10664614        0.01700787
     5.2000000        0.10748565        0.00920567
     5.3000000        0.09979127        0.00938757
     5.4000000        0.10509645        0.01234759
     5.5000000        0.11615794        0.01574105
     5.6000000        0.12744124        0.01803059
     5.7000000        0.12523929        0.01470756
     5.8000000        0.13068912        0.01799309
     5.9000000        0.12879744        0.02670437
     6.0000000        0.14831951        0.01274072
     6.1000000        0.16438381        0.02888581
     6.2000000        0.17285252        0.02807458
     6.3000000        0.17783395        0.01101483
     6.4000000        0.20461996        0.01519107
     6.5000000        0.21755182        0.02175071
     6.6000000        0.25272689        0.01661270
     6.7000000        0.28281667        0.00554818
     6.8000000        0.30541155        0.00371975
     6.9000000        0.32984671        0.01264704
     7.0000000        0.35701562        0.01315791
     7.1000000        0.39012453        0.02037116
     7.2000000        0.43656836        0.02258305
     7.3000000        0.47430181        0.01866775
     7.4000000        0.51014355        0.01720819
     7.5000000        0.56231764        0.01958529
     7.6000000        0.62528276        0.03257015
     7.7000000        0.69643896        0.03893698
     7.8000000        0.77076358        0.04149589
     7.9000000        0.84691360        0.03457150
     8.0000000        0.97106648        0.03107579
