         101           4   10.000000000000000                1
     0.0000000        0.31276017        0.02512016
     0.1000000        0.27498072        0.03393630
     0.2000000        0.21269941        0.03010804
     0.3000000        0.16559398        0.02730670
     0.4000000        0.14341969        0.02630634
     0.5000000        0.13175855        0.01949145
     0.6000000        0.12184852        0.01589533
     0.7000000        0.10007450        0.02588605
     0.8000000        0.06168959        0.03950320
     0.9000000        0.07132431        0.02656552
     1.0000000        0.09026151        0.03329044
     1.1000000        0.05935430        0.03170405
     1.2000000        0.04833994        0.04328322
     1.3000000        0.08635910        0.03941718
     1.4000000        0.08884270        0.03152067
     1.5000000        0.10652908        0.03274235
     1.6000000        0.06653585        0.01858614
     1.7000000        0.04684732        0.01840480
     1.8000000        0.02489922        0.02276032
     1.9000000        0.01184773        0.03654665
     2.0000000        0.04197767        0.02349274
     2.1000000        0.03330448        0.03187456
     2.2000000        0.06711080        0.01958719
     2.3000000        0.09522836        0.03766585
     2.4000000        0.07699389        0.05010118
     2.5000000        0.09022883        0.05209004
     2.6000000        0.09306363        0.02763567
     2.7000000        0.08079287        0.03213865
     2.8000000        0.08181070        0.05699513
     2.9000000        0.08755904        0.03818940
     3.0000000        0.03930693        0.04046499
     3.1000000        0.07583938        0.02432582
     3.2000000        0.05938669        0.02266562
     3.3000000        0.06955127        0.01587890
     3.4000000        0.04378975        0.02773736
     3.5000000        0.02126245        0.02566364
     3.6000000        0.02641435        0.02633134
     3.7000000        0.02607965        0.02151494
     3.8000000       -0.00808825        0.03110547
     3.9000000       -0.03323908        0.03433136
     4.0000000       -0.00408983        0.02349230
     4.1000000       -0.00637191        0.02849960
     4.2000000       -0.04361995        0.03604721
     4.3000000       -0.01423042        0.03700040
     4.4000000        0.01323157        0.03905533
     4.5000000        0.01077564        0.04429387
     4.6000000        0.02426047        0.02679827
     4.7000000        0.03051916        0.03074495
     4.8000000        0.04618788        0.04478101
     4.9000000        0.06075275        0.03814248
     5.0000000        0.06264765        0.04484639
     5.1000000        0.06788071        0.04208349
     5.2000000        0.08830877        0.02842632
     5.3000000        0.06234572        0.03922675
     5.4000000        0.03905317        0.02799109
     5.5000000        0.05816339        0.04131884
     5.6000000        0.03233788        0.05604643
     5.7000000       -0.00155404        0.04569711
     5.8000000        0.00967287        0.03517207
     5.9000000        0.00562349        0.03728904
     6.0000000        0.03472968        0.04197236
     6.1000000        0.05793730        0.05199492
     6.2000000        0.03913167        0.03704488
     6.3000000        0.03520296        0.03312105
     6.4000000        0.05354886        0.02308763
     6.5000000        0.07172973        0.00305505
     6.6000000        0.09316192        0.02821031
     6.7000000        0.11796449        0.02624908
     6.8000000        0.09690268        0.03745563
     6.9000000        0.12547061        0.02818431
     7.0000000        0.13419977        0.00967348
     7.1000000        0.14120700        0.00609910
     7.2000000        0.14659285        0.00953628
     7.3000000        0.12346289        0.02304437
     7.4000000        0.13746025        0.02700408
     7.5000000        0.15111938        0.02575063
     7.6000000        0.14904810        0.03125378
     7.7000000        0.14341631        0.03420505
     7.8000000        0.16216554        0.02992173
     7.9000000        0.18362882        0.02657832
     8.0000000        0.20507619        0.02887988
     8.1000000        0.23411119        0.02329378
     8.2000000        0.24945901        0.03196682
     8.3000000        0.28832707        0.02998628
     8.4000000        0.31849130        0.01974747
     8.5000000        0.34518846        0.03129173
     8.6000000        0.35894627        0.01672134
     8.7000000        0.39576582        0.03560156
     8.8000000        0.42383387        0.03376619
     8.9000000        0.46707818        0.02203877
     9.0000000        0.53497398        0.01811546
     9.1000000        0.59771025        0.03011231
     9.2000000        0.62210114        0.02719970
     9.3000000        0.72467696        0.02812438
     9.4000000        0.82058479        0.05076236
     9.5000000        0.91297096        0.05117848
     9.6000000        1.01497991        0.04264623
     9.7000000        1.10141328        0.04401190
     9.8000000        1.26346500        0.03314271
     9.9000000        1.46917694        0.04214885
    10.0000000        1.68723983        0.02512016
