          11           9   2.0000000000000000                1
     0.0000000        0.65418978        0.00685641
     0.1000000        0.55061636        0.00854385
     0.2000000        0.46911549        0.00613113
     0.3000000        0.41113163        0.00681754
     0.4000000        0.35673964        0.00547672
     0.5000000        0.31551922        0.00487418
     0.6000000        0.29817819        0.00748399
     0.7000000        0.27828336        0.00814366
     0.8000000        0.26700294        0.01033057
     0.9000000        0.24878508        0.00812644
     1.0000000        0.25207328        0.00567813
