          11           9   2.0000000000000000                1
     0.0000000        0.99302456        0.00175893
     0.1000000        0.67974974        0.00280917
     0.2000000        0.49019088        0.00226032
     0.3000000        0.36638866        0.00252112
     0.4000000        0.28728478        0.00274515
     0.5000000        0.23306572        0.00206330
     0.6000000        0.19261097        0.00131416
     0.7000000        0.16693567        0.00128101
     0.8000000        0.15103263        0.00103770
     0.9000000        0.14035941        0.00086706
     1.0000000        0.13576418        0.00159614
