          31           4   6.0000000000000000                1
     0.0000000        0.17154397        0.01990764
     0.1000000        0.10138179        0.01881328
     0.2000000        0.05907370        0.01613471
     0.3000000        0.03347663        0.01493357
     0.4000000        0.01839812        0.01487442
     0.5000000        0.01254387        0.01401788
     0.6000000        0.01073695        0.01340497
     0.7000000        0.01005346        0.01352986
     0.8000000        0.01033338        0.01235870
     0.9000000        0.01073292        0.01069267
     1.0000000        0.00965559        0.00881971
     1.1000000        0.00667811        0.00653701
     1.2000000        0.00500816        0.00593311
     1.3000000        0.00433810        0.00588095
     1.4000000        0.00298853        0.00666045
     1.5000000        0.00094770        0.00844327
     1.6000000       -0.00192351        0.00940387
     1.7000000       -0.00440898        0.01029702
     1.8000000       -0.00441827        0.01119310
     1.9000000       -0.00323569        0.01053303
     2.0000000       -0.00038737        0.00829768
     2.1000000        0.00168905        0.00568197
     2.2000000        0.00159018        0.00425637
     2.3000000        0.00123492        0.00386086
     2.4000000        0.00159402        0.00185774
     2.5000000        0.00435088        0.00245612
     2.6000000        0.00840800        0.00289124
     2.7000000        0.01173309        0.00376766
     2.8000000        0.01364172        0.00571675
     2.9000000        0.01504506        0.00632435
     3.0000000        0.01569293        0.00676918
