         101           4   10.000000000000000                1
     0.0000000        1.83847390        0.03144737
     0.1000000        1.47754335        0.02658811
     0.2000000        1.19221758        0.01750367
     0.3000000        0.97921975        0.03690193
     0.4000000        0.78710626        0.03186474
     0.5000000        0.64239155        0.01760292
     0.6000000        0.54525698        0.01621069
     0.7000000        0.47124806        0.01440615
     0.8000000        0.39726257        0.03094061
     0.9000000        0.32002150        0.03144485
     1.0000000        0.28650120        0.02890557
     1.1000000        0.23099900        0.03030114
     1.2000000        0.18948806        0.02702276
     1.3000000        0.16188283        0.03872788
     1.4000000        0.14760312        0.03409851
     1.5000000        0.11472486        0.03517316
     1.6000000        0.10077530        0.04790782
     1.7000000        0.09028971        0.02405696
     1.8000000        0.06900684        0.03055253
     1.9000000        0.05618247        0.03087719
     2.0000000        0.04949865        0.03680133
     2.1000000        0.03054957        0.03605672
     2.2000000        0.02153964        0.03267040
     2.3000000        0.00917198        0.03189383
     2.4000000        0.02990736        0.02016435
     2.5000000        0.00994664        0.01114237
     2.6000000        0.01840207        0.01313103
     2.7000000        0.02721937        0.01251785
     2.8000000        0.02500759        0.01590674
     2.9000000        0.03837207        0.01130792
     3.0000000        0.03146342        0.01883414
     3.1000000        0.03904072        0.02287223
     3.2000000        0.02076794        0.01614575
     3.3000000        0.04665204        0.03380438
     3.4000000        0.03419300        0.03170336
     3.5000000        0.01839231        0.02935363
     3.6000000        0.02648245        0.01664446
     3.7000000        0.00121906        0.01749297
     3.8000000       -0.00146134        0.02728718
     3.9000000       -0.00627130        0.02549711
     4.0000000       -0.03101860        0.04567718
     4.1000000       -0.01762410        0.04969219
     4.2000000       -0.03019527        0.05329588
     4.3000000       -0.00035987        0.03822487
     4.4000000       -0.00331698        0.02643899
     4.5000000        0.00576722        0.03430137
     4.6000000        0.01257297        0.03154400
     4.7000000        0.01047775        0.03334088
     4.8000000       -0.00687219        0.04320104
     4.9000000       -0.01741027        0.03520255
     5.0000000       -0.01882998        0.03231942
     5.1000000       -0.02072497        0.04550175
     5.2000000       -0.02297760        0.04444524
     5.3000000       -0.03432185        0.03593733
     5.4000000       -0.01951483        0.02462336
     5.5000000       -0.02184404        0.02817127
     5.6000000       -0.03746023        0.02127960
     5.7000000       -0.00943275        0.02127440
     5.8000000       -0.00767203        0.02533385
     5.9000000       -0.03207192        0.01390804
     6.0000000       -0.01925567        0.01305553
     6.1000000       -0.02496095        0.01363656
     6.2000000       -0.00537122        0.01840904
     6.3000000        0.00608656        0.02899229
     6.4000000       -0.00579301        0.01962960
     6.5000000       -0.03738270        0.03166006
     6.6000000       -0.02886792        0.01772095
     6.7000000       -0.03118504        0.01158204
     6.8000000       -0.03388540        0.01825063
     6.9000000       -0.02041830        0.01792277
     7.0000000       -0.01078559        0.03315875
     7.1000000        0.01083097        0.01820170
     7.2000000        0.00210503        0.01990855
     7.3000000        0.00543005        0.03390535
     7.4000000        0.00432083        0.02976178
     7.5000000        0.00342889        0.02214952
     7.6000000        0.02194238        0.01239437
     7.7000000        0.00308208        0.00814243
     7.8000000        0.00890698        0.01646469
     7.9000000        0.03336247        0.02079401
     8.0000000        0.03095221        0.01123637
     8.1000000        0.01014025        0.02094367
     8.2000000        0.02188781        0.01205354
     8.3000000        0.02340765        0.00899904
     8.4000000        0.02332830        0.01887229
     8.5000000        0.01658792        0.00701289
     8.6000000        0.02741304        0.00794157
     8.7000000        0.03039519        0.01032838
     8.8000000        0.02423248        0.02253318
     8.9000000        0.03167162        0.04300690
     9.0000000        0.02917105        0.02635374
     9.1000000        0.01126719        0.02078048
     9.2000000        0.02368787        0.02211692
     9.3000000        0.01704683        0.02160476
     9.4000000        0.03486589        0.03021901
     9.5000000        0.04557392        0.02731586
     9.6000000        0.06201672        0.01842714
     9.7000000        0.06918593        0.02015438
     9.8000000        0.06900784        0.02418169
     9.9000000        0.07814385        0.02696198
    10.0000000        0.16152610        0.03144737
