          21           4   2.0000000000000000                1
     0.0000000        0.74943819        0.00959559
     0.1000000        0.56545649        0.02055881
     0.2000000        0.43243953        0.02254834
     0.3000000        0.32798533        0.01261534
     0.4000000        0.27658943        0.01611482
     0.5000000        0.22043178        0.01078638
     0.6000000        0.18973733        0.02037172
     0.7000000        0.15989333        0.01981899
     0.8000000        0.15683814        0.01572023
     0.9000000        0.14671587        0.01323458
     1.0000000        0.14879293        0.01963365
     1.1000000        0.17670281        0.03559627
     1.2000000        0.18039820        0.02204369
     1.3000000        0.20027640        0.02346272
     1.4000000        0.23249436        0.01685894
     1.5000000        0.28948616        0.01639309
     1.6000000        0.36884783        0.01363955
     1.7000000        0.45109183        0.01328863
     1.8000000        0.61233611        0.01265526
     1.9000000        0.87636623        0.01763389
     2.0000000        1.25056181        0.00959559
