          41           4   4.0000000000000000                1
     0.0000000        1.85013843        0.03007836
     0.1000000        1.48941544        0.02891889
     0.2000000        1.20913420        0.02978537
     0.3000000        1.00295562        0.02973653
     0.4000000        0.82682591        0.03509906
     0.5000000        0.68398589        0.02937826
     0.6000000        0.58161530        0.02811721
     0.7000000        0.48749432        0.01956181
     0.8000000        0.41821719        0.01250322
     0.9000000        0.37218745        0.00621801
     1.0000000        0.31445258        0.00521111
     1.1000000        0.26446902        0.01191221
     1.2000000        0.23778095        0.01275019
     1.3000000        0.21429007        0.00733820
     1.4000000        0.19142545        0.00947197
     1.5000000        0.15910376        0.00370453
     1.6000000        0.12590210        0.00891350
     1.7000000        0.11905920        0.01256098
     1.8000000        0.11642662        0.01186905
     1.9000000        0.09478787        0.01906358
     2.0000000        0.07964102        0.01402625
     2.1000000        0.06886137        0.01675302
     2.2000000        0.07132812        0.02044877
     2.3000000        0.05874714        0.01730668
     2.4000000        0.04590756        0.00642929
     2.5000000        0.04519724        0.01575559
     2.6000000        0.04508053        0.01853236
     2.7000000        0.03792352        0.01297038
     2.8000000        0.02339730        0.01061105
     2.9000000        0.01886235        0.01205866
     3.0000000        0.02261305        0.01693521
     3.1000000        0.03076986        0.01817202
     3.2000000        0.03326294        0.01492430
     3.3000000        0.03132865        0.01621683
     3.4000000        0.03794483        0.02102165
     3.5000000        0.03634223        0.01082921
     3.6000000        0.03998900        0.01165499
     3.7000000        0.07727151        0.01268145
     3.8000000        0.08937459        0.01500489
     3.9000000        0.11826433        0.02528399
     4.0000000        0.14986157        0.03007836
