          51           3   10.000000000000000                1
     0.0000000        0.21675114        0.00432865
     0.1000000        0.13737210        0.00302140
     0.2000000        0.08804005        0.00238218
     0.3000000        0.05675556        0.00204105
     0.4000000        0.03667938        0.00155093
     0.5000000        0.02392665        0.00100599
     0.6000000        0.01592819        0.00086506
     0.7000000        0.01057499        0.00081332
     0.8000000        0.00698544        0.00068454
     0.9000000        0.00458054        0.00050638
     1.0000000        0.00297989        0.00028787
     1.1000000        0.00199361        0.00022931
     1.2000000        0.00147758        0.00042503
     1.3000000        0.00107461        0.00055297
     1.4000000        0.00073954        0.00049766
     1.5000000        0.00042933        0.00038359
     1.6000000        0.00011097        0.00027797
     1.7000000        0.00008036        0.00016468
     1.8000000        0.00022888        0.00018219
     1.9000000        0.00025965        0.00016186
     2.0000000        0.00022019        0.00011445
     2.1000000        0.00019477        0.00010811
     2.2000000        0.00017520        0.00013290
     2.3000000        0.00012522        0.00011974
     2.4000000        0.00011633        0.00007367
     2.5000000        0.00015685        0.00010239
     2.6000000        0.00016624        0.00020225
     2.7000000        0.00009586        0.00014666
     2.8000000        0.00003767        0.00004658
     2.9000000        0.00002609        0.00000898
     3.0000000       -0.00001606        0.00005224
     3.1000000       -0.00004971        0.00016397
     3.2000000       -0.00006436        0.00019508
     3.3000000       -0.00003995        0.00009797
     3.4000000        0.00004586        0.00007186
     3.5000000        0.00014130        0.00020080
     3.6000000        0.00022462        0.00035250
     3.7000000        0.00025496        0.00042208
     3.8000000        0.00027866        0.00048994
     3.9000000        0.00029990        0.00053406
     4.0000000        0.00034385        0.00058379
     4.1000000        0.00038116        0.00060785
     4.2000000        0.00037356        0.00054613
     4.3000000        0.00030108        0.00042428
     4.4000000        0.00020377        0.00026308
     4.5000000        0.00024306        0.00026035
     4.6000000        0.00025369        0.00026318
     4.7000000        0.00015994        0.00019510
     4.8000000        0.00007745        0.00014275
     4.9000000       -0.00000334        0.00012496
     5.0000000       -0.00004292        0.00012836
