          31           4   6.0000000000000000                1
     0.0000000        0.32865526        0.00998122
     0.1000000        0.17315827        0.00727395
     0.2000000        0.09564565        0.00434353
     0.3000000        0.05753856        0.00349182
     0.4000000        0.03142329        0.00477363
     0.5000000        0.02434608        0.00399479
     0.6000000        0.01625703        0.00176504
     0.7000000        0.01255968        0.00324733
     0.8000000        0.00724371        0.00346589
     0.9000000        0.00773261        0.00111642
     1.0000000        0.00706128        0.00241188
     1.1000000        0.00131672        0.00134053
     1.2000000        0.00334217        0.00293022
     1.3000000        0.00396127        0.00308823
     1.4000000        0.00281858        0.00178884
     1.5000000        0.00373728        0.00293685
     1.6000000        0.00340555        0.00289350
     1.7000000        0.00036088        0.00454733
     1.8000000        0.00261097        0.00299642
     1.9000000       -0.00064372        0.00192724
     2.0000000        0.00169347        0.00333917
     2.1000000        0.00115045        0.00341953
     2.2000000       -0.00127602        0.00252596
     2.3000000        0.00090125        0.00303617
     2.4000000        0.00444898        0.00151339
     2.5000000        0.00310294        0.00234131
     2.6000000        0.00280373        0.00202811
     2.7000000        0.00137787        0.00414558
     2.8000000        0.00457583        0.00285122
     2.9000000        0.00285944        0.00183167
     3.0000000        0.00240790        0.00205181
