          61           4   6.0000000000000000                1
     0.0000000        0.99610868        0.04288569
     0.1000000        0.85175166        0.03176581
     0.2000000        0.77338739        0.02951749
     0.3000000        0.70724028        0.03127991
     0.4000000        0.64966781        0.03896304
     0.5000000        0.60729311        0.02720192
     0.6000000        0.55536753        0.02291688
     0.7000000        0.50538831        0.01712674
     0.8000000        0.46407581        0.01362334
     0.9000000        0.42211662        0.02347460
     1.0000000        0.39877659        0.02672987
     1.1000000        0.35871941        0.02490447
     1.2000000        0.35690988        0.01214173
     1.3000000        0.34006657        0.03498962
     1.4000000        0.30412236        0.02959159
     1.5000000        0.27458616        0.01703412
     1.6000000        0.26261458        0.01819525
     1.7000000        0.22577565        0.02355156
     1.8000000        0.20508289        0.03732861
     1.9000000        0.18795999        0.03954129
     2.0000000        0.15136826        0.04104441
     2.1000000        0.15427547        0.03179280
     2.2000000        0.11574368        0.03276134
     2.3000000        0.10588898        0.03876198
     2.4000000        0.10151751        0.04100335
     2.5000000        0.08902417        0.04001593
     2.6000000        0.10403809        0.02953742
     2.7000000        0.10542282        0.02539152
     2.8000000        0.10300109        0.03128410
     2.9000000        0.12441078        0.04247493
     3.0000000        0.11619256        0.04460345
     3.1000000        0.10611334        0.03920765
     3.2000000        0.10561183        0.03697167
     3.3000000        0.11308744        0.04326209
     3.4000000        0.10759385        0.03791988
     3.5000000        0.11834283        0.02461025
     3.6000000        0.13855403        0.03860985
     3.7000000        0.15304868        0.02648325
     3.8000000        0.18600481        0.03719208
     3.9000000        0.19949415        0.04576397
     4.0000000        0.21891072        0.03958647
     4.1000000        0.22976216        0.02772825
     4.2000000        0.22989381        0.02252611
     4.3000000        0.23605782        0.02764707
     4.4000000        0.23834851        0.03077097
     4.5000000        0.25311816        0.02834340
     4.6000000        0.27515221        0.03494616
     4.7000000        0.30329230        0.03825422
     4.8000000        0.33742589        0.02906469
     4.9000000        0.36053856        0.03151694
     5.0000000        0.40569294        0.03466524
     5.1000000        0.42354295        0.02631158
     5.2000000        0.42963552        0.03926185
     5.3000000        0.47847814        0.04262407
     5.4000000        0.51062243        0.03934241
     5.5000000        0.54859075        0.04228035
     5.6000000        0.60029652        0.03319517
     5.7000000        0.68719268        0.04287765
     5.8000000        0.78678951        0.03979138
     5.9000000        0.87357834        0.04740245
     6.0000000        1.00389132        0.04288569
