          51           4   10.000000000000000                1
     0.0000000        0.19517740        0.01220210
     0.1000000        0.12176819        0.00408143
     0.2000000        0.08145560        0.00461379
     0.3000000        0.05608801        0.00574866
     0.4000000        0.03987613        0.00786549
     0.5000000        0.02485436        0.00406354
     0.6000000        0.01700017        0.00391708
     0.7000000        0.01528529        0.00110039
     0.8000000        0.01574811        0.00068079
     0.9000000        0.00986148        0.00710619
     1.0000000        0.00610932        0.00510472
     1.1000000        0.00618008        0.00242247
     1.2000000        0.00104527        0.00312668
     1.3000000        0.00469430        0.00260163
     1.4000000        0.00165935        0.00112956
     1.5000000       -0.00029641        0.00092591
     1.6000000        0.00283367        0.00078806
     1.7000000       -0.00174146        0.00423791
     1.8000000       -0.00272840        0.00247460
     1.9000000       -0.00411255        0.00242532
     2.0000000       -0.00038076        0.00238630
     2.1000000        0.00185449        0.00217192
     2.2000000        0.00039710        0.00286753
     2.3000000       -0.00102910        0.00088016
     2.4000000       -0.00042545        0.00080112
     2.5000000        0.00049440        0.00185693
     2.6000000       -0.00189975        0.00171059
     2.7000000       -0.00250748        0.00346790
     2.8000000       -0.00008286        0.00292298
     2.9000000        0.00115012        0.00343852
     3.0000000       -0.00075773        0.00099860
     3.1000000        0.00087369        0.00222956
     3.2000000        0.00194740        0.00232868
     3.3000000        0.00313699        0.00204596
     3.4000000        0.00160591        0.00254535
     3.5000000       -0.00353589        0.00270623
     3.6000000        0.00204337        0.00281909
     3.7000000        0.00367259        0.00295856
     3.8000000        0.00111140        0.00267935
     3.9000000        0.00003233        0.00266897
     4.0000000       -0.00306810        0.00140784
     4.1000000       -0.00240840        0.00265118
     4.2000000        0.00104442        0.00236794
     4.3000000        0.00527804        0.00219082
     4.4000000        0.00235579        0.00245807
     4.5000000       -0.00226318        0.00287755
     4.6000000        0.00489139        0.00262051
     4.7000000        0.00342947        0.00374817
     4.8000000        0.00290799        0.00532047
     4.9000000        0.00344124        0.00512613
     5.0000000        0.00213799        0.00082401
