          41           9   8.0000000000000000                1
     0.0000000        0.36695340        0.01084666
     0.1000000        0.20132802        0.00690288
     0.2000000        0.10323242        0.00632338
     0.3000000        0.06001119        0.00562641
     0.4000000        0.03595690        0.00493560
     0.5000000        0.02300053        0.00208316
     0.6000000        0.01681049        0.00160246
     0.7000000        0.01028540        0.00260365
     0.8000000        0.00539101        0.00465989
     0.9000000        0.00212273        0.00393912
     1.0000000        0.00873612        0.00339437
     1.1000000        0.01077183        0.00477616
     1.2000000        0.00739122        0.00433998
     1.3000000        0.00595431        0.00190676
     1.4000000        0.00171413        0.00385239
     1.5000000       -0.00058621        0.00316777
     1.6000000       -0.00410681        0.00532181
     1.7000000       -0.00036030        0.00413714
     1.8000000        0.00351073        0.00387219
     1.9000000       -0.00410422        0.00388410
     2.0000000       -0.00458992        0.00399253
     2.1000000       -0.00148299        0.00331981
     2.2000000        0.00175819        0.00470841
     2.3000000        0.00030804        0.00226011
     2.4000000       -0.00146114        0.00385589
     2.5000000        0.00497560        0.00282330
     2.6000000        0.00455874        0.00362332
     2.7000000        0.00402867        0.00481097
     2.8000000        0.00073037        0.00405734
     2.9000000       -0.00055985        0.00357363
     3.0000000       -0.00188605        0.00281640
     3.1000000       -0.00133925        0.00521607
     3.2000000        0.00271203        0.00305590
     3.3000000        0.00018967        0.00322395
     3.4000000        0.00064304        0.00252364
     3.5000000       -0.00282058        0.00308665
     3.6000000        0.00146385        0.00280733
     3.7000000        0.00060496        0.00297778
     3.8000000       -0.00224983        0.00227152
     3.9000000       -0.00031343        0.00350176
     4.0000000       -0.00269691        0.00575934
