          41           4   8.0000000000000000                1
     0.0000000        0.31852324        0.01441019
     0.1000000        0.17560847        0.01478939
     0.2000000        0.10714613        0.01058134
     0.3000000        0.05060635        0.01263345
     0.4000000        0.03638941        0.00794297
     0.5000000        0.02948346        0.00781476
     0.6000000        0.01705075        0.00873071
     0.7000000        0.02000652        0.01497381
     0.8000000        0.00932400        0.00597247
     0.9000000        0.01140358        0.00499807
     1.0000000       -0.00005567        0.00503753
     1.1000000        0.00199705        0.00870265
     1.2000000       -0.01285188        0.01609063
     1.3000000       -0.00876411        0.00869944
     1.4000000        0.01257308        0.00937693
     1.5000000        0.01598344        0.00829344
     1.6000000        0.02798867        0.02193765
     1.7000000        0.00939910        0.00737434
     1.8000000       -0.01035406        0.01603217
     1.9000000        0.01209599        0.00522943
     2.0000000        0.01742599        0.00918891
     2.1000000        0.00911431        0.00871627
     2.2000000        0.00532393        0.00838475
     2.3000000       -0.00068590        0.00496797
     2.4000000       -0.00305457        0.00538389
     2.5000000       -0.00281795        0.00138910
     2.6000000        0.00186794        0.00280233
     2.7000000       -0.00414997        0.00927556
     2.8000000       -0.00614836        0.00583425
     2.9000000        0.00073382        0.00346429
     3.0000000       -0.00036512        0.00636283
     3.1000000       -0.00166453        0.01259140
     3.2000000       -0.00238735        0.00722673
     3.3000000       -0.00457191        0.00975002
     3.4000000       -0.01340596        0.01107008
     3.5000000       -0.00063140        0.00730379
     3.6000000        0.00300942        0.00892384
     3.7000000        0.00455807        0.00653068
     3.8000000        0.00284958        0.00770742
     3.9000000        0.00680869        0.00764306
     4.0000000       -0.00457799        0.01027823
