          41           4   10.000000000000000                1
     0.0000000        1.12257444        0.60498455
     0.1250000        0.54939355        0.43831400
     0.2500000        1.13406129        1.00576919
     0.3750000        0.64446875        0.37043233
     0.5000000        0.38933455        0.24568281
     0.6250000        0.28523117        0.11941354
     0.7500000       -0.33119108        0.40919158
     0.8750000        0.04459164        0.22901868
     1.0000000       -0.23902613        0.99022047
     1.1250000        1.58294887        2.12168161
     1.2500000        0.65591670        0.61912892
     1.3750000        0.88308736        1.31919699
     1.5000000        1.44252871        1.33710824
     1.6250000        1.01945642        1.15763166
     1.7500000        0.37304468        0.56747240
     1.8750000       -0.64984416        0.86745767
     2.0000000       -0.47981270        0.29336099
     2.1250000       -0.30738374        0.33505637
     2.2500000       -1.00480512        1.08647661
     2.3750000       -0.42960154        0.54101677
     2.5000000        1.03989305        1.26907892
     2.6250000        2.73044489        3.17909154
     2.7500000        1.73589954        2.01882075
     2.8750000       -0.51098217        0.55684669
     3.0000000        0.54091968        0.66641545
     3.1250000        1.15429910        1.31448399
     3.2500000       -2.12791945        2.56192925
     3.3750000       -1.11680648        1.35104830
     3.5000000       -3.28959954        3.95711036
     3.6250000        1.80639416        2.00948029
     3.7500000       -0.52082055        0.60468241
     3.8750000       -0.02641227        0.08908619
     4.0000000        0.27632978        0.11664356
     4.1250000        0.80496312        0.69793137
     4.2500000       -0.26365041        0.76984915
     4.3750000       -2.37128811        2.76781628
     4.5000000       -0.48900681        0.56953089
     4.6250000       -0.74993403        0.70650523
     4.7500000       -0.17515369        0.14744749
     4.8750000       -1.08150121        1.26828604
     5.0000000       -2.33878512        2.66642511
