          21           9   4.0000000000000000                1
     0.0000000        0.13184467        0.01208312
     0.1000000        0.08866433        0.00967529
     0.2000000        0.06744558        0.00451940
     0.3000000        0.05808150        0.00315801
     0.4000000        0.04401784        0.00314251
     0.5000000        0.03159651        0.00378577
     0.6000000        0.02169076        0.00238324
     0.7000000        0.02394588        0.00480003
     0.8000000        0.02633439        0.00276182
     0.9000000        0.02197139        0.00308601
     1.0000000        0.01657992        0.00346297
     1.1000000        0.01359603        0.00312190
     1.2000000        0.00686527        0.00301835
     1.3000000        0.01014328        0.00261592
     1.4000000        0.00975750        0.00353138
     1.5000000        0.00980727        0.00466643
     1.6000000        0.01191491        0.00380169
     1.7000000        0.00591061        0.00320516
     1.8000000        0.00722515        0.00427848
     1.9000000        0.01095073        0.00377385
     2.0000000        0.00940226        0.00470381
