          51           4   10.000000000000000                1
     0.0000000        0.23935575        0.00101968
     0.1000000        0.13725895        0.00107889
     0.2000000        0.07946804        0.00102291
     0.3000000        0.04632424        0.00089328
     0.4000000        0.02717516        0.00072234
     0.5000000        0.01607028        0.00062139
     0.6000000        0.00963396        0.00049618
     0.7000000        0.00582806        0.00040543
     0.8000000        0.00361945        0.00032202
     0.9000000        0.00231562        0.00023730
     1.0000000        0.00138662        0.00035942
     1.1000000        0.00085282        0.00051396
     1.2000000        0.00051865        0.00049218
     1.3000000        0.00019911        0.00056459
     1.4000000       -0.00000294        0.00065140
     1.5000000       -0.00013516        0.00070294
     1.6000000       -0.00011629        0.00057494
     1.7000000       -0.00004760        0.00037710
     1.8000000       -0.00002691        0.00028205
     1.9000000        0.00000023        0.00020825
     2.0000000        0.00001516        0.00016964
     2.1000000        0.00002591        0.00014561
     2.2000000        0.00006355        0.00012398
     2.3000000        0.00015483        0.00007755
     2.4000000        0.00020402        0.00006147
     2.5000000        0.00017410        0.00006005
     2.6000000        0.00012207        0.00006408
     2.7000000        0.00009840        0.00005858
     2.8000000        0.00009829        0.00003872
     2.9000000        0.00009966        0.00002791
     3.0000000        0.00010417        0.00003590
     3.1000000        0.00010268        0.00004770
     3.2000000        0.00008372        0.00005271
     3.3000000        0.00006384        0.00005120
     3.4000000        0.00004273        0.00004801
     3.5000000        0.00002514        0.00004285
     3.6000000        0.00002904        0.00004492
     3.7000000        0.00005698        0.00004776
     3.8000000        0.00008621        0.00005009
     3.9000000        0.00009644        0.00006757
     4.0000000        0.00008041        0.00006413
     4.1000000        0.00004604        0.00003510
     4.2000000        0.00001588        0.00002027
     4.3000000        0.00002000        0.00001534
     4.4000000        0.00002810        0.00000743
     4.5000000        0.00002193        0.00001271
     4.6000000        0.00002302        0.00002108
     4.7000000        0.00002321        0.00002436
     4.8000000        0.00001767        0.00003350
     4.9000000        0.00000231        0.00005664
     5.0000000       -0.00000758        0.00007112
