          11           4   2.0000000000000000                1
     0.0000000        0.23159665        0.02036467
     0.1000000        0.16487375        0.02124292
     0.2000000        0.11989749        0.02236659
     0.3000000        0.08904816        0.02313458
     0.4000000        0.06811985        0.02257250
     0.5000000        0.05347367        0.02190002
     0.6000000        0.04203903        0.02249892
     0.7000000        0.03370343        0.02304764
     0.8000000        0.02991913        0.02187309
     0.9000000        0.02809065        0.02044667
     1.0000000        0.02695815        0.01995600
