          31           9   6.0000000000000000                1
     0.0000000        0.87226834        0.02012075
     0.1000000        0.58493170        0.01530007
     0.2000000        0.41733548        0.00996134
     0.3000000        0.31535275        0.00962808
     0.4000000        0.24827492        0.01075839
     0.5000000        0.19478893        0.01036499
     0.6000000        0.15563504        0.01294325
     0.7000000        0.12604793        0.01308965
     0.8000000        0.11178049        0.01142885
     0.9000000        0.10443356        0.01147206
     1.0000000        0.09135379        0.00790907
     1.1000000        0.06943988        0.00993992
     1.2000000        0.06086821        0.01434036
     1.3000000        0.05057665        0.01096630
     1.4000000        0.04842311        0.01241452
     1.5000000        0.04457178        0.00764942
     1.6000000        0.03545902        0.01053772
     1.7000000        0.02916647        0.01065221
     1.8000000        0.04279765        0.00359570
     1.9000000        0.03173211        0.00554104
     2.0000000        0.01212803        0.00844402
     2.1000000        0.00736326        0.00830472
     2.2000000        0.00443159        0.01025370
     2.3000000       -0.00372666        0.01161307
     2.4000000       -0.00633208        0.01183524
     2.5000000       -0.00074587        0.01074299
     2.6000000       -0.00457969        0.01091972
     2.7000000       -0.01468941        0.00975150
     2.8000000       -0.02042479        0.00793814
     2.9000000       -0.01742353        0.01201956
     3.0000000       -0.01613202        0.00837427
