          31           4   6.0000000000000000                1
     0.0000000        0.25824474        0.01647288
     0.1000000        0.14974215        0.02012376
     0.2000000        0.11921152        0.01476753
     0.3000000        0.07824558        0.01397349
     0.4000000        0.05249794        0.01262226
     0.5000000        0.04821809        0.02843681
     0.6000000        0.03662273        0.02663150
     0.7000000        0.02978513        0.02531744
     0.8000000        0.03886435        0.02140717
     0.9000000        0.02916029        0.01786446
     1.0000000        0.03430539        0.02034151
     1.1000000        0.03296605        0.01179584
     1.2000000        0.01511539        0.01222051
     1.3000000        0.00533967        0.01284772
     1.4000000        0.02404460        0.00689558
     1.5000000        0.02013237        0.01221690
     1.6000000        0.00851487        0.00915100
     1.7000000       -0.01248502        0.01252114
     1.8000000       -0.01289346        0.01708572
     1.9000000       -0.00053663        0.01222592
     2.0000000        0.02218076        0.01682600
     2.1000000        0.01302411        0.01572462
     2.2000000        0.02357250        0.02208826
     2.3000000        0.02366160        0.02261081
     2.4000000        0.03991968        0.02709448
     2.5000000        0.03190506        0.01842817
     2.6000000        0.03104352        0.01752983
     2.7000000        0.03404643        0.02150638
     2.8000000        0.04878008        0.02532660
     2.9000000        0.03095083        0.02314378
     3.0000000        0.03058859        0.04487825
