         101           3   10.000000000000000                1
     0.0000000        0.15612417        0.00543758
     0.1000000        0.11690155        0.00886789
     0.2000000        0.07821564        0.01039558
     0.3000000        0.05157288        0.01546814
     0.4000000        0.05096573        0.01307404
     0.5000000        0.03448047        0.01196463
     0.6000000        0.01658973        0.01479884
     0.7000000        0.01937326        0.00997773
     0.8000000        0.01530995        0.01415680
     0.9000000        0.01431057        0.01121467
     1.0000000        0.02226624        0.00715611
     1.1000000        0.01160189        0.00765292
     1.2000000        0.00229740        0.01215892
     1.3000000        0.00937594        0.01348926
     1.4000000        0.00906791        0.00910817
     1.5000000        0.00581686        0.01069211
     1.6000000        0.00480078        0.01275125
     1.7000000        0.00493796        0.00559052
     1.8000000        0.00159755        0.00590252
     1.9000000       -0.00255782        0.00751455
     2.0000000       -0.00666501        0.00494779
     2.1000000       -0.00624948        0.00222375
     2.2000000        0.00235410        0.00367115
     2.3000000       -0.00311023        0.00026324
     2.4000000       -0.00166744        0.00337193
     2.5000000        0.00261630        0.00310516
     2.6000000        0.00118606        0.00498816
     2.7000000        0.00421691        0.00310169
     2.8000000        0.01256835        0.00700597
     2.9000000        0.01434755        0.01024119
     3.0000000        0.00880516        0.00555852
     3.1000000        0.00317313        0.00490838
     3.2000000        0.00066572        0.00134264
     3.3000000       -0.00519245        0.00917895
     3.4000000        0.00314349        0.00749393
     3.5000000        0.00890809        0.00890761
     3.6000000        0.00810654        0.00659679
     3.7000000        0.00105114        0.00261983
     3.8000000       -0.00099206        0.00472473
     3.9000000       -0.00988357        0.00195368
     4.0000000       -0.01383424        0.00773335
     4.1000000       -0.01331998        0.00898528
     4.2000000       -0.01766975        0.01920700
     4.3000000       -0.00471756        0.00305641
     4.4000000       -0.00009442        0.00036200
     4.5000000        0.00076719        0.00298399
     4.6000000        0.00189543        0.00180023
     4.7000000        0.00092667        0.00304890
     4.8000000        0.00252165        0.00200758
     4.9000000        0.00117894        0.00185445
     5.0000000       -0.00093173        0.00107589
     5.1000000       -0.00140556        0.00220247
     5.2000000       -0.00048502        0.00057745
     5.3000000       -0.00245247        0.00320572
     5.4000000       -0.00170388        0.00640193
     5.5000000       -0.00091084        0.00231714
     5.6000000       -0.00240047        0.00391263
     5.7000000       -0.00589858        0.00421321
     5.8000000       -0.00135852        0.00387365
     5.9000000       -0.00268379        0.00459688
     6.0000000       -0.00385224        0.00497206
     6.1000000       -0.01044425        0.00258721
     6.2000000       -0.00963937        0.00133796
     6.3000000       -0.00703293        0.00255436
     6.4000000       -0.01162336        0.00352237
     6.5000000       -0.00875970        0.00605098
     6.6000000       -0.00728191        0.00382730
     6.7000000       -0.00925763        0.00091348
     6.8000000       -0.00237903        0.00379035
     6.9000000        0.00141630        0.00119652
     7.0000000        0.00209255        0.00473462
     7.1000000        0.00491346        0.00465501
     7.2000000        0.00633453        0.00934509
     7.3000000        0.01087367        0.00790775
     7.4000000        0.01390210        0.00762776
     7.5000000        0.01378821        0.00577167
     7.6000000        0.01185756        0.00713278
     7.7000000        0.01442578        0.00862679
     7.8000000        0.01099231        0.00863576
     7.9000000        0.01776139        0.00686431
     8.0000000        0.02968749        0.00650948
     8.1000000        0.03324416        0.01249320
     8.2000000        0.04356750        0.02278042
     8.3000000        0.05427381        0.01982781
     8.4000000        0.07052147        0.02329487
     8.5000000        0.07300358        0.02201092
     8.6000000        0.07856101        0.01684438
     8.7000000        0.10686914        0.01357601
     8.8000000        0.13984322        0.01025655
     8.9000000        0.17084977        0.01639540
     9.0000000        0.20525469        0.00666993
     9.1000000        0.24416980        0.01091152
     9.2000000        0.31010493        0.00749943
     9.3000000        0.37928759        0.00976956
     9.4000000        0.47196447        0.00316665
     9.5000000        0.58425230        0.00225686
     9.6000000        0.73385745        0.01618956
     9.7000000        0.91264481        0.00712675
     9.8000000        1.14146948        0.01527343
     9.9000000        1.43572815        0.00419110
    10.0000000        1.84387583        0.00543758
