          11           9   2.0000000000000000                1
     0.0000000        1.53789160        0.05542862
     0.1000000        1.33495507        0.05343948
     0.2000000        1.19931888        0.05060040
     0.3000000        1.10588676        0.04840199
     0.4000000        1.03906473        0.04815579
     0.5000000        0.99069789        0.04969996
     0.6000000        0.96012807        0.05115268
     0.7000000        0.93785469        0.05222278
     0.8000000        0.91662436        0.05254554
     0.9000000        0.90929776        0.05314366
     1.0000000        0.91128375        0.05337640
