          31           4   6.0000000000000000                1
     0.0000000        0.35735322        0.00993507
     0.1000000        0.20654676        0.00920151
     0.2000000        0.12609130        0.00863803
     0.3000000        0.09274945        0.00591041
     0.4000000        0.06191341        0.00788774
     0.5000000        0.03261338        0.00834472
     0.6000000        0.01892643        0.00614312
     0.7000000        0.02008240        0.01038386
     0.8000000        0.00969955        0.00966342
     0.9000000        0.01579671        0.01297518
     1.0000000        0.00590364        0.00762665
     1.1000000        0.00480199        0.00867901
     1.2000000       -0.00198335        0.00850771
     1.3000000        0.00900419        0.00613339
     1.4000000        0.00495147        0.01024153
     1.5000000        0.00008564        0.00822475
     1.6000000        0.00274262        0.00959224
     1.7000000       -0.00020343        0.00605562
     1.8000000       -0.00409108        0.00419829
     1.9000000        0.00920637        0.00791206
     2.0000000        0.01242611        0.00753151
     2.1000000        0.00677842        0.00473266
     2.2000000        0.00361798        0.00950311
     2.3000000        0.00427702        0.00826475
     2.4000000        0.00174949        0.00848337
     2.5000000        0.00595850        0.00652233
     2.6000000        0.00598072        0.01072889
     2.7000000        0.00250475        0.00983388
     2.8000000       -0.00268517        0.01369980
     2.9000000       -0.00788397        0.01182604
     3.0000000       -0.00568416        0.01620645
