          51           4   10.000000000000000                1
     0.0000000        0.25242413        0.03553108
     0.1000000        0.14945716        0.01841345
     0.2000000        0.07303431        0.00832290
     0.3000000        0.03695107        0.00929318
     0.4000000        0.03625485        0.01612779
     0.5000000        0.00904647        0.00641550
     0.6000000        0.00063325        0.00495284
     0.7000000       -0.00494425        0.00543460
     0.8000000       -0.00206244        0.00500230
     0.9000000       -0.00358581        0.01360554
     1.0000000       -0.00054464        0.00916614
     1.1000000       -0.00819712        0.00913641
     1.2000000       -0.00576013        0.01028128
     1.3000000       -0.00505698        0.00942131
     1.4000000       -0.02075498        0.01776610
     1.5000000       -0.00550838        0.01333551
     1.6000000       -0.01315858        0.01423077
     1.7000000       -0.01703120        0.01976757
     1.8000000       -0.00378404        0.00616211
     1.9000000       -0.00641584        0.00132758
     2.0000000       -0.01051578        0.00515917
     2.1000000       -0.00185826        0.00415221
     2.2000000        0.00684029        0.00792715
     2.3000000       -0.00132084        0.00483583
     2.4000000        0.00155961        0.00953666
     2.5000000       -0.01236248        0.00938461
     2.6000000       -0.00801118        0.00609366
     2.7000000       -0.00289548        0.00859995
     2.8000000       -0.01440563        0.00611379
     2.9000000       -0.01132805        0.00276857
     3.0000000        0.00483199        0.00614260
     3.1000000        0.00870350        0.00825471
     3.2000000       -0.00593011        0.00728516
     3.3000000       -0.00355359        0.00479314
     3.4000000       -0.00333700        0.00452065
     3.5000000       -0.00789846        0.00637117
     3.6000000       -0.00549672        0.01064624
     3.7000000       -0.00377279        0.00429288
     3.8000000        0.00032768        0.00300701
     3.9000000        0.00192249        0.00561865
     4.0000000        0.00404700        0.00725301
     4.1000000        0.00615653        0.00158612
     4.2000000        0.00623747        0.00612947
     4.3000000        0.01075836        0.01002584
     4.4000000        0.01994889        0.00904334
     4.5000000        0.00069265        0.00461334
     4.6000000        0.01220774        0.01195130
     4.7000000        0.01342119        0.01175982
     4.8000000        0.02356171        0.01234465
     4.9000000        0.01745720        0.00675679
     5.0000000        0.02061562        0.00996629
