          41           9   8.0000000000000000                1
     0.0000000        0.37331146        0.01032525
     0.1000000        0.19521200        0.00749847
     0.2000000        0.10772302        0.00776369
     0.3000000        0.06756708        0.00308881
     0.4000000        0.03976728        0.00434499
     0.5000000        0.02386178        0.00444816
     0.6000000        0.01271437        0.00540104
     0.7000000        0.01276989        0.00267613
     0.8000000        0.00995288        0.00454805
     0.9000000        0.00395003        0.00317164
     1.0000000        0.00460310        0.00368229
     1.1000000        0.00686410        0.00222425
     1.2000000        0.00530756        0.00263668
     1.3000000        0.00357906        0.00411126
     1.4000000        0.00531380        0.00219295
     1.5000000        0.00122044        0.00311928
     1.6000000       -0.00118652        0.00140414
     1.7000000        0.00001479        0.00358618
     1.8000000        0.00223885        0.00238494
     1.9000000       -0.00007550        0.00318586
     2.0000000       -0.00086509        0.00333745
     2.1000000        0.00355546        0.00308210
     2.2000000       -0.00012201        0.00354389
     2.3000000       -0.00103047        0.00297889
     2.4000000        0.00169702        0.00371132
     2.5000000        0.00618706        0.00369963
     2.6000000        0.00609900        0.00319075
     2.7000000        0.00933101        0.00432149
     2.8000000        0.00133317        0.00220846
     2.9000000       -0.00050710        0.00463496
     3.0000000       -0.00177053        0.00134578
     3.1000000       -0.00148124        0.00244977
     3.2000000       -0.00117840        0.00302616
     3.3000000       -0.00499570        0.00683111
     3.4000000       -0.00306360        0.00527478
     3.5000000       -0.00432293        0.00204111
     3.6000000        0.00023582        0.00277485
     3.7000000       -0.00290650        0.00367519
     3.8000000       -0.00108263        0.00234973
     3.9000000       -0.00024231        0.00311584
     4.0000000        0.00068652        0.00420359
