          31           4   6.0000000000000000                1
     0.0000000        0.78303906        0.01399510
     0.1000000        0.54700847        0.01459828
     0.2000000        0.38535363        0.00808817
     0.3000000        0.28329192        0.00422916
     0.4000000        0.22534068        0.00560367
     0.5000000        0.17984696        0.00608245
     0.6000000        0.14362672        0.00517682
     0.7000000        0.12223301        0.00322144
     0.8000000        0.08957772        0.01255456
     0.9000000        0.07379594        0.00592339
     1.0000000        0.06103076        0.00232736
     1.1000000        0.04298071        0.00382757
     1.2000000        0.03875231        0.00638886
     1.3000000        0.03942368        0.00901322
     1.4000000        0.04121855        0.00306093
     1.5000000        0.03768121        0.00707191
     1.6000000        0.03502905        0.00567950
     1.7000000        0.02783068        0.00709349
     1.8000000        0.02112184        0.00755264
     1.9000000        0.01853977        0.01125758
     2.0000000        0.02262482        0.00767782
     2.1000000        0.02129743        0.01087879
     2.2000000        0.01781456        0.00959193
     2.3000000        0.00677424        0.00630130
     2.4000000        0.00217171        0.00398947
     2.5000000        0.00340208        0.00741536
     2.6000000        0.00492557        0.00673112
     2.7000000        0.00521215        0.00690482
     2.8000000        0.00468687        0.00786250
     2.9000000        0.00956006        0.00214553
     3.0000000        0.01231379        0.00965033
