          11           4   2.0000000000000000                1
     0.0000000        0.67123663        0.01653338
     0.1000000        0.56530066        0.01639098
     0.2000000        0.48709065        0.01492238
     0.3000000        0.42812309        0.01278301
     0.4000000        0.38443379        0.01169839
     0.5000000        0.35125790        0.01086906
     0.6000000        0.32622199        0.00984911
     0.7000000        0.30843937        0.00911838
     0.8000000        0.29632629        0.00865890
     0.9000000        0.28959798        0.00814144
     1.0000000        0.28754347        0.00782284
