          51           9   10.000000000000000                1
     0.0000000        0.26394424        0.00384586
     0.1000000        0.16037517        0.00258993
     0.2000000        0.09894472        0.00204644
     0.3000000        0.06184944        0.00151405
     0.4000000        0.03911591        0.00102700
     0.5000000        0.02514383        0.00081599
     0.6000000        0.01627434        0.00069012
     0.7000000        0.01034428        0.00056312
     0.8000000        0.00657453        0.00052520
     0.9000000        0.00423923        0.00043391
     1.0000000        0.00252922        0.00034950
     1.1000000        0.00140649        0.00031728
     1.2000000        0.00071931        0.00034030
     1.3000000        0.00030808        0.00031519
     1.4000000        0.00006008        0.00035509
     1.5000000        0.00006700        0.00038730
     1.6000000        0.00045582        0.00021477
     1.7000000        0.00051329        0.00028359
     1.8000000        0.00026505        0.00028734
     1.9000000        0.00024581        0.00028889
     2.0000000        0.00033258        0.00025740
     2.1000000        0.00049436        0.00041123
     2.2000000        0.00063331        0.00064834
     2.3000000        0.00066714        0.00073761
     2.4000000        0.00069544        0.00078427
     2.5000000        0.00076338        0.00087430
     2.6000000        0.00074034        0.00085376
     2.7000000        0.00071307        0.00085895
     2.8000000        0.00071809        0.00089200
     2.9000000        0.00063393        0.00081433
     3.0000000        0.00056572        0.00074619
     3.1000000        0.00046076        0.00064051
     3.2000000        0.00036789        0.00054656
     3.3000000        0.00031295        0.00049117
     3.4000000        0.00019641        0.00038154
     3.5000000        0.00009909        0.00029971
     3.6000000        0.00001762        0.00021966
     3.7000000       -0.00005895        0.00015100
     3.8000000       -0.00009973        0.00010975
     3.9000000       -0.00010509        0.00010049
     4.0000000       -0.00007156        0.00012941
     4.1000000        0.00004099        0.00022236
     4.2000000        0.00011997        0.00029993
     4.3000000        0.00010838        0.00028012
     4.4000000        0.00011813        0.00023702
     4.5000000        0.00018402        0.00022767
     4.6000000        0.00022721        0.00022674
     4.7000000        0.00018558        0.00021790
     4.8000000        0.00016011        0.00026657
     4.9000000        0.00014473        0.00027243
     5.0000000        0.00012932        0.00024289
