          51           3   10.000000000000000                1
     0.0000000        0.54686149        0.04356827
     0.1000000        0.47131063        0.05287732
     0.2000000        0.40799427        0.04979747
     0.3000000        0.36060306        0.05041528
     0.4000000        0.30837842        0.06926125
     0.5000000        0.26831255        0.07004978
     0.6000000        0.20067366        0.04537263
     0.7000000        0.20308186        0.02068568
     0.8000000        0.19382707        0.02111499
     0.9000000        0.11041525        0.02547516
     1.0000000        0.07599983        0.04324376
     1.1000000        0.12466406        0.10411204
     1.2000000        0.08768051        0.05017598
     1.3000000        0.12173337        0.05589404
     1.4000000        0.08719443        0.03824267
     1.5000000        0.05501728        0.11643383
     1.6000000        0.09702570        0.04563800
     1.7000000        0.23100697        0.05480107
     1.8000000       -0.18651713        0.33207419
     1.9000000       -0.13125120        0.24316513
     2.0000000       -0.08265701        0.09349410
     2.1000000       -0.09352376        0.08719368
     2.2000000       -0.04749480        0.06137083
     2.3000000        0.19935506        0.13414254
     2.4000000        0.16155243        0.07054510
     2.5000000        0.09440586        0.07132483
     2.6000000        0.06323290        0.03115815
     2.7000000        0.03683903        0.02889747
     2.8000000        0.00729571        0.02968303
     2.9000000        0.02690895        0.05054765
     3.0000000        0.04485996        0.03327294
     3.1000000        0.11976076        0.10718886
     3.2000000        0.03140692        0.03275321
     3.3000000        0.04326055        0.02421835
     3.4000000       -0.05026716        0.13482919
     3.5000000        0.06732216        0.03634807
     3.6000000        0.67196911        0.72977064
     3.7000000        0.27816285        0.21130143
     3.8000000        0.07864369        0.10102604
     3.9000000        0.01936090        0.06284670
     4.0000000       -0.10631932        0.16301383
     4.1000000       -0.03453301        0.04039013
     4.2000000       -0.01997093        0.10287271
     4.3000000        0.16351971        0.21767787
     4.4000000       -0.29828903        0.46931645
     4.5000000       -0.02499237        0.28066939
     4.6000000        0.07559662        0.13639247
     4.7000000        0.05583938        0.04259891
     4.8000000       -0.00158837        0.04923893
     4.9000000       -0.15532604        0.20142115
     5.0000000       -0.48879780        0.70730629
