          11           9   2.0000000000000000                1
     0.0000000        0.33828589        0.01012062
     0.1000000        0.20264511        0.00870178
     0.2000000        0.12507869        0.00707802
     0.3000000        0.08472385        0.00616017
     0.4000000        0.06127724        0.00573264
     0.5000000        0.05115545        0.00388620
     0.6000000        0.04147532        0.00375506
     0.7000000        0.03717809        0.00441525
     0.8000000        0.03379396        0.00521578
     0.9000000        0.03180506        0.00510919
     1.0000000        0.02902025        0.00579680
