          41           4   10.000000000000000                1
     0.0000000        0.99840626        0.15000203
     0.1250000        0.77514130        0.14197807
     0.2500000        0.62240340        0.13124688
     0.3750000        0.51116550        0.11980871
     0.5000000        0.43195226        0.09971320
     0.6250000        0.36921343        0.09026477
     0.7500000        0.31868574        0.08851627
     0.8750000        0.28820630        0.09066267
     1.0000000        0.27040319        0.09311727
     1.1250000        0.23744245        0.08294020
     1.2500000        0.20966534        0.07136433
     1.3750000        0.20481404        0.06555699
     1.5000000        0.19320416        0.06338558
     1.6250000        0.17937207        0.06731980
     1.7500000        0.16655974        0.06983305
     1.8750000        0.15060352        0.06314793
     2.0000000        0.12662384        0.06062854
     2.1250000        0.10167862        0.07255144
     2.2500000        0.09482465        0.08181178
     2.3750000        0.09876824        0.08290325
     2.5000000        0.09329711        0.07072374
     2.6250000        0.08019032        0.04951071
     2.7500000        0.05741223        0.03080720
     2.8750000        0.03785330        0.02786813
     3.0000000        0.03436248        0.03239036
     3.1250000        0.02823122        0.03416322
     3.2500000        0.01761691        0.03431001
     3.3750000        0.00898990        0.03537306
     3.5000000        0.00506256        0.02908854
     3.6250000        0.01711923        0.02240774
     3.7500000        0.02860078        0.02547996
     3.8750000        0.03081768        0.02546789
     4.0000000        0.02937737        0.02838312
     4.1250000        0.02407381        0.04285298
     4.2500000        0.01437397        0.05404707
     4.3750000        0.00634495        0.06156872
     4.5000000        0.01544736        0.07348514
     4.6250000        0.03158929        0.08671324
     4.7500000        0.04603087        0.09672304
     4.8750000        0.05192986        0.09855889
     5.0000000        0.05281797        0.10000703
