           9           4   2.0000000000000000                1
     0.0000000        0.18370655        0.00113141
     0.1250000        0.12774187        0.00107513
     0.2500000        0.09273792        0.00079010
     0.3750000        0.07026083        0.00049404
     0.5000000        0.05573989        0.00030363
     0.6250000        0.04646078        0.00013489
     0.7500000        0.04063636        0.00009878
     0.8750000        0.03732534        0.00012381
     1.0000000        0.03624100        0.00013170
