          31           9   6.0000000000000000                1
     0.0000000        0.16417760        0.00763248
     0.1000000        0.10792041        0.00799703
     0.2000000        0.06906763        0.00842235
     0.3000000        0.04157519        0.00864544
     0.4000000        0.02337807        0.00862792
     0.5000000        0.01190339        0.00870320
     0.6000000        0.00408695        0.00909153
     0.7000000       -0.00174615        0.00964316
     0.8000000       -0.00514810        0.00997952
     0.9000000       -0.00652184        0.00999000
     1.0000000       -0.00683025        0.00966536
     1.1000000       -0.00695755        0.00935298
     1.2000000       -0.00736199        0.00970432
     1.3000000       -0.00727796        0.01055398
     1.4000000       -0.00720759        0.01071994
     1.5000000       -0.00701000        0.01045532
     1.6000000       -0.00617570        0.01034225
     1.7000000       -0.00620719        0.00973697
     1.8000000       -0.00741492        0.00886764
     1.9000000       -0.00803803        0.00880434
     2.0000000       -0.00757775        0.00879378
     2.1000000       -0.00689758        0.00856844
     2.2000000       -0.00653013        0.00879398
     2.3000000       -0.00647242        0.00932138
     2.4000000       -0.00637541        0.00985644
     2.5000000       -0.00694230        0.01039189
     2.6000000       -0.00721852        0.01100599
     2.7000000       -0.00757450        0.01139333
     2.8000000       -0.00954533        0.01134895
     2.9000000       -0.01153475        0.01096832
     3.0000000       -0.01225680        0.01069914
