          21           4   5.0000000000000000                1
     0.0000000        0.29174917        0.02499444
     0.1250000        0.25060694        0.02440827
     0.2500000        0.21949046        0.02295907
     0.3750000        0.19132723        0.01984810
     0.5000000        0.16987944        0.01593311
     0.6250000        0.15618481        0.01313100
     0.7500000        0.14609176        0.01179797
     0.8750000        0.13756232        0.01065694
     1.0000000        0.13008318        0.00902179
     1.1250000        0.12484837        0.00804367
     1.2500000        0.11948853        0.00770370
     1.3750000        0.11280669        0.00782250
     1.5000000        0.10679147        0.00896414
     1.6250000        0.10065410        0.00974115
     1.7500000        0.09523893        0.01058138
     1.8750000        0.09260838        0.01201297
     2.0000000        0.09144656        0.01250400
     2.1250000        0.09155855        0.01379967
     2.2500000        0.09139758        0.01645699
     2.3750000        0.09268967        0.01798605
     2.5000000        0.09488396        0.01806918
