          51           4   10.000000000000000                1
     0.0000000        1.76235925        0.25877310
     0.1000000        1.20079377        0.10899341
     0.2000000        0.96564837        0.06220280
     0.3000000        0.73153462        0.08424596
     0.4000000        0.48638654        0.01912335
     0.5000000        0.37884226        0.07401092
     0.6000000        0.26708185        0.05941670
     0.7000000        0.26234125        0.07955258
     0.8000000        0.16467586        0.07132231
     0.9000000        0.16777973        0.05606038
     1.0000000        0.18534669        0.01201504
     1.1000000        0.12755667        0.04328164
     1.2000000        0.10767492        0.09909540
     1.3000000        0.02235917        0.10828118
     1.4000000       -0.00836615        0.06046621
     1.5000000        0.03746058        0.03188333
     1.6000000        0.02104080        0.04165319
     1.7000000        0.01675824        0.03013116
     1.8000000       -0.00529747        0.04306825
     1.9000000        0.01226222        0.03909802
     2.0000000        0.00383756        0.03298564
     2.1000000        0.02771140        0.03322329
     2.2000000        0.05145617        0.02566467
     2.3000000        0.00719746        0.02915496
     2.4000000       -0.03853713        0.03434105
     2.5000000        0.00429053        0.03972983
     2.6000000        0.02908452        0.07994670
     2.7000000        0.04426883        0.04447926
     2.8000000        0.18078059        0.11377394
     2.9000000        0.01946082        0.02665853
     3.0000000       -0.00784887        0.05576577
     3.1000000       -0.08275932        0.13874051
     3.2000000       -0.05272565        0.09866874
     3.3000000        0.00156814        0.04775861
     3.4000000        0.02708225        0.04790579
     3.5000000        0.01624629        0.06772673
     3.6000000        0.05770407        0.09785930
     3.7000000        0.02402881        0.05118337
     3.8000000        0.02375388        0.04683233
     3.9000000       -0.02794647        0.02184488
     4.0000000        0.01935831        0.00581851
     4.1000000       -0.03590810        0.08949528
     4.2000000        0.08594858        0.07093207
     4.3000000        0.04898764        0.03783466
     4.4000000       -0.02347594        0.03792746
     4.5000000       -0.01279092        0.04989092
     4.6000000       -0.08718666        0.09672996
     4.7000000       -0.08854678        0.07574070
     4.8000000       -0.10526509        0.04775322
     4.9000000       -0.03323618        0.05306706
     5.0000000       -0.06789198        0.04734360
