          21           4   4.0000000000000000                1
     0.0000000        0.29419235        0.01722060
     0.1000000        0.18693459        0.00715819
     0.2000000        0.12338497        0.00576456
     0.3000000        0.07687606        0.00444325
     0.4000000        0.05470341        0.00517536
     0.5000000        0.03582666        0.00895578
     0.6000000        0.02472071        0.00230332
     0.7000000        0.01409677        0.00761306
     0.8000000        0.01694942        0.00720564
     0.9000000        0.00782673        0.00291111
     1.0000000        0.00255049        0.00826524
     1.1000000        0.00373009        0.00260749
     1.2000000        0.00249444        0.00420481
     1.3000000       -0.01284654        0.00751274
     1.4000000        0.00453861        0.00255465
     1.5000000        0.00375665        0.00775099
     1.6000000        0.00341361        0.00573111
     1.7000000        0.00693913        0.00547429
     1.8000000        0.00097835        0.00198986
     1.9000000       -0.00273201        0.00433204
     2.0000000       -0.00458649        0.00442665
