          41           4   8.0000000000000000                1
     0.0000000        0.20973345        1.38114159
     0.1000000        1.07017727        1.24255567
     0.2000000        1.06417344        0.61530990
     0.3000000        0.49727615        0.58167200
     0.4000000       -0.94305359        1.01987978
     0.5000000        0.22572338        0.28839048
     0.6000000        1.31936547        0.93530800
     0.7000000        0.29944666        0.46560768
     0.8000000        1.58700031        1.19821492
     0.9000000        0.37063195        0.10565355
     1.0000000       -0.03967406        0.21578982
     1.1000000       -0.09914787        0.14400292
     1.2000000        0.11545417        0.19929721
     1.3000000       -0.02599793        0.30855332
     1.4000000       -0.05535397        0.13719290
     1.5000000       -0.11689169        0.25310812
     1.6000000        0.10460820        0.35307471
     1.7000000       -0.11503593        0.37612155
     1.8000000       -0.96576509        1.00926569
     1.9000000       -0.40100229        0.34971853
     2.0000000       -0.63275030        0.70782381
     2.1000000       -0.05370994        0.08053359
     2.2000000       -0.23718407        0.29463482
     2.3000000       -0.10892141        0.26814893
     2.4000000       -0.05977304        0.11264499
     2.5000000       -0.77054015        0.89608955
     2.6000000       -1.74775119        1.93807292
     2.7000000       -0.11734410        0.06414896
     2.8000000       -0.38319159        0.17076907
     2.9000000       -0.07970302        0.04365022
     3.0000000       -0.15198664        0.10317241
     3.1000000       -0.01822596        0.02651180
     3.2000000        0.01705708        0.01839310
     3.3000000        0.01855385        0.01573558
     3.4000000        0.01036795        0.05315323
     3.5000000        0.08958622        0.13726909
     3.6000000        0.01064782        0.01656513
     3.7000000        0.00858231        0.00760738
     3.8000000        0.02637764        0.02060033
     3.9000000        0.01053284        0.01398299
     4.0000000        0.00386606        0.01422974
