          41           9   8.0000000000000000                1
     0.0000000        1.26357262        0.03526082
     0.1000000        0.82505270        0.02451337
     0.2000000        0.57183360        0.01605499
     0.3000000        0.39604437        0.01151910
     0.4000000        0.29034805        0.00937667
     0.5000000        0.20604154        0.00594763
     0.6000000        0.16243470        0.01072331
     0.7000000        0.12587466        0.01426808
     0.8000000        0.11303960        0.00792183
     0.9000000        0.08664579        0.01173534
     1.0000000        0.06250636        0.01092248
     1.1000000        0.05029080        0.00946042
     1.2000000        0.04842229        0.01064236
     1.3000000        0.03550339        0.00839550
     1.4000000        0.03032326        0.00978870
     1.5000000        0.02441594        0.00992685
     1.6000000        0.02226610        0.00629752
     1.7000000        0.02593341        0.00478237
     1.8000000        0.01734243        0.00627117
     1.9000000        0.01680626        0.00635443
     2.0000000        0.02060387        0.01248761
     2.1000000        0.01326038        0.01139163
     2.2000000        0.01146488        0.01198881
     2.3000000        0.00996218        0.00792607
     2.4000000       -0.00073076        0.00416055
     2.5000000        0.01044699        0.01109739
     2.6000000        0.00703042        0.00990938
     2.7000000        0.00254832        0.01064749
     2.8000000        0.01096668        0.01163252
     2.9000000        0.00304129        0.00497075
     3.0000000        0.00514334        0.00975719
     3.1000000        0.00374465        0.01241826
     3.2000000       -0.00207234        0.00491449
     3.3000000        0.00236125        0.00956792
     3.4000000        0.00344371        0.00654770
     3.5000000        0.00493474        0.00953643
     3.6000000        0.02089454        0.01875163
     3.7000000        0.01269431        0.00875264
     3.8000000       -0.00509235        0.01254754
     3.9000000       -0.00984508        0.01286916
     4.0000000       -0.01401559        0.02043555
