          21           4   4.0000000000000000                1
     0.0000000        0.31595292        0.02065363
     0.1000000        0.22208070        0.02128917
     0.2000000        0.16326575        0.02106583
     0.3000000        0.12791338        0.01934680
     0.4000000        0.10362496        0.01683947
     0.5000000        0.08475982        0.01535759
     0.6000000        0.06979675        0.01611802
     0.7000000        0.05919115        0.01733512
     0.8000000        0.05084231        0.01826976
     0.9000000        0.04179829        0.01769396
     1.0000000        0.03444864        0.01534462
     1.1000000        0.03315757        0.01316018
     1.2000000        0.03259669        0.01234601
     1.3000000        0.02706721        0.01164369
     1.4000000        0.02112516        0.01183563
     1.5000000        0.01685887        0.01327017
     1.6000000        0.01630301        0.01545549
     1.7000000        0.01717228        0.01679063
     1.8000000        0.01823096        0.01811235
     1.9000000        0.02025980        0.01902348
     2.0000000        0.02094270        0.01887107
