          31           4   6.0000000000000000                1
     0.0000000        0.25919806        0.00769898
     0.1000000        0.15767874        0.00825457
     0.2000000        0.09795717        0.00316388
     0.3000000        0.06360099        0.00319622
     0.4000000        0.04342214        0.00318323
     0.5000000        0.03125477        0.00220118
     0.6000000        0.02078768        0.00331959
     0.7000000        0.01283758        0.00332319
     0.8000000        0.00611538        0.00233562
     0.9000000        0.00653739        0.00327750
     1.0000000        0.00467929        0.00355674
     1.1000000        0.00369491        0.00225539
     1.2000000        0.00260902        0.00183542
     1.3000000        0.00318372        0.00106669
     1.4000000        0.00126424        0.00108612
     1.5000000        0.00062149        0.00180889
     1.6000000        0.00011514        0.00174804
     1.7000000       -0.00088288        0.00232363
     1.8000000       -0.00023691        0.00440046
     1.9000000       -0.00051254        0.00439071
     2.0000000        0.00194749        0.00314304
     2.1000000        0.00228454        0.00158507
     2.2000000       -0.00088961        0.00209640
     2.3000000        0.00011428        0.00183192
     2.4000000        0.00149008        0.00274401
     2.5000000        0.00284086        0.00286957
     2.6000000        0.00406394        0.00254917
     2.7000000        0.00538490        0.00236863
     2.8000000        0.00663206        0.00305303
     2.9000000        0.00426390        0.00380793
     3.0000000        0.00331083        0.00505963
