          31           9   6.0000000000000000                1
     0.0000000        0.26379818        0.00509850
     0.1000000        0.15490176        0.00439506
     0.2000000        0.10068617        0.00143416
     0.3000000        0.06333669        0.00276432
     0.4000000        0.04104987        0.00229650
     0.5000000        0.02519988        0.00210615
     0.6000000        0.02107382        0.00525102
     0.7000000        0.01307255        0.00254300
     0.8000000        0.01303776        0.00134787
     0.9000000        0.00907115        0.00186938
     1.0000000        0.00863347        0.00168653
     1.1000000        0.00893092        0.00296303
     1.2000000        0.00632412        0.00238961
     1.3000000        0.00633863        0.00167323
     1.4000000        0.00455866        0.00251054
     1.5000000        0.00626184        0.00193277
     1.6000000        0.00174950        0.00188619
     1.7000000        0.00399841        0.00282047
     1.8000000        0.00277455        0.00193395
     1.9000000        0.00424853        0.00153852
     2.0000000        0.00482396        0.00302084
     2.1000000        0.00610530        0.00301099
     2.2000000        0.00265689        0.00194923
     2.3000000        0.00337574        0.00227085
     2.4000000        0.00183357        0.00248349
     2.5000000       -0.00027394        0.00345436
     2.6000000        0.00295198        0.00277866
     2.7000000        0.00137682        0.00417367
     2.8000000       -0.00123557        0.00308248
     2.9000000       -0.00073218        0.00295643
     3.0000000       -0.00356836        0.00513984
