          51           4   10.000000000000000                1
     0.0000000        1.68480376        0.28189837
     0.1000000        1.19853528        0.17502031
     0.2000000        0.89945339        0.14494486
     0.3000000        0.72721883        0.12882265
     0.4000000        0.68938022        0.17707340
     0.5000000        0.51045829        0.11245148
     0.6000000        0.39662097        0.09703204
     0.7000000        0.31350589        0.08176852
     0.8000000        0.21152701        0.06773683
     0.9000000        0.15057337        0.04426240
     1.0000000        0.21678620        0.06502552
     1.1000000        0.11818815        0.01503592
     1.2000000        0.07171250        0.04503449
     1.3000000        0.08373486        0.01542635
     1.4000000        0.06134602        0.01247178
     1.5000000        0.04892562        0.00738839
     1.6000000        0.05470514        0.01316505
     1.7000000        0.04678049        0.01019771
     1.8000000        0.04006422        0.01062591
     1.9000000        0.02969539        0.01396904
     2.0000000        0.01951080        0.00572484
     2.1000000        0.02066581        0.01239135
     2.2000000        0.01364182        0.00292084
     2.3000000        0.01420902        0.00429756
     2.4000000        0.01084285        0.00411428
     2.5000000        0.00815594        0.00166097
     2.6000000        0.01220894        0.00473832
     2.7000000        0.01064011        0.00694352
     2.8000000        0.01105752        0.00693320
     2.9000000        0.01490641        0.00896734
     3.0000000        0.00812924        0.00466143
     3.1000000        0.00743533        0.00817622
     3.2000000        0.00717736        0.00786619
     3.3000000        0.00349071        0.00273789
     3.4000000        0.00276371        0.00188591
     3.5000000        0.00585858        0.00351730
     3.6000000        0.00319559        0.00096008
     3.7000000        0.00535947        0.00193487
     3.8000000        0.00918034        0.00603257
     3.9000000        0.00892896        0.01006096
     4.0000000        0.00624502        0.00706359
     4.1000000        0.00738110        0.00667288
     4.2000000        0.00689606        0.00686750
     4.3000000        0.01123160        0.00848059
     4.4000000        0.00574752        0.00588523
     4.5000000        0.00419157        0.00608103
     4.6000000       -0.00096445        0.00561021
     4.7000000       -0.00000687        0.00462869
     4.8000000        0.00111931        0.00400346
     4.9000000       -0.00017709        0.00305787
     5.0000000       -0.00079900        0.00402740
