   -1.570796     -1.570796        1.44091516        0.01297725        0.02592383        0.00634659
   -1.570796      0.000000        0.93066614        0.01919705        0.00157112        0.00737758
   -1.570796      1.570796        1.45246989        0.03405202       -0.00250806        0.01421706
   -1.570796      3.141593        0.93500285        0.01294166       -0.00252345        0.00997394
    0.000000     -1.570796        0.94516155        0.00718094       -0.00113040        0.01484272
    0.000000      0.000000        0.55492838        0.01238375        0.00000000        0.00000000
    0.000000      1.570796        0.94516155        0.00718094        0.00113040        0.01484272
    0.000000      3.141593        1.45913113        0.04372721        0.00000000        0.00000000
    1.570796     -1.570796        1.45246989        0.03405202        0.00250806        0.01421706
    1.570796      0.000000        0.93066614        0.01919705       -0.00157112        0.00737758
    1.570796      1.570796        1.44091516        0.01297725       -0.02592383        0.00634659
    1.570796      3.141593        0.93500285        0.01294166        0.00252345        0.00997394
    3.141593     -1.570796        0.93844582        0.00797480       -0.00023807        0.01690222
    3.141593      0.000000        1.44044483        0.01228335        0.00000000        0.00000000
    3.141593      1.570796        0.93844582        0.00797480        0.00023807        0.01690222
    3.141593      3.141593        0.52303096        0.00971785        0.00000000        0.00000000
