   -1.570796     -1.570796        0.84283104        0.08641219        0.01741790        0.02837839
   -1.570796      0.000000        0.64582931        0.01943344        0.00730286        0.01177656
   -1.570796      1.570796        0.87479744        0.03458267       -0.00856949        0.04178079
   -1.570796      3.141593        0.94477332        0.05311999       -0.01287162        0.02944314
    0.000000     -1.570796        0.65062839        0.04774032       -0.00916027        0.02181673
    0.000000      0.000000        0.66435323        0.04371767        0.00000000        0.00000000
    0.000000      1.570796        0.65062839        0.04774032        0.00916027        0.02181673
    0.000000      3.141593        0.83795180        0.07134197        0.00000000        0.00000000
    1.570796     -1.570796        0.87479744        0.03458267        0.00856949        0.04178079
    1.570796      0.000000        0.64582931        0.01943344       -0.00730286        0.01177656
    1.570796      1.570796        0.84283104        0.08641219       -0.01741790        0.02837839
    1.570796      3.141593        0.94477332        0.05311999        0.01287162        0.02944314
    3.141593     -1.570796        0.92941487        0.07636706       -0.01182840        0.03280009
    3.141593      0.000000        0.78677339        0.06440226        0.00000000        0.00000000
    3.141593      1.570796        0.92941487        0.07636706        0.01182840        0.03280009
    3.141593      3.141593        1.74429236        0.06033517        0.00000000        0.00000000
