          51           4   10.000000000000000                1
     0.0000000        0.96702729        0.07589042
     0.1000000        0.62761917        0.04974180
     0.2000000        0.42323285        0.04435658
     0.3000000        0.28819054        0.02527986
     0.4000000        0.21512091        0.01987446
     0.5000000        0.16375351        0.01369433
     0.6000000        0.11618364        0.01597250
     0.7000000        0.07401276        0.01980989
     0.8000000        0.06942838        0.01475044
     0.9000000        0.05321280        0.02072814
     1.0000000        0.02927684        0.03237754
     1.1000000        0.02465166        0.02337154
     1.2000000        0.03321270        0.02722961
     1.3000000        0.02811489        0.02087956
     1.4000000        0.02063217        0.01697705
     1.5000000        0.03032387        0.02566348
     1.6000000        0.01437548        0.00920834
     1.7000000        0.00980108        0.02044338
     1.8000000        0.01262367        0.01887698
     1.9000000        0.02568273        0.01346779
     2.0000000        0.01937347        0.02219504
     2.1000000        0.01628073        0.02402939
     2.2000000       -0.00140635        0.02175073
     2.3000000        0.00703288        0.01040636
     2.4000000        0.01769707        0.01860511
     2.5000000       -0.00159035        0.02228032
     2.6000000        0.00855569        0.02598609
     2.7000000        0.00205648        0.00606486
     2.8000000        0.00041195        0.00879993
     2.9000000        0.00754843        0.01406700
     3.0000000        0.02151195        0.00929929
     3.1000000        0.00052960        0.01738995
     3.2000000        0.00607340        0.01465798
     3.3000000       -0.02085572        0.01684164
     3.4000000        0.00134505        0.01886264
     3.5000000       -0.01521298        0.01416597
     3.6000000       -0.02389734        0.01738195
     3.7000000       -0.02073619        0.02877133
     3.8000000       -0.03188004        0.02174736
     3.9000000       -0.02782693        0.02512561
     4.0000000        0.00628611        0.01349936
     4.1000000       -0.00950650        0.02070761
     4.2000000       -0.00968071        0.02549601
     4.3000000        0.00842593        0.01715955
     4.4000000        0.00616632        0.01722727
     4.5000000        0.01285446        0.00975137
     4.6000000        0.01914335        0.00993240
     4.7000000        0.02278101        0.01352359
     4.8000000        0.03049426        0.01471558
     4.9000000        0.02100814        0.01325103
     5.0000000        0.01925450        0.02402371
