          31           9   6.0000000000000000                1
     0.0000000        0.18140015        0.00565904
     0.1000000        0.12327175        0.00307940
     0.2000000        0.09365177        0.00507522
     0.3000000        0.06227169        0.00356465
     0.4000000        0.04400265        0.00491309
     0.5000000        0.03695610        0.00548881
     0.6000000        0.02849115        0.00680597
     0.7000000        0.01754818        0.00496468
     0.8000000        0.01363336        0.00426956
     0.9000000        0.01190511        0.00382073
     1.0000000        0.00781070        0.00501211
     1.1000000       -0.00153024        0.00318560
     1.2000000        0.00324820        0.00375562
     1.3000000        0.00064989        0.00442126
     1.4000000       -0.00100421        0.00373519
     1.5000000       -0.00053123        0.00383924
     1.6000000       -0.00214367        0.00243774
     1.7000000       -0.00338376        0.00345736
     1.8000000       -0.00510665        0.00327225
     1.9000000       -0.00297935        0.00509906
     2.0000000        0.00350410        0.00408439
     2.1000000       -0.00093063        0.00415202
     2.2000000        0.00410313        0.00338284
     2.3000000        0.00525632        0.00330380
     2.4000000       -0.00223257        0.00389060
     2.5000000       -0.00582619        0.00453051
     2.6000000        0.00272365        0.00466063
     2.7000000        0.00065660        0.00520977
     2.8000000       -0.00580824        0.00749707
     2.9000000       -0.00072481        0.00474198
     3.0000000       -0.00519543        0.00469560
