          21           9   2.0000000000000000                1
     0.0000000        1.02669291        0.00095813
     0.1000000        0.92762200        0.00239188
     0.2000000        0.85694267        0.00220845
     0.3000000        0.80223737        0.00301694
     0.4000000        0.76443683        0.00388905
     0.5000000        0.73320825        0.00488996
     0.6000000        0.70884461        0.00443895
     0.7000000        0.69303359        0.00499525
     0.8000000        0.68281959        0.00460002
     0.9000000        0.67336865        0.00441934
     1.0000000        0.67007672        0.00491324
     1.1000000        0.67044097        0.00467879
     1.2000000        0.67179466        0.00399977
     1.3000000        0.67915580        0.00415123
     1.4000000        0.68799424        0.00425308
     1.5000000        0.70989916        0.00356395
     1.6000000        0.73870588        0.00334178
     1.7000000        0.77320046        0.00393398
     1.8000000        0.81725035        0.00311235
     1.9000000        0.88309239        0.00269584
     2.0000000        0.97330709        0.00095813
