   -2.094395     -2.094395
  1    1        0.33555776        0.00066103        0.00000000        0.00000000
   -2.094395     -1.047198
  1    1        0.25916705        0.00087376        0.00000000        0.00000000
   -2.094395      0.000000
  1    1        0.22087317        0.00080491       -0.00000000        0.00000000
   -2.094395      1.047198
  1    1        0.25956101        0.00069587        0.00000000        0.00000000
   -2.094395      2.094395
  1    1        0.33559600        0.00063149        0.00000000        0.00000000
   -2.094395      3.141593
  1    1        0.37701876        0.00068017        0.00000000        0.00000000
   -1.047198     -2.094395
  1    1        0.25963176        0.00068568        0.00000000        0.00000000
   -1.047198     -1.047198
  1    1        0.15901578        0.00062305       -0.00000000        0.00000000
   -1.047198      0.000000
  1    1        0.10526297        0.00077403       -0.00000000        0.00000000
   -1.047198      1.047198
  1    1        0.15911366        0.00080690        0.00000000        0.00000000
   -1.047198      2.094395
  1    1        0.25946389        0.00098655       -0.00000000        0.00000000
   -1.047198      3.141593
  1    1        0.29947627        0.00088954       -0.00000000        0.00000000
    0.000000     -2.094395
  1    1        0.22078611        0.00104872       -0.00000000        0.00000000
    0.000000     -1.047198
  1    1        0.10529786        0.00076760        0.00000000        0.00000000
    0.000000      0.000000
  1    1        0.00515675        0.00027208        0.00000000        0.00000000
    0.000000      1.047198
  1    1        0.10529786        0.00076760       -0.00000000        0.00000000
    0.000000      2.094395
  1    1        0.22078611        0.00104872        0.00000000        0.00000000
    0.000000      3.141593
  1    1        0.26958596        0.00111012       -0.00000000        0.00000000
    1.047198     -2.094395
  1    1        0.25946389        0.00098655        0.00000000        0.00000000
    1.047198     -1.047198
  1    1        0.15911366        0.00080690       -0.00000000        0.00000000
    1.047198      0.000000
  1    1        0.10526297        0.00077403        0.00000000        0.00000000
    1.047198      1.047198
  1    1        0.15901578        0.00062305        0.00000000        0.00000000
    1.047198      2.094395
  1    1        0.25963176        0.00068568       -0.00000000        0.00000000
    1.047198      3.141593
  1    1        0.29947627        0.00088954        0.00000000        0.00000000
    2.094395     -2.094395
  1    1        0.33559600        0.00063149       -0.00000000        0.00000000
    2.094395     -1.047198
  1    1        0.25956101        0.00069587       -0.00000000        0.00000000
    2.094395      0.000000
  1    1        0.22087317        0.00080491        0.00000000        0.00000000
    2.094395      1.047198
  1    1        0.25916705        0.00087376       -0.00000000        0.00000000
    2.094395      2.094395
  1    1        0.33555776        0.00066103       -0.00000000        0.00000000
    2.094395      3.141593
  1    1        0.37701876        0.00068017        0.00000000        0.00000000
    3.141593     -2.094395
  1    1        0.37670325        0.00068193       -0.00000000        0.00000000
    3.141593     -1.047198
  1    1        0.29898407        0.00086572       -0.00000000        0.00000000
    3.141593      0.000000
  1    1        0.26968960        0.00077915       -0.00000000        0.00000000
    3.141593      1.047198
  1    1        0.29898407        0.00086572       -0.00000000        0.00000000
    3.141593      2.094395
  1    1        0.37670325        0.00068193        0.00000000        0.00000000
    3.141593      3.141593
  1    1        0.41432823        0.00069840       -0.00000000        0.00000000
