          31           9   6.0000000000000000                1
     0.0000000        0.26911773        0.01871434
     0.1000000        0.15046676        0.01205316
     0.2000000        0.08724978        0.00934521
     0.3000000        0.06077324        0.00310802
     0.4000000        0.02900921        0.00554801
     0.5000000        0.02383228        0.00228714
     0.6000000        0.01894353        0.00332075
     0.7000000        0.01290888        0.00145093
     0.8000000        0.01189573        0.00433489
     0.9000000        0.01264624        0.00385311
     1.0000000        0.00631823        0.00144777
     1.1000000        0.00117582        0.00157957
     1.2000000        0.00522379        0.00250861
     1.3000000        0.00258796        0.00170838
     1.4000000        0.00196659        0.00165780
     1.5000000        0.00319968        0.00152074
     1.6000000        0.00003267        0.00125678
     1.7000000        0.00364585        0.00210051
     1.8000000       -0.00068332        0.00120884
     1.9000000        0.00177037        0.00235646
     2.0000000       -0.00012420        0.00114190
     2.1000000        0.00110827        0.00107672
     2.2000000        0.00242291        0.00104197
     2.3000000        0.00172607        0.00122687
     2.4000000        0.00195997        0.00139727
     2.5000000        0.00003234        0.00059427
     2.6000000        0.00083027        0.00092384
     2.7000000        0.00108738        0.00119864
     2.8000000        0.00035979        0.00142613
     2.9000000        0.00045043        0.00105545
     3.0000000        0.00134637        0.00212786
