          21           4   2.0000000000000000                1
     0.0000000        0.55186294        0.02598866
     0.1000000        0.37962085        0.02327394
     0.2000000        0.27512341        0.01904657
     0.3000000        0.19996972        0.01430490
     0.4000000        0.17280794        0.02181053
     0.5000000        0.17248271        0.01891480
     0.6000000        0.12299785        0.02057542
     0.7000000        0.12273148        0.01691857
     0.8000000        0.11710506        0.01802257
     0.9000000        0.09389343        0.00705358
     1.0000000        0.08703714        0.01729826
     1.1000000        0.09910690        0.00928929
     1.2000000        0.12681025        0.01121647
     1.3000000        0.14670441        0.00547628
     1.4000000        0.18081497        0.02188648
     1.5000000        0.23586328        0.00737643
     1.6000000        0.32048966        0.01065150
     1.7000000        0.45078737        0.01257942
     1.8000000        0.64756522        0.03101054
     1.9000000        0.95842292        0.02010610
     2.0000000        1.44813706        0.02598866
