          31           9   6.0000000000000000                1
     0.0000000        1.21461745        0.03418376
     0.1000000        0.81829939        0.03242295
     0.2000000        0.52566146        0.01687512
     0.3000000        0.36566318        0.01018256
     0.4000000        0.27927813        0.01999734
     0.5000000        0.21271170        0.01980470
     0.6000000        0.17313484        0.02275367
     0.7000000        0.12273642        0.00563552
     0.8000000        0.08769357        0.00587834
     0.9000000        0.07370239        0.00623427
     1.0000000        0.07728060        0.01509031
     1.1000000        0.07758488        0.03217881
     1.2000000        0.06351671        0.03572134
     1.3000000        0.05747989        0.03655862
     1.4000000        0.02862008        0.01798556
     1.5000000        0.01114068        0.01089606
     1.6000000       -0.00704610        0.01721827
     1.7000000        0.01004961        0.00623298
     1.8000000        0.00814895        0.01398883
     1.9000000        0.00699951        0.01087551
     2.0000000       -0.00639743        0.02260855
     2.1000000       -0.00523576        0.00774789
     2.2000000       -0.00217222        0.01116419
     2.3000000       -0.01193517        0.02584456
     2.4000000       -0.02403266        0.02947291
     2.5000000       -0.02081371        0.02653153
     2.6000000        0.00385126        0.00537553
     2.7000000        0.01316844        0.01152600
     2.8000000        0.01121528        0.00951409
     2.9000000        0.03285559        0.02656483
     3.0000000        0.03449293        0.01813819
