          11           4   2.0000000000000000                1
     0.0000000        1.51612897        0.06759727
     0.1000000        1.31720103        0.06538302
     0.2000000        1.18217053        0.05864728
     0.3000000        1.08312933        0.05028386
     0.4000000        1.01557678        0.04574630
     0.5000000        0.96537870        0.04512775
     0.6000000        0.92592876        0.04493390
     0.7000000        0.89816382        0.04338612
     0.8000000        0.87885342        0.04345781
     0.9000000        0.86872056        0.04423105
     1.0000000        0.86554726        0.04395542
