          41           4   8.0000000000000000                1
     0.0000000        0.24267107        0.03901590
     0.1000000        0.14881340        0.03755786
     0.2000000        0.09127541        0.03436273
     0.3000000        0.05712958        0.03081294
     0.4000000        0.03818201        0.02772006
     0.5000000        0.02621076        0.02476451
     0.6000000        0.01696848        0.02390170
     0.7000000        0.01170119        0.02414002
     0.8000000        0.00860719        0.02056477
     0.9000000        0.00445938        0.01761814
     1.0000000       -0.00033447        0.01742709
     1.1000000       -0.00199094        0.01598619
     1.2000000        0.00015582        0.01358295
     1.3000000        0.00241647        0.01208697
     1.4000000        0.00413305        0.01390062
     1.5000000        0.00475902        0.01633737
     1.6000000        0.00504093        0.01548066
     1.7000000        0.00542286        0.01371766
     1.8000000        0.00349317        0.01184355
     1.9000000        0.00173548        0.00857205
     2.0000000        0.00248823        0.00643423
     2.1000000        0.00237371        0.00586966
     2.2000000       -0.00037013        0.00757185
     2.3000000       -0.00284798        0.00940060
     2.4000000       -0.00411554        0.00773598
     2.5000000       -0.00575124        0.00424051
     2.6000000       -0.00627221        0.00372709
     2.7000000       -0.00576410        0.00421950
     2.8000000       -0.00491481        0.00564180
     2.9000000       -0.00395992        0.00780230
     3.0000000       -0.00284581        0.00954147
     3.1000000        0.00055124        0.01331205
     3.2000000        0.00354266        0.01397944
     3.3000000        0.00504857        0.01204698
     3.4000000        0.00771195        0.01134111
     3.5000000        0.00722087        0.01038560
     3.6000000        0.00219537        0.01088309
     3.7000000       -0.00091195        0.01153371
     3.8000000       -0.00178020        0.01293604
     3.9000000       -0.00014796        0.01403361
     4.0000000        0.00213374        0.01430824
