          51           9   10.000000000000000                1
     0.0000000        0.27786752        0.01742591
     0.1000000        0.16943030        0.01798134
     0.2000000        0.10486705        0.01864831
     0.3000000        0.06461936        0.01847853
     0.4000000        0.03645523        0.01741347
     0.5000000        0.02050362        0.01552183
     0.6000000        0.01302138        0.01269855
     0.7000000        0.01018532        0.01012250
     0.8000000        0.00732131        0.00908809
     0.9000000        0.00301600        0.00894317
     1.0000000        0.00126055        0.00927245
     1.1000000        0.00448763        0.01031704
     1.2000000        0.00882142        0.01004865
     1.3000000        0.01087485        0.00813761
     1.4000000        0.01073201        0.00570167
     1.5000000        0.01034525        0.00549632
     1.6000000        0.01028238        0.00740678
     1.7000000        0.00849570        0.00825550
     1.8000000        0.00725468        0.00780868
     1.9000000        0.00469910        0.00670772
     2.0000000       -0.00024243        0.00494110
     2.1000000       -0.00646365        0.00498690
     2.2000000       -0.01080086        0.00550826
     2.3000000       -0.01005910        0.00474986
     2.4000000       -0.00787907        0.00519106
     2.5000000       -0.00688749        0.00630187
     2.6000000       -0.00763261        0.00681109
     2.7000000       -0.00835552        0.00704744
     2.8000000       -0.00762151        0.00628399
     2.9000000       -0.00634674        0.00569630
     3.0000000       -0.00594923        0.00568715
     3.1000000       -0.00524643        0.00469534
     3.2000000       -0.00422936        0.00450513
     3.3000000       -0.00601972        0.00636716
     3.4000000       -0.00919084        0.00820396
     3.5000000       -0.01018578        0.00900704
     3.6000000       -0.01120311        0.00908736
     3.7000000       -0.01373007        0.00858349
     3.8000000       -0.01537459        0.00956154
     3.9000000       -0.01657386        0.01128177
     4.0000000       -0.01661904        0.01142128
     4.1000000       -0.01472694        0.01194683
     4.2000000       -0.01242384        0.01335297
     4.3000000       -0.00909609        0.01377977
     4.4000000       -0.00715422        0.01337170
     4.5000000       -0.00851326        0.01307841
     4.6000000       -0.01050441        0.01259664
     4.7000000       -0.01354425        0.01204648
     4.8000000       -0.01842336        0.01304538
     4.9000000       -0.02275121        0.01493314
     5.0000000       -0.02394953        0.01557178
