   -2.692794      0.000000
  1    1        0.12760309        0.01986775        0.00000000        0.00000000
   -2.692794      3.141593
  1    1        1.48600527        0.09614652       -0.00000000        0.00000000
   -2.243995      0.000000
  1    1        0.12144005        0.01677617       -0.00000000        0.00000000
   -2.243995      3.141593
  1    1        1.56209276        0.14984873       -0.00000000        0.00000000
   -1.795196      0.000000
  1    1        0.12039646        0.02249406        0.00000000        0.00000000
   -1.795196      3.141593
  1    1        1.36788416        0.06962266       -0.00000000        0.00000000
   -1.346397      0.000000
  1    1        0.10839291        0.02063789       -0.00000000        0.00000000
   -1.346397      3.141593
  1    1        1.17194432        0.02291363       -0.00000000        0.00000000
   -0.897598      0.000000
  1    1        0.10357738        0.03227014       -0.00000000        0.00000000
   -0.897598      3.141593
  1    1        1.24393226        0.06241300       -0.00000000        0.00000000
   -0.448799      0.000000
  1    1        0.09431337        0.01829531       -0.00000000        0.00000000
   -0.448799      3.141593
  1    1        1.19680689        0.03604704       -0.00000000        0.00000000
    0.000000      0.000000
  1    1        0.12183017        0.05599288        0.00000000        0.00000000
    0.000000      3.141593
  1    1        1.14422800        0.03596369       -0.00000000        0.00000000
    0.448799      0.000000
  1    1        0.09431337        0.01829531        0.00000000        0.00000000
    0.448799      3.141593
  1    1        1.19680689        0.03604704       -0.00000000        0.00000000
    0.897598      0.000000
  1    1        0.10357738        0.03227014        0.00000000        0.00000000
    0.897598      3.141593
  1    1        1.24393226        0.06241300       -0.00000000        0.00000000
    1.346397      0.000000
  1    1        0.10839291        0.02063789        0.00000000        0.00000000
    1.346397      3.141593
  1    1        1.17194432        0.02291363       -0.00000000        0.00000000
    1.795196      0.000000
  1    1        0.12039646        0.02249406       -0.00000000        0.00000000
    1.795196      3.141593
  1    1        1.36788416        0.06962266       -0.00000000        0.00000000
    2.243995      0.000000
  1    1        0.12144005        0.01677617        0.00000000        0.00000000
    2.243995      3.141593
  1    1        1.56209276        0.14984873       -0.00000000        0.00000000
    2.692794      0.000000
  1    1        0.12760309        0.01986775       -0.00000000        0.00000000
    2.692794      3.141593
  1    1        1.48600527        0.09614652       -0.00000000        0.00000000
    3.141593      0.000000
  1    1        0.12350191        0.01807948        0.00000000        0.00000000
    3.141593      3.141593
  1    1        1.51028495        0.13707115       -0.00000000        0.00000000
