          26           4   5.0000000000000000                1
     0.0000000        0.77469616        0.00423605
     0.1000000        0.67936044        0.00593379
     0.2000000        0.61467225        0.03952761
     0.3000000        0.57356386        0.07549229
     0.4000000        0.44885064        0.04251827
     0.5000000        0.40199998        0.03889335
     0.6000000        0.29680510        0.03406127
     0.7000000        0.28417794        0.05245471
     0.8000000        0.27523536        0.04541184
     0.9000000        0.25476276        0.02229793
     1.0000000        0.24094688        0.05791312
     1.1000000        0.20843927        0.04691146
     1.2000000        0.13940122        0.01945402
     1.3000000        0.18734597        0.02447177
     1.4000000        0.10983349        0.01560797
     1.5000000        0.09388010        0.02016424
     1.6000000        0.08069348        0.00241303
     1.7000000        0.08456216        0.01337545
     1.8000000        0.07432577        0.01509736
     1.9000000        0.08872554        0.04073267
     2.0000000        0.08124944        0.04100789
     2.1000000        0.10102538        0.05782931
     2.2000000        0.08678380        0.04046232
     2.3000000        0.12062512        0.07887760
     2.4000000        0.09974916        0.08198178
     2.5000000        0.15147831        0.14282672
