          41           4   8.0000000000000000                1
     0.0000000        0.17689780        0.03445015
     0.1000000        0.16370262        0.03436362
     0.2000000        0.15280303        0.03479565
     0.3000000        0.14452394        0.03581733
     0.4000000        0.13585599        0.03676960
     0.5000000        0.12582347        0.03727817
     0.6000000        0.11582644        0.03805229
     0.7000000        0.10532715        0.03894225
     0.8000000        0.09566610        0.03950020
     0.9000000        0.08701670        0.03995977
     1.0000000        0.07950371        0.04103057
     1.1000000        0.07449071        0.04171055
     1.2000000        0.07173435        0.04220688
     1.3000000        0.07013621        0.04284394
     1.4000000        0.06990344        0.04231367
     1.5000000        0.06961905        0.04227530
     1.6000000        0.06969846        0.04257195
     1.7000000        0.07120571        0.04163974
     1.8000000        0.07231117        0.03964915
     1.9000000        0.07131957        0.03775059
     2.0000000        0.06901633        0.03694788
     2.1000000        0.06673168        0.03594617
     2.2000000        0.06454841        0.03302370
     2.3000000        0.06374907        0.03097115
     2.4000000        0.06302106        0.03129292
     2.5000000        0.06167588        0.03085592
     2.6000000        0.06022284        0.02832694
     2.7000000        0.05891812        0.02564360
     2.8000000        0.05696692        0.02387439
     2.9000000        0.05593674        0.02394373
     3.0000000        0.05511384        0.02405432
     3.1000000        0.05331869        0.02276263
     3.2000000        0.05207799        0.02235044
     3.3000000        0.04854291        0.02298406
     3.4000000        0.04443964        0.02359093
     3.5000000        0.04283592        0.02417673
     3.6000000        0.04176517        0.02555478
     3.7000000        0.03941125        0.02605417
     3.8000000        0.03878583        0.02630670
     3.9000000        0.04037711        0.02739168
     4.0000000        0.04104981        0.02778535
