          81           4   8.0000000000000000                1
     0.0000000        1.95615247        0.00864761
     0.1000000        1.21138040        0.00648807
     0.2000000        0.76836052        0.00678752
     0.3000000        0.50005419        0.00770484
     0.4000000        0.32967722        0.00850145
     0.5000000        0.22840800        0.01458015
     0.6000000        0.15137365        0.01080559
     0.7000000        0.08643913        0.00763316
     0.8000000        0.06014539        0.01048091
     0.9000000        0.04732207        0.00939347
     1.0000000        0.02867942        0.00810859
     1.1000000        0.02156816        0.00882016
     1.2000000        0.01021812        0.01702949
     1.3000000        0.01270407        0.01228628
     1.4000000        0.00468282        0.00845283
     1.5000000        0.01412304        0.00627165
     1.6000000        0.01767823        0.00720388
     1.7000000        0.01005941        0.00424077
     1.8000000        0.00552225        0.01256109
     1.9000000        0.00959723        0.01639611
     2.0000000        0.01393351        0.01852187
     2.1000000        0.01956363        0.01578650
     2.2000000        0.00069763        0.00945898
     2.3000000        0.00586746        0.00438827
     2.4000000        0.00855287        0.00395040
     2.5000000        0.00031883        0.00449406
     2.6000000       -0.00547548        0.00684914
     2.7000000       -0.01302385        0.00930880
     2.8000000       -0.00094136        0.00644426
     2.9000000        0.00176830        0.00813952
     3.0000000        0.01666814        0.01316512
     3.1000000        0.01137436        0.00923761
     3.2000000        0.00319987        0.00904640
     3.3000000       -0.00206233        0.00658343
     3.4000000        0.00203581        0.00661214
     3.5000000        0.01166988        0.00963010
     3.6000000        0.00785285        0.00826174
     3.7000000        0.01769986        0.00611947
     3.8000000        0.02242325        0.00875468
     3.9000000        0.02200215        0.00891573
     4.0000000        0.01832228        0.01122368
     4.1000000        0.00052374        0.01293522
     4.2000000        0.00245975        0.00985666
     4.3000000       -0.00368233        0.01127768
     4.4000000       -0.00964079        0.01387886
     4.5000000       -0.00506200        0.01777384
     4.6000000       -0.00562771        0.01160753
     4.7000000       -0.01071187        0.01368479
     4.8000000       -0.01804767        0.01871245
     4.9000000        0.00418193        0.00750078
     5.0000000        0.00212146        0.00794443
     5.1000000       -0.00048197        0.01199992
     5.2000000       -0.00441016        0.01312685
     5.3000000        0.00253668        0.00723953
     5.4000000       -0.01303954        0.01119903
     5.5000000       -0.00638802        0.00273003
     5.6000000        0.00994925        0.01193619
     5.7000000       -0.00321008        0.00830213
     5.8000000       -0.00456930        0.00492745
     5.9000000       -0.00685005        0.01258662
     6.0000000       -0.00510249        0.00509153
     6.1000000       -0.00116726        0.00718163
     6.2000000       -0.00238538        0.01037161
     6.3000000        0.00831267        0.01033394
     6.4000000        0.01724090        0.01105909
     6.5000000        0.02744087        0.01637183
     6.6000000        0.02386999        0.01751062
     6.7000000        0.00169984        0.01373770
     6.8000000        0.00987974        0.00931294
     6.9000000        0.01446037        0.00809822
     7.0000000        0.00882948        0.00337124
     7.1000000        0.01207204        0.00419548
     7.2000000        0.01586754        0.01048553
     7.3000000        0.01128302        0.01328427
     7.4000000        0.00500377        0.00437195
     7.5000000        0.00379025        0.01361761
     7.6000000        0.01190964        0.00321117
     7.7000000       -0.00090168        0.00879633
     7.8000000        0.00940431        0.00625496
     7.9000000        0.02622939        0.00041969
     8.0000000        0.04384753        0.00864761
