 0.10000000000000000E+001          1         16
( 0.00000000000000000E+000, 0.00000000000000000E+000)
-0.15707963267948966E+001 -0.15707963267948966E+001
( 0.99999999999840505E+000, 0.22924027047417213E-011)
-0.15707963267948966E+001  0.00000000000000000E+000
( 0.18596711549399207E+001, 0.15717298446020905E-002)
-0.15707963267948966E+001  0.15707963267948966E+001
( 0.99999999999941680E+000,-0.23911561619362173E-013)
-0.15707963267948966E+001  0.31415926535897931E+001
( 0.14032884506106424E+000,-0.15717298443389952E-002)
 0.00000000000000000E+000 -0.15707963267948966E+001
( 0.18571150670004062E+001, 0.37474836692791913E-002)
 0.00000000000000000E+000  0.00000000000000000E+000
( 0.19349222345952368E+001, 0.00000000000000000E+000)
 0.00000000000000000E+000  0.15707963267948966E+001
( 0.18571150670004062E+001,-0.37474836692791913E-002)
 0.00000000000000000E+000  0.31415926535897931E+001
( 0.99489275424379497E+000,-0.48490509224298029E-016)
 0.15707963267948966E+001 -0.15707963267948966E+001
( 0.99999999999941680E+000, 0.23911561619362173E-013)
 0.15707963267948966E+001  0.00000000000000000E+000
( 0.18596711549399207E+001,-0.15717298446020905E-002)
 0.15707963267948966E+001  0.15707963267948966E+001
( 0.99999999999840505E+000,-0.22924027047417213E-011)
 0.15707963267948966E+001  0.31415926535897931E+001
( 0.14032884506106424E+000, 0.15717298443389681E-002)
 0.31415926535897931E+001 -0.15707963267948966E+001
( 0.14288493299808708E+000,-0.37474836696587905E-002)
 0.31415926535897931E+001  0.00000000000000000E+000
( 0.10051072457580423E+001,-0.47911629503040199E-016)
 0.31415926535897931E+001  0.15707963267948966E+001
( 0.14288493299808708E+000, 0.37474836696587631E-002)
 0.31415926535897931E+001  0.31415926535897931E+001
( 0.65077765408407373E-001, 0.96402138728087708E-016)
 0.10000000000000000E+001          1         16
( 0.00000000000000000E+000, 0.00000000000000000E+000)
-0.15707963267948966E+001 -0.15707963267948966E+001
( 0.10000000000027207E+001, 0.23533119242549939E-011)
-0.15707963267948966E+001  0.00000000000000000E+000
( 0.18455824345575718E+001,-0.19609601100097390E-002)
-0.15707963267948966E+001  0.15707963267948966E+001
( 0.10000000000005500E+001,-0.61656253140659815E-012)
-0.15707963267948966E+001  0.31415926535897931E+001
( 0.15441756544206608E+000, 0.19609601112575191E-002)
 0.00000000000000000E+000 -0.15707963267948966E+001
( 0.18468526975404063E+001, 0.89179739255102581E-003)
 0.00000000000000000E+000  0.00000000000000000E+000
( 0.19347045665092066E+001, 0.00000000000000000E+000)
 0.00000000000000000E+000  0.15707963267948966E+001
( 0.18468526975404063E+001,-0.89179739255102581E-003)
 0.00000000000000000E+000  0.31415926535897931E+001
( 0.96846807417486647E+000,-0.48515384046882936E-016)
 0.15707963267948966E+001 -0.15707963267948966E+001
( 0.10000000000005500E+001, 0.61656253140659815E-012)
 0.15707963267948966E+001  0.00000000000000000E+000
( 0.18455824345575718E+001, 0.19609601100097390E-002)
 0.15707963267948966E+001  0.15707963267948966E+001
( 0.10000000000027207E+001,-0.23533119242549939E-011)
 0.15707963267948966E+001  0.31415926535897931E+001
( 0.15441756544206608E+000,-0.19609601112575465E-002)
 0.31415926535897931E+001 -0.15707963267948966E+001
( 0.15314730246097719E+000,-0.89179739401434161E-003)
 0.31415926535897931E+001  0.00000000000000000E+000
( 0.10315319258179831E+001,-0.44148912460024805E-016)
 0.31415926535897931E+001  0.15707963267948966E+001
( 0.15314730246097719E+000, 0.89179739401431342E-003)
 0.31415926535897931E+001  0.31415926535897931E+001
( 0.65295433489333643E-001, 0.92664296505754623E-016)
 0.10000000000000000E+001          1         16
( 0.00000000000000000E+000, 0.00000000000000000E+000)
-0.15707963267948966E+001 -0.15707963267948966E+001
( 0.10000000000009299E+001, 0.43291340461700218E-011)
-0.15707963267948966E+001  0.00000000000000000E+000
( 0.18468910806580205E+001,-0.27904254736725287E-002)
-0.15707963267948966E+001  0.15707963267948966E+001
( 0.10000000000040972E+001, 0.10208153652118831E-010)
-0.15707963267948966E+001  0.31415926535897931E+001
( 0.15310891933880233E+000, 0.27904254781975762E-002)
 0.00000000000000000E+000 -0.15707963267948966E+001
( 0.18478802573067024E+001,-0.91863209946212610E-003)
 0.00000000000000000E+000  0.00000000000000000E+000
( 0.19380932339200978E+001, 0.00000000000000000E+000)
 0.00000000000000000E+000  0.15707963267948966E+001
( 0.18478802573067024E+001, 0.91863209946212610E-003)
 0.00000000000000000E+000  0.31415926535897931E+001
( 0.98343164977889375E+000,-0.47295759373238343E-016)
 0.15707963267948966E+001 -0.15707963267948966E+001
( 0.10000000000040972E+001,-0.10208153652118831E-010)
 0.15707963267948966E+001  0.00000000000000000E+000
( 0.18468910806580205E+001, 0.27904254736725287E-002)
 0.15707963267948966E+001  0.15707963267948966E+001
( 0.10000000000009299E+001,-0.43291340461700218E-011)
 0.15707963267948966E+001  0.31415926535897931E+001
( 0.15310891933880233E+000,-0.27904254781975762E-002)
 0.31415926535897931E+001 -0.15707963267948966E+001
( 0.15211974269354989E+000, 0.91863210424023435E-003)
 0.31415926535897931E+001  0.00000000000000000E+000
( 0.10165683502163700E+001,-0.44916353888886211E-016)
 0.31415926535897931E+001  0.15707963267948966E+001
( 0.15211974269354989E+000,-0.91863210424026254E-003)
 0.31415926535897931E+001  0.31415926535897931E+001
( 0.61906766080548237E-001, 0.92212113260842551E-016)
 0.10000000000000000E+001          1         16
( 0.00000000000000000E+000, 0.00000000000000000E+000)
-0.15707963267948966E+001 -0.15707963267948966E+001
( 0.10000000000000691E+001, 0.17867670645584243E-012)
-0.15707963267948966E+001  0.00000000000000000E+000
( 0.18520248384595335E+001, 0.27894955257531601E-002)
-0.15707963267948966E+001  0.15707963267948966E+001
( 0.99999999999956490E+000, 0.29819217981095465E-012)
-0.15707963267948966E+001  0.31415926535897931E+001
( 0.14797516154028700E+000,-0.27894955249992081E-002)
 0.00000000000000000E+000 -0.15707963267948966E+001
( 0.18512217141960625E+001, 0.28780368285892565E-003)
 0.00000000000000000E+000  0.00000000000000000E+000
( 0.19365876292890647E+001, 0.00000000000000000E+000)
 0.00000000000000000E+000  0.15707963267948966E+001
( 0.18512217141960625E+001,-0.28780368285892565E-003)
 0.00000000000000000E+000  0.31415926535897931E+001
( 0.99777128605586263E+000,-0.47066857804794837E-016)
 0.15707963267948966E+001 -0.15707963267948966E+001
( 0.99999999999956490E+000,-0.29819217981095465E-012)
 0.15707963267948966E+001  0.00000000000000000E+000
( 0.18520248384595335E+001,-0.27894955257531601E-002)
 0.15707963267948966E+001  0.15707963267948966E+001
( 0.10000000000000691E+001,-0.17867670645584243E-012)
 0.15707963267948966E+001  0.31415926535897931E+001
( 0.14797516154028700E+000, 0.27894955249992081E-002)
 0.31415926535897931E+001 -0.15707963267948966E+001
( 0.14877828580430227E+000,-0.28780368223427233E-003)
 0.31415926535897931E+001  0.00000000000000000E+000
( 0.10022287139445791E+001,-0.47198642311620558E-016)
 0.31415926535897931E+001  0.15707963267948966E+001
( 0.14877828580430227E+000, 0.28780368223424500E-003)
 0.31415926535897931E+001  0.31415926535897931E+001
( 0.63412370710965837E-001, 0.94265500116281670E-016)
 0.10000000000000000E+001          1         16
( 0.00000000000000000E+000, 0.00000000000000000E+000)
-0.15707963267948966E+001 -0.15707963267948966E+001
( 0.10000000000005438E+001, 0.67137967747054022E-012)
-0.15707963267948966E+001  0.00000000000000000E+000
( 0.18543561841803866E+001, 0.25552962119899060E-002)
-0.15707963267948966E+001  0.15707963267948966E+001
( 0.99999999999983957E+000, 0.89672739101917919E-012)
-0.15707963267948966E+001  0.31415926535897931E+001
( 0.14564381581954733E+000,-0.25552962121395363E-002)
 0.00000000000000000E+000 -0.15707963267948966E+001
( 0.18540181169527905E+001,-0.15933193800037339E-002)
 0.00000000000000000E+000  0.00000000000000000E+000
( 0.19362189701513173E+001, 0.00000000000000000E+000)
 0.00000000000000000E+000  0.15707963267948966E+001
( 0.18540181169527905E+001, 0.15933193800037339E-002)
 0.00000000000000000E+000  0.31415926535897931E+001
( 0.99625048678887529E+000,-0.47294643198910476E-016)
 0.15707963267948966E+001 -0.15707963267948966E+001
( 0.99999999999983957E+000,-0.89672739101917919E-012)
 0.15707963267948966E+001  0.00000000000000000E+000
( 0.18543561841803866E+001,-0.25552962119899060E-002)
 0.15707963267948966E+001  0.15707963267948966E+001
( 0.10000000000005438E+001,-0.67137967747054022E-012)
 0.15707963267948966E+001  0.31415926535897931E+001
( 0.14564381581954733E+000, 0.25552962121395085E-002)
 0.31415926535897931E+001 -0.15707963267948966E+001
( 0.14598188304709986E+000, 0.15933193806707147E-002)
 0.31415926535897931E+001  0.00000000000000000E+000
( 0.10037495132108905E+001,-0.47384920439068382E-016)
 0.31415926535897931E+001  0.15707963267948966E+001
( 0.14598188304709986E+000,-0.15933193806707418E-002)
 0.31415926535897931E+001  0.31415926535897931E+001
( 0.63781029848333837E-001, 0.94679563637865650E-016)
 0.10000000000000000E+001          1         16
( 0.00000000000000000E+000, 0.00000000000000000E+000)
-0.15707963267948966E+001 -0.15707963267948966E+001
( 0.10000000000008882E+001,-0.85241530982207167E-012)
-0.15707963267948966E+001  0.00000000000000000E+000
( 0.18480996473646947E+001,-0.17312277667172100E-002)
-0.15707963267948966E+001  0.15707963267948966E+001
( 0.99999999999918210E+000, 0.13437720529312963E-011)
-0.15707963267948966E+001  0.31415926535897931E+001
( 0.15190035263527057E+000, 0.17312277654757868E-002)
 0.00000000000000000E+000 -0.15707963267948966E+001
( 0.18495879654356531E+001, 0.25591777620641975E-002)
 0.00000000000000000E+000  0.00000000000000000E+000
( 0.19369765640492096E+001, 0.00000000000000000E+000)
 0.00000000000000000E+000  0.15707963267948966E+001
( 0.18495879654356531E+001,-0.25591777620641975E-002)
 0.00000000000000000E+000  0.31415926535897931E+001
( 0.10145840203824084E+001,-0.46091645936016313E-016)
 0.15707963267948966E+001 -0.15707963267948966E+001
( 0.99999999999918210E+000,-0.13437720529312963E-011)
 0.15707963267948966E+001  0.00000000000000000E+000
( 0.18480996473646947E+001, 0.17312277667172100E-002)
 0.15707963267948966E+001  0.15707963267948966E+001
( 0.10000000000008882E+001, 0.85241530982207167E-012)
 0.15707963267948966E+001  0.31415926535897931E+001
( 0.15190035263527057E+000,-0.17312277654758141E-002)
 0.31415926535897931E+001 -0.15707963267948966E+001
( 0.15041203456433622E+000,-0.25591777616338894E-002)
 0.31415926535897931E+001  0.00000000000000000E+000
( 0.98541597961645599E+000,-0.47169983788129611E-016)
 0.31415926535897931E+001  0.15707963267948966E+001
( 0.15041203456433622E+000, 0.25591777616338616E-002)
 0.31415926535897931E+001  0.31415926535897931E+001
( 0.63023435951968909E-001, 0.93261629724256013E-016)
 0.10000000000000000E+001          1         16
( 0.00000000000000000E+000, 0.00000000000000000E+000)
-0.15707963267948966E+001 -0.15707963267948966E+001
( 0.99999999999967859E+000,-0.24491492174154450E-012)
-0.15707963267948966E+001  0.00000000000000000E+000
( 0.18453194114015614E+001, 0.28309642139373939E-002)
-0.15707963267948966E+001  0.15707963267948966E+001
( 0.99999999999981282E+000,-0.41303065153381255E-012)
-0.15707963267948966E+001  0.31415926535897931E+001
( 0.15468058859917400E+000,-0.28309642136262261E-002)
 0.00000000000000000E+000 -0.15707963267948966E+001
( 0.18516547360528168E+001, 0.17008038872471790E-002)
 0.00000000000000000E+000  0.00000000000000000E+000
( 0.19375736980823870E+001, 0.00000000000000000E+000)
 0.00000000000000000E+000  0.15707963267948966E+001
( 0.18516547360528168E+001,-0.17008038872471790E-002)
 0.00000000000000000E+000  0.31415926535897931E+001
( 0.10452656871794530E+001,-0.44324357690382862E-016)
 0.15707963267948966E+001 -0.15707963267948966E+001
( 0.99999999999981282E+000, 0.41303065153381255E-012)
 0.15707963267948966E+001  0.00000000000000000E+000
( 0.18453194114015614E+001,-0.28309642139373939E-002)
 0.15707963267948966E+001  0.15707963267948966E+001
( 0.99999999999967859E+000, 0.24491492174154450E-012)
 0.15707963267948966E+001  0.31415926535897931E+001
( 0.15468058859917400E+000, 0.28309642136261984E-002)
 0.31415926535897931E+001 -0.15707963267948966E+001
( 0.14834526394760086E+000,-0.17008038874534444E-002)
 0.31415926535897931E+001  0.00000000000000000E+000
( 0.95473431281949273E+000,-0.49230356799088147E-016)
 0.31415926535897931E+001  0.15707963267948966E+001
( 0.14834526394760086E+000, 0.17008038874534173E-002)
 0.31415926535897931E+001  0.31415926535897931E+001
( 0.62426301917382909E-001, 0.93554714489159662E-016)
 0.10000000000000000E+001          1         16
( 0.00000000000000000E+000, 0.00000000000000000E+000)
-0.15707963267948966E+001 -0.15707963267948966E+001
( 0.99999999999979072E+000, 0.53297627135851546E-012)
-0.15707963267948966E+001  0.00000000000000000E+000
( 0.18488892210306909E+001, 0.80018991355279014E-003)
-0.15707963267948966E+001  0.15707963267948966E+001
( 0.10000000000019209E+001, 0.10804276815973793E-011)
-0.15707963267948966E+001  0.31415926535897931E+001
( 0.15111077896794378E+000,-0.80018991410346120E-003)
 0.00000000000000000E+000 -0.15707963267948966E+001
( 0.18476225191784750E+001,-0.35667116367638896E-002)
 0.00000000000000000E+000  0.00000000000000000E+000
( 0.19339606514093006E+001, 0.00000000000000000E+000)
 0.00000000000000000E+000  0.15707963267948966E+001
( 0.18476225191784750E+001, 0.35667116367638896E-002)
 0.00000000000000000E+000  0.31415926535897931E+001
( 0.99662951677591038E+000,-0.46384810761468325E-016)
 0.15707963267948966E+001 -0.15707963267948966E+001
( 0.10000000000019209E+001,-0.10804276815973793E-011)
 0.15707963267948966E+001  0.00000000000000000E+000
( 0.18488892210306909E+001,-0.80018991355279014E-003)
 0.15707963267948966E+001  0.15707963267948966E+001
( 0.99999999999979072E+000,-0.53297627135851546E-012)
 0.15707963267948966E+001  0.31415926535897931E+001
( 0.15111077896794378E+000, 0.80018991410346055E-003)
 0.31415926535897931E+001 -0.15707963267948966E+001
( 0.15237748082102054E+000, 0.35667116379710217E-002)
 0.31415926535897931E+001  0.00000000000000000E+000
( 0.10033704832250838E+001,-0.46661963049669041E-016)
 0.31415926535897931E+001  0.15707963267948966E+001
( 0.15237748082102054E+000,-0.35667116379710494E-002)
 0.31415926535897931E+001  0.31415926535897931E+001
( 0.66039348590045899E-001, 0.93046773811327605E-016)
 0.10000000000000000E+001          1         16
( 0.00000000000000000E+000, 0.00000000000000000E+000)
-0.15707963267948966E+001 -0.15707963267948966E+001
( 0.99999999999788358E+000,-0.27242070134389623E-013)
-0.15707963267948966E+001  0.00000000000000000E+000
( 0.18513313503178190E+001,-0.55357491158263233E-003)
-0.15707963267948966E+001  0.15707963267948966E+001
( 0.10000000000014047E+001,-0.71336002181081102E-012)
-0.15707963267948966E+001  0.31415926535897931E+001
( 0.14866864968421400E+000, 0.55357491316703161E-003)
 0.00000000000000000E+000 -0.15707963267948966E+001
( 0.18451335130313173E+001, 0.99994606237765690E-003)
 0.00000000000000000E+000  0.00000000000000000E+000
( 0.19337595438334161E+001, 0.00000000000000000E+000)
 0.00000000000000000E+000  0.15707963267948966E+001
( 0.18451335130313173E+001,-0.99994606237765690E-003)
 0.00000000000000000E+000  0.31415926535897931E+001
( 0.10137604178459105E+001,-0.45602598823116600E-016)
 0.15707963267948966E+001 -0.15707963267948966E+001
( 0.10000000000014047E+001, 0.71336002181081102E-012)
 0.15707963267948966E+001  0.00000000000000000E+000
( 0.18513313503178190E+001, 0.55357491158263233E-003)
 0.15707963267948966E+001  0.15707963267948966E+001
( 0.99999999999788358E+000, 0.27242070134389623E-013)
 0.15707963267948966E+001  0.31415926535897931E+001
( 0.14866864968421400E+000,-0.55357491316703150E-003)
 0.31415926535897931E+001 -0.15707963267948966E+001
( 0.15486648697045605E+000,-0.99994606218693468E-003)
 0.31415926535897931E+001  0.00000000000000000E+000
( 0.98623958214858964E+000,-0.47856528701084016E-016)
 0.31415926535897931E+001  0.15707963267948966E+001
( 0.15486648697045605E+000, 0.99994606218690670E-003)
 0.31415926535897931E+001  0.31415926535897931E+001
( 0.66240456165595152E-001, 0.93459127522722501E-016)
 0.10000000000000000E+001          1         16
( 0.00000000000000000E+000, 0.00000000000000000E+000)
-0.15707963267948966E+001 -0.15707963267948966E+001
( 0.10000000000001770E+001, 0.31955040168180269E-012)
-0.15707963267948966E+001  0.00000000000000000E+000
( 0.18529475453564492E+001, 0.36025687735083802E-002)
-0.15707963267948966E+001  0.15707963267948966E+001
( 0.99999999999951450E+000, 0.84604543748396530E-012)
-0.15707963267948966E+001  0.31415926535897931E+001
( 0.14705245464428085E+000,-0.36025687740304348E-002)
 0.00000000000000000E+000 -0.15707963267948966E+001
( 0.18476943616252197E+001, 0.39035802215297757E-002)
 0.00000000000000000E+000  0.00000000000000000E+000
( 0.19358893551615428E+001, 0.00000000000000000E+000)
 0.00000000000000000E+000  0.15707963267948966E+001
( 0.18476943616252197E+001,-0.39035802215297757E-002)
 0.00000000000000000E+000  0.31415926535897931E+001
( 0.99577839128725254E+000,-0.47242473186442333E-016)
 0.15707963267948966E+001 -0.15707963267948966E+001
( 0.99999999999951450E+000,-0.84604543748396530E-012)
 0.15707963267948966E+001  0.00000000000000000E+000
( 0.18529475453564492E+001,-0.36025687735083802E-002)
 0.15707963267948966E+001  0.15707963267948966E+001
( 0.10000000000001770E+001,-0.31955040168180269E-012)
 0.15707963267948966E+001  0.31415926535897931E+001
( 0.14705245464428085E+000, 0.36025687740304079E-002)
 0.31415926535897931E+001 -0.15707963267948966E+001
( 0.15230563837441674E+000,-0.39035802207949607E-002)
 0.31415926535897931E+001  0.00000000000000000E+000
( 0.10042216087130926E+001,-0.47331941420235023E-016)
 0.31415926535897931E+001  0.15707963267948966E+001
( 0.15230563837441674E+000, 0.39035802207949338E-002)
 0.31415926535897931E+001  0.31415926535897931E+001
( 0.64110644838159758E-001, 0.94574414606612195E-016)
 0.10000000000000000E+001          1         16
( 0.00000000000000000E+000, 0.00000000000000000E+000)
-0.15707963267948966E+001 -0.15707963267948966E+001
( 0.10000000000000335E+001, 0.46693224340612247E-012)
-0.15707963267948966E+001  0.00000000000000000E+000
( 0.18490693618551424E+001, 0.26491308045644662E-002)
-0.15707963267948966E+001  0.15707963267948966E+001
( 0.99999999999935729E+000,-0.33306561138195928E-013)
-0.15707963267948966E+001  0.31415926535897931E+001
( 0.15093063814564689E+000,-0.26491308046534229E-002)
 0.00000000000000000E+000 -0.15707963267948966E+001
( 0.18521375894610972E+001, 0.53259305907814563E-003)
 0.00000000000000000E+000  0.00000000000000000E+000
( 0.19362996367692002E+001, 0.00000000000000000E+000)
 0.00000000000000000E+000  0.15707963267948966E+001
( 0.18521375894610972E+001,-0.53259305907814563E-003)
 0.00000000000000000E+000  0.31415926535897931E+001
( 0.99776323345677231E+000,-0.47227125763940874E-016)
 0.15707963267948966E+001 -0.15707963267948966E+001
( 0.99999999999935729E+000, 0.33306561138195928E-013)
 0.15707963267948966E+001  0.00000000000000000E+000
( 0.18490693618551424E+001,-0.26491308045644662E-002)
 0.15707963267948966E+001  0.15707963267948966E+001
( 0.10000000000000335E+001,-0.46693224340612247E-012)
 0.15707963267948966E+001  0.31415926535897931E+001
( 0.15093063814564689E+000, 0.26491308046533951E-002)
 0.31415926535897931E+001 -0.15707963267948966E+001
( 0.14786241053919066E+000,-0.53259305825429054E-003)
 0.31415926535897931E+001  0.00000000000000000E+000
( 0.10022367665422394E+001,-0.46836652471100634E-016)
 0.31415926535897931E+001  0.15707963267948966E+001
( 0.14786241053919066E+000, 0.53259305825426322E-003)
 0.31415926535897931E+001  0.31415926535897931E+001
( 0.63700363230776436E-001, 0.94063778234695723E-016)
 0.10000000000000000E+001          1         16
( 0.00000000000000000E+000, 0.00000000000000000E+000)
-0.15707963267948966E+001 -0.15707963267948966E+001
( 0.99999999999978639E+000,-0.52791305724184263E-013)
-0.15707963267948966E+001  0.00000000000000000E+000
( 0.18546166994655351E+001,-0.37957055775359109E-002)
-0.15707963267948966E+001  0.15707963267948966E+001
( 0.99999999999964995E+000,-0.42041396778654168E-012)
-0.15707963267948966E+001  0.31415926535897931E+001
( 0.14538330053517856E+000, 0.37957055775093211E-002)
 0.00000000000000000E+000 -0.15707963267948966E+001
( 0.18588919324637228E+001, 0.51470638287113299E-003)
 0.00000000000000000E+000  0.00000000000000000E+000
( 0.19389940176736979E+001, 0.00000000000000000E+000)
 0.00000000000000000E+000  0.15707963267948966E+001
( 0.18588919324637228E+001,-0.51470638287113299E-003)
 0.00000000000000000E+000  0.31415926535897931E+001
( 0.10031593161398005E+001,-0.47556705714911196E-016)
 0.15707963267948966E+001 -0.15707963267948966E+001
( 0.99999999999964995E+000, 0.42041396778654168E-012)
 0.15707963267948966E+001  0.00000000000000000E+000
( 0.18546166994655351E+001, 0.37957055775359109E-002)
 0.15707963267948966E+001  0.15707963267948966E+001
( 0.99999999999978639E+000, 0.52791305724184263E-013)
 0.15707963267948966E+001  0.31415926535897931E+001
( 0.14538330053517856E+000,-0.37957055775093488E-002)
 0.31415926535897931E+001 -0.15707963267948966E+001
( 0.14110806753643337E+000,-0.51470638241981389E-003)
 0.31415926535897931E+001  0.00000000000000000E+000
( 0.99684068385980984E+000,-0.46892172093029333E-016)
 0.31415926535897931E+001  0.15707963267948966E+001
( 0.14110806753643337E+000, 0.51470638241978548E-003)
 0.31415926535897931E+001  0.31415926535897931E+001
( 0.61005982326065744E-001, 0.94448877807705393E-016)
 0.10000000000000000E+001          1         16
( 0.00000000000000000E+000, 0.00000000000000000E+000)
-0.15707963267948966E+001 -0.15707963267948966E+001
( 0.99999999999735267E+000,-0.12320978139950332E-011)
-0.15707963267948966E+001  0.00000000000000000E+000
( 0.18452927227496536E+001, 0.37948910306181006E-003)
-0.15707963267948966E+001  0.15707963267948966E+001
( 0.99999999999839617E+000,-0.21375122859951520E-011)
-0.15707963267948966E+001  0.31415926535897931E+001
( 0.15470727725095623E+000,-0.37948909861037095E-003)
 0.00000000000000000E+000 -0.15707963267948966E+001
( 0.18509260873831257E+001,-0.13077836998978134E-002)
 0.00000000000000000E+000  0.00000000000000000E+000
( 0.19369116298845837E+001, 0.00000000000000000E+000)
 0.00000000000000000E+000  0.15707963267948966E+001
( 0.18509260873831257E+001, 0.13077836998978134E-002)
 0.00000000000000000E+000  0.31415926535897931E+001
( 0.10083830666926190E+001,-0.46165627389554905E-016)
 0.15707963267948966E+001 -0.15707963267948966E+001
( 0.99999999999839617E+000, 0.21375122859951520E-011)
 0.15707963267948966E+001  0.00000000000000000E+000
( 0.18452927227496536E+001,-0.37948910306181006E-003)
 0.15707963267948966E+001  0.15707963267948966E+001
( 0.99999999999735267E+000, 0.12320978139950332E-011)
 0.15707963267948966E+001  0.31415926535897931E+001
( 0.15470727725095623E+000, 0.37948909861037074E-003)
 0.31415926535897931E+001 -0.15707963267948966E+001
( 0.14907391261995231E+000, 0.13077836971423097E-002)
 0.31415926535897931E+001  0.00000000000000000E+000
( 0.99161693330821465E+000,-0.46709000095781451E-016)
 0.31415926535897931E+001  0.15707963267948966E+001
( 0.14907391261995231E+000,-0.13077836971423370E-002)
 0.31415926535897931E+001  0.31415926535897931E+001
( 0.63088370115560344E-001, 0.92874627484796788E-016)
 0.10000000000000000E+001          1         16
( 0.00000000000000000E+000, 0.00000000000000000E+000)
-0.15707963267948966E+001 -0.15707963267948966E+001
( 0.99999999999963518E+000, 0.13850179685178378E-013)
-0.15707963267948966E+001  0.00000000000000000E+000
( 0.18489239685459300E+001, 0.27555557993251055E-002)
-0.15707963267948966E+001  0.15707963267948966E+001
( 0.10000000000001215E+001, 0.17474929408127908E-012)
-0.15707963267948966E+001  0.31415926535897931E+001
( 0.15107603145496662E+000,-0.27555557996309450E-002)
 0.00000000000000000E+000 -0.15707963267948966E+001
( 0.18511411390325119E+001,-0.34746589750679201E-003)
 0.00000000000000000E+000  0.00000000000000000E+000
( 0.19395204405610103E+001, 0.00000000000000000E+000)
 0.00000000000000000E+000  0.15707963267948966E+001
( 0.18511411390325119E+001, 0.34746589750679201E-003)
 0.00000000000000000E+000  0.31415926535897931E+001
( 0.10186057679270450E+001,-0.45523865133756000E-016)
 0.15707963267948966E+001 -0.15707963267948966E+001
( 0.10000000000001215E+001,-0.17474929408127908E-012)
 0.15707963267948966E+001  0.00000000000000000E+000
( 0.18489239685459300E+001,-0.27555557993251055E-002)
 0.15707963267948966E+001  0.15707963267948966E+001
( 0.99999999999963518E+000,-0.13850179685178378E-013)
 0.15707963267948966E+001  0.31415926535897931E+001
( 0.15107603145496662E+000, 0.27555557996309173E-002)
 0.31415926535897931E+001 -0.15707963267948966E+001
( 0.14885886096771142E+000, 0.34746589812203619E-003)
 0.31415926535897931E+001  0.00000000000000000E+000
( 0.98139423207230858E+000,-0.47910900032464353E-016)
 0.31415926535897931E+001  0.15707963267948966E+001
( 0.14885886096771142E+000,-0.34746589812206352E-003)
 0.31415926535897931E+001  0.31415926535897931E+001
( 0.60479559437897679E-001, 0.93434765165832443E-016)
 0.10000000000000000E+001          1         16
( 0.00000000000000000E+000, 0.00000000000000000E+000)
-0.15707963267948966E+001 -0.15707963267948966E+001
( 0.10000000000004956E+001, 0.52313712362865530E-012)
-0.15707963267948966E+001  0.00000000000000000E+000
( 0.18561451156793198E+001, 0.14030334880287040E-002)
-0.15707963267948966E+001  0.15707963267948966E+001
( 0.10000000000004732E+001, 0.59804952518672167E-012)
-0.15707963267948966E+001  0.31415926535897931E+001
( 0.14385488432115090E+000,-0.14030334888172956E-002)
 0.00000000000000000E+000 -0.15707963267948966E+001
( 0.18529901374282094E+001,-0.84082597513639363E-003)
 0.00000000000000000E+000  0.00000000000000000E+000
( 0.19391054348461743E+001, 0.00000000000000000E+000)
 0.00000000000000000E+000  0.15707963267948966E+001
( 0.18529901374282094E+001, 0.84082597513639363E-003)
 0.00000000000000000E+000  0.31415926535897931E+001
( 0.10163813392111907E+001,-0.45851501692813587E-016)
 0.15707963267948966E+001 -0.15707963267948966E+001
( 0.10000000000004732E+001,-0.59804952518672167E-012)
 0.15707963267948966E+001  0.00000000000000000E+000
( 0.18561451156793198E+001,-0.14030334880287040E-002)
 0.15707963267948966E+001  0.15707963267948966E+001
( 0.10000000000004956E+001,-0.52313712362865530E-012)
 0.15707963267948966E+001  0.31415926535897931E+001
( 0.14385488432115090E+000, 0.14030334888172678E-002)
 0.31415926535897931E+001 -0.15707963267948966E+001
( 0.14700986257160376E+000, 0.84082597556106803E-003)
 0.31415926535897931E+001  0.00000000000000000E+000
( 0.98361866078500726E+000,-0.48518804088709919E-016)
 0.31415926535897931E+001  0.15707963267948966E+001
( 0.14700986257160376E+000,-0.84082597556109546E-003)
 0.31415926535897931E+001  0.31415926535897931E+001
( 0.60894565154991753E-001, 0.94370305781210421E-016)
