 0.10000000000000000E+001          1         64
( 0.00000000000000000E+000, 0.00000000000000000E+000)
-0.23561944901923448E+001 -0.23561944901923448E+001
( 0.11949087198163962E+000,-0.22124221530176302E-002)
-0.23561944901923448E+001 -0.15707963267948966E+001
( 0.32106885088885484E+000,-0.77579595063680101E-002)
-0.23561944901923448E+001 -0.78539816339744828E+000
( 0.10227885225189064E+001,-0.14757355156809208E-001)
-0.23561944901923448E+001  0.00000000000000000E+000
( 0.13604176294050812E+001,-0.11297349826148943E-001)
-0.23561944901923448E+001  0.78539816339744828E+000
( 0.98804443369895600E+000,-0.10113708851959906E-001)
-0.23561944901923448E+001  0.15707963267948966E+001
( 0.32496512210972539E+000, 0.36827532797039089E-002)
-0.23561944901923448E+001  0.23561944901923448E+001
( 0.12654570608216065E+000, 0.22847600774120623E-002)
-0.23561944901923448E+001  0.31415926535897931E+001
( 0.89734737033960663E-001,-0.42647211225805659E-003)
-0.15707963267948966E+001 -0.23561944901923448E+001
( 0.30875322547807571E+000, 0.22582975954413007E-002)
-0.15707963267948966E+001 -0.15707963267948966E+001
( 0.99999999998605738E+000, 0.77474181583991902E-011)
-0.15707963267948966E+001 -0.78539816339744828E+000
( 0.16912467745479327E+001,-0.22582975813810443E-002)
-0.15707963267948966E+001  0.00000000000000000E+000
( 0.18001780734959827E+001,-0.33942815743208737E-002)
-0.15707963267948966E+001  0.78539816339744828E+000
( 0.16742086606694619E+001,-0.71235036699849007E-002)
-0.15707963267948966E+001  0.15707963267948966E+001
( 0.10000000000066815E+001,-0.26398889151069138E-010)
-0.15707963267948966E+001  0.23561944901923448E+001
( 0.32579133937258592E+000, 0.71235036952606258E-002)
-0.15707963267948966E+001  0.31415926535897931E+001
( 0.19982192648574834E+000, 0.33942815668483338E-002)
-0.78539816339744828E+000 -0.23561944901923448E+001
( 0.97721147746901083E+000, 0.14757355146531457E-001)
-0.78539816339744828E+000 -0.15707963267948966E+001
( 0.16789311491100738E+001, 0.77579595205309526E-002)
-0.78539816339744828E+000 -0.78539816339744828E+000
( 0.18805091280392232E+001, 0.22124221799806366E-002)
-0.78539816339744828E+000  0.00000000000000000E+000
( 0.19102652629643746E+001, 0.42647211535714832E-003)
-0.78539816339744828E+000  0.78539816339744828E+000
( 0.18734542938889309E+001,-0.22847600792328350E-002)
-0.78539816339744828E+000  0.15707963267948966E+001
( 0.16750348779006479E+001,-0.36827532597394968E-002)
-0.78539816339744828E+000  0.23561944901923448E+001
( 0.10119555663251090E+001, 0.10113708858776008E-001)
-0.78539816339744828E+000  0.31415926535897931E+001
( 0.63958237064199785E+000, 0.11297349815121519E-001)
 0.00000000000000000E+000 -0.23561944901923448E+001
( 0.13336183557900123E+001, 0.28321625717167330E-002)
 0.00000000000000000E+000 -0.15707963267948966E+001
( 0.17943872365035909E+001, 0.52174848634151368E-002)
 0.00000000000000000E+000 -0.78539816339744828E+000
( 0.19046380810560639E+001, 0.24138728168398285E-002)
 0.00000000000000000E+000  0.00000000000000000E+000
( 0.19261111084305649E+001, 0.00000000000000000E+000)
 0.00000000000000000E+000  0.78539816339744828E+000
( 0.19046380810560639E+001,-0.24138728168398285E-002)
 0.00000000000000000E+000  0.15707963267948966E+001
( 0.17943872365035909E+001,-0.52174848634151368E-002)
 0.00000000000000000E+000  0.23561944901923448E+001
( 0.13336183557900123E+001,-0.28321625717167330E-002)
 0.00000000000000000E+000  0.31415926535897931E+001
( 0.97424652077942508E+000, 0.45186956066989779E-018)
 0.78539816339744828E+000 -0.23561944901923448E+001
( 0.10119555663251090E+001,-0.10113708858776008E-001)
 0.78539816339744828E+000 -0.15707963267948966E+001
( 0.16750348779006479E+001, 0.36827532597394968E-002)
 0.78539816339744828E+000 -0.78539816339744828E+000
( 0.18734542938889309E+001, 0.22847600792328350E-002)
 0.78539816339744828E+000  0.00000000000000000E+000
( 0.19102652629643746E+001,-0.42647211535714832E-003)
 0.78539816339744828E+000  0.78539816339744828E+000
( 0.18805091280392232E+001,-0.22124221799806366E-002)
 0.78539816339744828E+000  0.15707963267948966E+001
( 0.16789311491100738E+001,-0.77579595205309526E-002)
 0.78539816339744828E+000  0.23561944901923448E+001
( 0.97721147746901083E+000,-0.14757355146531457E-001)
 0.78539816339744828E+000  0.31415926535897931E+001
( 0.63958237064199774E+000,-0.11297349815121455E-001)
 0.15707963267948966E+001 -0.23561944901923448E+001
( 0.32579133937258592E+000,-0.71235036952606258E-002)
 0.15707963267948966E+001 -0.15707963267948966E+001
( 0.10000000000066815E+001, 0.26398889151069138E-010)
 0.15707963267948966E+001 -0.78539816339744828E+000
( 0.16742086606694619E+001, 0.71235036699849007E-002)
 0.15707963267948966E+001  0.00000000000000000E+000
( 0.18001780734959827E+001, 0.33942815743208737E-002)
 0.15707963267948966E+001  0.78539816339744828E+000
( 0.16912467745479327E+001, 0.22582975813810443E-002)
 0.15707963267948966E+001  0.15707963267948966E+001
( 0.99999999998605738E+000,-0.77474181583991902E-011)
 0.15707963267948966E+001  0.23561944901923448E+001
( 0.30875322547807571E+000,-0.22582975954413007E-002)
 0.15707963267948966E+001  0.31415926535897931E+001
( 0.19982192648574826E+000,-0.33942815668483338E-002)
 0.23561944901923448E+001 -0.23561944901923448E+001
( 0.12654570608216065E+000,-0.22847600774120623E-002)
 0.23561944901923448E+001 -0.15707963267948966E+001
( 0.32496512210972539E+000,-0.36827532797039089E-002)
 0.23561944901923448E+001 -0.78539816339744828E+000
( 0.98804443369895600E+000, 0.10113708851959906E-001)
 0.23561944901923448E+001  0.00000000000000000E+000
( 0.13604176294050812E+001, 0.11297349826148943E-001)
 0.23561944901923448E+001  0.78539816339744828E+000
( 0.10227885225189064E+001, 0.14757355156809208E-001)
 0.23561944901923448E+001  0.15707963267948966E+001
( 0.32106885088885484E+000, 0.77579595063680101E-002)
 0.23561944901923448E+001  0.23561944901923448E+001
( 0.11949087198163962E+000, 0.22124221530176302E-002)
 0.23561944901923448E+001  0.31415926535897931E+001
( 0.89734737033960746E-001, 0.42647211225807112E-003)
 0.31415926535897931E+001 -0.23561944901923448E+001
( 0.95361918908809393E-001,-0.24138728059084737E-002)
 0.31415926535897931E+001 -0.15707963267948966E+001
( 0.20561276349530977E+000,-0.52174848886921898E-002)
 0.31415926535897931E+001 -0.78539816339744828E+000
( 0.66638164417301138E+000,-0.28321625798759355E-002)
 0.31415926535897931E+001  0.00000000000000000E+000
( 0.10257534792312697E+001, 0.35674889563639592E-017)
 0.31415926535897931E+001  0.78539816339744828E+000
( 0.66638164417301138E+000, 0.28321625798759702E-002)
 0.31415926535897931E+001  0.15707963267948966E+001
( 0.20561276349530977E+000, 0.52174848886921794E-002)
 0.31415926535897931E+001  0.23561944901923448E+001
( 0.95361918908809518E-001, 0.24138728059084642E-002)
 0.31415926535897931E+001  0.31415926535897931E+001
( 0.73888891541429066E-001,-0.12503017644405080E-017)
 0.10000000000000000E+001          1         64
( 0.00000000000000000E+000, 0.00000000000000000E+000)
-0.23561944901923448E+001 -0.23561944901923448E+001
( 0.12620846589096421E+000, 0.37450714698283034E-002)
-0.23561944901923448E+001 -0.15707963267948966E+001
( 0.33162779494776279E+000, 0.39697926178535979E-002)
-0.23561944901923448E+001 -0.78539816339744828E+000
( 0.10061628042774216E+001, 0.10002955919847446E-001)
-0.23561944901923448E+001  0.00000000000000000E+000
( 0.13288583715915050E+001, 0.89603414834178718E-002)
-0.23561944901923448E+001  0.78539816339744828E+000
( 0.98071187606750276E+000,-0.30259837030855758E-002)
-0.23561944901923448E+001  0.15707963267948966E+001
( 0.31988044151518891E+000,-0.90362396519462519E-002)
-0.23561944901923448E+001  0.23561944901923448E+001
( 0.12238644833799045E+000,-0.22930555665797371E-002)
-0.23561944901923448E+001  0.31415926535897931E+001
( 0.96391176169264514E-001, 0.12910216298589003E-002)
-0.15707963267948966E+001 -0.23561944901923448E+001
( 0.32554128510827368E+000,-0.65946317159260269E-002)
-0.15707963267948966E+001 -0.15707963267948966E+001
( 0.10000000000026237E+001,-0.60137728130627011E-011)
-0.15707963267948966E+001 -0.78539816339744828E+000
( 0.16744587149006256E+001, 0.65946317077853244E-002)
-0.15707963267948966E+001  0.00000000000000000E+000
( 0.17867053222312701E+001, 0.40026673251668627E-002)
-0.15707963267948966E+001  0.78539816339744828E+000
( 0.16775969195169771E+001, 0.83149750452384888E-002)
-0.15707963267948966E+001  0.15707963267948966E+001
( 0.10000000000212137E+001,-0.20316887061611055E-010)
-0.15707963267948966E+001  0.23561944901923448E+001
( 0.32240308045508459E+000,-0.83149750031182891E-002)
-0.15707963267948966E+001  0.31415926535897931E+001
( 0.21329467777436359E+000,-0.40026673315593422E-002)
-0.78539816339744828E+000 -0.23561944901923448E+001
( 0.99383719570546303E+000,-0.10002955909270528E-001)
-0.78539816339744828E+000 -0.15707963267948966E+001
( 0.16683722050321188E+001,-0.39697925995520068E-002)
-0.78539816339744828E+000 -0.78539816339744828E+000
( 0.18737915341196150E+001,-0.37450714336927570E-002)
-0.78539816339744828E+000  0.00000000000000000E+000
( 0.19036088238415272E+001,-0.12910217140641696E-002)
-0.78539816339744828E+000  0.78539816339744828E+000
( 0.18776135516032486E+001, 0.22930556012868298E-002)
-0.78539816339744828E+000  0.15707963267948966E+001
( 0.16801195584958433E+001, 0.90362395808482997E-002)
-0.78539816339744828E+000  0.23561944901923448E+001
( 0.10192881239379343E+001, 0.30259837942850790E-002)
-0.78539816339744828E+000  0.31415926535897931E+001
( 0.67114162843968872E+000,-0.89603415379020460E-002)
 0.00000000000000000E+000 -0.23561944901923448E+001
( 0.13412920155406454E+001,-0.99612530923689734E-002)
 0.00000000000000000E+000 -0.15707963267948966E+001
( 0.17948370859988907E+001,-0.32000905568330372E-002)
 0.00000000000000000E+000 -0.78539816339744828E+000
( 0.19052841731442445E+001,-0.14961950996500934E-002)
 0.00000000000000000E+000  0.00000000000000000E+000
( 0.19226275742083132E+001, 0.00000000000000000E+000)
 0.00000000000000000E+000  0.78539816339744828E+000
( 0.19052841731442445E+001, 0.14961950996500934E-002)
 0.00000000000000000E+000  0.15707963267948966E+001
( 0.17948370859988907E+001, 0.32000905568330372E-002)
 0.00000000000000000E+000  0.23561944901923448E+001
( 0.13412920155406454E+001, 0.99612530923689734E-002)
 0.00000000000000000E+000  0.31415926535897931E+001
( 0.10156285358218962E+001, 0.47586343630103267E-017)
 0.78539816339744828E+000 -0.23561944901923448E+001
( 0.10192881239379343E+001,-0.30259837942850790E-002)
 0.78539816339744828E+000 -0.15707963267948966E+001
( 0.16801195584958433E+001,-0.90362395808482997E-002)
 0.78539816339744828E+000 -0.78539816339744828E+000
( 0.18776135516032486E+001,-0.22930556012868298E-002)
 0.78539816339744828E+000  0.00000000000000000E+000
( 0.19036088238415272E+001, 0.12910217140641696E-002)
 0.78539816339744828E+000  0.78539816339744828E+000
( 0.18737915341196150E+001, 0.37450714336927570E-002)
 0.78539816339744828E+000  0.15707963267948966E+001
( 0.16683722050321188E+001, 0.39697925995520068E-002)
 0.78539816339744828E+000  0.23561944901923448E+001
( 0.99383719570546303E+000, 0.10002955909270528E-001)
 0.78539816339744828E+000  0.31415926535897931E+001
( 0.67114162843968883E+000, 0.89603415379020390E-002)
 0.15707963267948966E+001 -0.23561944901923448E+001
( 0.32240308045508459E+000, 0.83149750031182891E-002)
 0.15707963267948966E+001 -0.15707963267948966E+001
( 0.10000000000212137E+001, 0.20316887061611055E-010)
 0.15707963267948966E+001 -0.78539816339744828E+000
( 0.16775969195169771E+001,-0.83149750452384888E-002)
 0.15707963267948966E+001  0.00000000000000000E+000
( 0.17867053222312701E+001,-0.40026673251668627E-002)
 0.15707963267948966E+001  0.78539816339744828E+000
( 0.16744587149006256E+001,-0.65946317077853244E-002)
 0.15707963267948966E+001  0.15707963267948966E+001
( 0.10000000000026237E+001, 0.60137728130627011E-011)
 0.15707963267948966E+001  0.23561944901923448E+001
( 0.32554128510827368E+000, 0.65946317159260269E-002)
 0.15707963267948966E+001  0.31415926535897931E+001
( 0.21329467777436362E+000, 0.40026673315593422E-002)
 0.23561944901923448E+001 -0.23561944901923448E+001
( 0.12238644833799045E+000, 0.22930555665797371E-002)
 0.23561944901923448E+001 -0.15707963267948966E+001
( 0.31988044151518891E+000, 0.90362396519462519E-002)
 0.23561944901923448E+001 -0.78539816339744828E+000
( 0.98071187606750276E+000, 0.30259837030855758E-002)
 0.23561944901923448E+001  0.00000000000000000E+000
( 0.13288583715915050E+001,-0.89603414834178718E-002)
 0.23561944901923448E+001  0.78539816339744828E+000
( 0.10061628042774216E+001,-0.10002955919847446E-001)
 0.23561944901923448E+001  0.15707963267948966E+001
( 0.33162779494776279E+000,-0.39697926178535979E-002)
 0.23561944901923448E+001  0.23561944901923448E+001
( 0.12620846589096421E+000,-0.37450714698283034E-002)
 0.23561944901923448E+001  0.31415926535897931E+001
( 0.96391176169264500E-001,-0.12910216298589133E-002)
 0.31415926535897931E+001 -0.23561944901923448E+001
( 0.94715826843535522E-001, 0.14961951104247757E-002)
 0.31415926535897931E+001 -0.15707963267948966E+001
( 0.20516291400129949E+000, 0.32000905694501234E-002)
 0.31415926535897931E+001 -0.78539816339744828E+000
( 0.65870798446450152E+000, 0.99612530923071756E-002)
 0.31415926535897931E+001  0.00000000000000000E+000
( 0.98437146420358479E+000,-0.11459149789869181E-017)
 0.31415926535897931E+001  0.78539816339744828E+000
( 0.65870798446450152E+000,-0.99612530923071478E-002)
 0.31415926535897931E+001  0.15707963267948966E+001
( 0.20516291400129949E+000,-0.32000905694501494E-002)
 0.31415926535897931E+001  0.23561944901923448E+001
( 0.94715826843535522E-001,-0.14961951104247731E-002)
 0.31415926535897931E+001  0.31415926535897931E+001
( 0.77372425800495928E-001,-0.40502379484096887E-017)
 0.10000000000000000E+001          1         64
( 0.00000000000000000E+000, 0.00000000000000000E+000)
-0.23561944901923448E+001 -0.23561944901923448E+001
( 0.12318399592581143E+000,-0.40080298099514321E-004)
-0.23561944901923448E+001 -0.15707963267948966E+001
( 0.31338597297230669E+000, 0.48746570941092327E-002)
-0.23561944901923448E+001 -0.78539816339744828E+000
( 0.10137352984191181E+001, 0.37296635991901006E-002)
-0.23561944901923448E+001  0.00000000000000000E+000
( 0.13631192034537392E+001, 0.16187715966542561E-002)
-0.23561944901923448E+001  0.78539816339744828E+000
( 0.10180516399971948E+001,-0.58483736300834772E-002)
-0.23561944901923448E+001  0.15707963267948966E+001
( 0.31813823211714787E+000,-0.69559736870413455E-002)
-0.23561944901923448E+001  0.23561944901923448E+001
( 0.11777048845316326E+000, 0.13121170610924469E-002)
-0.23561944901923448E+001  0.31415926535897931E+001
( 0.94100995571869711E-001, 0.49022862499789978E-003)
-0.15707963267948966E+001 -0.23561944901923448E+001
( 0.31405054925953030E+000,-0.65834947007996384E-002)
-0.15707963267948966E+001 -0.15707963267948966E+001
( 0.99999999999248090E+000, 0.13552477716449742E-010)
-0.15707963267948966E+001 -0.78539816339744828E+000
( 0.16859494507320987E+001, 0.65834947124270215E-002)
-0.15707963267948966E+001  0.00000000000000000E+000
( 0.17988706431534831E+001,-0.58405342173133297E-003)
-0.15707963267948966E+001  0.78539816339744828E+000
( 0.16936612507217346E+001, 0.13896093458078008E-002)
-0.15707963267948966E+001  0.15707963267948966E+001
( 0.99999999998809364E+000, 0.16205676557634607E-010)
-0.15707963267948966E+001  0.23561944901923448E+001
( 0.30633874926720045E+000,-0.13896093264335937E-002)
-0.15707963267948966E+001  0.31415926535897931E+001
( 0.20112935684176633E+000, 0.58405343224176664E-003)
-0.78539816339744828E+000 -0.23561944901923448E+001
( 0.98626470156231727E+000,-0.37296635945783382E-002)
-0.78539816339744828E+000 -0.15707963267948966E+001
( 0.16866140270337155E+001,-0.48746570845312432E-002)
-0.78539816339744828E+000 -0.78539816339744828E+000
( 0.18768160040739119E+001, 0.40080297518099196E-004)
-0.78539816339744828E+000  0.00000000000000000E+000
( 0.19058990044480484E+001,-0.49022862960806674E-003)
-0.78539816339744828E+000  0.78539816339744828E+000
( 0.18822295115573815E+001,-0.13121170634841171E-002)
-0.78539816339744828E+000  0.15707963267948966E+001
( 0.16818617679044621E+001, 0.69559736898524216E-002)
-0.78539816339744828E+000  0.23561944901923448E+001
( 0.98194836000027619E+000, 0.58483736314784767E-002)
-0.78539816339744828E+000  0.31415926535897931E+001
( 0.63688079654480745E+000,-0.16187715890013498E-002)
 0.00000000000000000E+000 -0.23561944901923448E+001
( 0.13348014389260945E+001,-0.40461753402323787E-002)
 0.00000000000000000E+000 -0.15707963267948966E+001
( 0.17967785138624939E+001,-0.41167589764105070E-002)
 0.00000000000000000E+000 -0.78539816339744828E+000
( 0.19070864722602832E+001, 0.14869585515624997E-002)
 0.00000000000000000E+000  0.00000000000000000E+000
( 0.19240199296823512E+001, 0.00000000000000000E+000)
 0.00000000000000000E+000  0.78539816339744828E+000
( 0.19070864722602832E+001,-0.14869585515624997E-002)
 0.00000000000000000E+000  0.15707963267948966E+001
( 0.17967785138624939E+001, 0.41167589764105070E-002)
 0.00000000000000000E+000  0.23561944901923448E+001
( 0.13348014389260945E+001, 0.40461753402323787E-002)
 0.00000000000000000E+000  0.31415926535897931E+001
( 0.99023013689452477E+000, 0.20881807684965545E-017)
 0.78539816339744828E+000 -0.23561944901923448E+001
( 0.98194836000027619E+000,-0.58483736314784767E-002)
 0.78539816339744828E+000 -0.15707963267948966E+001
( 0.16818617679044621E+001,-0.69559736898524216E-002)
 0.78539816339744828E+000 -0.78539816339744828E+000
( 0.18822295115573815E+001, 0.13121170634841171E-002)
 0.78539816339744828E+000  0.00000000000000000E+000
( 0.19058990044480484E+001, 0.49022862960806674E-003)
 0.78539816339744828E+000  0.78539816339744828E+000
( 0.18768160040739119E+001,-0.40080297518099196E-004)
 0.78539816339744828E+000  0.15707963267948966E+001
( 0.16866140270337155E+001, 0.48746570845312432E-002)
 0.78539816339744828E+000  0.23561944901923448E+001
( 0.98626470156231727E+000, 0.37296635945783382E-002)
 0.78539816339744828E+000  0.31415926535897931E+001
( 0.63688079654480745E+000, 0.16187715890013403E-002)
 0.15707963267948966E+001 -0.23561944901923448E+001
( 0.30633874926720045E+000, 0.13896093264335937E-002)
 0.15707963267948966E+001 -0.15707963267948966E+001
( 0.99999999998809364E+000,-0.16205676557634607E-010)
 0.15707963267948966E+001 -0.78539816339744828E+000
( 0.16936612507217346E+001,-0.13896093458078008E-002)
 0.15707963267948966E+001  0.00000000000000000E+000
( 0.17988706431534831E+001, 0.58405342173133297E-003)
 0.15707963267948966E+001  0.78539816339744828E+000
( 0.16859494507320987E+001,-0.65834947124270215E-002)
 0.15707963267948966E+001  0.15707963267948966E+001
( 0.99999999999248090E+000,-0.13552477716449742E-010)
 0.15707963267948966E+001  0.23561944901923448E+001
( 0.31405054925953030E+000, 0.65834947007996384E-002)
 0.15707963267948966E+001  0.31415926535897931E+001
( 0.20112935684176639E+000,-0.58405343224176664E-003)
 0.23561944901923448E+001 -0.23561944901923448E+001
( 0.11777048845316326E+000,-0.13121170610924469E-002)
 0.23561944901923448E+001 -0.15707963267948966E+001
( 0.31813823211714787E+000, 0.69559736870413455E-002)
 0.23561944901923448E+001 -0.78539816339744828E+000
( 0.10180516399971948E+001, 0.58483736300834772E-002)
 0.23561944901923448E+001  0.00000000000000000E+000
( 0.13631192034537392E+001,-0.16187715966542561E-002)
 0.23561944901923448E+001  0.78539816339744828E+000
( 0.10137352984191181E+001,-0.37296635991901006E-002)
 0.23561944901923448E+001  0.15707963267948966E+001
( 0.31338597297230669E+000,-0.48746570941092327E-002)
 0.23561944901923448E+001  0.23561944901923448E+001
( 0.12318399592581143E+000, 0.40080298099514321E-004)
 0.23561944901923448E+001  0.31415926535897931E+001
( 0.94100995571869725E-001,-0.49022862499795616E-003)
 0.31415926535897931E+001 -0.23561944901923448E+001
( 0.92913527753661851E-001,-0.14869585624232083E-002)
 0.31415926535897931E+001 -0.15707963267948966E+001
( 0.20322148613263699E+000, 0.41167589918123361E-002)
 0.31415926535897931E+001 -0.78539816339744828E+000
( 0.66519856105707453E+000, 0.40461753412073054E-002)
 0.31415926535897931E+001  0.00000000000000000E+000
( 0.10097698631033398E+001,-0.92359466542195131E-018)
 0.31415926535897931E+001  0.78539816339744828E+000
( 0.66519856105707476E+000,-0.40461753412072672E-002)
 0.31415926535897931E+001  0.15707963267948966E+001
( 0.20322148613263699E+000,-0.41167589918123604E-002)
 0.31415926535897931E+001  0.23561944901923448E+001
( 0.92913527753661837E-001, 0.14869585624232122E-002)
 0.31415926535897931E+001  0.31415926535897931E+001
( 0.75980070327133539E-001,-0.32591523128139393E-018)
 0.10000000000000000E+001          1         64
( 0.00000000000000000E+000, 0.00000000000000000E+000)
-0.23561944901923448E+001 -0.23561944901923448E+001
( 0.13774698898589682E+000,-0.52885037017114016E-002)
-0.23561944901923448E+001 -0.15707963267948966E+001
( 0.34207778823207641E+000,-0.45022195569286924E-002)
-0.23561944901923448E+001 -0.78539816339744828E+000
( 0.99894738981513642E+000, 0.71598964941446330E-002)
-0.23561944901923448E+001  0.00000000000000000E+000
( 0.13379440653516266E+001, 0.90916953745787711E-002)
-0.23561944901923448E+001  0.78539816339744828E+000
( 0.99985560986702859E+000, 0.89406853541288168E-002)
-0.23561944901923448E+001  0.15707963267948966E+001
( 0.32980111602454082E+000,-0.41838094079001339E-002)
-0.23561944901923448E+001  0.23561944901923448E+001
( 0.13395525311809656E+000,-0.63159073872974102E-003)
-0.23561944901923448E+001  0.31415926535897931E+001
( 0.10717540583338241E+000,-0.12315357965872059E-002)
-0.15707963267948966E+001 -0.23561944901923448E+001
( 0.35055419221422041E+000,-0.59083853058953363E-002)
-0.15707963267948966E+001 -0.15707963267948966E+001
( 0.10000000000029847E+001,-0.11014644057949495E-010)
-0.15707963267948966E+001 -0.78539816339744828E+000
( 0.16494458077997811E+001, 0.59083852946806258E-002)
-0.15707963267948966E+001  0.00000000000000000E+000
( 0.17784716112683023E+001, 0.55754549754139368E-002)
-0.15707963267948966E+001  0.78539816339744828E+000
( 0.16635949080559949E+001, 0.63644699156040520E-002)
-0.15707963267948966E+001  0.15707963267948966E+001
( 0.10000000000368992E+001,-0.18707917159854759E-011)
-0.15707963267948966E+001  0.23561944901923448E+001
( 0.33640509197599361E+000,-0.63644699164855292E-002)
-0.15707963267948966E+001  0.31415926535897931E+001
( 0.22152838870222610E+000,-0.55754549750784898E-002)
-0.78539816339744828E+000 -0.23561944901923448E+001
( 0.10010526102117834E+001,-0.71598964894098059E-002)
-0.78539816339744828E+000 -0.15707963267948966E+001
( 0.16579222117410850E+001, 0.45022195636520712E-002)
-0.78539816339744828E+000 -0.78539816339744828E+000
( 0.18622530109655779E+001, 0.52885037173783893E-002)
-0.78539816339744828E+000  0.00000000000000000E+000
( 0.18928245941843083E+001, 0.12315357917921572E-002)
-0.78539816339744828E+000  0.78539816339744828E+000
( 0.18660447469052281E+001, 0.63159075376012334E-003)
-0.78539816339744828E+000  0.15707963267948966E+001
( 0.16701988839985524E+001, 0.41838094252228137E-002)
-0.78539816339744828E+000  0.23561944901923448E+001
( 0.10001443901386691E+001,-0.89406853532727135E-002)
-0.78539816339744828E+000  0.31415926535897931E+001
( 0.66205593463249779E+000,-0.90916953939632478E-002)
 0.00000000000000000E+000 -0.23561944901923448E+001
( 0.13271219853851279E+001, 0.35020543095945844E-002)
 0.00000000000000000E+000 -0.15707963267948966E+001
( 0.17799696925969519E+001, 0.27784592480848327E-002)
 0.00000000000000000E+000 -0.78539816339744828E+000
( 0.18956713617587559E+001, 0.31377260537615364E-002)
 0.00000000000000000E+000  0.00000000000000000E+000
( 0.19158884592796073E+001, 0.00000000000000000E+000)
 0.00000000000000000E+000  0.78539816339744828E+000
( 0.18956713617587559E+001,-0.31377260537615364E-002)
 0.00000000000000000E+000  0.15707963267948966E+001
( 0.17799696925969519E+001,-0.27784592480848327E-002)
 0.00000000000000000E+000  0.23561944901923448E+001
( 0.13271219853851279E+001,-0.35020543095945844E-002)
 0.00000000000000000E+000  0.31415926535897931E+001
( 0.99013396823261879E+000, 0.39331035335871016E-018)
 0.78539816339744828E+000 -0.23561944901923448E+001
( 0.10001443901386691E+001, 0.89406853532727135E-002)
 0.78539816339744828E+000 -0.15707963267948966E+001
( 0.16701988839985524E+001,-0.41838094252228137E-002)
 0.78539816339744828E+000 -0.78539816339744828E+000
( 0.18660447469052281E+001,-0.63159075376012334E-003)
 0.78539816339744828E+000  0.00000000000000000E+000
( 0.18928245941843083E+001,-0.12315357917921572E-002)
 0.78539816339744828E+000  0.78539816339744828E+000
( 0.18622530109655779E+001,-0.52885037173783893E-002)
 0.78539816339744828E+000  0.15707963267948966E+001
( 0.16579222117410850E+001,-0.45022195636520712E-002)
 0.78539816339744828E+000  0.23561944901923448E+001
( 0.10010526102117834E+001, 0.71598964894098059E-002)
 0.78539816339744828E+000  0.31415926535897931E+001
( 0.66205593463249779E+000, 0.90916953939632807E-002)
 0.15707963267948966E+001 -0.23561944901923448E+001
( 0.33640509197599361E+000, 0.63644699164855292E-002)
 0.15707963267948966E+001 -0.15707963267948966E+001
( 0.10000000000368992E+001, 0.18707917159854759E-011)
 0.15707963267948966E+001 -0.78539816339744828E+000
( 0.16635949080559949E+001,-0.63644699156040520E-002)
 0.15707963267948966E+001  0.00000000000000000E+000
( 0.17784716112683023E+001,-0.55754549754139368E-002)
 0.15707963267948966E+001  0.78539816339744828E+000
( 0.16494458077997811E+001,-0.59083852946806258E-002)
 0.15707963267948966E+001  0.15707963267948966E+001
( 0.10000000000029847E+001, 0.11014644057949495E-010)
 0.15707963267948966E+001  0.23561944901923448E+001
( 0.35055419221422041E+000, 0.59083853058953363E-002)
 0.15707963267948966E+001  0.31415926535897931E+001
( 0.22152838870222613E+000, 0.55754549750784916E-002)
 0.23561944901923448E+001 -0.23561944901923448E+001
( 0.13395525311809656E+000, 0.63159073872974102E-003)
 0.23561944901923448E+001 -0.15707963267948966E+001
( 0.32980111602454082E+000, 0.41838094079001339E-002)
 0.23561944901923448E+001 -0.78539816339744828E+000
( 0.99985560986702859E+000,-0.89406853541288168E-002)
 0.23561944901923448E+001  0.00000000000000000E+000
( 0.13379440653516266E+001,-0.90916953745787711E-002)
 0.23561944901923448E+001  0.78539816339744828E+000
( 0.99894738981513642E+000,-0.71598964941446330E-002)
 0.23561944901923448E+001  0.15707963267948966E+001
( 0.34207778823207641E+000, 0.45022195569286924E-002)
 0.23561944901923448E+001  0.23561944901923448E+001
( 0.13774698898589682E+000, 0.52885037017114016E-002)
 0.23561944901923448E+001  0.31415926535897931E+001
( 0.10717540583338232E+000, 0.12315357965871933E-002)
 0.31415926535897931E+001 -0.23561944901923448E+001
( 0.10432863823497242E+000,-0.31377260040945307E-002)
 0.31415926535897931E+001 -0.15707963267948966E+001
( 0.22003030731531800E+000,-0.27784592487951690E-002)
 0.31415926535897931E+001 -0.78539816339744828E+000
( 0.67287801463355656E+000,-0.35020543189308610E-002)
 0.31415926535897931E+001  0.00000000000000000E+000
( 0.10098660318133426E+001,-0.77198805494100314E-018)
 0.31415926535897931E+001  0.78539816339744828E+000
( 0.67287801463355656E+000, 0.35020543189308766E-002)
 0.31415926535897931E+001  0.15707963267948966E+001
( 0.22003030731531800E+000, 0.27784592487952141E-002)
 0.31415926535897931E+001  0.23561944901923448E+001
( 0.10432863823497250E+000, 0.31377260040945255E-002)
 0.31415926535897931E+001  0.31415926535897931E+001
( 0.84111540755593503E-001,-0.16357408576678475E-017)
 0.10000000000000000E+001          1         64
( 0.00000000000000000E+000, 0.00000000000000000E+000)
-0.23561944901923448E+001 -0.23561944901923448E+001
( 0.12958796876803194E+000,-0.40244686821228129E-002)
-0.23561944901923448E+001 -0.15707963267948966E+001
( 0.31296754533781268E+000, 0.24042122940900676E-003)
-0.23561944901923448E+001 -0.78539816339744828E+000
( 0.97143907867251023E+000,-0.45211331688255483E-002)
-0.23561944901923448E+001  0.00000000000000000E+000
( 0.13260880710709639E+001,-0.15778476694973807E-001)
-0.23561944901923448E+001  0.78539816339744828E+000
( 0.99056151108160706E+000,-0.11065198685547447E-001)
-0.23561944901923448E+001  0.15707963267948966E+001
( 0.33118890345343588E+000, 0.11755254230429116E-002)
-0.23561944901923448E+001  0.23561944901923448E+001
( 0.12664545121418019E+000, 0.16320965043061381E-002)
-0.23561944901923448E+001  0.31415926535897931E+001
( 0.10109020607310405E+000, 0.57720113095711576E-003)
-0.15707963267948966E+001 -0.23561944901923448E+001
( 0.33009977745539804E+000,-0.36345750848658749E-002)
-0.15707963267948966E+001 -0.15707963267948966E+001
( 0.10000000000128373E+001,-0.31349469895025628E-010)
-0.15707963267948966E+001 -0.78539816339744828E+000
( 0.16699002225999386E+001, 0.36345750866007501E-002)
-0.15707963267948966E+001  0.00000000000000000E+000
( 0.17871766261274318E+001,-0.35783472264943085E-002)
-0.15707963267948966E+001  0.78539816339744828E+000
( 0.16765171104714680E+001,-0.48322980947273671E-002)
-0.15707963267948966E+001  0.15707963267948966E+001
( 0.99999999998065014E+000, 0.40550639235359398E-010)
-0.15707963267948966E+001  0.23561944901923448E+001
( 0.32348288949342535E+000, 0.48322980925417395E-002)
-0.15707963267948966E+001  0.31415926535897931E+001
( 0.21282337387796105E+000, 0.35783472404963259E-002)
-0.78539816339744828E+000 -0.23561944901923448E+001
( 0.10285609213313387E+001, 0.45211332200566232E-002)
-0.78539816339744828E+000 -0.15707963267948966E+001
( 0.16870324546750639E+001,-0.24042120097684389E-003)
-0.78539816339744828E+000 -0.78539816339744828E+000
( 0.18704120312371366E+001, 0.40244686808341779E-002)
-0.78539816339744828E+000  0.00000000000000000E+000
( 0.18989097938940247E+001,-0.57720114252398790E-003)
-0.78539816339744828E+000  0.78539816339744828E+000
( 0.18733545487962211E+001,-0.16320964867405580E-002)
-0.78539816339744828E+000  0.15707963267948966E+001
( 0.16688110964804688E+001,-0.11755253836131276E-002)
-0.78539816339744828E+000  0.23561944901923448E+001
( 0.10094384889359804E+001, 0.11065198678500121E-001)
-0.78539816339744828E+000  0.31415926535897931E+001
( 0.67391192900854491E+000, 0.15778476667523956E-001)
 0.00000000000000000E+000 -0.23561944901923448E+001
( 0.13660238109323233E+001,-0.10293004566300536E-002)
 0.00000000000000000E+000 -0.15707963267948966E+001
( 0.17983761192653207E+001, 0.22744168946822827E-002)
 0.00000000000000000E+000 -0.78539816339744828E+000
( 0.19016622556376142E+001, 0.11823576869969977E-002)
 0.00000000000000000E+000  0.00000000000000000E+000
( 0.19182962851955352E+001, 0.00000000000000000E+000)
 0.00000000000000000E+000  0.78539816339744828E+000
( 0.19016622556376142E+001,-0.11823576869969977E-002)
 0.00000000000000000E+000  0.15707963267948966E+001
( 0.17983761192653207E+001,-0.22744168946822827E-002)
 0.00000000000000000E+000  0.23561944901923448E+001
( 0.13660238109323233E+001, 0.10293004566300536E-002)
 0.00000000000000000E+000  0.31415926535897931E+001
( 0.10327708171816159E+001, 0.12850492340877368E-017)
 0.78539816339744828E+000 -0.23561944901923448E+001
( 0.10094384889359804E+001,-0.11065198678500121E-001)
 0.78539816339744828E+000 -0.15707963267948966E+001
( 0.16688110964804688E+001, 0.11755253836131276E-002)
 0.78539816339744828E+000 -0.78539816339744828E+000
( 0.18733545487962211E+001, 0.16320964867405580E-002)
 0.78539816339744828E+000  0.00000000000000000E+000
( 0.18989097938940247E+001, 0.57720114252398790E-003)
 0.78539816339744828E+000  0.78539816339744828E+000
( 0.18704120312371366E+001,-0.40244686808341779E-002)
 0.78539816339744828E+000  0.15707963267948966E+001
( 0.16870324546750639E+001, 0.24042120097684389E-003)
 0.78539816339744828E+000  0.23561944901923448E+001
( 0.10285609213313387E+001,-0.45211332200566232E-002)
 0.78539816339744828E+000  0.31415926535897931E+001
( 0.67391192900854469E+000,-0.15778476667523952E-001)
 0.15707963267948966E+001 -0.23561944901923448E+001
( 0.32348288949342535E+000,-0.48322980925417395E-002)
 0.15707963267948966E+001 -0.15707963267948966E+001
( 0.99999999998065014E+000,-0.40550639235359398E-010)
 0.15707963267948966E+001 -0.78539816339744828E+000
( 0.16765171104714680E+001, 0.48322980947273671E-002)
 0.15707963267948966E+001  0.00000000000000000E+000
( 0.17871766261274318E+001, 0.35783472264943085E-002)
 0.15707963267948966E+001  0.78539816339744828E+000
( 0.16699002225999386E+001,-0.36345750866007501E-002)
 0.15707963267948966E+001  0.15707963267948966E+001
( 0.10000000000128373E+001, 0.31349469895025628E-010)
 0.15707963267948966E+001  0.23561944901923448E+001
( 0.33009977745539804E+000, 0.36345750848658749E-002)
 0.15707963267948966E+001  0.31415926535897931E+001
( 0.21282337387796105E+000,-0.35783472404963259E-002)
 0.23561944901923448E+001 -0.23561944901923448E+001
( 0.12664545121418019E+000,-0.16320965043061381E-002)
 0.23561944901923448E+001 -0.15707963267948966E+001
( 0.33118890345343588E+000,-0.11755254230429116E-002)
 0.23561944901923448E+001 -0.78539816339744828E+000
( 0.99056151108160706E+000, 0.11065198685547447E-001)
 0.23561944901923448E+001  0.00000000000000000E+000
( 0.13260880710709639E+001, 0.15778476694973807E-001)
 0.23561944901923448E+001  0.78539816339744828E+000
( 0.97143907867251023E+000, 0.45211331688255483E-002)
 0.23561944901923448E+001  0.15707963267948966E+001
( 0.31296754533781268E+000,-0.24042122940900676E-003)
 0.23561944901923448E+001  0.23561944901923448E+001
( 0.12958796876803194E+000, 0.40244686821228129E-002)
 0.23561944901923448E+001  0.31415926535897931E+001
( 0.10109020607310404E+000,-0.57720113095713116E-003)
 0.31415926535897931E+001 -0.23561944901923448E+001
( 0.98337744336329039E-001,-0.11823576600459729E-002)
 0.31415926535897931E+001 -0.15707963267948966E+001
( 0.20162388076211818E+000,-0.22744168394455110E-002)
 0.31415926535897931E+001 -0.78539816339744828E+000
( 0.63397618904403052E+000, 0.10293003586912602E-002)
 0.31415926535897931E+001  0.00000000000000000E+000
( 0.96722918275458658E+000, 0.48612164728682975E-017)
 0.31415926535897931E+001  0.78539816339744828E+000
( 0.63397618904403041E+000,-0.10293003586912403E-002)
 0.31415926535897931E+001  0.15707963267948966E+001
( 0.20162388076211807E+000, 0.22744168394454971E-002)
 0.31415926535897931E+001  0.23561944901923448E+001
( 0.98337744336329025E-001, 0.11823576600459625E-002)
 0.31415926535897931E+001  0.31415926535897931E+001
( 0.81703714718104767E-001,-0.18813270077244698E-017)
