   -2.356194     -2.356194
  1    1        1.21856051        0.06976956        0.00000000        0.00000000
   -2.356194     -1.570796
  1    1        0.84130744        0.05807394       -0.00000000        0.00000000
   -2.356194     -0.785398
  1    1        0.60791887        0.02997773       -0.00000000        0.00000000
   -2.356194      0.000000
  1    1        0.59742727        0.02281186        0.00000000        0.00000000
   -2.356194      0.785398
  1    1        0.66117514        0.04987530        0.00000000        0.00000000
   -2.356194      1.570796
  1    1        0.89033657        0.13021166       -0.00000000        0.00000000
   -2.356194      2.356194
  1    1        1.02655646        0.04654615       -0.00000000        0.00000000
   -2.356194      3.141593
  1    1        1.14614828        0.09949036        0.00000000        0.00000000
   -1.570796     -2.356194
  1    1        0.83313314        0.08986720       -0.00000000        0.00000000
   -1.570796     -1.570796
  1    1        0.69345912        0.03191099        0.00000000        0.00000000
   -1.570796     -0.785398
  1    1        0.62967896        0.06153815       -0.00000000        0.00000000
   -1.570796      0.000000
  1    1        0.52296073        0.03644805       -0.00000000        0.00000000
   -1.570796      0.785398
  1    1        0.56962407        0.03827489        0.00000000        0.00000000
   -1.570796      1.570796
  1    1        0.72027418        0.03019178       -0.00000000        0.00000000
   -1.570796      2.356194
  1    1        0.88091932        0.03534674        0.00000000        0.00000000
   -1.570796      3.141593
  1    1        0.91435904        0.06553605       -0.00000000        0.00000000
   -0.785398     -2.356194
  1    1        0.69428449        0.02629534       -0.00000000        0.00000000
   -0.785398     -1.570796
  1    1        0.55841404        0.01850667       -0.00000000        0.00000000
   -0.785398     -0.785398
  1    1        0.43046692        0.03101683        0.00000000        0.00000000
   -0.785398      0.000000
  1    1        0.37437731        0.05130560       -0.00000000        0.00000000
   -0.785398      0.785398
  1    1        0.35594481        0.02988481       -0.00000000        0.00000000
   -0.785398      1.570796
  1    1        0.55341426        0.07828346        0.00000000        0.00000000
   -0.785398      2.356194
  1    1        0.72837085        0.06812235        0.00000000        0.00000000
   -0.785398      3.141593
  1    1        0.74171678        0.04175764        0.00000000        0.00000000
    0.000000     -2.356194
  1    1        0.56976363        0.01193190        0.00000000        0.00000000
    0.000000     -1.570796
  1    1        0.46378528        0.02858351       -0.00000000        0.00000000
    0.000000     -0.785398
  1    1        0.34089683        0.02214915       -0.00000000        0.00000000
    0.000000      0.000000
  1    1        0.31016323        0.03213899        0.00000000        0.00000000
    0.000000      0.785398
  1    1        0.34089683        0.02214915        0.00000000        0.00000000
    0.000000      1.570796
  1    1        0.46378528        0.02858351        0.00000000        0.00000000
    0.000000      2.356194
  1    1        0.56976363        0.01193190       -0.00000000        0.00000000
    0.000000      3.141593
  1    1        0.69881356        0.01272886        0.00000000        0.00000000
    0.785398     -2.356194
  1    1        0.72837085        0.06812235       -0.00000000        0.00000000
    0.785398     -1.570796
  1    1        0.55341426        0.07828346       -0.00000000        0.00000000
    0.785398     -0.785398
  1    1        0.35594481        0.02988481        0.00000000        0.00000000
    0.785398      0.000000
  1    1        0.37437731        0.05130560        0.00000000        0.00000000
    0.785398      0.785398
  1    1        0.43046692        0.03101683       -0.00000000        0.00000000
    0.785398      1.570796
  1    1        0.55841404        0.01850667        0.00000000        0.00000000
    0.785398      2.356194
  1    1        0.69428449        0.02629534        0.00000000        0.00000000
    0.785398      3.141593
  1    1        0.74171678        0.04175764       -0.00000000        0.00000000
    1.570796     -2.356194
  1    1        0.88091932        0.03534674       -0.00000000        0.00000000
    1.570796     -1.570796
  1    1        0.72027418        0.03019178        0.00000000        0.00000000
    1.570796     -0.785398
  1    1        0.56962407        0.03827489       -0.00000000        0.00000000
    1.570796      0.000000
  1    1        0.52296073        0.03644805        0.00000000        0.00000000
    1.570796      0.785398
  1    1        0.62967896        0.06153815        0.00000000        0.00000000
    1.570796      1.570796
  1    1        0.69345912        0.03191099       -0.00000000        0.00000000
    1.570796      2.356194
  1    1        0.83313314        0.08986720        0.00000000        0.00000000
    1.570796      3.141593
  1    1        0.91435904        0.06553605        0.00000000        0.00000000
    2.356194     -2.356194
  1    1        1.02655646        0.04654615        0.00000000        0.00000000
    2.356194     -1.570796
  1    1        0.89033657        0.13021166        0.00000000        0.00000000
    2.356194     -0.785398
  1    1        0.66117514        0.04987530       -0.00000000        0.00000000
    2.356194      0.000000
  1    1        0.59742727        0.02281186       -0.00000000        0.00000000
    2.356194      0.785398
  1    1        0.60791887        0.02997773        0.00000000        0.00000000
    2.356194      1.570796
  1    1        0.84130744        0.05807394        0.00000000        0.00000000
    2.356194      2.356194
  1    1        1.21856051        0.06976956       -0.00000000        0.00000000
    2.356194      3.141593
  1    1        1.14614828        0.09949036       -0.00000000        0.00000000
    3.141593     -2.356194
  1    1        1.28347943        0.12283951       -0.00000000        0.00000000
    3.141593     -1.570796
  1    1        0.91969046        0.10960141        0.00000000        0.00000000
    3.141593     -0.785398
  1    1        0.72307841        0.06501271        0.00000000        0.00000000
    3.141593      0.000000
  1    1        0.61925194        0.04346296        0.00000000        0.00000000
    3.141593      0.785398
  1    1        0.72307841        0.06501271       -0.00000000        0.00000000
    3.141593      1.570796
  1    1        0.91969046        0.10960141       -0.00000000        0.00000000
    3.141593      2.356194
  1    1        1.28347943        0.12283951        0.00000000        0.00000000
    3.141593      3.141593
  1    1        1.77704811        0.37434306        0.00000000        0.00000000
