   -2.356194     -2.356194
  1    1        1.14833599        0.02382758        0.00000000        0.00000000
   -2.356194     -1.570796
  1    1        0.84519282        0.01875329        0.00000000        0.00000000
   -2.356194     -0.785398
  1    1        0.65478197        0.00833727        0.00000000        0.00000000
   -2.356194      0.000000
  1    1        0.61422657        0.01243161        0.00000000        0.00000000
   -2.356194      0.785398
  1    1        0.67055431        0.01662653        0.00000000        0.00000000
   -2.356194      1.570796
  1    1        0.85936555        0.04587760        0.00000000        0.00000000
   -2.356194      2.356194
  1    1        1.08321845        0.01693014        0.00000000        0.00000000
   -2.356194      3.141593
  1    1        1.23413498        0.02952598        0.00000000        0.00000000
   -1.570796     -2.356194
  1    1        0.83939811        0.02552132        0.00000000        0.00000000
   -1.570796     -1.570796
  1    1        0.69377943        0.01155104        0.00000000        0.00000000
   -1.570796     -0.785398
  1    1        0.58316130        0.02383057        0.00000000        0.00000000
   -1.570796      0.000000
  1    1        0.51490583        0.00788965        0.00000000        0.00000000
   -1.570796      0.785398
  1    1        0.56473306        0.01421082        0.00000000        0.00000000
   -1.570796      1.570796
  1    1        0.70475389        0.01107950        0.00000000        0.00000000
   -1.570796      2.356194
  1    1        0.85642823        0.01035262        0.00000000        0.00000000
   -1.570796      3.141593
  1    1        0.90793345        0.02324728        0.00000000        0.00000000
   -0.785398     -2.356194
  1    1        0.67779172        0.01314741        0.00000000        0.00000000
   -0.785398     -1.570796
  1    1        0.55621575        0.00625179       -0.00000000        0.00000000
   -0.785398     -0.785398
  1    1        0.42886292        0.01158215        0.00000000        0.00000000
   -0.785398      0.000000
  1    1        0.37582292        0.01517346        0.00000000        0.00000000
   -0.785398      0.785398
  1    1        0.40729235        0.01374126        0.00000000        0.00000000
   -0.785398      1.570796
  1    1        0.55831548        0.02740194        0.00000000        0.00000000
   -0.785398      2.356194
  1    1        0.69079328        0.02662840        0.00000000        0.00000000
   -0.785398      3.141593
  1    1        0.72007867        0.01753515        0.00000000        0.00000000
    0.000000     -2.356194
  1    1        0.59938260        0.00667597        0.00000000        0.00000000
    0.000000     -1.570796
  1    1        0.49234951        0.01340579       -0.00000000        0.00000000
    0.000000     -0.785398
  1    1        0.36392655        0.00915251       -0.00000000        0.00000000
    0.000000      0.000000
  1    1        0.31419459        0.00960319        0.00000000        0.00000000
    0.000000      0.785398
  1    1        0.36392655        0.00915251        0.00000000        0.00000000
    0.000000      1.570796
  1    1        0.49234951        0.01340579        0.00000000        0.00000000
    0.000000      2.356194
  1    1        0.59938260        0.00667597       -0.00000000        0.00000000
    0.000000      3.141593
  1    1        0.66692495        0.00893285        0.00000000        0.00000000
    0.785398     -2.356194
  1    1        0.69079328        0.02662840       -0.00000000        0.00000000
    0.785398     -1.570796
  1    1        0.55831548        0.02740194       -0.00000000        0.00000000
    0.785398     -0.785398
  1    1        0.40729235        0.01374126       -0.00000000        0.00000000
    0.785398      0.000000
  1    1        0.37582292        0.01517346       -0.00000000        0.00000000
    0.785398      0.785398
  1    1        0.42886292        0.01158215       -0.00000000        0.00000000
    0.785398      1.570796
  1    1        0.55621575        0.00625179        0.00000000        0.00000000
    0.785398      2.356194
  1    1        0.67779172        0.01314741       -0.00000000        0.00000000
    0.785398      3.141593
  1    1        0.72007867        0.01753515       -0.00000000        0.00000000
    1.570796     -2.356194
  1    1        0.85642823        0.01035262       -0.00000000        0.00000000
    1.570796     -1.570796
  1    1        0.70475389        0.01107950       -0.00000000        0.00000000
    1.570796     -0.785398
  1    1        0.56473306        0.01421082       -0.00000000        0.00000000
    1.570796      0.000000
  1    1        0.51490583        0.00788965       -0.00000000        0.00000000
    1.570796      0.785398
  1    1        0.58316130        0.02383057       -0.00000000        0.00000000
    1.570796      1.570796
  1    1        0.69377943        0.01155104       -0.00000000        0.00000000
    1.570796      2.356194
  1    1        0.83939811        0.02552132       -0.00000000        0.00000000
    1.570796      3.141593
  1    1        0.90793345        0.02324728       -0.00000000        0.00000000
    2.356194     -2.356194
  1    1        1.08321845        0.01693014       -0.00000000        0.00000000
    2.356194     -1.570796
  1    1        0.85936555        0.04587760       -0.00000000        0.00000000
    2.356194     -0.785398
  1    1        0.67055431        0.01662653       -0.00000000        0.00000000
    2.356194      0.000000
  1    1        0.61422657        0.01243161       -0.00000000        0.00000000
    2.356194      0.785398
  1    1        0.65478197        0.00833727       -0.00000000        0.00000000
    2.356194      1.570796
  1    1        0.84519282        0.01875329       -0.00000000        0.00000000
    2.356194      2.356194
  1    1        1.14833599        0.02382758       -0.00000000        0.00000000
    2.356194      3.141593
  1    1        1.23413498        0.02952598       -0.00000000        0.00000000
    3.141593     -2.356194
  1    1        1.27873664        0.03891202        0.00000000        0.00000000
    3.141593     -1.570796
  1    1        0.91153759        0.03248967        0.00000000        0.00000000
    3.141593     -0.785398
  1    1        0.71899610        0.02090940        0.00000000        0.00000000
    3.141593      0.000000
  1    1        0.64732783        0.00874319        0.00000000        0.00000000
    3.141593      0.785398
  1    1        0.71899610        0.02090940       -0.00000000        0.00000000
    3.141593      1.570796
  1    1        0.91153759        0.03248967       -0.00000000        0.00000000
    3.141593      2.356194
  1    1        1.27873664        0.03891202       -0.00000000        0.00000000
    3.141593      3.141593
  1    1        1.64986251        0.12855117        0.00000000        0.00000000
