          51           4   10.000000000000000                1
     0.0000000        0.39148533        0.02245372
     0.1000000        0.21907632        0.02065382
     0.2000000        0.12670168        0.01797491
     0.3000000        0.06960396        0.01726282
     0.4000000        0.03978907        0.01962221
     0.5000000        0.02840546        0.02053066
     0.6000000        0.02545292        0.01671419
     0.7000000        0.02126778        0.01198708
     0.8000000        0.01826441        0.01169269
     0.9000000        0.01563174        0.01102431
     1.0000000        0.00308891        0.01072092
     1.1000000       -0.00390852        0.01267155
     1.2000000        0.00057903        0.01392825
     1.3000000        0.00284355        0.01284078
     1.4000000       -0.00178604        0.01065477
     1.5000000       -0.00840401        0.00804659
     1.6000000       -0.01248754        0.00685396
     1.7000000       -0.01029195        0.00734420
     1.8000000       -0.00679153        0.01086175
     1.9000000       -0.00794698        0.01310166
     2.0000000       -0.00872899        0.01162662
     2.1000000       -0.00300381        0.00859204
     2.2000000        0.00273523        0.00595724
     2.3000000        0.00055471        0.00511073
     2.4000000       -0.00108966        0.00731060
     2.5000000       -0.00071611        0.01152412
     2.6000000        0.00663714        0.01039173
     2.7000000        0.01461156        0.01344499
     2.8000000        0.01488107        0.01797930
     2.9000000        0.02060334        0.01385134
     3.0000000        0.02554405        0.00904084
     3.1000000        0.02368652        0.00564192
     3.2000000        0.02241394        0.01092386
     3.3000000        0.02134085        0.01844907
     3.4000000        0.01650817        0.02060903
     3.5000000        0.00674684        0.01803101
     3.6000000       -0.00516332        0.01427304
     3.7000000       -0.00927981        0.01409829
     3.8000000       -0.00739218        0.01199870
     3.9000000       -0.00623967        0.01030316
     4.0000000       -0.00367948        0.01152352
     4.1000000        0.00012170        0.01632335
     4.2000000        0.00166280        0.01856367
     4.3000000        0.00451699        0.02063786
     4.4000000        0.00553069        0.02185714
     4.5000000        0.00161420        0.02389785
     4.6000000       -0.00117843        0.02904785
     4.7000000       -0.00374108        0.03383564
     4.8000000       -0.00284888        0.03704644
     4.9000000        0.00185067        0.04169139
     5.0000000        0.00408788        0.04478108
