   -4.000000      0.000000
  1    1       -0.00138505        0.00178775        0.00000000        0.00000000
   -3.000000      0.000000
  1    1       -0.10724145        0.00632501       -0.00000000        0.00000000
   -2.000000      0.000000
  1    1        0.00078789        0.00099097        0.00000000        0.00000000
   -1.000000      0.000000
  1    1        0.49336592        0.00503952        0.00000000        0.00000000
    0.000000      0.000000
  1    1        1.00000000        0.00000000       -0.00000000        0.00000000
    1.000000      0.000000
  1    1        0.49336592        0.00503952        0.00000000        0.00000000
    2.000000      0.000000
  1    1       -0.00078789        0.00099097       -0.00000000        0.00000000
    3.000000      0.000000
  1    1       -0.10724145        0.00632501        0.00000000        0.00000000
    4.000000      0.000000
  1    1        0.00138505        0.00178775       -0.00000000        0.00000000
    5.000000      0.000000
  1    1        0.06392082        0.00539227        0.00000000        0.00000000
