   -2.094395     -2.094395
  1    1        0.95305328        0.03266146       -0.00000000        0.00000000
   -2.094395     -1.047198
  1    1        0.63678000        0.02085694        0.00000000        0.00000000
   -2.094395      0.000000
  1    1        0.56153400        0.03522323        0.00000000        0.00000000
   -2.094395      1.047198
  1    1        0.59091668        0.05158781        0.00000000        0.00000000
   -2.094395      2.094395
  1    1        1.00499824        0.02156141       -0.00000000        0.00000000
   -2.094395      3.141593
  1    1        1.12030497        0.04038352        0.00000000        0.00000000
   -1.047198     -2.094395
  1    1        0.61940297        0.03376205       -0.00000000        0.00000000
   -1.047198     -1.047198
  1    1        0.42503354        0.03208864        0.00000000        0.00000000
   -1.047198      0.000000
  1    1        0.32825277        0.02240001        0.00000000        0.00000000
   -1.047198      1.047198
  1    1        0.46140826        0.02506457       -0.00000000        0.00000000
   -1.047198      2.094395
  1    1        0.59022526        0.03939488        0.00000000        0.00000000
   -1.047198      3.141593
  1    1        0.66513671        0.09584329       -0.00000000        0.00000000
    0.000000     -2.094395
  1    1        0.52234233        0.05148678        0.00000000        0.00000000
    0.000000     -1.047198
  1    1        0.31385719        0.03475874        0.00000000        0.00000000
    0.000000      0.000000
  1    1        0.22444166        0.03871261        0.00000000        0.00000000
    0.000000      1.047198
  1    1        0.31385719        0.03475874        0.00000000        0.00000000
    0.000000      2.094395
  1    1        0.52234233        0.05148678       -0.00000000        0.00000000
    0.000000      3.141593
  1    1        0.58751637        0.05913704       -0.00000000        0.00000000
    1.047198     -2.094395
  1    1        0.59022526        0.03939488       -0.00000000        0.00000000
    1.047198     -1.047198
  1    1        0.46140826        0.02506457        0.00000000        0.00000000
    1.047198      0.000000
  1    1        0.32825277        0.02240001       -0.00000000        0.00000000
    1.047198      1.047198
  1    1        0.42503354        0.03208864       -0.00000000        0.00000000
    1.047198      2.094395
  1    1        0.61940297        0.03376205        0.00000000        0.00000000
    1.047198      3.141593
  1    1        0.66513671        0.09584329        0.00000000        0.00000000
    2.094395     -2.094395
  1    1        1.00499824        0.02156141        0.00000000        0.00000000
    2.094395     -1.047198
  1    1        0.59091668        0.05158781       -0.00000000        0.00000000
    2.094395      0.000000
  1    1        0.56153400        0.03522323       -0.00000000        0.00000000
    2.094395      1.047198
  1    1        0.63678000        0.02085694       -0.00000000        0.00000000
    2.094395      2.094395
  1    1        0.95305328        0.03266146        0.00000000        0.00000000
    2.094395      3.141593
  1    1        1.12030497        0.04038352       -0.00000000        0.00000000
    3.141593     -2.094395
  1    1        1.08219003        0.04335531        0.00000000        0.00000000
    3.141593     -1.047198
  1    1        0.76117282        0.01543884       -0.00000000        0.00000000
    3.141593      0.000000
  1    1        0.56433881        0.03418395       -0.00000000        0.00000000
    3.141593      1.047198
  1    1        0.76117282        0.01543884        0.00000000        0.00000000
    3.141593      2.094395
  1    1        1.08219003        0.04335531       -0.00000000        0.00000000
    3.141593      3.141593
  1    1        4.01362384        0.74257982        0.00000000        0.00000000
