          41           4   10.000000000000000                1
     0.0000000        0.59002015        0.26781845
     0.1250000        0.62566615        0.33505512
     0.2500000        0.09940787        0.36308875
     0.3750000        0.27437859        0.16645137
     0.5000000        0.13591675        0.08102475
     0.6250000        0.02540515        0.20027320
     0.7500000       -0.01915747        0.18948605
     0.8750000        0.02777385        0.06500018
     1.0000000        0.27187433        0.13289586
     1.1250000        0.01792995        0.09578554
     1.2500000        0.58010461        0.32454824
     1.3750000        0.05015274        0.12801193
     1.5000000        0.09134574        0.23013681
     1.6250000       -0.19129605        0.11825477
     1.7500000        0.00123135        0.10653573
     1.8750000       -0.12627962        0.12058653
     2.0000000        0.04825286        0.10764696
     2.1250000        0.16222418        0.16562869
     2.2500000       -0.53342523        0.27585668
     2.3750000       -0.32241355        0.31789863
     2.5000000        0.15253463        0.09883349
     2.6250000        0.32413928        0.25336402
     2.7500000        0.26474870        0.29637571
     2.8750000       -0.67205458        0.47491878
     3.0000000        0.93862160        3.65381556
     3.1250000       -0.07555095        1.04312897
     3.2500000       -0.17362964        0.14922178
     3.3750000        0.47370422        1.04430061
     3.5000000       -0.21617210        0.38871458
     3.6250000        0.05083853        0.20635320
     3.7500000       -0.33798479        0.21448726
     3.8750000        0.00038238        0.29537502
     4.0000000        0.06491678        0.15702076
     4.1250000        0.22544285        0.21431015
     4.2500000        0.11178787        0.15414573
     4.3750000       -0.09626801        0.14434137
     4.5000000       -0.31543113        0.22317054
     4.6250000        0.17222682        0.23142458
     4.7500000        0.13772114        0.47209764
     4.8750000        0.31883652        0.18166261
     5.0000000        0.10224846        0.27413146
