          11           4   2.0000000000000000                1
     0.0000000        0.29618475        0.01819790
     0.1000000        0.19260509        0.01603953
     0.2000000        0.12874758        0.01001208
     0.3000000        0.09212743        0.00932909
     0.4000000        0.06445729        0.00731361
     0.5000000        0.05531437        0.00352443
     0.6000000        0.04060533        0.00372157
     0.7000000        0.03033073        0.00339634
     0.8000000        0.02600897        0.00671018
     0.9000000        0.02498062        0.00636094
     1.0000000        0.02360367        0.00635390
