          51           4   5.0000000000000000                1
     0.0000000        0.04653913        0.00567522
     0.1000000        0.01883851        0.00854363
     0.2000000        0.00966426        0.00591545
     0.3000000        0.00011511        0.00491268
     0.4000000        0.00029352        0.00435568
     0.5000000       -0.00194581        0.00346790
     0.6000000        0.00032364        0.00290823
     0.7000000       -0.00069768        0.00198360
     0.8000000        0.00317167        0.00132845
     0.9000000        0.00219782        0.00223114
     1.0000000        0.00224562        0.00223604
     1.1000000        0.00022208        0.00191698
     1.2000000       -0.00081377        0.00102259
     1.3000000       -0.00154529        0.00123011
     1.4000000       -0.00153619        0.00116917
     1.5000000        0.00017782        0.00094876
     1.6000000        0.00143881        0.00102497
     1.7000000       -0.00077599        0.00065896
     1.8000000       -0.00078557        0.00064192
     1.9000000       -0.00040997        0.00071465
     2.0000000       -0.00096421        0.00038323
     2.1000000       -0.00017062        0.00030763
     2.2000000       -0.00072523        0.00050162
     2.3000000       -0.00093902        0.00057886
     2.4000000       -0.00076327        0.00083288
     2.5000000       -0.00117238        0.00108634
     2.6000000        0.00065182        0.00103994
     2.7000000        0.00043872        0.00088578
     2.8000000        0.00049305        0.00128049
     2.9000000        0.00077063        0.00098449
     3.0000000        0.00024645        0.00052495
     3.1000000        0.00031090        0.00065862
     3.2000000        0.00132505        0.00150538
     3.3000000        0.00602305        0.00286485
     3.4000000        0.00833372        0.00259424
     3.5000000        0.01077590        0.00287174
     3.6000000        0.01334097        0.00489058
     3.7000000        0.01855558        0.00595333
     3.8000000        0.02368260        0.00376763
     3.9000000        0.03234888        0.00632836
     4.0000000        0.04322675        0.00360473
     4.1000000        0.06169943        0.00120841
     4.2000000        0.09007848        0.00180778
     4.3000000        0.13172729        0.00187132
     4.4000000        0.19990528        0.00346319
     4.5000000        0.28807260        0.00397720
     4.6000000        0.42032353        0.00722728
     4.7000000        0.62777331        0.01056407
     4.8000000        0.91276734        0.01139002
     4.9000000        1.33695656        0.01705056
     5.0000000        1.95346087        0.00567522
