          31           9   6.0000000000000000                1
     0.0000000        0.31939177        0.01700911
     0.1000000        0.17045806        0.01060894
     0.2000000        0.09512187        0.00707129
     0.3000000        0.05972113        0.00416174
     0.4000000        0.03074751        0.00369346
     0.5000000        0.02601880        0.00721499
     0.6000000        0.01921678        0.00601431
     0.7000000        0.01896179        0.00467446
     0.8000000        0.01921350        0.01053389
     0.9000000        0.01158599        0.00510883
     1.0000000        0.00742725        0.00374840
     1.1000000        0.00097984        0.00125076
     1.2000000        0.00305972        0.00439388
     1.3000000       -0.00256689        0.00453726
     1.4000000        0.00094315        0.00374979
     1.5000000       -0.00242534        0.00281170
     1.6000000       -0.00097084        0.00323099
     1.7000000        0.00063320        0.00199457
     1.8000000       -0.00272325        0.00340315
     1.9000000        0.00203812        0.00164573
     2.0000000       -0.00224140        0.00199296
     2.1000000       -0.00594820        0.00352758
     2.2000000       -0.00247696        0.00271357
     2.3000000        0.00057180        0.00190169
     2.4000000        0.00509895        0.00275120
     2.5000000       -0.00051872        0.00196090
     2.6000000        0.00189593        0.00329806
     2.7000000        0.00279270        0.00391186
     2.8000000        0.00028945        0.00251154
     2.9000000       -0.00464355        0.00190514
     3.0000000        0.00138423        0.00697511
