          21           4   5.0000000000000000                1
     0.0000000        1.10984032        0.16680039
     0.1250000        0.76983206        0.12321829
     0.2500000        0.48438087        0.10860816
     0.3750000        0.37358389        0.05643117
     0.5000000        0.34679694        0.03486908
     0.6250000        0.27456307        0.02319907
     0.7500000        0.21306734        0.02272110
     0.8750000        0.15311719        0.01580050
     1.0000000        0.13574595        0.01402616
     1.1250000        0.09823341        0.01395932
     1.2500000        0.08637009        0.01366452
     1.3750000        0.07358062        0.02235331
     1.5000000        0.05295716        0.02012691
     1.6250000        0.04747688        0.01076935
     1.7500000        0.04679627        0.00680415
     1.8750000        0.03776991        0.01080522
     2.0000000        0.04355441        0.00737700
     2.1250000        0.04798456        0.02103302
     2.2500000        0.03520876        0.00817098
     2.3750000        0.02205352        0.02022987
     2.5000000        0.03745162        0.01484843
