          51           9   10.000000000000000                1
     0.0000000        0.32232026        0.04165605
     0.1000000        0.14151680        0.03425121
     0.2000000        0.04441871        0.03432344
     0.3000000        0.00406287        0.03089239
     0.4000000       -0.01823668        0.02842343
     0.5000000       -0.01997969        0.02408837
     0.6000000       -0.02948417        0.02461825
     0.7000000       -0.03106696        0.02261046
     0.8000000       -0.02422203        0.02376821
     0.9000000       -0.01486452        0.02313038
     1.0000000       -0.01981204        0.02162711
     1.1000000       -0.02382947        0.02049709
     1.2000000       -0.01928092        0.01885630
     1.3000000       -0.02155872        0.01844238
     1.4000000       -0.01671168        0.02021745
     1.5000000       -0.01922414        0.02280404
     1.6000000       -0.01776438        0.02123720
     1.7000000       -0.01604847        0.02123400
     1.8000000       -0.02294539        0.02257207
     1.9000000       -0.01940092        0.02224892
     2.0000000       -0.02475650        0.02459172
     2.1000000       -0.03393271        0.02572360
     2.2000000       -0.03227118        0.02301103
     2.3000000       -0.02886387        0.02354063
     2.4000000       -0.02626723        0.02357782
     2.5000000       -0.02627560        0.02544393
     2.6000000       -0.02484059        0.02416790
     2.7000000       -0.02575445        0.02511514
     2.8000000       -0.02876751        0.02438674
     2.9000000       -0.02733552        0.02390960
     3.0000000       -0.02608735        0.02139522
     3.1000000       -0.02254902        0.02059413
     3.2000000       -0.01929102        0.02061267
     3.3000000       -0.01996498        0.02092833
     3.4000000       -0.01931221        0.01828033
     3.5000000       -0.02391706        0.01727463
     3.6000000       -0.02537914        0.01452971
     3.7000000       -0.02930298        0.01514933
     3.8000000       -0.02278346        0.01430573
     3.9000000       -0.02262729        0.01490337
     4.0000000       -0.01793482        0.01330589
     4.1000000       -0.01965001        0.01433303
     4.2000000       -0.01536966        0.01236573
     4.3000000       -0.01720995        0.01196935
     4.4000000       -0.01701272        0.01297194
     4.5000000       -0.02073695        0.01249389
     4.6000000       -0.02435442        0.01036366
     4.7000000       -0.02656997        0.01161641
     4.8000000       -0.02708582        0.01224468
     4.9000000       -0.02306972        0.01221706
     5.0000000       -0.02265984        0.01319483
