   -2.356194     -2.356194
  1    1        1.20581312        0.00234881       -0.00028030        0.00016300
   -2.356194     -1.570796
  1    1        1.07711646        0.00171135       -0.00028030        0.00016300
   -2.356194     -0.785398
  1    1        0.97183389        0.00164243       -0.00028030        0.00016300
   -2.356194      0.000000
  1    1        0.93494917        0.00165454       -0.00028030        0.00016300
   -2.356194      0.785398
  1    1        0.97153529        0.00174528       -0.00028030        0.00016300
   -2.356194      1.570796
  1    1        1.07678040        0.00197072       -0.00028030        0.00016300
   -2.356194      2.356194
  1    1        1.20604808        0.00233988       -0.00028030        0.00016300
   -2.356194      3.141593
  1    1        1.26629214        0.00279113       -0.00028030        0.00016300
   -1.570796     -2.356194
  1    1        1.14347128        0.00182188       -0.00039640        0.00023052
   -1.570796     -1.570796
  1    1        0.99392954        0.00121634       -0.00039640        0.00023052
   -1.570796     -0.785398
  1    1        0.85834380        0.00115523       -0.00039640        0.00023052
   -1.570796      0.000000
  1    1        0.80800145        0.00132295       -0.00039640        0.00023052
   -1.570796      0.785398
  1    1        0.85823727        0.00155444       -0.00039640        0.00023052
   -1.570796      1.570796
  1    1        0.99429450        0.00161889       -0.00039640        0.00023052
   -1.570796      2.356194
  1    1        1.14408226        0.00171103       -0.00039640        0.00023052
   -1.570796      3.141593
  1    1        1.20973844        0.00200728       -0.00039640        0.00023052
   -0.785398     -2.356194
  1    1        1.08814987        0.00174435       -0.00028030        0.00016300
   -0.785398     -1.570796
  1    1        0.91267006        0.00114834       -0.00028030        0.00016300
   -0.785398     -0.785398
  1    1        0.72993470        0.00122150       -0.00028030        0.00016300
   -0.785398      0.000000
  1    1        0.65141051        0.00120903       -0.00028030        0.00016300
   -0.785398      0.785398
  1    1        0.73005015        0.00090952       -0.00028030        0.00016300
   -0.785398      1.570796
  1    1        0.91324150        0.00123837       -0.00028030        0.00016300
   -0.785398      2.356194
  1    1        1.08901953        0.00183947       -0.00028030        0.00016300
   -0.785398      3.141593
  1    1        1.15921617        0.00198630       -0.00028030        0.00016300
    0.000000     -2.356194
  1    1        1.06937797        0.00185217       -0.00000000        0.00000000
    0.000000     -1.570796
  1    1        0.87949793        0.00095430       -0.00000000        0.00000000
    0.000000     -0.785398
  1    1        0.67143598        0.00108022        0.00000000        0.00000000
    0.000000      0.000000
  1    1        0.57573562        0.00175764        0.00000000        0.00000000
    0.000000      0.785398
  1    1        0.67143598        0.00108022       -0.00000000        0.00000000
    0.000000      1.570796
  1    1        0.87949793        0.00095430        0.00000000        0.00000000
    0.000000      2.356194
  1    1        1.06937797        0.00185217        0.00000000        0.00000000
    0.000000      3.141593
  1    1        1.14537663        0.00221495       -0.00000000        0.00000000
    0.785398     -2.356194
  1    1        1.08901953        0.00183947        0.00028030        0.00016300
    0.785398     -1.570796
  1    1        0.91324150        0.00123837        0.00028030        0.00016300
    0.785398     -0.785398
  1    1        0.73005015        0.00090952        0.00028030        0.00016300
    0.785398      0.000000
  1    1        0.65141051        0.00120903        0.00028030        0.00016300
    0.785398      0.785398
  1    1        0.72993470        0.00122150        0.00028030        0.00016300
    0.785398      1.570796
  1    1        0.91267006        0.00114834        0.00028030        0.00016300
    0.785398      2.356194
  1    1        1.08814987        0.00174435        0.00028030        0.00016300
    0.785398      3.141593
  1    1        1.15921617        0.00198630        0.00028030        0.00016300
    1.570796     -2.356194
  1    1        1.14408226        0.00171103        0.00039640        0.00023052
    1.570796     -1.570796
  1    1        0.99429450        0.00161889        0.00039640        0.00023052
    1.570796     -0.785398
  1    1        0.85823727        0.00155444        0.00039640        0.00023052
    1.570796      0.000000
  1    1        0.80800145        0.00132295        0.00039640        0.00023052
    1.570796      0.785398
  1    1        0.85834380        0.00115523        0.00039640        0.00023052
    1.570796      1.570796
  1    1        0.99392954        0.00121634        0.00039640        0.00023052
    1.570796      2.356194
  1    1        1.14347128        0.00182188        0.00039640        0.00023052
    1.570796      3.141593
  1    1        1.20973844        0.00200728        0.00039640        0.00023052
    2.356194     -2.356194
  1    1        1.20604808        0.00233988        0.00028030        0.00016300
    2.356194     -1.570796
  1    1        1.07678040        0.00197072        0.00028030        0.00016300
    2.356194     -0.785398
  1    1        0.97153529        0.00174528        0.00028030        0.00016300
    2.356194      0.000000
  1    1        0.93494917        0.00165454        0.00028030        0.00016300
    2.356194      0.785398
  1    1        0.97183389        0.00164243        0.00028030        0.00016300
    2.356194      1.570796
  1    1        1.07711646        0.00171135        0.00028030        0.00016300
    2.356194      2.356194
  1    1        1.20581312        0.00234881        0.00028030        0.00016300
    2.356194      3.141593
  1    1        1.26629214        0.00279113        0.00028030        0.00016300
    3.141593     -2.356194
  1    1        1.23189409        0.00270868        0.00000000        0.00000000
    3.141593     -1.570796
  1    1        1.10932792        0.00194039        0.00000000        0.00000000
    3.141593     -0.785398
  1    1        1.01528747        0.00182071        0.00000000        0.00000000
    3.141593      0.000000
  1    1        0.98562297        0.00179736        0.00000000        0.00000000
    3.141593      0.785398
  1    1        1.01528747        0.00182071       -0.00000000        0.00000000
    3.141593      1.570796
  1    1        1.10932792        0.00194039       -0.00000000        0.00000000
    3.141593      2.356194
  1    1        1.23189409        0.00270868       -0.00000000        0.00000000
    3.141593      3.141593
  1    1        1.29222247        0.00331742        0.00000000        0.00000000
