   -2.356194     -2.356194
  1    1        0.37595779        0.00267314       -0.00000000        0.00000000
   -2.356194     -1.570796
  1    1        0.32535128        0.00282644       -0.00000000        0.00000000
   -2.356194     -0.785398
  1    1        0.27651684        0.00327030       -0.00000000        0.00000000
   -2.356194      0.000000
  1    1        0.25765998        0.00331633       -0.00000000        0.00000000
   -2.356194      0.785398
  1    1        0.27647897        0.00302383       -0.00000000        0.00000000
   -2.356194      1.570796
  1    1        0.32546300        0.00267750       -0.00000000        0.00000000
   -2.356194      2.356194
  1    1        0.37564870        0.00266395       -0.00000000        0.00000000
   -2.356194      3.141593
  1    1        0.39664381        0.00268395       -0.00000000        0.00000000
   -1.570796     -2.356194
  1    1        0.32669891        0.00256221       -0.00000000        0.00000000
   -1.570796     -1.570796
  1    1        0.27208842        0.00293892       -0.00000000        0.00000000
   -1.570796     -0.785398
  1    1        0.21524838        0.00337787       -0.00000000        0.00000000
   -1.570796      0.000000
  1    1        0.19126113        0.00338386       -0.00000000        0.00000000
   -1.570796      0.785398
  1    1        0.21470581        0.00299911       -0.00000000        0.00000000
   -1.570796      1.570796
  1    1        0.27139557        0.00254599       -0.00000000        0.00000000
   -1.570796      2.356194
  1    1        0.32606818        0.00248409       -0.00000000        0.00000000
   -1.570796      3.141593
  1    1        0.34792130        0.00251042       -0.00000000        0.00000000
   -0.785398     -2.356194
  1    1        0.27872944        0.00252586       -0.00000000        0.00000000
   -0.785398     -1.570796
  1    1        0.21675628        0.00271538       -0.00000000        0.00000000
   -0.785398     -0.785398
  1    1        0.14188408        0.00320248       -0.00000000        0.00000000
   -0.785398      0.000000
  1    1        0.10469887        0.00349534       -0.00000000        0.00000000
   -0.785398      0.785398
  1    1        0.14030491        0.00317010       -0.00000000        0.00000000
   -0.785398      1.570796
  1    1        0.21570658        0.00258890       -0.00000000        0.00000000
   -0.785398      2.356194
  1    1        0.27830992        0.00254367       -0.00000000        0.00000000
   -0.785398      3.141593
  1    1        0.30200229        0.00262303       -0.00000000        0.00000000
    0.000000     -2.356194
  1    1        0.25983622        0.00267187        0.00000000        0.00000000
    0.000000     -1.570796
  1    1        0.19284046        0.00265629        0.00000000        0.00000000
    0.000000     -0.785398
  1    1        0.10547296        0.00317520        0.00000000        0.00000000
    0.000000      0.000000
  1    1        0.05720242        0.00383250        0.00000000        0.00000000
    0.000000      0.785398
  1    1        0.10547296        0.00317520       -0.00000000        0.00000000
    0.000000      1.570796
  1    1        0.19284046        0.00265629       -0.00000000        0.00000000
    0.000000      2.356194
  1    1        0.25983622        0.00267187       -0.00000000        0.00000000
    0.000000      3.141593
  1    1        0.28367988        0.00279468       -0.00000000        0.00000000
    0.785398     -2.356194
  1    1        0.27830992        0.00254367        0.00000000        0.00000000
    0.785398     -1.570796
  1    1        0.21570658        0.00258890        0.00000000        0.00000000
    0.785398     -0.785398
  1    1        0.14030491        0.00317010        0.00000000        0.00000000
    0.785398      0.000000
  1    1        0.10469887        0.00349534        0.00000000        0.00000000
    0.785398      0.785398
  1    1        0.14188408        0.00320248        0.00000000        0.00000000
    0.785398      1.570796
  1    1        0.21675628        0.00271538        0.00000000        0.00000000
    0.785398      2.356194
  1    1        0.27872944        0.00252586        0.00000000        0.00000000
    0.785398      3.141593
  1    1        0.30200229        0.00262303        0.00000000        0.00000000
    1.570796     -2.356194
  1    1        0.32606818        0.00248409        0.00000000        0.00000000
    1.570796     -1.570796
  1    1        0.27139557        0.00254599        0.00000000        0.00000000
    1.570796     -0.785398
  1    1        0.21470581        0.00299911        0.00000000        0.00000000
    1.570796      0.000000
  1    1        0.19126113        0.00338386        0.00000000        0.00000000
    1.570796      0.785398
  1    1        0.21524838        0.00337787        0.00000000        0.00000000
    1.570796      1.570796
  1    1        0.27208842        0.00293892        0.00000000        0.00000000
    1.570796      2.356194
  1    1        0.32669891        0.00256221        0.00000000        0.00000000
    1.570796      3.141593
  1    1        0.34792130        0.00251042        0.00000000        0.00000000
    2.356194     -2.356194
  1    1        0.37564870        0.00266395        0.00000000        0.00000000
    2.356194     -1.570796
  1    1        0.32546300        0.00267750        0.00000000        0.00000000
    2.356194     -0.785398
  1    1        0.27647897        0.00302383        0.00000000        0.00000000
    2.356194      0.000000
  1    1        0.25765998        0.00331633        0.00000000        0.00000000
    2.356194      0.785398
  1    1        0.27651684        0.00327030        0.00000000        0.00000000
    2.356194      1.570796
  1    1        0.32535128        0.00282644        0.00000000        0.00000000
    2.356194      2.356194
  1    1        0.37595779        0.00267314        0.00000000        0.00000000
    2.356194      3.141593
  1    1        0.39664381        0.00268395        0.00000000        0.00000000
    3.141593     -2.356194
  1    1        0.39653982        0.00271221        0.00000000        0.00000000
    3.141593     -1.570796
  1    1        0.34677970        0.00278879        0.00000000        0.00000000
    3.141593     -0.785398
  1    1        0.29971704        0.00307252        0.00000000        0.00000000
    3.141593      0.000000
  1    1        0.28123805        0.00334361       -0.00000000        0.00000000
    3.141593      0.785398
  1    1        0.29971704        0.00307252       -0.00000000        0.00000000
    3.141593      1.570796
  1    1        0.34677970        0.00278879       -0.00000000        0.00000000
    3.141593      2.356194
  1    1        0.39653982        0.00271221       -0.00000000        0.00000000
    3.141593      3.141593
  1    1        0.41756490        0.00272518       -0.00000000        0.00000000
