          41           4   8.0000000000000000                1
     0.0000000       -1.26226593        1.26083029
     0.1000000       -1.14238089        1.41745361
     0.2000000       -0.15058775        0.50420370
     0.3000000       -0.36221405        0.63085949
     0.4000000        0.66120911        0.34385564
     0.5000000        0.42703691        0.31866186
     0.6000000        0.06289240        0.30609484
     0.7000000       -0.04479630        0.17728323
     0.8000000        0.29792256        0.23486627
     0.9000000        0.76290861        0.98994651
     1.0000000        0.30684090        0.63962629
     1.1000000       -1.14671550        0.69285558
     1.2000000       -0.13989103        0.20449248
     1.3000000        0.17656336        0.14924672
     1.4000000        0.12387350        0.09062196
     1.5000000        0.04490495        0.07335891
     1.6000000       -0.34000944        0.43658366
     1.7000000        0.09423148        0.12438652
     1.8000000        0.07259784        0.04906265
     1.9000000        0.06767579        0.09409990
     2.0000000        0.12226282        0.12408095
     2.1000000        0.46554457        0.51498739
     2.2000000        0.13378703        0.16228021
     2.3000000        0.14026739        0.16932842
     2.4000000        0.22719178        0.28434129
     2.5000000        0.08408302        0.09273461
     2.6000000        0.04139231        0.06309827
     2.7000000        0.01415202        0.04137227
     2.8000000       -0.00271956        0.00253389
     2.9000000        0.00067803        0.00170947
     3.0000000       -0.00025971        0.00465732
     3.1000000        0.00662993        0.00589594
     3.2000000        0.00215338        0.00151546
     3.3000000       -0.00158162        0.00154078
     3.4000000        0.00735103        0.01030294
     3.5000000       -0.00186250        0.00457034
     3.6000000       -0.00124871        0.00083590
     3.7000000       -0.00180397        0.00128181
     3.8000000        0.00051441        0.00170284
     3.9000000       -0.00459389        0.00519228
     4.0000000       -0.00287005        0.00275553
