          11           9   2.0000000000000000                1
     0.0000000        0.33744804        0.01921478
     0.1000000        0.20785403        0.01912824
     0.2000000        0.13391654        0.01833473
     0.3000000        0.09190077        0.01756386
     0.4000000        0.07023684        0.01654958
     0.5000000        0.06045117        0.01484540
     0.6000000        0.05632531        0.01256051
     0.7000000        0.05346169        0.01097597
     0.8000000        0.05042804        0.01135823
     0.9000000        0.05006716        0.01133009
     1.0000000        0.05113247        0.01069850
