          26           4   5.0000000000000000                1
     0.0000000        0.16028570        0.00841749
     0.1000000        0.06337229        0.00333595
     0.2000000        0.02590732        0.00136565
     0.3000000        0.01110338        0.00079550
     0.4000000        0.00491705        0.00072357
     0.5000000        0.00222684        0.00054547
     0.6000000        0.00101974        0.00034665
     0.7000000        0.00044572        0.00023631
     0.8000000        0.00023621        0.00015612
     0.9000000        0.00015454        0.00009889
     1.0000000        0.00006615        0.00006449
     1.1000000        0.00000965        0.00006235
     1.2000000       -0.00001204        0.00006458
     1.3000000       -0.00001360        0.00005368
     1.4000000       -0.00001038        0.00003595
     1.5000000       -0.00001335        0.00002663
     1.6000000       -0.00002843        0.00002683
     1.7000000       -0.00001788        0.00002154
     1.8000000        0.00000360        0.00001873
     1.9000000        0.00000553        0.00001758
     2.0000000        0.00000052        0.00001118
     2.1000000       -0.00000402        0.00000800
     2.2000000       -0.00001118        0.00000869
     2.3000000       -0.00001303        0.00001320
     2.4000000       -0.00001391        0.00001787
     2.5000000       -0.00001414        0.00001978
