          21           4   2.0000000000000000                1
     0.0000000        0.19293572        0.00773298
     0.1000000        0.16783758        0.00973734
     0.2000000        0.15630377        0.00836263
     0.3000000        0.15575650        0.00638085
     0.4000000        0.15898956        0.00694708
     0.5000000        0.16230837        0.00525896
     0.6000000        0.17460203        0.00335262
     0.7000000        0.18945615        0.00288060
     0.8000000        0.21269160        0.00322176
     0.9000000        0.23615586        0.00430077
     1.0000000        0.27762973        0.00440624
     1.1000000        0.31877522        0.00213214
     1.2000000        0.36419334        0.00370764
     1.3000000        0.42850513        0.00492982
     1.4000000        0.51448268        0.01013523
     1.5000000        0.61338843        0.00628040
     1.6000000        0.75309845        0.00581737
     1.7000000        0.92499437        0.00351225
     1.8000000        1.13656581        0.00443809
     1.9000000        1.43541616        0.00791197
     2.0000000        1.80706428        0.00773298
