          31           9   6.0000000000000000                1
     0.0000000        0.68912083        0.01070967
     0.1000000        0.54921326        0.01057777
     0.2000000        0.44900122        0.01014754
     0.3000000        0.37345979        0.00878326
     0.4000000        0.31501371        0.00694138
     0.5000000        0.26936198        0.00539043
     0.6000000        0.23304303        0.00425480
     0.7000000        0.20367697        0.00346349
     0.8000000        0.18013112        0.00291961
     0.9000000        0.16107430        0.00305381
     1.0000000        0.14468719        0.00356274
     1.1000000        0.13059000        0.00365080
     1.2000000        0.11911640        0.00347398
     1.3000000        0.10889603        0.00349073
     1.4000000        0.09895924        0.00349132
     1.5000000        0.08969518        0.00336707
     1.6000000        0.08116837        0.00338905
     1.7000000        0.07411554        0.00354949
     1.8000000        0.06809990        0.00366322
     1.9000000        0.06268379        0.00374314
     2.0000000        0.05815420        0.00369806
     2.1000000        0.05417383        0.00390075
     2.2000000        0.05150603        0.00416390
     2.3000000        0.04995309        0.00405802
     2.4000000        0.04852570        0.00393604
     2.5000000        0.04710072        0.00388303
     2.6000000        0.04537581        0.00397198
     2.7000000        0.04379772        0.00426643
     2.8000000        0.04320173        0.00470276
     2.9000000        0.04346966        0.00517834
     3.0000000        0.04370414        0.00537086
