   -2.356194     -2.356194
  1    1        0.77011447        0.00222775       -0.00000000        0.00000000
   -2.356194     -1.570796
  1    1        0.66701370        0.00403743        0.00000000        0.00000000
   -2.356194     -0.785398
  1    1        0.59747776        0.00259721       -0.00000000        0.00000000
   -2.356194      0.000000
  1    1        0.56540754        0.00376869        0.00000000        0.00000000
   -2.356194      0.785398
  1    1        0.59172743        0.00156129        0.00000000        0.00000000
   -2.356194      1.570796
  1    1        0.66882972        0.00313480       -0.00000000        0.00000000
   -2.356194      2.356194
  1    1        0.77181860        0.00143898       -0.00000000        0.00000000
   -2.356194      3.141593
  1    1        0.80327149        0.00388997       -0.00000000        0.00000000
   -1.570796     -2.356194
  1    1        0.66389904        0.00236800        0.00000000        0.00000000
   -1.570796     -1.570796
  1    1        0.51023347        0.00059026       -0.00000000        0.00000000
   -1.570796     -0.785398
  1    1        0.41488375        0.00247324       -0.00000000        0.00000000
   -1.570796      0.000000
  1    1        0.39327521        0.00072581       -0.00000000        0.00000000
   -1.570796      0.785398
  1    1        0.41488504        0.00133657        0.00000000        0.00000000
   -1.570796      1.570796
  1    1        0.51212830        0.00134702        0.00000000        0.00000000
   -1.570796      2.356194
  1    1        0.67129486        0.00494683        0.00000000        0.00000000
   -1.570796      3.141593
  1    1        0.79613582        0.00403258       -0.00000000        0.00000000
   -0.785398     -2.356194
  1    1        0.59614513        0.00249861       -0.00000000        0.00000000
   -0.785398     -1.570796
  1    1        0.41320621        0.00196261        0.00000000        0.00000000
   -0.785398     -0.785398
  1    1        0.26884499        0.00074494       -0.00000000        0.00000000
   -0.785398      0.000000
  1    1        0.20449329        0.00105470        0.00000000        0.00000000
   -0.785398      0.785398
  1    1        0.27246227        0.00174370       -0.00000000        0.00000000
   -0.785398      1.570796
  1    1        0.41465530        0.00220921       -0.00000000        0.00000000
   -0.785398      2.356194
  1    1        0.59674344        0.00420864       -0.00000000        0.00000000
   -0.785398      3.141593
  1    1        0.68776972        0.00388377        0.00000000        0.00000000
    0.000000     -2.356194
  1    1        0.56404008        0.00263262        0.00000000        0.00000000
    0.000000     -1.570796
  1    1        0.39350471        0.00076856       -0.00000000        0.00000000
    0.000000     -0.785398
  1    1        0.20408720        0.00108968        0.00000000        0.00000000
    0.000000      0.000000
  1    1        0.10185974        0.00230757        0.00000000        0.00000000
    0.000000      0.785398
  1    1        0.20408720        0.00108968       -0.00000000        0.00000000
    0.000000      1.570796
  1    1        0.39350471        0.00076856        0.00000000        0.00000000
    0.000000      2.356194
  1    1        0.56404008        0.00263262       -0.00000000        0.00000000
    0.000000      3.141593
  1    1        0.64821114        0.00491909        0.00000000        0.00000000
    0.785398     -2.356194
  1    1        0.59674344        0.00420864        0.00000000        0.00000000
    0.785398     -1.570796
  1    1        0.41465530        0.00220921        0.00000000        0.00000000
    0.785398     -0.785398
  1    1        0.27246227        0.00174370        0.00000000        0.00000000
    0.785398      0.000000
  1    1        0.20449329        0.00105470       -0.00000000        0.00000000
    0.785398      0.785398
  1    1        0.26884499        0.00074494        0.00000000        0.00000000
    0.785398      1.570796
  1    1        0.41320621        0.00196261       -0.00000000        0.00000000
    0.785398      2.356194
  1    1        0.59614513        0.00249861        0.00000000        0.00000000
    0.785398      3.141593
  1    1        0.68776972        0.00388377       -0.00000000        0.00000000
    1.570796     -2.356194
  1    1        0.67129486        0.00494683       -0.00000000        0.00000000
    1.570796     -1.570796
  1    1        0.51212830        0.00134702       -0.00000000        0.00000000
    1.570796     -0.785398
  1    1        0.41488504        0.00133657       -0.00000000        0.00000000
    1.570796      0.000000
  1    1        0.39327521        0.00072581        0.00000000        0.00000000
    1.570796      0.785398
  1    1        0.41488375        0.00247324        0.00000000        0.00000000
    1.570796      1.570796
  1    1        0.51023347        0.00059026        0.00000000        0.00000000
    1.570796      2.356194
  1    1        0.66389904        0.00236800       -0.00000000        0.00000000
    1.570796      3.141593
  1    1        0.79613582        0.00403258       -0.00000000        0.00000000
    2.356194     -2.356194
  1    1        0.77181860        0.00143898        0.00000000        0.00000000
    2.356194     -1.570796
  1    1        0.66882972        0.00313480        0.00000000        0.00000000
    2.356194     -0.785398
  1    1        0.59172743        0.00156129       -0.00000000        0.00000000
    2.356194      0.000000
  1    1        0.56540754        0.00376869       -0.00000000        0.00000000
    2.356194      0.785398
  1    1        0.59747776        0.00259721        0.00000000        0.00000000
    2.356194      1.570796
  1    1        0.66701370        0.00403743       -0.00000000        0.00000000
    2.356194      2.356194
  1    1        0.77011447        0.00222775        0.00000000        0.00000000
    2.356194      3.141593
  1    1        0.80327149        0.00388997        0.00000000        0.00000000
    3.141593     -2.356194
  1    1        0.80164573        0.00514163       -0.00000000        0.00000000
    3.141593     -1.570796
  1    1        0.80040300        0.00374560       -0.00000000        0.00000000
    3.141593     -0.785398
  1    1        0.68639287        0.00700180        0.00000000        0.00000000
    3.141593      0.000000
  1    1        0.64680205        0.00344480        0.00000000        0.00000000
    3.141593      0.785398
  1    1        0.68639287        0.00700180       -0.00000000        0.00000000
    3.141593      1.570796
  1    1        0.80040300        0.00374560        0.00000000        0.00000000
    3.141593      2.356194
  1    1        0.80164573        0.00514163       -0.00000000        0.00000000
    3.141593      3.141593
  1    1        0.77199714        0.00335758        0.00000000        0.00000000
