          61           9   12.000000000000000                1
     0.0000000        0.25578323        0.00887213
     0.1000000        0.15502095        0.00593306
     0.2000000        0.09609594        0.00571869
     0.3000000        0.06738156        0.00398757
     0.4000000        0.04682503        0.00333544
     0.5000000        0.03000200        0.00298538
     0.6000000        0.02003400        0.00383408
     0.7000000        0.01458967        0.00372630
     0.8000000        0.01220173        0.00352602
     0.9000000        0.00960399        0.00431178
     1.0000000        0.00969094        0.00237158
     1.1000000        0.00441573        0.00339264
     1.2000000        0.00179152        0.00307385
     1.3000000       -0.00054537        0.00278440
     1.4000000        0.00463533        0.00305028
     1.5000000        0.00549976        0.00411403
     1.6000000        0.00464856        0.00585972
     1.7000000        0.00673725        0.00490153
     1.8000000        0.00119472        0.00522315
     1.9000000        0.00208095        0.00514764
     2.0000000        0.00352656        0.00395944
     2.1000000       -0.00101130        0.00529340
     2.2000000        0.00440113        0.00450321
     2.3000000        0.00551995        0.00574954
     2.4000000        0.00276132        0.00433631
     2.5000000       -0.00044183        0.00398944
     2.6000000       -0.00081935        0.00427227
     2.7000000       -0.00317216        0.00462924
     2.8000000       -0.00358690        0.00492382
     2.9000000        0.00114004        0.00424502
     3.0000000       -0.00119906        0.00442568
     3.1000000       -0.00096056        0.00449122
     3.2000000        0.00067225        0.00369007
     3.3000000        0.00435152        0.00347937
     3.4000000        0.00013999        0.00309617
     3.5000000       -0.00113187        0.00281709
     3.6000000        0.00322397        0.00267225
     3.7000000        0.00390051        0.00435253
     3.8000000        0.00483708        0.00479005
     3.9000000        0.00341000        0.00319971
     4.0000000        0.00087822        0.00407550
     4.1000000       -0.00347805        0.00437762
     4.2000000       -0.00457474        0.00427239
     4.3000000        0.00111497        0.00323750
     4.4000000        0.00155365        0.00237809
     4.5000000       -0.00152638        0.00306985
     4.6000000        0.00261514        0.00417237
     4.7000000        0.00326581        0.00365660
     4.8000000        0.00190326        0.00206373
     4.9000000       -0.00061238        0.00191933
     5.0000000        0.00248433        0.00339278
     5.1000000        0.00024061        0.00244736
     5.2000000       -0.00318009        0.00282026
     5.3000000       -0.00322328        0.00351700
     5.4000000       -0.00364664        0.00383936
     5.5000000       -0.00218721        0.00302099
     5.6000000        0.00068462        0.00306454
     5.7000000        0.00086349        0.00460844
     5.8000000       -0.00034499        0.00444391
     5.9000000       -0.00216975        0.00293571
     6.0000000       -0.00131581        0.00422550
