   -2.356194     -2.356194
  1    1        1.52805194        0.04450212        0.00052938        0.00088480
   -2.356194     -1.570796
  1    1        1.44189275        0.03085574        0.00052938        0.00088480
   -2.356194     -0.785398
  1    1        1.42830947        0.01921120        0.00052938        0.00088480
   -2.356194      0.000000
  1    1        1.40190100        0.03301384        0.00052938        0.00088480
   -2.356194      0.785398
  1    1        1.41592254        0.05556041        0.00052938        0.00088480
   -2.356194      1.570796
  1    1        1.46533443        0.02839213        0.00052938        0.00088480
   -2.356194      2.356194
  1    1        1.52865096        0.05805430        0.00052938        0.00088480
   -2.356194      3.141593
  1    1        1.53856625        0.03173343        0.00052938        0.00088480
   -1.570796     -2.356194
  1    1        1.47880707        0.03110411        0.00074866        0.00125130
   -1.570796     -1.570796
  1    1        1.40278103        0.02878548        0.00074866        0.00125130
   -1.570796     -0.785398
  1    1        1.35710261        0.04095201        0.00074866        0.00125130
   -1.570796      0.000000
  1    1        1.33306591        0.01935770        0.00074866        0.00125130
   -1.570796      0.785398
  1    1        1.41192519        0.03311002        0.00074866        0.00125130
   -1.570796      1.570796
  1    1        1.43720271        0.03674713        0.00074866        0.00125130
   -1.570796      2.356194
  1    1        1.50527696        0.02432015        0.00074866        0.00125130
   -1.570796      3.141593
  1    1        1.52611644        0.02137693        0.00074866        0.00125130
   -0.785398     -2.356194
  1    1        1.46465131        0.05558551        0.00052938        0.00088480
   -0.785398     -1.570796
  1    1        1.44852279        0.04548114        0.00052938        0.00088480
   -0.785398     -0.785398
  1    1        1.40131967        0.01354863        0.00052938        0.00088480
   -0.785398      0.000000
  1    1        1.27998630        0.01737280        0.00052938        0.00088480
   -0.785398      0.785398
  1    1        1.37291489        0.05629099        0.00052938        0.00088480
   -0.785398      1.570796
  1    1        1.44359064        0.02769281        0.00052938        0.00088480
   -0.785398      2.356194
  1    1        1.44228243        0.03268797        0.00052938        0.00088480
   -0.785398      3.141593
  1    1        1.46167072        0.04389594        0.00052938        0.00088480
    0.000000     -2.356194
  1    1        1.42633079        0.05583039        0.00000000        0.00000000
    0.000000     -1.570796
  1    1        1.39258115        0.05302169       -0.00000000        0.00000000
    0.000000     -0.785398
  1    1        1.29261124        0.03785139        0.00000000        0.00000000
    0.000000      0.000000
  1    1        1.20539070        0.01760414        0.00000000        0.00000000
    0.000000      0.785398
  1    1        1.29261124        0.03785139       -0.00000000        0.00000000
    0.000000      1.570796
  1    1        1.39258115        0.05302169        0.00000000        0.00000000
    0.000000      2.356194
  1    1        1.42633079        0.05583039       -0.00000000        0.00000000
    0.000000      3.141593
  1    1        1.47908897        0.03507527        0.00000000        0.00000000
    0.785398     -2.356194
  1    1        1.44228243        0.03268797       -0.00052938        0.00088480
    0.785398     -1.570796
  1    1        1.44359064        0.02769281       -0.00052938        0.00088480
    0.785398     -0.785398
  1    1        1.37291489        0.05629099       -0.00052938        0.00088480
    0.785398      0.000000
  1    1        1.27998630        0.01737280       -0.00052938        0.00088480
    0.785398      0.785398
  1    1        1.40131967        0.01354863       -0.00052938        0.00088480
    0.785398      1.570796
  1    1        1.44852279        0.04548114       -0.00052938        0.00088480
    0.785398      2.356194
  1    1        1.46465131        0.05558551       -0.00052938        0.00088480
    0.785398      3.141593
  1    1        1.46167072        0.04389594       -0.00052938        0.00088480
    1.570796     -2.356194
  1    1        1.50527696        0.02432015       -0.00074866        0.00125130
    1.570796     -1.570796
  1    1        1.43720271        0.03674713       -0.00074866        0.00125130
    1.570796     -0.785398
  1    1        1.41192519        0.03311002       -0.00074866        0.00125130
    1.570796      0.000000
  1    1        1.33306591        0.01935770       -0.00074866        0.00125130
    1.570796      0.785398
  1    1        1.35710261        0.04095201       -0.00074866        0.00125130
    1.570796      1.570796
  1    1        1.40278103        0.02878548       -0.00074866        0.00125130
    1.570796      2.356194
  1    1        1.47880707        0.03110411       -0.00074866        0.00125130
    1.570796      3.141593
  1    1        1.52611644        0.02137693       -0.00074866        0.00125130
    2.356194     -2.356194
  1    1        1.52865096        0.05805430       -0.00052938        0.00088480
    2.356194     -1.570796
  1    1        1.46533443        0.02839213       -0.00052938        0.00088480
    2.356194     -0.785398
  1    1        1.41592254        0.05556041       -0.00052938        0.00088480
    2.356194      0.000000
  1    1        1.40190100        0.03301384       -0.00052938        0.00088480
    2.356194      0.785398
  1    1        1.42830947        0.01921120       -0.00052938        0.00088480
    2.356194      1.570796
  1    1        1.44189275        0.03085574       -0.00052938        0.00088480
    2.356194      2.356194
  1    1        1.52805194        0.04450212       -0.00052938        0.00088480
    2.356194      3.141593
  1    1        1.53856625        0.03173343       -0.00052938        0.00088480
    3.141593     -2.356194
  1    1        1.57601187        0.02431112        0.00000000        0.00000000
    3.141593     -1.570796
  1    1        1.50686824        0.03924061        0.00000000        0.00000000
    3.141593     -0.785398
  1    1        1.38620422        0.05280319        0.00000000        0.00000000
    3.141593      0.000000
  1    1        1.42568814        0.08558737        0.00000000        0.00000000
    3.141593      0.785398
  1    1        1.38620422        0.05280319       -0.00000000        0.00000000
    3.141593      1.570796
  1    1        1.50686824        0.03924061       -0.00000000        0.00000000
    3.141593      2.356194
  1    1        1.57601187        0.02431112       -0.00000000        0.00000000
    3.141593      3.141593
  1    1        1.59162624        0.04678674        0.00000000        0.00000000
