          11           9   2.0000000000000000                1
     0.0000000        0.38014423        0.04805378
     0.1000000        0.20750544        0.04762305
     0.2000000        0.11627780        0.04582813
     0.3000000        0.06832142        0.04317199
     0.4000000        0.04249647        0.04074093
     0.5000000        0.02518482        0.03900454
     0.6000000        0.01391969        0.03610852
     0.7000000        0.00929168        0.03291495
     0.8000000        0.00697679        0.03207474
     0.9000000        0.00605141        0.03254320
     1.0000000        0.00692884        0.03308342
