          11           4   2.0000000000000000                1
     0.0000000        0.32801627        0.01223653
     0.1000000        0.32801627        0.01223653
     0.2000000        0.32801627        0.01223653
     0.3000000        0.32801627        0.01223653
     0.4000000        0.32801627        0.01223653
     0.5000000        0.32801627        0.01223653
     0.6000000        0.32801627        0.01223653
     0.7000000        0.32801627        0.01223653
     0.8000000        0.32801627        0.01223653
     0.9000000        0.32801627        0.01223653
     1.0000000        0.32801627        0.01223653
