   -2.094395     -2.094395
  1    1        0.87809793        0.00172112        0.00000000        0.00000000
   -2.094395     -1.047198
  1    1        0.60890459        0.00200470       -0.00000000        0.00000000
   -2.094395      0.000000
  1    1        0.52821871        0.00232019       -0.00000000        0.00000000
   -2.094395      1.047198
  1    1        0.60828077        0.00134833        0.00000000        0.00000000
   -2.094395      2.094395
  1    1        0.87556390        0.00249911       -0.00000000        0.00000000
   -2.094395      3.141593
  1    1        1.04550237        0.00372095        0.00000000        0.00000000
   -1.047198     -2.094395
  1    1        0.60970441        0.00190685       -0.00000000        0.00000000
   -1.047198     -1.047198
  1    1        0.41071361        0.00143722       -0.00000000        0.00000000
   -1.047198      0.000000
  1    1        0.30046674        0.00087521        0.00000000        0.00000000
   -1.047198      1.047198
  1    1        0.41240178        0.00118416        0.00000000        0.00000000
   -1.047198      2.094395
  1    1        0.60752943        0.00123848       -0.00000000        0.00000000
   -1.047198      3.141593
  1    1        0.69551315        0.00216799       -0.00000000        0.00000000
    0.000000     -2.094395
  1    1        0.52700299        0.00104295       -0.00000000        0.00000000
    0.000000     -1.047198
  1    1        0.30059354        0.00113430        0.00000000        0.00000000
    0.000000      0.000000
  1    1        0.08997127        0.00081312        0.00000000        0.00000000
    0.000000      1.047198
  1    1        0.30059354        0.00113430       -0.00000000        0.00000000
    0.000000      2.094395
  1    1        0.52700299        0.00104295        0.00000000        0.00000000
    0.000000      3.141593
  1    1        0.59774982        0.00171864       -0.00000000        0.00000000
    1.047198     -2.094395
  1    1        0.60752943        0.00123848        0.00000000        0.00000000
    1.047198     -1.047198
  1    1        0.41240178        0.00118416       -0.00000000        0.00000000
    1.047198      0.000000
  1    1        0.30046674        0.00087521       -0.00000000        0.00000000
    1.047198      1.047198
  1    1        0.41071361        0.00143722        0.00000000        0.00000000
    1.047198      2.094395
  1    1        0.60970441        0.00190685        0.00000000        0.00000000
    1.047198      3.141593
  1    1        0.69551315        0.00216799        0.00000000        0.00000000
    2.094395     -2.094395
  1    1        0.87556390        0.00249911        0.00000000        0.00000000
    2.094395     -1.047198
  1    1        0.60828077        0.00134833       -0.00000000        0.00000000
    2.094395      0.000000
  1    1        0.52821871        0.00232019        0.00000000        0.00000000
    2.094395      1.047198
  1    1        0.60890459        0.00200470        0.00000000        0.00000000
    2.094395      2.094395
  1    1        0.87809793        0.00172112       -0.00000000        0.00000000
    2.094395      3.141593
  1    1        1.04550237        0.00372095        0.00000000        0.00000000
    3.141593     -2.094395
  1    1        1.04703626        0.00509523        0.00000000        0.00000000
    3.141593     -1.047198
  1    1        0.69632880        0.00237685       -0.00000000        0.00000000
    3.141593      0.000000
  1    1        0.59678045        0.00154962       -0.00000000        0.00000000
    3.141593      1.047198
  1    1        0.69632880        0.00237685        0.00000000        0.00000000
    3.141593      2.094395
  1    1        1.04703626        0.00509523        0.00000000        0.00000000
    3.141593      3.141593
  1    1        5.42667664        0.05141883        0.00000000        0.00000000
