 0.10000000000000000E+001          1         36
( 0.10000000000000000E+001, 0.00000000000000000E+000)
-0.20943951023931953E+001 -0.20943951023931953E+001
( 0.87377793575701279E+000, 0.49343245538895848E-015)
-0.20943951023931953E+001 -0.10471975511965976E+001
( 0.61018438781548379E+000,-0.10855514018557085E-014)
-0.20943951023931953E+001  0.00000000000000000E+000
( 0.53094565874435040E+000,-0.19656763454123032E-014)
-0.20943951023931953E+001  0.10471975511965976E+001
( 0.61345454731314819E+000, 0.98686491077791687E-016)
-0.20943951023931953E+001  0.20943951023931953E+001
( 0.87894547875805040E+000,-0.69080543754454176E-015)
-0.20943951023931953E+001  0.31415926535897931E+001
( 0.10435485421276045E+001,-0.13028466174759313E-014)
-0.10471975511965976E+001 -0.20943951023931953E+001
( 0.60672184953007324E+000,-0.59211894646675012E-015)
-0.10471975511965976E+001 -0.10471975511965976E+001
( 0.41149442006628173E+000, 0.59211894646675012E-015)
-0.10471975511965976E+001  0.00000000000000000E+000
( 0.29848891233448366E+000, 0.98283817270615159E-015)
-0.10471975511965976E+001  0.10471975511965976E+001
( 0.41227206403413869E+000, 0.49343245538895848E-015)
-0.10471975511965976E+001  0.20943951023931953E+001
( 0.60259630346671200E+000,-0.98686491077791687E-016)
-0.10471975511965976E+001  0.31415926535897931E+001
( 0.69103105210906013E+000,-0.10097907016616793E-014)
 0.00000000000000000E+000 -0.20943951023931953E+001
( 0.52377068637753332E+000,-0.10855514018557085E-014)
 0.00000000000000000E+000 -0.10471975511965976E+001
( 0.29996135988256972E+000, 0.12829243840112920E-014)
 0.00000000000000000E+000  0.00000000000000000E+000
( 0.36090772548598416E+002, 0.00000000000000000E+000)
 0.00000000000000000E+000  0.10471975511965976E+001
( 0.29996135988256972E+000,-0.12829243840112920E-014)
 0.00000000000000000E+000  0.20943951023931953E+001
( 0.52377068637753332E+000, 0.10855514018557085E-014)
 0.00000000000000000E+000  0.31415926535897931E+001
( 0.58796038115489246E+000,-0.22013290016106098E-014)
 0.10471975511965976E+001 -0.20943951023931953E+001
( 0.60259630346671200E+000, 0.98686491077791687E-016)
 0.10471975511965976E+001 -0.10471975511965976E+001
( 0.41227206403413869E+000,-0.49343245538895848E-015)
 0.10471975511965976E+001  0.00000000000000000E+000
( 0.29848891233448366E+000,-0.98283817270615159E-015)
 0.10471975511965976E+001  0.10471975511965976E+001
( 0.41149442006628173E+000,-0.59211894646675012E-015)
 0.10471975511965976E+001  0.20943951023931953E+001
( 0.60672184953007324E+000, 0.59211894646675012E-015)
 0.10471975511965976E+001  0.31415926535897931E+001
( 0.69103105210906091E+000,-0.20730833065835853E-015)
 0.20943951023931953E+001 -0.20943951023931953E+001
( 0.87894547875805040E+000, 0.69080543754454176E-015)
 0.20943951023931953E+001 -0.10471975511965976E+001
( 0.61345454731314819E+000,-0.98686491077791687E-016)
 0.20943951023931953E+001  0.00000000000000000E+000
( 0.53094565874435040E+000, 0.19656763454123032E-014)
 0.20943951023931953E+001  0.10471975511965976E+001
( 0.61018438781548379E+000, 0.10855514018557085E-014)
 0.20943951023931953E+001  0.20943951023931953E+001
( 0.87377793575701257E+000,-0.49343245538895848E-015)
 0.20943951023931953E+001  0.31415926535897931E+001
( 0.10435485421276043E+001, 0.14343942479402610E-014)
 0.31415926535897931E+001 -0.20943951023931953E+001
( 0.10421112356860278E+001,-0.98686491077791687E-016)
 0.31415926535897931E+001 -0.10471975511965976E+001
( 0.69588551529283893E+000,-0.59211894646675012E-015)
 0.31415926535897931E+001  0.00000000000000000E+000
( 0.60150980104095841E+000,-0.22015583424378876E-014)
 0.31415926535897931E+001  0.10471975511965976E+001
( 0.69588551529283871E+000,-0.19737298215558337E-015)
 0.31415926535897931E+001  0.20943951023931953E+001
( 0.10421112356860280E+001, 0.78949192862233350E-015)
 0.31415926535897931E+001  0.31415926535897931E+001
( 0.53985706527298918E+001, 0.50272882081261371E-015)
 0.10000000000000000E+001          1         36
( 0.99999999999999967E+000, 0.00000000000000000E+000)
-0.20943951023931953E+001 -0.20943951023931953E+001
( 0.88009097690676030E+000, 0.14802973661668753E-014)
-0.20943951023931953E+001 -0.10471975511965976E+001
( 0.61981571295635751E+000,-0.59211894646675012E-015)
-0.20943951023931953E+001  0.00000000000000000E+000
( 0.53405840455980103E+000,-0.28770738205253238E-015)
-0.20943951023931953E+001  0.10471975511965976E+001
( 0.60795561268548926E+000, 0.12829243840112920E-014)
-0.20943951023931953E+001  0.20943951023931953E+001
( 0.88780155602157751E+000, 0.78949192862233350E-015)
-0.20943951023931953E+001  0.31415926535897931E+001
( 0.10567864079296241E+001,-0.41335990860304881E-015)
-0.10471975511965976E+001 -0.20943951023931953E+001
( 0.61340455323312326E+000,-0.19737298215558337E-015)
-0.10471975511965976E+001 -0.10471975511965976E+001
( 0.41484264662182418E+000, 0.98686491077791687E-016)
-0.10471975511965976E+001  0.00000000000000000E+000
( 0.30449793364852257E+000, 0.16734943027320376E-014)
-0.10471975511965976E+001  0.10471975511965976E+001
( 0.41912595284055498E+000, 0.88817841970012523E-015)
-0.10471975511965976E+001  0.20943951023931953E+001
( 0.60721490233912068E+000,-0.13816108750890835E-014)
-0.10471975511965976E+001  0.31415926535897931E+001
( 0.70487744640924999E+000,-0.51538297450899095E-015)
 0.00000000000000000E+000 -0.20943951023931953E+001
( 0.52993984059231358E+000,-0.11842378929335002E-014)
 0.00000000000000000E+000 -0.10471975511965976E+001
( 0.30623235188011366E+000, 0.21711028037114170E-014)
 0.00000000000000000E+000  0.00000000000000000E+000
( 0.36092319561733888E+002, 0.00000000000000000E+000)
 0.00000000000000000E+000  0.10471975511965976E+001
( 0.30623235188011366E+000,-0.21711028037114170E-014)
 0.00000000000000000E+000  0.20943951023931953E+001
( 0.52993984059231358E+000, 0.11842378929335002E-014)
 0.00000000000000000E+000  0.31415926535897931E+001
( 0.59677441953094656E+000,-0.22008715531191299E-014)
 0.10471975511965976E+001 -0.20943951023931953E+001
( 0.60721490233912068E+000, 0.13816108750890835E-014)
 0.10471975511965976E+001 -0.10471975511965976E+001
( 0.41912595284055498E+000,-0.88817841970012523E-015)
 0.10471975511965976E+001  0.00000000000000000E+000
( 0.30449793364852257E+000,-0.16734943027320376E-014)
 0.10471975511965976E+001  0.10471975511965976E+001
( 0.41484264662182418E+000,-0.98686491077791687E-016)
 0.10471975511965976E+001  0.20943951023931953E+001
( 0.61340455323312326E+000, 0.19737298215558337E-015)
 0.10471975511965976E+001  0.31415926535897931E+001
( 0.70487744640924921E+000,-0.10307944594386112E-015)
 0.20943951023931953E+001 -0.20943951023931953E+001
( 0.88780155602157751E+000,-0.78949192862233350E-015)
 0.20943951023931953E+001 -0.10471975511965976E+001
( 0.60795561268548926E+000,-0.12829243840112920E-014)
 0.20943951023931953E+001  0.00000000000000000E+000
( 0.53405840455980103E+000, 0.28770738205253238E-015)
 0.20943951023931953E+001  0.10471975511965976E+001
( 0.61981571295635751E+000, 0.59211894646675012E-015)
 0.20943951023931953E+001  0.20943951023931953E+001
( 0.88009097690676008E+000,-0.14802973661668753E-014)
 0.20943951023931953E+001  0.31415926535897931E+001
( 0.10567864079296239E+001,-0.44847503711097428E-015)
 0.31415926535897931E+001 -0.20943951023931953E+001
( 0.10566485210254204E+001, 0.49343245538895848E-015)
 0.31415926535897931E+001 -0.10471975511965976E+001
( 0.70950167983013723E+000,-0.11842378929335002E-014)
 0.31415926535897931E+001  0.00000000000000000E+000
( 0.60598680124567583E+000,-0.22010242410217138E-014)
 0.31415926535897931E+001  0.10471975511965976E+001
( 0.70950167983013701E+000, 0.78949192862233350E-015)
 0.31415926535897931E+001  0.20943951023931953E+001
( 0.10566485210254200E+001, 0.19737298215558337E-015)
 0.31415926535897931E+001  0.31415926535897931E+001
( 0.55672803964566020E+001, 0.52253768266739395E-015)
 0.10000000000000000E+001          1         36
( 0.10000000000000000E+001, 0.00000000000000000E+000)
-0.20943951023931953E+001 -0.20943951023931953E+001
( 0.87867170675778328E+000, 0.59211894646675012E-015)
-0.20943951023931953E+001 -0.10471975511965976E+001
( 0.60865132825486268E+000,-0.16776703483224587E-014)
-0.20943951023931953E+001  0.00000000000000000E+000
( 0.52381214447839275E+000,-0.78122722788488009E-015)
-0.20943951023931953E+001  0.10471975511965976E+001
( 0.60611913405446893E+000,-0.59211894646675012E-015)
-0.20943951023931953E+001  0.20943951023931953E+001
( 0.87991897376439687E+000,-0.88817841970012523E-015)
-0.20943951023931953E+001  0.31415926535897931E+001
( 0.10304150831231353E+001,-0.71053259533248097E-015)
-0.10471975511965976E+001 -0.20943951023931953E+001
( 0.60560835127114254E+000, 0.00000000000000000E+000)
-0.10471975511965976E+001 -0.10471975511965976E+001
( 0.40982231349221215E+000, 0.00000000000000000E+000)
-0.10471975511965976E+001  0.00000000000000000E+000
( 0.29814023516129018E+000, 0.39061361394244005E-015)
-0.10471975511965976E+001  0.10471975511965976E+001
( 0.40913996270304542E+000, 0.49343245538895848E-015)
-0.10471975511965976E+001  0.20943951023931953E+001
( 0.60738767286354811E+000, 0.88817841970012523E-015)
-0.10471975511965976E+001  0.31415926535897931E+001
( 0.69095854218558206E+000,-0.23912075709966868E-014)
 0.00000000000000000E+000 -0.20943951023931953E+001
( 0.52789320129421413E+000,-0.12829243840112920E-014)
 0.00000000000000000E+000 -0.10471975511965976E+001
( 0.30033964427045851E+000, 0.18750433304780422E-014)
 0.00000000000000000E+000  0.00000000000000000E+000
( 0.36090023886083380E+002, 0.00000000000000000E+000)
 0.00000000000000000E+000  0.10471975511965976E+001
( 0.30033964427045851E+000,-0.18750433304780422E-014)
 0.00000000000000000E+000  0.20943951023931953E+001
( 0.52789320129421413E+000, 0.12829243840112920E-014)
 0.00000000000000000E+000  0.31415926535897931E+001
( 0.60089187329668581E+000,-0.22009498697232294E-014)
 0.10471975511965976E+001 -0.20943951023931953E+001
( 0.60738767286354811E+000,-0.88817841970012523E-015)
 0.10471975511965976E+001 -0.10471975511965976E+001
( 0.40913996270304542E+000,-0.49343245538895848E-015)
 0.10471975511965976E+001  0.00000000000000000E+000
( 0.29814023516129018E+000,-0.39061361394244005E-015)
 0.10471975511965976E+001  0.10471975511965976E+001
( 0.40982231349221215E+000, 0.00000000000000000E+000)
 0.10471975511965976E+001  0.20943951023931953E+001
( 0.60560835127114254E+000, 0.00000000000000000E+000)
 0.10471975511965976E+001  0.31415926535897931E+001
( 0.69095854218558173E+000, 0.97790173089077154E-015)
 0.20943951023931953E+001 -0.20943951023931953E+001
( 0.87991897376439687E+000, 0.88817841970012523E-015)
 0.20943951023931953E+001 -0.10471975511965976E+001
( 0.60611913405446893E+000, 0.59211894646675012E-015)
 0.20943951023931953E+001  0.00000000000000000E+000
( 0.52381214447839275E+000, 0.78122722788488009E-015)
 0.20943951023931953E+001  0.10471975511965976E+001
( 0.60865132825486268E+000, 0.16776703483224587E-014)
 0.20943951023931953E+001  0.20943951023931953E+001
( 0.87867170675778306E+000,-0.59211894646675012E-015)
 0.20943951023931953E+001  0.31415926535897931E+001
( 0.10304150831231360E+001, 0.64354106927152098E-015)
 0.31415926535897931E+001 -0.20943951023931953E+001
( 0.10458621856651273E+001, 0.59211894646675012E-015)
 0.31415926535897931E+001 -0.10471975511965976E+001
( 0.69409708394446079E+000,-0.29605947323337506E-015)
 0.31415926535897931E+001  0.00000000000000000E+000
( 0.59623345289522689E+000,-0.22010046803208077E-014)
 0.31415926535897931E+001  0.10471975511965976E+001
( 0.69409708394446068E+000,-0.29605947323337506E-015)
 0.31415926535897931E+001  0.20943951023931953E+001
( 0.10458621856651276E+001, 0.29605947323337506E-015)
 0.31415926535897931E+001  0.31415926535897931E+001
( 0.54130252910033105E+001, 0.50495138746985210E-015)
 0.10000000000000000E+001          1         36
( 0.99999999999999978E+000, 0.00000000000000000E+000)
-0.20943951023931953E+001 -0.20943951023931953E+001
( 0.87387443404498921E+000, 0.12829243840112920E-014)
-0.20943951023931953E+001 -0.10471975511965976E+001
( 0.60865696807134173E+000,-0.19737298215558337E-015)
-0.20943951023931953E+001  0.00000000000000000E+000
( 0.52886447414272475E+000,-0.14719994488970229E-014)
-0.20943951023931953E+001  0.10471975511965976E+001
( 0.60728238347917352E+000, 0.22697892947892088E-014)
-0.20943951023931953E+001  0.20943951023931953E+001
( 0.87285323399052761E+000,-0.19737298215558339E-014)
-0.20943951023931953E+001  0.31415926535897931E+001
( 0.10319312659412909E+001, 0.37391006004480576E-015)
-0.10471975511965976E+001 -0.20943951023931953E+001
( 0.60628503026766056E+000,-0.69080543754454176E-015)
-0.10471975511965976E+001 -0.10471975511965976E+001
( 0.41048511715853614E+000,-0.69080543754454176E-015)
-0.10471975511965976E+001  0.00000000000000000E+000
( 0.30127631991060172E+000,-0.49758141402388455E-015)
-0.10471975511965976E+001  0.10471975511965976E+001
( 0.41044558675070142E+000,-0.17763568394002505E-014)
-0.10471975511965976E+001  0.20943951023931953E+001
( 0.60385239270818958E+000, 0.78949192862233350E-015)
-0.10471975511965976E+001  0.31415926535897931E+001
( 0.68827280483076014E+000, 0.74824860282835417E-016)
 0.00000000000000000E+000 -0.20943951023931953E+001
( 0.52164758560607849E+000,-0.21711028037114170E-014)
 0.00000000000000000E+000 -0.10471975511965976E+001
( 0.29775723567133527E+000, 0.19737298215558339E-014)
 0.00000000000000000E+000  0.00000000000000000E+000
( 0.36086381306954429E+002, 0.00000000000000000E+000)
 0.00000000000000000E+000  0.10471975511965976E+001
( 0.29775723567133527E+000,-0.19737298215558339E-014)
 0.00000000000000000E+000  0.20943951023931953E+001
( 0.52164758560607849E+000, 0.21711028037114170E-014)
 0.00000000000000000E+000  0.31415926535897931E+001
( 0.59223048220847041E+000,-0.22008085698396828E-014)
 0.10471975511965976E+001 -0.20943951023931953E+001
( 0.60385239270818958E+000,-0.78949192862233350E-015)
 0.10471975511965976E+001 -0.10471975511965976E+001
( 0.41044558675070142E+000, 0.17763568394002505E-014)
 0.10471975511965976E+001  0.00000000000000000E+000
( 0.30127631991060172E+000, 0.49758141402388455E-015)
 0.10471975511965976E+001  0.10471975511965976E+001
( 0.41048511715853614E+000, 0.69080543754454176E-015)
 0.10471975511965976E+001  0.20943951023931953E+001
( 0.60628503026766056E+000, 0.69080543754454176E-015)
 0.10471975511965976E+001  0.31415926535897931E+001
( 0.68827280483076014E+000, 0.47886224554915925E-015)
 0.20943951023931953E+001 -0.20943951023931953E+001
( 0.87285323399052761E+000, 0.19737298215558339E-014)
 0.20943951023931953E+001 -0.10471975511965976E+001
( 0.60728238347917352E+000,-0.22697892947892088E-014)
 0.20943951023931953E+001  0.00000000000000000E+000
( 0.52886447414272475E+000, 0.14719994488970229E-014)
 0.20943951023931953E+001  0.10471975511965976E+001
( 0.60865696807134173E+000, 0.19737298215558337E-015)
 0.20943951023931953E+001  0.20943951023931953E+001
( 0.87387443404498910E+000,-0.12829243840112920E-014)
 0.20943951023931953E+001  0.31415926535897931E+001
( 0.10319312659412909E+001, 0.75007318244565852E-015)
 0.31415926535897931E+001 -0.20943951023931953E+001
( 0.10307221720992155E+001, 0.29605947323337506E-015)
 0.31415926535897931E+001 -0.10471975511965976E+001
( 0.69798319818712617E+000, 0.39474596431116675E-015)
 0.31415926535897931E+001  0.00000000000000000E+000
( 0.59758890793874286E+000,-0.22009333113133969E-014)
 0.31415926535897931E+001  0.10471975511965976E+001
( 0.69798319818712573E+000, 0.00000000000000000E+000)
 0.31415926535897931E+001  0.20943951023931953E+001
( 0.10307221720992155E+001, 0.59211894646675012E-015)
 0.31415926535897931E+001  0.31415926535897931E+001
( 0.52446182810960815E+001, 0.48659027830884486E-015)
 0.10000000000000000E+001          1         36
( 0.10000000000000000E+001, 0.00000000000000000E+000)
-0.20943951023931953E+001 -0.20943951023931953E+001
( 0.88347508547954534E+000, 0.13816108750890835E-014)
-0.20943951023931953E+001 -0.10471975511965976E+001
( 0.61470230749669963E+000,-0.69080543754454176E-015)
-0.20943951023931953E+001  0.00000000000000000E+000
( 0.53951997298365206E+000,-0.14719367548515981E-014)
-0.20943951023931953E+001  0.10471975511965976E+001
( 0.61477644200694082E+000, 0.69080543754454176E-015)
-0.20943951023931953E+001  0.20943951023931953E+001
( 0.88103062940357790E+000,-0.98686491077791687E-016)
-0.20943951023931953E+001  0.31415926535897931E+001
( 0.10625552364384976E+001,-0.21496450624620230E-015)
-0.10471975511965976E+001 -0.20943951023931953E+001
( 0.61197516007405850E+000,-0.19737298215558337E-015)
-0.10471975511965976E+001 -0.10471975511965976E+001
( 0.41750851151026813E+000,-0.29605947323337506E-015)
-0.10471975511965976E+001  0.00000000000000000E+000
( 0.30351181183553694E+000, 0.10813710961980699E-014)
-0.10471975511965976E+001  0.10471975511965976E+001
( 0.41309448972206325E+000, 0.29605947323337506E-015)
-0.10471975511965976E+001  0.20943951023931953E+001
( 0.60813725569813992E+000,-0.59211894646675012E-015)
-0.10471975511965976E+001  0.31415926535897931E+001
( 0.69485399531048564E+000, 0.47143523662364416E-015)
 0.00000000000000000E+000 -0.20943951023931953E+001
( 0.52527356878717524E+000,-0.78949192862233350E-015)
 0.00000000000000000E+000 -0.10471975511965976E+001
( 0.29941516769605159E+000, 0.78949192862233350E-015)
 0.00000000000000000E+000  0.00000000000000000E+000
( 0.36087537406711583E+002, 0.00000000000000000E+000)
 0.00000000000000000E+000  0.10471975511965976E+001
( 0.29941516769605159E+000,-0.78949192862233350E-015)
 0.00000000000000000E+000  0.20943951023931953E+001
( 0.52527356878717524E+000, 0.78949192862233350E-015)
 0.00000000000000000E+000  0.31415926535897931E+001
( 0.59608531785355323E+000,-0.22008843366812602E-014)
 0.10471975511965976E+001 -0.20943951023931953E+001
( 0.60813725569813992E+000, 0.59211894646675012E-015)
 0.10471975511965976E+001 -0.10471975511965976E+001
( 0.41309448972206325E+000,-0.29605947323337506E-015)
 0.10471975511965976E+001  0.00000000000000000E+000
( 0.30351181183553694E+000,-0.10813710961980699E-014)
 0.10471975511965976E+001  0.10471975511965976E+001
( 0.41750851151026813E+000, 0.29605947323337506E-015)
 0.10471975511965976E+001  0.20943951023931953E+001
( 0.61197516007405850E+000, 0.19737298215558337E-015)
 0.10471975511965976E+001  0.31415926535897931E+001
( 0.69485399531048520E+000,-0.69329365094393114E-015)
 0.20943951023931953E+001 -0.20943951023931953E+001
( 0.88103062940357790E+000, 0.98686491077791687E-016)
 0.20943951023931953E+001 -0.10471975511965976E+001
( 0.61477644200694082E+000,-0.69080543754454176E-015)
 0.20943951023931953E+001  0.00000000000000000E+000
( 0.53951997298365206E+000, 0.14719367548515981E-014)
 0.20943951023931953E+001  0.10471975511965976E+001
( 0.61470230749669963E+000, 0.69080543754454176E-015)
 0.20943951023931953E+001  0.20943951023931953E+001
( 0.88347508547954512E+000,-0.13816108750890835E-014)
 0.20943951023931953E+001  0.31415926535897931E+001
( 0.10625552364384967E+001, 0.53550941164428107E-015)
 0.31415926535897931E+001 -0.20943951023931953E+001
( 0.10751881908758048E+001, 0.29605947323337506E-015)
 0.31415926535897931E+001 -0.10471975511965976E+001
( 0.70331087579979734E+000,-0.39474596431116675E-015)
 0.31415926535897931E+001  0.00000000000000000E+000
( 0.60137024154492569E+000,-0.22018037155537316E-014)
 0.31415926535897931E+001  0.10471975511965976E+001
( 0.70331087579979656E+000, 0.00000000000000000E+000)
 0.31415926535897931E+001  0.20943951023931953E+001
( 0.10751881908758045E+001, 0.98686491077791687E-016)
 0.31415926535897931E+001  0.31415926535897931E+001
( 0.56721054417005696E+001, 0.53073732030623286E-015)
 0.10000000000000000E+001          1         36
( 0.10000000000000000E+001, 0.00000000000000000E+000)
-0.20943951023931953E+001 -0.20943951023931953E+001
( 0.86824687595506223E+000, 0.00000000000000000E+000)
-0.20943951023931953E+001 -0.10471975511965976E+001
( 0.60323691205561003E+000,-0.59211894646675012E-015)
-0.20943951023931953E+001  0.00000000000000000E+000
( 0.52174217904633791E+000,-0.27548026665728672E-014)
-0.20943951023931953E+001  0.10471975511965976E+001
( 0.60559567046797791E+000, 0.00000000000000000E+000)
-0.20943951023931953E+001  0.20943951023931953E+001
( 0.86745937637731574E+000, 0.98686491077791687E-016)
-0.20943951023931953E+001  0.31415926535897931E+001
( 0.10395021935951216E+001, 0.47259105781362926E-015)
-0.10471975511965976E+001 -0.20943951023931953E+001
( 0.60153008598187396E+000,-0.49343245538895848E-015)
-0.10471975511965976E+001 -0.10471975511965976E+001
( 0.40499773192787930E+000, 0.69080543754454176E-015)
-0.10471975511965976E+001  0.00000000000000000E+000
( 0.29945052667116850E+000, 0.19316344035293355E-015)
-0.10471975511965976E+001  0.10471975511965976E+001
( 0.41165135542650871E+000,-0.19737298215558337E-015)
-0.10471975511965976E+001  0.20943951023931953E+001
( 0.60356833790104292E+000,-0.39474596431116675E-015)
-0.10471975511965976E+001  0.31415926535897931E+001
( 0.69011194749054106E+000,-0.22135125967131805E-015)
 0.00000000000000000E+000 -0.20943951023931953E+001
( 0.52420497100353391E+000,-0.13816108750890835E-014)
 0.00000000000000000E+000 -0.10471975511965976E+001
( 0.29661563942680380E+000, 0.78949192862233350E-015)
 0.00000000000000000E+000  0.00000000000000000E+000
( 0.36089040535649730E+002, 0.00000000000000000E+000)
 0.00000000000000000E+000  0.10471975511965976E+001
( 0.29661563942680380E+000,-0.78949192862233350E-015)
 0.00000000000000000E+000  0.20943951023931953E+001
( 0.52420497100353391E+000, 0.13816108750890835E-014)
 0.00000000000000000E+000  0.31415926535897931E+001
( 0.59378365303320557E+000,-0.22013292909540227E-014)
 0.10471975511965976E+001 -0.20943951023931953E+001
( 0.60356833790104292E+000, 0.39474596431116675E-015)
 0.10471975511965976E+001 -0.10471975511965976E+001
( 0.41165135542650871E+000, 0.19737298215558337E-015)
 0.10471975511965976E+001  0.00000000000000000E+000
( 0.29945052667116850E+000,-0.19316344035293355E-015)
 0.10471975511965976E+001  0.10471975511965976E+001
( 0.40499773192787930E+000,-0.69080543754454176E-015)
 0.10471975511965976E+001  0.20943951023931953E+001
( 0.60153008598187396E+000, 0.49343245538895848E-015)
 0.10471975511965976E+001  0.31415926535897931E+001
( 0.69011194749054106E+000, 0.77456079200226265E-015)
 0.20943951023931953E+001 -0.20943951023931953E+001
( 0.86745937637731574E+000,-0.98686491077791687E-016)
 0.20943951023931953E+001 -0.10471975511965976E+001
( 0.60559567046797791E+000, 0.00000000000000000E+000)
 0.20943951023931953E+001  0.00000000000000000E+000
( 0.52174217904633791E+000, 0.27548026665728672E-014)
 0.20943951023931953E+001  0.10471975511965976E+001
( 0.60323691205561003E+000, 0.59211894646675012E-015)
 0.20943951023931953E+001  0.20943951023931953E+001
( 0.86824687595506200E+000, 0.00000000000000000E+000)
 0.20943951023931953E+001  0.31415926535897931E+001
( 0.10395021935951234E+001, 0.59750811711134841E-016)
 0.31415926535897931E+001 -0.20943951023931953E+001
( 0.10285359530269589E+001, 0.78949192862233350E-015)
 0.31415926535897931E+001 -0.10471975511965976E+001
( 0.69068400865133073E+000,-0.12829243840112920E-014)
 0.31415926535897931E+001  0.00000000000000000E+000
( 0.59348801880780322E+000,-0.22006986147417059E-014)
 0.31415926535897931E+001  0.10471975511965976E+001
( 0.69068400865133106E+000, 0.14802973661668753E-014)
 0.31415926535897931E+001  0.20943951023931953E+001
( 0.10285359530269589E+001, 0.98686491077791687E-016)
 0.31415926535897931E+001  0.31415926535897931E+001
( 0.52503251010467276E+001, 0.48611706543500584E-015)
 0.10000000000000000E+001          1         36
( 0.99999999999999978E+000, 0.00000000000000000E+000)
-0.20943951023931953E+001 -0.20943951023931953E+001
( 0.87513481843703655E+000, 0.19737298215558337E-015)
-0.20943951023931953E+001 -0.10471975511965976E+001
( 0.60719284487390823E+000,-0.14802973661668753E-014)
-0.20943951023931953E+001  0.00000000000000000E+000
( 0.52358441703949521E+000,-0.11759072839076143E-014)
-0.20943951023931953E+001  0.10471975511965976E+001
( 0.60160140361180059E+000,-0.78949192862233350E-015)
-0.20943951023931953E+001  0.20943951023931953E+001
( 0.87115570034959944E+000, 0.29605947323337506E-015)
-0.20943951023931953E+001  0.31415926535897931E+001
( 0.10489934398866174E+001,-0.11868769933470457E-015)
-0.10471975511965976E+001 -0.20943951023931953E+001
( 0.60891379771574161E+000, 0.29605947323337506E-015)
-0.10471975511965976E+001 -0.10471975511965976E+001
( 0.40863414751004262E+000, 0.00000000000000000E+000)
-0.10471975511965976E+001  0.00000000000000000E+000
( 0.29922281628639402E+000, 0.98269960626497381E-015)
-0.10471975511965976E+001  0.10471975511965976E+001
( 0.40949749477943104E+000, 0.19737298215558337E-015)
-0.10471975511965976E+001  0.20943951023931953E+001
( 0.60680815650692899E+000, 0.29605947323337506E-015)
-0.10471975511965976E+001  0.31415926535897931E+001
( 0.69115768687409584E+000, 0.56874008819840423E-015)
 0.00000000000000000E+000 -0.20943951023931953E+001
( 0.52823428177102660E+000, 0.29605947323337506E-015)
 0.00000000000000000E+000 -0.10471975511965976E+001
( 0.29820384636520175E+000, 0.69080543754454176E-015)
 0.00000000000000000E+000  0.00000000000000000E+000
( 0.36091060611364973E+002, 0.00000000000000000E+000)
 0.00000000000000000E+000  0.10471975511965976E+001
( 0.29820384636520175E+000,-0.69080543754454176E-015)
 0.00000000000000000E+000  0.20943951023931953E+001
( 0.52823428177102660E+000,-0.29605947323337506E-015)
 0.00000000000000000E+000  0.31415926535897931E+001
( 0.60038736949654015E+000,-0.22013475729045612E-014)
 0.10471975511965976E+001 -0.20943951023931953E+001
( 0.60680815650692899E+000,-0.29605947323337506E-015)
 0.10471975511965976E+001 -0.10471975511965976E+001
( 0.40949749477943104E+000,-0.19737298215558337E-015)
 0.10471975511965976E+001  0.00000000000000000E+000
( 0.29922281628639402E+000,-0.98269960626497381E-015)
 0.10471975511965976E+001  0.10471975511965976E+001
( 0.40863414751004262E+000, 0.00000000000000000E+000)
 0.10471975511965976E+001  0.20943951023931953E+001
( 0.60891379771574161E+000,-0.29605947323337506E-015)
 0.10471975511965976E+001  0.31415926535897931E+001
( 0.69115768687409507E+000,-0.40619846455223841E-015)
 0.20943951023931953E+001 -0.20943951023931953E+001
( 0.87115570034959944E+000,-0.29605947323337506E-015)
 0.20943951023931953E+001 -0.10471975511965976E+001
( 0.60160140361180059E+000, 0.78949192862233350E-015)
 0.20943951023931953E+001  0.00000000000000000E+000
( 0.52358441703949521E+000, 0.11759072839076143E-014)
 0.20943951023931953E+001  0.10471975511965976E+001
( 0.60719284487390823E+000, 0.14802973661668753E-014)
 0.20943951023931953E+001  0.20943951023931953E+001
( 0.87513481843703644E+000,-0.19737298215558337E-015)
 0.20943951023931953E+001  0.31415926535897931E+001
( 0.10489934398866176E+001, 0.14364434418554144E-014)
 0.31415926535897931E+001 -0.20943951023931953E+001
( 0.10395077850473162E+001, 0.78949192862233350E-015)
 0.31415926535897931E+001 -0.10471975511965976E+001
( 0.68780423521619016E+000, 0.98686491077791687E-016)
 0.31415926535897931E+001  0.00000000000000000E+000
( 0.59290607476030344E+000,-0.22011114380659368E-014)
 0.31415926535897931E+001  0.10471975511965976E+001
( 0.68780423521618961E+000,-0.49343245538895848E-015)
 0.31415926535897931E+001  0.20943951023931953E+001
( 0.10395077850473164E+001,-0.49343245538895848E-015)
 0.31415926535897931E+001  0.31415926535897931E+001
( 0.53810910413100670E+001, 0.49903193850878102E-015)
 0.10000000000000000E+001          1         36
( 0.99999999999999944E+000, 0.00000000000000000E+000)
-0.20943951023931953E+001 -0.20943951023931953E+001
( 0.88071596089550486E+000, 0.00000000000000000E+000)
-0.20943951023931953E+001 -0.10471975511965976E+001
( 0.61132480476627860E+000,-0.59211894646675012E-015)
-0.20943951023931953E+001  0.00000000000000000E+000
( 0.53094881991818033E+000,-0.17681093196822044E-014)
-0.20943951023931953E+001  0.10471975511965976E+001
( 0.60943536866079939E+000,-0.59211894646675012E-015)
-0.20943951023931953E+001  0.20943951023931953E+001
( 0.87895836457057719E+000, 0.88817841970012523E-015)
-0.20943951023931953E+001  0.31415926535897931E+001
( 0.10483196292578871E+001, 0.80277844815777585E-016)
-0.10471975511965976E+001 -0.20943951023931953E+001
( 0.61843233850860613E+000,-0.19737298215558337E-015)
-0.10471975511965976E+001 -0.10471975511965976E+001
( 0.41390901159785598E+000, 0.00000000000000000E+000)
-0.10471975511965976E+001  0.00000000000000000E+000
( 0.30208770956898412E+000, 0.39062220445214391E-015)
-0.10471975511965976E+001  0.10471975511965976E+001
( 0.41652630373512689E+000, 0.14802973661668753E-014)
-0.10471975511965976E+001  0.20943951023931953E+001
( 0.61242874228850153E+000,-0.39474596431116675E-015)
-0.10471975511965976E+001  0.31415926535897931E+001
( 0.70321876034513164E+000,-0.22331404059591362E-016)
 0.00000000000000000E+000 -0.20943951023931953E+001
( 0.53106337824778238E+000,-0.59211894646675012E-015)
 0.00000000000000000E+000 -0.10471975511965976E+001
( 0.30386351344974694E+000, 0.98686491077791697E-015)
 0.00000000000000000E+000  0.00000000000000000E+000
( 0.36093213249067965E+002, 0.00000000000000000E+000)
 0.00000000000000000E+000  0.10471975511965976E+001
( 0.30386351344974694E+000,-0.98686491077791697E-015)
 0.00000000000000000E+000  0.20943951023931953E+001
( 0.53106337824778238E+000, 0.59211894646675012E-015)
 0.00000000000000000E+000  0.31415926535897931E+001
( 0.60023241677491346E+000,-0.22011422271424655E-014)
 0.10471975511965976E+001 -0.20943951023931953E+001
( 0.61242874228850153E+000, 0.39474596431116675E-015)
 0.10471975511965976E+001 -0.10471975511965976E+001
( 0.41652630373512689E+000,-0.14802973661668753E-014)
 0.10471975511965976E+001  0.00000000000000000E+000
( 0.30208770956898412E+000,-0.39062220445214391E-015)
 0.10471975511965976E+001  0.10471975511965976E+001
( 0.41390901159785598E+000, 0.00000000000000000E+000)
 0.10471975511965976E+001  0.20943951023931953E+001
( 0.61843233850860613E+000, 0.19737298215558337E-015)
 0.10471975511965976E+001  0.31415926535897931E+001
( 0.70321876034513164E+000, 0.19224796853057251E-015)
 0.20943951023931953E+001 -0.20943951023931953E+001
( 0.87895836457057719E+000,-0.88817841970012523E-015)
 0.20943951023931953E+001 -0.10471975511965976E+001
( 0.60943536866079939E+000, 0.59211894646675012E-015)
 0.20943951023931953E+001  0.00000000000000000E+000
( 0.53094881991818033E+000, 0.17681093196822044E-014)
 0.20943951023931953E+001  0.10471975511965976E+001
( 0.61132480476627860E+000, 0.59211894646675012E-015)
 0.20943951023931953E+001  0.20943951023931953E+001
( 0.88071596089550463E+000, 0.00000000000000000E+000)
 0.20943951023931953E+001  0.31415926535897931E+001
( 0.10483196292578867E+001,-0.15150791820896712E-015)
 0.31415926535897931E+001 -0.20943951023931953E+001
( 0.10549527037528246E+001, 0.39474596431116675E-015)
 0.31415926535897931E+001 -0.10471975511965976E+001
( 0.69704817035092159E+000, 0.98686491077791687E-016)
 0.31415926535897931E+001  0.00000000000000000E+000
( 0.59381902000205256E+000,-0.22017383783386259E-014)
 0.31415926535897931E+001  0.10471975511965976E+001
( 0.69704817035092126E+000, 0.00000000000000000E+000)
 0.31415926535897931E+001  0.20943951023931953E+001
( 0.10549527037528248E+001,-0.98686491077791687E-016)
 0.31415926535897931E+001  0.31415926535897931E+001
( 0.55475216266445386E+001, 0.52016756525098879E-015)
 0.10000000000000000E+001          1         36
( 0.10000000000000000E+001, 0.00000000000000000E+000)
-0.20943951023931953E+001 -0.20943951023931953E+001
( 0.87977267435070150E+000, 0.19737298215558337E-015)
-0.20943951023931953E+001 -0.10471975511965976E+001
( 0.60362346135775580E+000,-0.39474596431116675E-015)
-0.20943951023931953E+001  0.00000000000000000E+000
( 0.51941418543682571E+000, 0.85181894192617330E-017)
-0.20943951023931953E+001  0.10471975511965976E+001
( 0.60995604698884287E+000, 0.39474596431116675E-015)
-0.20943951023931953E+001  0.20943951023931953E+001
( 0.86571649109488791E+000,-0.59211894646675012E-015)
-0.20943951023931953E+001  0.31415926535897931E+001
( 0.10453492704160083E+001, 0.20522397748415159E-014)
-0.10471975511965976E+001 -0.20943951023931953E+001
( 0.60611274668295645E+000,-0.29605947323337506E-015)
-0.10471975511965976E+001 -0.10471975511965976E+001
( 0.40619012416744144E+000,-0.49343245538895848E-015)
-0.10471975511965976E+001  0.00000000000000000E+000
( 0.29776073053899033E+000,-0.20163207686521424E-015)
-0.10471975511965976E+001  0.10471975511965976E+001
( 0.41099097544563129E+000, 0.39474596431116675E-015)
-0.10471975511965976E+001  0.20943951023931953E+001
( 0.60479796973055511E+000, 0.00000000000000000E+000)
-0.10471975511965976E+001  0.31415926535897931E+001
( 0.69501869627759849E+000, 0.56857546969226811E-015)
 0.00000000000000000E+000 -0.20943951023931953E+001
( 0.52848123051168061E+000, 0.00000000000000000E+000)
 0.00000000000000000E+000 -0.10471975511965976E+001
( 0.30337194512889126E+000, 0.21711028037114170E-014)
 0.00000000000000000E+000  0.00000000000000000E+000
( 0.36091725263748721E+002, 0.00000000000000000E+000)
 0.00000000000000000E+000  0.10471975511965976E+001
( 0.30337194512889126E+000,-0.21711028037114170E-014)
 0.00000000000000000E+000  0.20943951023931953E+001
( 0.52848123051168061E+000, 0.00000000000000000E+000)
 0.00000000000000000E+000  0.31415926535897931E+001
( 0.59231031009310042E+000,-0.22012801813101403E-014)
 0.10471975511965976E+001 -0.20943951023931953E+001
( 0.60479796973055511E+000, 0.00000000000000000E+000)
 0.10471975511965976E+001 -0.10471975511965976E+001
( 0.41099097544563129E+000,-0.39474596431116675E-015)
 0.10471975511965976E+001  0.00000000000000000E+000
( 0.29776073053899033E+000, 0.20163207686521424E-015)
 0.10471975511965976E+001  0.10471975511965976E+001
( 0.40619012416744144E+000, 0.49343245538895848E-015)
 0.10471975511965976E+001  0.20943951023931953E+001
( 0.60611274668295645E+000, 0.29605947323337506E-015)
 0.10471975511965976E+001  0.31415926535897931E+001
( 0.69501869627759894E+000,-0.80178894345220654E-015)
 0.20943951023931953E+001 -0.20943951023931953E+001
( 0.86571649109488791E+000, 0.59211894646675012E-015)
 0.20943951023931953E+001 -0.10471975511965976E+001
( 0.60995604698884287E+000,-0.39474596431116675E-015)
 0.20943951023931953E+001  0.00000000000000000E+000
( 0.51941418543682571E+000,-0.85181894192617330E-017)
 0.20943951023931953E+001  0.10471975511965976E+001
( 0.60362346135775580E+000, 0.39474596431116675E-015)
 0.20943951023931953E+001  0.20943951023931953E+001
( 0.87977267435070128E+000,-0.19737298215558337E-015)
 0.20943951023931953E+001  0.31415926535897931E+001
( 0.10453492704160077E+001,-0.15229668278482022E-014)
 0.31415926535897931E+001 -0.20943951023931953E+001
( 0.10412046664604822E+001,-0.59211894646675012E-015)
 0.31415926535897931E+001 -0.10471975511965976E+001
( 0.69129697818473035E+000,-0.69080543754454176E-015)
 0.31415926535897931E+001  0.00000000000000000E+000
( 0.59632710701124203E+000,-0.22006110062615301E-014)
 0.31415926535897931E+001  0.10471975511965976E+001
( 0.69129697818473057E+000, 0.49343245538895848E-015)
 0.31415926535897931E+001  0.20943951023931953E+001
( 0.10412046664604824E+001, 0.88817841970012523E-015)
 0.31415926535897931E+001  0.31415926535897931E+001
( 0.53367262255866743E+001, 0.49502296392826330E-015)
 0.10000000000000000E+001          1         36
( 0.10000000000000000E+001, 0.00000000000000000E+000)
-0.20943951023931953E+001 -0.20943951023931953E+001
( 0.88289883441983474E+000, 0.49343245538895848E-015)
-0.20943951023931953E+001 -0.10471975511965976E+001
( 0.60293698683093722E+000, 0.00000000000000000E+000)
-0.20943951023931953E+001  0.00000000000000000E+000
( 0.53202376391081962E+000,-0.14722024583118387E-014)
-0.20943951023931953E+001  0.10471975511965976E+001
( 0.61180489142678096E+000, 0.12829243840112920E-014)
-0.20943951023931953E+001  0.20943951023931953E+001
( 0.87518079143909833E+000, 0.78949192862233350E-015)
-0.20943951023931953E+001  0.31415926535897931E+001
( 0.10456687604566999E+001,-0.61142593336210250E-015)
-0.10471975511965976E+001 -0.20943951023931953E+001
( 0.61507759749325408E+000,-0.29605947323337506E-015)
-0.10471975511965976E+001 -0.10471975511965976E+001
( 0.41003285968517278E+000, 0.59211894646675012E-015)
-0.10471975511965976E+001  0.00000000000000000E+000
( 0.29825260966727757E+000, 0.14762499122393571E-014)
-0.10471975511965976E+001  0.10471975511965976E+001
( 0.41114388254257367E+000, 0.98686491077791697E-015)
-0.10471975511965976E+001  0.20943951023931953E+001
( 0.61356945984448474E+000,-0.88817841970012523E-015)
-0.10471975511965976E+001  0.31415926535897931E+001
( 0.70114848987565714E+000, 0.47028282538588147E-015)
 0.00000000000000000E+000 -0.20943951023931953E+001
( 0.52628882767773610E+000,-0.14802973661668753E-014)
 0.00000000000000000E+000 -0.10471975511965976E+001
( 0.29954250580029718E+000, 0.69080543754454176E-015)
 0.00000000000000000E+000  0.00000000000000000E+000
( 0.36088439638629566E+002, 0.00000000000000000E+000)
 0.00000000000000000E+000  0.10471975511965976E+001
( 0.29954250580029718E+000,-0.69080543754454176E-015)
 0.00000000000000000E+000  0.20943951023931953E+001
( 0.52628882767773610E+000, 0.14802973661668753E-014)
 0.00000000000000000E+000  0.31415926535897931E+001
( 0.60705257931982715E+000,-0.22003767703051644E-014)
 0.10471975511965976E+001 -0.20943951023931953E+001
( 0.61356945984448474E+000, 0.88817841970012523E-015)
 0.10471975511965976E+001 -0.10471975511965976E+001
( 0.41114388254257367E+000,-0.98686491077791697E-015)
 0.10471975511965976E+001  0.00000000000000000E+000
( 0.29825260966727757E+000,-0.14762499122393571E-014)
 0.10471975511965976E+001  0.10471975511965976E+001
( 0.41003285968517278E+000,-0.59211894646675012E-015)
 0.10471975511965976E+001  0.20943951023931953E+001
( 0.61507759749325408E+000, 0.29605947323337506E-015)
 0.10471975511965976E+001  0.31415926535897931E+001
( 0.70114848987565637E+000, 0.87880204697798128E-015)
 0.20943951023931953E+001 -0.20943951023931953E+001
( 0.87518079143909833E+000,-0.78949192862233350E-015)
 0.20943951023931953E+001 -0.10471975511965976E+001
( 0.61180489142678096E+000,-0.12829243840112920E-014)
 0.20943951023931953E+001  0.00000000000000000E+000
( 0.53202376391081962E+000, 0.14722024583118387E-014)
 0.20943951023931953E+001  0.10471975511965976E+001
( 0.60293698683093722E+000, 0.00000000000000000E+000)
 0.20943951023931953E+001  0.20943951023931953E+001
( 0.88289883441983452E+000,-0.49343245538895848E-015)
 0.20943951023931953E+001  0.31415926535897931E+001
( 0.10456687604566997E+001, 0.34789246285394835E-015)
 0.31415926535897931E+001 -0.20943951023931953E+001
( 0.10507041744186645E+001, 0.29605947323337506E-015)
 0.31415926535897931E+001 -0.10471975511965976E+001
( 0.69523294898015220E+000,-0.19737298215558337E-015)
 0.31415926535897931E+001  0.00000000000000000E+000
( 0.59330438171888900E+000,-0.22020788984616347E-014)
 0.31415926535897931E+001  0.10471975511965976E+001
( 0.69523294898015187E+000,-0.78949192862233350E-015)
 0.31415926535897931E+001  0.20943951023931953E+001
( 0.10507041744186649E+001, 0.98686491077791697E-015)
 0.31415926535897931E+001  0.31415926535897931E+001
( 0.54273963700114978E+001, 0.50543945921226715E-015)
