 0.10000000000000000E+001          1         36
( 0.00000000000000000E+000, 0.00000000000000000E+000)
-0.20943951023931953E+001 -0.20943951023931953E+001
( 0.34257938075044053E+000,-0.29104804985833098E-016)
-0.20943951023931953E+001 -0.10471975511965976E+001
( 0.26476589215141894E+000,-0.27755575615628914E-016)
-0.20943951023931953E+001  0.00000000000000000E+000
( 0.22565244185775105E+000,-0.17556043826031313E-016)
-0.20943951023931953E+001  0.10471975511965976E+001
( 0.25905943158027556E+000,-0.24864369822334233E-016)
-0.20943951023931953E+001  0.20943951023931953E+001
( 0.33289416492030560E+000,-0.24093381610788985E-016)
-0.20943951023931953E+001  0.31415926535897931E+001
( 0.37964090721992427E+000,-0.23916480700414820E-016)
-0.10471975511965976E+001 -0.20943951023931953E+001
( 0.25457702690947709E+000,-0.17058114180438601E-016)
-0.10471975511965976E+001 -0.10471975511965976E+001
( 0.15844025016454680E+000,-0.29972166723821502E-016)
-0.10471975511965976E+001  0.00000000000000000E+000
( 0.11043462958975253E+000,-0.18399312543954317E-016)
-0.10471975511965976E+001  0.10471975511965976E+001
( 0.15875445734366134E+000,-0.17829102391983849E-016)
-0.10471975511965976E+001  0.20943951023931953E+001
( 0.25760037946524161E+000,-0.14070534860700768E-016)
-0.10471975511965976E+001  0.31415926535897931E+001
( 0.29489148632316259E+000,-0.21369201824767151E-016)
 0.00000000000000000E+000 -0.20943951023931953E+001
( 0.21730349592263631E+000, 0.35658204783967698E-017)
 0.00000000000000000E+000 -0.10471975511965976E+001
( 0.99537873694722306E-001, 0.43368086899420177E-017)
 0.00000000000000000E+000  0.00000000000000000E+000
( 0.83050028810822685E-002, 0.00000000000000000E+000)
 0.00000000000000000E+000  0.10471975511965976E+001
( 0.99537873694722306E-001,-0.43368086899420177E-017)
 0.00000000000000000E+000  0.20943951023931953E+001
( 0.21730349592263631E+000,-0.35658204783967698E-017)
 0.00000000000000000E+000  0.31415926535897931E+001
( 0.26903879253038648E+000, 0.15432108150778532E-017)
 0.10471975511965976E+001 -0.20943951023931953E+001
( 0.25760037946524161E+000, 0.14070534860700768E-016)
 0.10471975511965976E+001 -0.10471975511965976E+001
( 0.15875445734366134E+000, 0.17829102391983849E-016)
 0.10471975511965976E+001  0.00000000000000000E+000
( 0.11043462958975253E+000, 0.18399312543954317E-016)
 0.10471975511965976E+001  0.10471975511965976E+001
( 0.15844025016454680E+000, 0.29972166723821502E-016)
 0.10471975511965976E+001  0.20943951023931953E+001
( 0.25457702690947709E+000, 0.17058114180438601E-016)
 0.10471975511965976E+001  0.31415926535897931E+001
( 0.29489148632316259E+000, 0.16428970347152623E-016)
 0.20943951023931953E+001 -0.20943951023931953E+001
( 0.33289416492030560E+000, 0.24093381610788985E-016)
 0.20943951023931953E+001 -0.10471975511965976E+001
( 0.25905943158027556E+000, 0.24864369822334233E-016)
 0.20943951023931953E+001  0.00000000000000000E+000
( 0.22565244185775105E+000, 0.17556043826031313E-016)
 0.20943951023931953E+001  0.10471975511965976E+001
( 0.26476589215141894E+000, 0.27755575615628914E-016)
 0.20943951023931953E+001  0.20943951023931953E+001
( 0.34257938075044053E+000, 0.29104804985833098E-016)
 0.20943951023931953E+001  0.31415926535897931E+001
( 0.37964090721992427E+000, 0.22496059432781053E-016)
 0.31415926535897931E+001 -0.20943951023931953E+001
( 0.37977810410960050E+000,-0.17347234759768071E-017)
 0.31415926535897931E+001 -0.10471975511965976E+001
( 0.30437947003461885E+000, 0.86736173798840355E-017)
 0.31415926535897931E+001  0.00000000000000000E+000
( 0.27397392002769705E+000, 0.21574169509507667E-017)
 0.31415926535897931E+001  0.10471975511965976E+001
( 0.30437947003461885E+000,-0.85772438534408783E-017)
 0.31415926535897931E+001  0.20943951023931953E+001
( 0.37977810410960050E+000, 0.15419764230904951E-017)
 0.31415926535897931E+001  0.31415926535897931E+001
( 0.41891021836998432E+000,-0.15607135019188969E-017)
 0.10000000000000000E+001          1         36
( 0.00000000000000000E+000, 0.00000000000000000E+000)
-0.20943951023931953E+001 -0.20943951023931953E+001
( 0.31943003182712021E+000,-0.23298300017632950E-016)
-0.20943951023931953E+001 -0.10471975511965976E+001
( 0.24981027032442624E+000,-0.19684292776014601E-016)
-0.20943951023931953E+001  0.00000000000000000E+000
( 0.21144788486000335E+000,-0.46642223112394428E-017)
-0.20943951023931953E+001  0.10471975511965976E+001
( 0.24635912090536008E+000, 0.18310970024199631E-017)
-0.20943951023931953E+001  0.20943951023931953E+001
( 0.31806930302120906E+000,-0.93000453017645485E-017)
-0.20943951023931953E+001  0.31415926535897931E+001
( 0.36851459741248987E+000,-0.23798127025207172E-016)
-0.10471975511965976E+001 -0.20943951023931953E+001
( 0.24957464962153653E+000,-0.19732479539236181E-016)
-0.10471975511965976E+001 -0.10471975511965976E+001
( 0.14920785428497418E+000,-0.93241386833753381E-017)
-0.10471975511965976E+001  0.00000000000000000E+000
( 0.10191246108413436E+000,-0.14629629498375724E-016)
-0.10471975511965976E+001  0.10471975511965976E+001
( 0.15158102937219409E+000, 0.78303490235064201E-017)
-0.10471975511965976E+001  0.20943951023931953E+001
( 0.25102112796490944E+000,-0.65052130349130266E-017)
-0.10471975511965976E+001  0.31415926535897931E+001
( 0.28908743595668490E+000,-0.20316007348618243E-016)
 0.00000000000000000E+000 -0.20943951023931953E+001
( 0.20464399333594172E+000,-0.13492293702041831E-017)
 0.00000000000000000E+000 -0.10471975511965976E+001
( 0.99004507349684745E-001,-0.76616953522308970E-017)
 0.00000000000000000E+000  0.00000000000000000E+000
(-0.73573170513555478E-002, 0.00000000000000000E+000)
 0.00000000000000000E+000  0.10471975511965976E+001
( 0.99004507349684745E-001, 0.76616953522308970E-017)
 0.00000000000000000E+000  0.20943951023931953E+001
( 0.20464399333594172E+000, 0.13492293702041831E-017)
 0.00000000000000000E+000  0.31415926535897931E+001
( 0.26430363083926145E+000, 0.36973296767148767E-017)
 0.10471975511965976E+001 -0.20943951023931953E+001
( 0.25102112796490944E+000, 0.65052130349130266E-017)
 0.10471975511965976E+001 -0.10471975511965976E+001
( 0.15158102937219409E+000,-0.78303490235064201E-017)
 0.10471975511965976E+001  0.00000000000000000E+000
( 0.10191246108413436E+000, 0.14629629498375724E-016)
 0.10471975511965976E+001  0.10471975511965976E+001
( 0.14920785428497418E+000, 0.93241386833753381E-017)
 0.10471975511965976E+001  0.20943951023931953E+001
( 0.24957464962153653E+000, 0.19732479539236181E-016)
 0.10471975511965976E+001  0.31415926535897931E+001
( 0.28908743595668490E+000, 0.20403502284673588E-016)
 0.20943951023931953E+001 -0.20943951023931953E+001
( 0.31806930302120906E+000, 0.93000453017645485E-017)
 0.20943951023931953E+001 -0.10471975511965976E+001
( 0.24635912090536008E+000,-0.18310970024199631E-017)
 0.20943951023931953E+001  0.00000000000000000E+000
( 0.21144788486000335E+000, 0.46642223112394428E-017)
 0.20943951023931953E+001  0.10471975511965976E+001
( 0.24981027032442624E+000, 0.19684292776014601E-016)
 0.20943951023931953E+001  0.20943951023931953E+001
( 0.31943003182712021E+000, 0.23298300017632950E-016)
 0.20943951023931953E+001  0.31415926535897931E+001
( 0.36851459741248987E+000, 0.23710632089151828E-016)
 0.31415926535897931E+001 -0.20943951023931953E+001
( 0.35587123042325819E+000, 0.43368086899420177E-018)
 0.31415926535897931E+001 -0.10471975511965976E+001
( 0.29358290427387868E+000, 0.45054623612175400E-017)
 0.31415926535897931E+001  0.00000000000000000E+000
( 0.25980497030686805E+000, 0.29447513912700042E-017)
 0.31415926535897931E+001  0.10471975511965976E+001
( 0.29358290427387868E+000,-0.35417270967859809E-017)
 0.31415926535897931E+001  0.20943951023931953E+001
( 0.35587123042325819E+000, 0.11564823173178713E-017)
 0.31415926535897931E+001  0.31415926535897931E+001
( 0.39706173394275324E+000,-0.82149971480070617E-018)
 0.10000000000000000E+001          1         36
( 0.00000000000000000E+000, 0.00000000000000000E+000)
-0.20943951023931953E+001 -0.20943951023931953E+001
( 0.34021694455307655E+000,-0.31610516673355150E-016)
-0.20943951023931953E+001 -0.10471975511965976E+001
( 0.26103254980015855E+000,-0.27370081509856288E-016)
-0.20943951023931953E+001  0.00000000000000000E+000
( 0.21317876127037869E+000,-0.16132895037047517E-016)
-0.20943951023931953E+001  0.10471975511965976E+001
( 0.26502029121487530E+000,-0.22165911081925867E-016)
-0.20943951023931953E+001  0.20943951023931953E+001
( 0.33582207375343182E+000,-0.17154487706881757E-016)
-0.20943951023931953E+001  0.31415926535897931E+001
( 0.37486005795467470E+000,-0.27360948233901981E-016)
-0.10471975511965976E+001 -0.20943951023931953E+001
( 0.26297698863488073E+000,-0.35465457731081387E-016)
-0.10471975511965976E+001 -0.10471975511965976E+001
( 0.16086112907739356E+000,-0.28333816774287847E-016)
-0.10471975511965976E+001  0.00000000000000000E+000
( 0.11165824975419568E+000,-0.27290589995309076E-016)
-0.10471975511965976E+001  0.10471975511965976E+001
( 0.16306415707770217E+000,-0.14648776019359705E-016)
-0.10471975511965976E+001  0.20943951023931953E+001
( 0.26178999470018799E+000,-0.31610516673355150E-016)
-0.10471975511965976E+001  0.31415926535897931E+001
( 0.29578947322739529E+000,-0.34220830528909786E-016)
 0.00000000000000000E+000 -0.20943951023931953E+001
( 0.22140594543657111E+000, 0.82881232741114115E-017)
 0.00000000000000000E+000 -0.10471975511965976E+001
( 0.10508348756847524E+000, 0.12721305490496585E-016)
 0.00000000000000000E+000  0.00000000000000000E+000
( 0.14188325934879299E-001, 0.00000000000000000E+000)
 0.00000000000000000E+000  0.10471975511965976E+001
( 0.10508348756847524E+000,-0.12721305490496585E-016)
 0.00000000000000000E+000  0.20943951023931953E+001
( 0.22140594543657111E+000,-0.82881232741114115E-017)
 0.00000000000000000E+000  0.31415926535897931E+001
( 0.27451857068810487E+000, 0.16952374782025895E-017)
 0.10471975511965976E+001 -0.20943951023931953E+001
( 0.26178999470018799E+000, 0.31610516673355150E-016)
 0.10471975511965976E+001 -0.10471975511965976E+001
( 0.16306415707770217E+000, 0.14648776019359705E-016)
 0.10471975511965976E+001  0.00000000000000000E+000
( 0.11165824975419568E+000, 0.27290589995309076E-016)
 0.10471975511965976E+001  0.10471975511965976E+001
( 0.16086112907739356E+000, 0.28333816774287847E-016)
 0.10471975511965976E+001  0.20943951023931953E+001
( 0.26297698863488073E+000, 0.35465457731081387E-016)
 0.10471975511965976E+001  0.31415926535897931E+001
( 0.29578947322739529E+000, 0.32495552420094656E-016)
 0.20943951023931953E+001 -0.20943951023931953E+001
( 0.33582207375343182E+000, 0.17154487706881757E-016)
 0.20943951023931953E+001 -0.10471975511965976E+001
( 0.26502029121487530E+000, 0.22165911081925867E-016)
 0.20943951023931953E+001  0.00000000000000000E+000
( 0.21317876127037869E+000, 0.16132895037047517E-016)
 0.20943951023931953E+001  0.10471975511965976E+001
( 0.26103254980015855E+000, 0.27370081509856288E-016)
 0.20943951023931953E+001  0.20943951023931953E+001
( 0.34021694455307655E+000, 0.31610516673355150E-016)
 0.20943951023931953E+001  0.31415926535897931E+001
( 0.37486005795467464E+000, 0.23448375045792501E-016)
 0.31415926535897931E+001 -0.20943951023931953E+001
( 0.38095270700919948E+000, 0.30839528461809902E-017)
 0.31415926535897931E+001 -0.10471975511965976E+001
( 0.28929381544722033E+000, 0.63606527452482924E-017)
 0.31415926535897931E+001  0.00000000000000000E+000
( 0.27276365957749410E+000, 0.34004957865847995E-017)
 0.31415926535897931E+001  0.10471975511965976E+001
( 0.28929381544722033E+000,-0.75171350625661636E-017)
 0.31415926535897931E+001  0.20943951023931953E+001
( 0.38095270700919948E+000,-0.15419764230904951E-017)
 0.31415926535897931E+001  0.31415926535897931E+001
( 0.41866656099283983E+000,-0.31478358590328220E-017)
 0.10000000000000000E+001          1         36
( 0.00000000000000000E+000, 0.00000000000000000E+000)
-0.20943951023931953E+001 -0.20943951023931953E+001
( 0.34682841660964830E+000, 0.35176337151751920E-017)
-0.20943951023931953E+001 -0.10471975511965976E+001
( 0.26703987002355684E+000, 0.14263281913587079E-016)
-0.20943951023931953E+001  0.00000000000000000E+000
( 0.23254479311669563E+000,-0.63901558311442185E-017)
-0.20943951023931953E+001  0.10471975511965976E+001
( 0.26922930053182104E+000,-0.30454034356037277E-016)
-0.20943951023931953E+001  0.20943951023931953E+001
( 0.34064065957183914E+000,-0.29538485854827300E-016)
-0.20943951023931953E+001  0.31415926535897931E+001
( 0.38337142092129423E+000,-0.13813003698039798E-017)
-0.10471975511965976E+001 -0.20943951023931953E+001
( 0.26948896977668341E+000, 0.17684542102319117E-016)
-0.10471975511965976E+001 -0.10471975511965976E+001
( 0.16443346009580992E+000, 0.11661196699621869E-016)
-0.10471975511965976E+001  0.00000000000000000E+000
( 0.11075035166611666E+000,-0.16272374425945390E-016)
-0.10471975511965976E+001  0.10471975511965976E+001
( 0.16870972735798634E+000,-0.29875793197378343E-016)
-0.10471975511965976E+001  0.20943951023931953E+001
( 0.26744239542213716E+000,-0.19322892051852766E-016)
-0.10471975511965976E+001  0.31415926535897931E+001
( 0.30316760455921404E+000,-0.17930492477716226E-016)
 0.00000000000000000E+000 -0.20943951023931953E+001
( 0.22377655523605799E+000, 0.16528059785001244E-016)
 0.00000000000000000E+000 -0.10471975511965976E+001
( 0.11681742711307927E+000, 0.16720806837887555E-016)
 0.00000000000000000E+000  0.00000000000000000E+000
( 0.25210449240133442E-002, 0.00000000000000000E+000)
 0.00000000000000000E+000  0.10471975511965976E+001
( 0.11681742711307927E+000,-0.16720806837887555E-016)
 0.00000000000000000E+000  0.20943951023931953E+001
( 0.22377655523605799E+000,-0.16528059785001244E-016)
 0.00000000000000000E+000  0.31415926535897931E+001
( 0.27617641422239114E+000, 0.36578432144975052E-017)
 0.10471975511965976E+001 -0.20943951023931953E+001
( 0.26744239542213716E+000, 0.19322892051852766E-016)
 0.10471975511965976E+001 -0.10471975511965976E+001
( 0.16870972735798634E+000, 0.29875793197378343E-016)
 0.10471975511965976E+001  0.00000000000000000E+000
( 0.11075035166611666E+000, 0.16272374425945390E-016)
 0.10471975511965976E+001  0.10471975511965976E+001
( 0.16443346009580992E+000,-0.11661196699621869E-016)
 0.10471975511965976E+001  0.20943951023931953E+001
( 0.26948896977668341E+000,-0.17684542102319117E-016)
 0.10471975511965976E+001  0.31415926535897931E+001
( 0.30316760455921404E+000, 0.25363419303925908E-016)
 0.20943951023931953E+001 -0.20943951023931953E+001
( 0.34064065957183914E+000, 0.29538485854827300E-016)
 0.20943951023931953E+001 -0.10471975511965976E+001
( 0.26922930053182104E+000, 0.30454034356037277E-016)
 0.20943951023931953E+001  0.00000000000000000E+000
( 0.23254479311669563E+000, 0.63901558311442185E-017)
 0.20943951023931953E+001  0.10471975511965976E+001
( 0.26703987002355684E+000,-0.14263281913587079E-016)
 0.20943951023931953E+001  0.20943951023931953E+001
( 0.34682841660964830E+000,-0.35176337151751920E-017)
 0.20943951023931953E+001  0.31415926535897931E+001
( 0.38337142092129423E+000,-0.23894324515657698E-017)
 0.31415926535897931E+001 -0.20943951023931953E+001
( 0.38581712733378515E+000, 0.19852946447290126E-016)
 0.31415926535897931E+001 -0.10471975511965976E+001
( 0.30775653081868526E+000, 0.16046192152785466E-016)
 0.31415926535897931E+001  0.00000000000000000E+000
( 0.27468712823566693E+000, 0.17498488505652992E-017)
 0.31415926535897931E+001  0.10471975511965976E+001
( 0.30775653081868526E+000,-0.17925475918427005E-016)
 0.31415926535897931E+001  0.20943951023931953E+001
( 0.38581712733378515E+000,-0.19178331762188034E-016)
 0.31415926535897931E+001  0.31415926535897931E+001
( 0.42578680839005673E+000,-0.96861916540397963E-018)
 0.10000000000000000E+001          1         36
( 0.00000000000000000E+000, 0.00000000000000000E+000)
-0.20943951023931953E+001 -0.20943951023931953E+001
( 0.32384259656117631E+000,-0.33248866622888800E-017)
-0.20943951023931953E+001 -0.10471975511965976E+001
( 0.24373089009965848E+000, 0.14335562058419448E-016)
-0.20943951023931953E+001  0.00000000000000000E+000
( 0.21111631870668973E+000, 0.23019846910032320E-016)
-0.20943951023931953E+001  0.10471975511965976E+001
( 0.25295539425483071E+000, 0.92036717753213929E-017)
-0.20943951023931953E+001  0.20943951023931953E+001
( 0.33253048693642406E+000, 0.25683544797101060E-016)
-0.20943951023931953E+001  0.31415926535897931E+001
( 0.36857493670226837E+000, 0.12096582911827186E-016)
-0.10471975511965976E+001 -0.20943951023931953E+001
( 0.25107105108656197E+000,-0.32526065174565133E-017)
-0.10471975511965976E+001 -0.10471975511965976E+001
( 0.15677241562640767E+000, 0.38790344393370271E-017)
-0.10471975511965976E+001  0.00000000000000000E+000
( 0.86504537144580521E-001,-0.25471854958026564E-017)
-0.10471975511965976E+001  0.10471975511965976E+001
( 0.14734503147967026E+000,-0.17347234759768071E-017)
-0.10471975511965976E+001  0.20943951023931953E+001
( 0.24323465102654374E+000, 0.21732230212931665E-016)
-0.10471975511965976E+001  0.31415926535897931E+001
( 0.28164588643599980E+000, 0.52169071752680205E-017)
 0.00000000000000000E+000 -0.20943951023931953E+001
( 0.19333697964880242E+000,-0.94686989730400715E-017)
 0.00000000000000000E+000 -0.10471975511965976E+001
( 0.89533402884005173E-001, 0.16624433311444400E-017)
 0.00000000000000000E+000  0.00000000000000000E+000
(-0.35174183530552197E-001, 0.00000000000000000E+000)
 0.00000000000000000E+000  0.10471975511965976E+001
( 0.89533402884005173E-001,-0.16624433311444400E-017)
 0.00000000000000000E+000  0.20943951023931953E+001
( 0.19333697964880242E+000, 0.94686989730400715E-017)
 0.00000000000000000E+000  0.31415926535897931E+001
( 0.26200899833367114E+000, 0.54849498190167950E-017)
 0.10471975511965976E+001 -0.20943951023931953E+001
( 0.24323465102654374E+000,-0.21732230212931665E-016)
 0.10471975511965976E+001 -0.10471975511965976E+001
( 0.14734503147967026E+000, 0.17347234759768071E-017)
 0.10471975511965976E+001  0.00000000000000000E+000
( 0.86504537144580521E-001, 0.25471854958026564E-017)
 0.10471975511965976E+001  0.10471975511965976E+001
( 0.15677241562640767E+000,-0.38790344393370271E-017)
 0.10471975511965976E+001  0.20943951023931953E+001
( 0.25107105108656197E+000, 0.32526065174565133E-017)
 0.10471975511965976E+001  0.31415926535897931E+001
( 0.28164588643599980E+000,-0.10655840506755282E-016)
 0.20943951023931953E+001 -0.20943951023931953E+001
( 0.33253048693642406E+000,-0.25683544797101060E-016)
 0.20943951023931953E+001 -0.10471975511965976E+001
( 0.25295539425483071E+000,-0.92036717753213929E-017)
 0.20943951023931953E+001  0.00000000000000000E+000
( 0.21111631870668973E+000,-0.23019846910032320E-016)
 0.20943951023931953E+001  0.10471975511965976E+001
( 0.24373089009965848E+000,-0.14335562058419448E-016)
 0.20943951023931953E+001  0.20943951023931953E+001
( 0.32384259656117631E+000, 0.33248866622888800E-017)
 0.20943951023931953E+001  0.31415926535897931E+001
( 0.36857493670226837E+000,-0.14415718459013977E-016)
 0.31415926535897931E+001 -0.20943951023931953E+001
( 0.35647899693811347E+000,-0.47945829405470084E-017)
 0.31415926535897931E+001 -0.10471975511965976E+001
( 0.28890503979307769E+000,-0.11010675396130566E-016)
 0.31415926535897931E+001  0.00000000000000000E+000
( 0.25551399915534745E+000, 0.25389756812037660E-017)
 0.31415926535897931E+001  0.10471975511965976E+001
( 0.28890503979307763E+000, 0.10817928343244255E-016)
 0.31415926535897931E+001  0.20943951023931953E+001
( 0.35647899693811347E+000, 0.52764505727627880E-017)
 0.31415926535897931E+001  0.31415926535897931E+001
( 0.40873814534411873E+000,-0.55431932798283732E-018)
 0.10000000000000000E+001          1         36
( 0.00000000000000000E+000, 0.00000000000000000E+000)
-0.20943951023931953E+001 -0.20943951023931953E+001
( 0.33963071172394849E+000,-0.26454533008646308E-016)
-0.20943951023931953E+001 -0.10471975511965976E+001
( 0.26937891948423964E+000,-0.24960743348777389E-016)
-0.20943951023931953E+001  0.00000000000000000E+000
( 0.22852755287498036E+000, 0.30646104106132157E-017)
-0.20943951023931953E+001  0.10471975511965976E+001
( 0.27257406033308573E+000, 0.17395421522989647E-016)
-0.20943951023931953E+001  0.20943951023931953E+001
( 0.34623359038433321E+000, 0.23997008084345829E-016)
-0.20943951023931953E+001  0.31415926535897931E+001
( 0.37878485997990557E+000,-0.17650496270769907E-017)
-0.10471975511965976E+001 -0.20943951023931953E+001
( 0.26679803911281674E+000,-0.26261785955759994E-016)
-0.10471975511965976E+001 -0.10471975511965976E+001
( 0.16558065278555537E+000,-0.15275203941240218E-016)
-0.10471975511965976E+001  0.00000000000000000E+000
( 0.11967255996181451E+000, 0.65690943613211883E-017)
-0.10471975511965976E+001  0.10471975511965976E+001
( 0.17645179230651020E+000, 0.15901631863120731E-016)
-0.10471975511965976E+001  0.20943951023931953E+001
( 0.26767399102496775E+000, 0.21105802291051152E-016)
-0.10471975511965976E+001  0.31415926535897931E+001
( 0.30892318007153502E+000, 0.49413627833752965E-017)
 0.00000000000000000E+000 -0.20943951023931953E+001
( 0.23181840508878965E+000,-0.24912556585555812E-016)
 0.00000000000000000E+000 -0.10471975511965976E+001
( 0.12097803836266248E+000,-0.11034768777741356E-016)
 0.00000000000000000E+000  0.00000000000000000E+000
( 0.20433323298062810E-001, 0.00000000000000000E+000)
 0.00000000000000000E+000  0.10471975511965976E+001
( 0.12097803836266248E+000, 0.11034768777741356E-016)
 0.00000000000000000E+000  0.20943951023931953E+001
( 0.23181840508878965E+000, 0.24912556585555812E-016)
 0.00000000000000000E+000  0.31415926535897931E+001
( 0.27812076945458475E+000, 0.22047752730549874E-017)
 0.10471975511965976E+001 -0.20943951023931953E+001
( 0.26767399102496775E+000,-0.21105802291051152E-016)
 0.10471975511965976E+001 -0.10471975511965976E+001
( 0.17645179230651020E+000,-0.15901631863120731E-016)
 0.10471975511965976E+001  0.00000000000000000E+000
( 0.11967255996181451E+000,-0.65690943613211883E-017)
 0.10471975511965976E+001  0.10471975511965976E+001
( 0.16558065278555537E+000, 0.15275203941240218E-016)
 0.10471975511965976E+001  0.20943951023931953E+001
( 0.26679803911281674E+000, 0.26261785955759994E-016)
 0.10471975511965976E+001  0.31415926535897931E+001
( 0.30892318007153502E+000,-0.20657910072105839E-017)
 0.20943951023931953E+001 -0.20943951023931953E+001
( 0.34623359038433321E+000,-0.23997008084345829E-016)
 0.20943951023931953E+001 -0.10471975511965976E+001
( 0.27257406033308573E+000,-0.17395421522989647E-016)
 0.20943951023931953E+001  0.00000000000000000E+000
( 0.22852755287498036E+000,-0.30646104106132157E-017)
 0.20943951023931953E+001  0.10471975511965976E+001
( 0.26937891948423964E+000, 0.24960743348777389E-016)
 0.20943951023931953E+001  0.20943951023931953E+001
( 0.33963071172394849E+000, 0.26454533008646308E-016)
 0.20943951023931953E+001  0.31415926535897931E+001
( 0.37878485997990557E+000,-0.54473308390297404E-017)
 0.31415926535897931E+001 -0.20943951023931953E+001
( 0.38368319529113448E+000,-0.17684542102319117E-016)
 0.31415926535897931E+001 -0.10471975511965976E+001
( 0.30286743749399375E+000,-0.28285630011066268E-016)
 0.31415926535897931E+001  0.00000000000000000E+000
( 0.27482233265287054E+000, 0.22459424379999318E-017)
 0.31415926535897931E+001  0.10471975511965976E+001
( 0.30286743749399375E+000, 0.27370081509856288E-016)
 0.31415926535897931E+001  0.20943951023931953E+001
( 0.38368319529113448E+000, 0.16479873021779667E-016)
 0.31415926535897931E+001  0.31415926535897931E+001
( 0.42656476348451977E+000,-0.71546961266582333E-019)
 0.10000000000000000E+001          1         36
( 0.00000000000000000E+000, 0.00000000000000000E+000)
-0.20943951023931953E+001 -0.20943951023931953E+001
( 0.33980525590417560E+000,-0.71316409567935396E-017)
-0.20943951023931953E+001 -0.10471975511965976E+001
( 0.26144356282173326E+000,-0.53005439543735769E-017)
-0.20943951023931953E+001  0.00000000000000000E+000
( 0.21924148390206391E+000, 0.10981437109906497E-017)
-0.20943951023931953E+001  0.10471975511965976E+001
( 0.25991758000830500E+000,-0.10311967329417685E-016)
-0.20943951023931953E+001  0.20943951023931953E+001
( 0.34123967323779719E+000,-0.10215593802974530E-016)
-0.20943951023931953E+001  0.31415926535897931E+001
( 0.38650408493941113E+000,-0.13502345344570329E-016)
-0.10471975511965976E+001 -0.20943951023931953E+001
( 0.26543652144756497E+000, 0.20238440553062747E-017)
-0.10471975511965976E+001 -0.10471975511965976E+001
( 0.15910003067334341E+000,-0.54932910072598889E-017)
-0.10471975511965976E+001  0.00000000000000000E+000
( 0.10794771506991246E+000,-0.74181890838163673E-018)
-0.10471975511965976E+001  0.10471975511965976E+001
( 0.15834531126244275E+000,-0.72280144832366952E-017)
-0.10471975511965976E+001  0.20943951023931953E+001
( 0.26137472447190774E+000,-0.52041704279304213E-017)
-0.10471975511965976E+001  0.31415926535897931E+001
( 0.30365777977060116E+000,-0.10125167877278946E-017)
 0.00000000000000000E+000 -0.20943951023931953E+001
( 0.22066179905860872E+000, 0.57824115865893567E-018)
 0.00000000000000000E+000 -0.10471975511965976E+001
( 0.10763942502602587E+000,-0.11372076120292402E-016)
 0.00000000000000000E+000  0.00000000000000000E+000
( 0.10044635473321017E-001, 0.00000000000000000E+000)
 0.00000000000000000E+000  0.10471975511965976E+001
( 0.10763942502602587E+000, 0.11372076120292402E-016)
 0.00000000000000000E+000  0.20943951023931953E+001
( 0.22066179905860872E+000,-0.57824115865893567E-018)
 0.00000000000000000E+000  0.31415926535897931E+001
( 0.27095372705244603E+000, 0.21348253344371965E-017)
 0.10471975511965976E+001 -0.20943951023931953E+001
( 0.26137472447190774E+000, 0.52041704279304213E-017)
 0.10471975511965976E+001 -0.10471975511965976E+001
( 0.15834531126244275E+000, 0.72280144832366952E-017)
 0.10471975511965976E+001  0.00000000000000000E+000
( 0.10794771506991246E+000, 0.74181890838163673E-018)
 0.10471975511965976E+001  0.10471975511965976E+001
( 0.15910003067334341E+000, 0.54932910072598889E-017)
 0.10471975511965976E+001  0.20943951023931953E+001
( 0.26543652144756497E+000,-0.20238440553062747E-017)
 0.10471975511965976E+001  0.31415926535897931E+001
( 0.30365777977060121E+000,-0.23830389631385850E-017)
 0.20943951023931953E+001 -0.20943951023931953E+001
( 0.34123967323779719E+000, 0.10215593802974530E-016)
 0.20943951023931953E+001 -0.10471975511965976E+001
( 0.25991758000830500E+000, 0.10311967329417685E-016)
 0.20943951023931953E+001  0.00000000000000000E+000
( 0.21924148390206391E+000,-0.10981437109906497E-017)
 0.20943951023931953E+001  0.10471975511965976E+001
( 0.26144356282173326E+000, 0.53005439543735769E-017)
 0.20943951023931953E+001  0.20943951023931953E+001
( 0.33980525590417560E+000, 0.71316409567935396E-017)
 0.20943951023931953E+001  0.31415926535897931E+001
( 0.38650408493941113E+000, 0.52367043958149386E-017)
 0.31415926535897931E+001 -0.20943951023931953E+001
( 0.38128049640107986E+000, 0.26984587404083662E-017)
 0.31415926535897931E+001 -0.10471975511965976E+001
( 0.30089697301011042E+000, 0.10793834961633465E-016)
 0.31415926535897931E+001  0.00000000000000000E+000
( 0.26979127360152616E+000, 0.22753386721156397E-017)
 0.31415926535897931E+001  0.10471975511965976E+001
( 0.30089697301011042E+000,-0.10119220276531374E-016)
 0.31415926535897931E+001  0.20943951023931953E+001
( 0.38128049640107980E+000,-0.15419764230904951E-017)
 0.31415926535897931E+001  0.31415926535897931E+001
( 0.42348668838779568E+000,-0.12388086758388788E-017)
 0.10000000000000000E+001          1         36
( 0.00000000000000000E+000, 0.00000000000000000E+000)
-0.20943951023931953E+001 -0.20943951023931953E+001
( 0.33357551163373605E+000,-0.60233454026972463E-017)
-0.20943951023931953E+001 -0.10471975511965976E+001
( 0.24282712831630204E+000,-0.25538984507436325E-017)
-0.20943951023931953E+001  0.00000000000000000E+000
( 0.21455343064422741E+000,-0.99989766324488558E-017)
-0.20943951023931953E+001  0.10471975511965976E+001
( 0.24926692959112351E+000,-0.48668630853793751E-017)
-0.20943951023931953E+001  0.20943951023931953E+001
( 0.32986056471467029E+000, 0.70352674303503840E-017)
-0.20943951023931953E+001  0.31415926535897931E+001
( 0.38041036187686883E+000, 0.70173515029191959E-017)
-0.10471975511965976E+001 -0.20943951023931953E+001
( 0.25341571752865566E+000, 0.11709383462843448E-016)
-0.10471975511965976E+001 -0.10471975511965976E+001
( 0.15121526780246580E+000, 0.70352674303503840E-017)
-0.10471975511965976E+001  0.00000000000000000E+000
( 0.86877168928869083E-001, 0.10963604952766127E-017)
-0.10471975511965976E+001  0.10471975511965976E+001
( 0.15074742877470462E+000,-0.51077969014872649E-017)
-0.10471975511965976E+001  0.20943951023931953E+001
( 0.25536324687198148E+000, 0.48186763221577973E-017)
-0.10471975511965976E+001  0.31415926535897931E+001
( 0.30011737442995806E+000, 0.59035344160408023E-017)
 0.00000000000000000E+000 -0.20943951023931953E+001
( 0.21341141835633612E+000, 0.66497733245777600E-017)
 0.00000000000000000E+000 -0.10471975511965976E+001
( 0.92201867974278859E-001,-0.11082955540962933E-017)
 0.00000000000000000E+000  0.00000000000000000E+000
(-0.58116659661188049E-003, 0.00000000000000000E+000)
 0.00000000000000000E+000  0.10471975511965976E+001
( 0.92201867974278859E-001, 0.11082955540962933E-017)
 0.00000000000000000E+000  0.20943951023931953E+001
( 0.21341141835633612E+000,-0.66497733245777600E-017)
 0.00000000000000000E+000  0.31415926535897931E+001
( 0.25023218068036585E+000, 0.51399935616158841E-018)
 0.10471975511965976E+001 -0.20943951023931953E+001
( 0.25536324687198148E+000,-0.48186763221577973E-017)
 0.10471975511965976E+001 -0.10471975511965976E+001
( 0.15074742877470462E+000, 0.51077969014872649E-017)
 0.10471975511965976E+001  0.00000000000000000E+000
( 0.86877168928869083E-001,-0.10963604952766127E-017)
 0.10471975511965976E+001  0.10471975511965976E+001
( 0.15121526780246580E+000,-0.70352674303503840E-017)
 0.10471975511965976E+001  0.20943951023931953E+001
( 0.25341571752865566E+000,-0.11709383462843448E-016)
 0.10471975511965976E+001  0.31415926535897931E+001
( 0.30011737442995806E+000,-0.46838867415521449E-017)
 0.20943951023931953E+001 -0.20943951023931953E+001
( 0.32986056471467029E+000,-0.70352674303503840E-017)
 0.20943951023931953E+001 -0.10471975511965976E+001
( 0.24926692959112351E+000, 0.48668630853793751E-017)
 0.20943951023931953E+001  0.00000000000000000E+000
( 0.21455343064422741E+000, 0.99989766324488558E-017)
 0.20943951023931953E+001  0.10471975511965976E+001
( 0.24282712831630204E+000, 0.25538984507436325E-017)
 0.20943951023931953E+001  0.20943951023931953E+001
( 0.33357551163373605E+000, 0.60233454026972463E-017)
 0.20943951023931953E+001  0.31415926535897931E+001
( 0.38041036187686883E+000,-0.86224932831804796E-017)
 0.31415926535897931E+001 -0.20943951023931953E+001
( 0.36732120688800846E+000,-0.48668630853793751E-017)
 0.31415926535897931E+001 -0.10471975511965976E+001
( 0.29335187307117311E+000,-0.53969174808167325E-017)
 0.31415926535897931E+001  0.00000000000000000E+000
( 0.25602213290240733E+000, 0.76587945424842589E-019)
 0.31415926535897931E+001  0.10471975511965976E+001
( 0.29335187307117311E+000, 0.78062556418956319E-017)
 0.31415926535897931E+001  0.20943951023931953E+001
( 0.36732120688800846E+000, 0.45295557428283297E-017)
 0.31415926535897931E+001  0.31415926535897931E+001
( 0.40404038588688607E+000,-0.41014550038927086E-018)
 0.10000000000000000E+001          1         36
( 0.00000000000000000E+000, 0.00000000000000000E+000)
-0.20943951023931953E+001 -0.20943951023931953E+001
( 0.33881578266885654E+000,-0.60715321659188248E-017)
-0.20943951023931953E+001 -0.10471975511965976E+001
( 0.26262268707636827E+000, 0.19274705288631189E-018)
-0.20943951023931953E+001  0.00000000000000000E+000
( 0.22653143814662444E+000,-0.10077404806530170E-016)
-0.20943951023931953E+001  0.10471975511965976E+001
( 0.26416304019483372E+000,-0.14648776019359705E-016)
-0.20943951023931953E+001  0.20943951023931953E+001
( 0.34124600955899076E+000,-0.12528558437610272E-016)
-0.20943951023931953E+001  0.31415926535897931E+001
( 0.38464858589887291E+000,-0.11934527896685356E-016)
-0.10471975511965976E+001 -0.20943951023931953E+001
( 0.26145786348256095E+000,-0.94446055914292819E-017)
-0.10471975511965976E+001 -0.10471975511965976E+001
( 0.15673272916826156E+000,-0.83844968005545671E-017)
-0.10471975511965976E+001  0.00000000000000000E+000
( 0.10886389262886673E+000,-0.16807971372317830E-016)
-0.10471975511965976E+001  0.10471975511965976E+001
( 0.16297225751873096E+000,-0.21202175817494308E-016)
-0.10471975511965976E+001  0.20943951023931953E+001
( 0.26349198017725006E+000,-0.26406346245424729E-016)
-0.10471975511965976E+001  0.31415926535897931E+001
( 0.30457357435924154E+000,-0.16516939567293653E-016)
 0.00000000000000000E+000 -0.20943951023931953E+001
( 0.22957317904160618E+000, 0.86736173798840355E-017)
 0.00000000000000000E+000 -0.10471975511965976E+001
( 0.10610956799385174E+000, 0.53969174808167325E-017)
 0.00000000000000000E+000  0.00000000000000000E+000
( 0.11528870394800710E-001, 0.00000000000000000E+000)
 0.00000000000000000E+000  0.10471975511965976E+001
( 0.10610956799385174E+000,-0.53969174808167325E-017)
 0.00000000000000000E+000  0.20943951023931953E+001
( 0.22957317904160618E+000,-0.86736173798840355E-017)
 0.00000000000000000E+000  0.31415926535897931E+001
( 0.26938648223697587E+000, 0.66929334083439128E-018)
 0.10471975511965976E+001 -0.20943951023931953E+001
( 0.26349198017725006E+000, 0.26406346245424729E-016)
 0.10471975511965976E+001 -0.10471975511965976E+001
( 0.16297225751873096E+000, 0.21202175817494308E-016)
 0.10471975511965976E+001  0.00000000000000000E+000
( 0.10886389262886673E+000, 0.16807971372317830E-016)
 0.10471975511965976E+001  0.10471975511965976E+001
( 0.15673272916826156E+000, 0.83844968005545671E-017)
 0.10471975511965976E+001  0.20943951023931953E+001
( 0.26145786348256095E+000, 0.94446055914292819E-017)
 0.10471975511965976E+001  0.31415926535897931E+001
( 0.30457357435924148E+000, 0.16689372729099140E-016)
 0.20943951023931953E+001 -0.20943951023931953E+001
( 0.34124600955899076E+000, 0.12528558437610272E-016)
 0.20943951023931953E+001 -0.10471975511965976E+001
( 0.26416304019483372E+000, 0.14648776019359705E-016)
 0.20943951023931953E+001  0.00000000000000000E+000
( 0.22653143814662444E+000, 0.10077404806530170E-016)
 0.20943951023931953E+001  0.10471975511965976E+001
( 0.26262268707636827E+000,-0.19274705288631189E-018)
 0.20943951023931953E+001  0.20943951023931953E+001
( 0.33881578266885654E+000, 0.60715321659188248E-017)
 0.20943951023931953E+001  0.31415926535897931E+001
( 0.38464858589887291E+000, 0.10810406161253704E-016)
 0.31415926535897931E+001 -0.20943951023931953E+001
( 0.38030340147179847E+000, 0.30839528461809902E-017)
 0.31415926535897931E+001 -0.10471975511965976E+001
( 0.29934331497253069E+000, 0.67461468510209156E-018)
 0.31415926535897931E+001  0.00000000000000000E+000
( 0.27582291640027862E+000, 0.17732245755308381E-017)
 0.31415926535897931E+001  0.10471975511965976E+001
( 0.29934331497253069E+000,-0.96373526443155954E-018)
 0.31415926535897931E+001  0.20943951023931953E+001
( 0.38030340147179847E+000,-0.54932910072598889E-017)
 0.31415926535897931E+001  0.31415926535897931E+001
( 0.42515783026071996E+000,-0.10387413855577214E-017)
 0.10000000000000000E+001          1         36
( 0.00000000000000000E+000, 0.00000000000000000E+000)
-0.20943951023931953E+001 -0.20943951023931953E+001
( 0.32756531451610288E+000,-0.99023798420342733E-017)
-0.20943951023931953E+001 -0.10471975511965976E+001
( 0.25537564236446814E+000,-0.57583182049785676E-017)
-0.20943951023931953E+001  0.00000000000000000E+000
( 0.22663809401040344E+000,-0.83802344266706060E-017)
-0.20943951023931953E+001  0.10471975511965976E+001
( 0.25701339472540935E+000,-0.35790718382827038E-016)
-0.20943951023931953E+001  0.20943951023931953E+001
( 0.33672195584226500E+000,-0.25430564290187775E-016)
-0.20943951023931953E+001  0.31415926535897931E+001
( 0.37629499669163219E+000, 0.12992652780281320E-017)
-0.10471975511965976E+001 -0.20943951023931953E+001
( 0.25903593918525575E+000, 0.28912057932946782E-017)
-0.10471975511965976E+001 -0.10471975511965976E+001
( 0.15349354528747600E+000, 0.81676563660574662E-017)
-0.10471975511965976E+001  0.00000000000000000E+000
( 0.10591797614658108E+000, 0.17634224152155555E-016)
-0.10471975511965976E+001  0.10471975511965976E+001
( 0.15555403492814182E+000,-0.28382003537509426E-016)
-0.10471975511965976E+001  0.20943951023931953E+001
( 0.25600657867155696E+000,-0.18792837656415408E-016)
-0.10471975511965976E+001  0.31415926535897931E+001
( 0.29387436120724103E+000, 0.57530903599814640E-019)
 0.00000000000000000E+000 -0.20943951023931953E+001
( 0.21224463322085629E+000, 0.22671872095752434E-016)
 0.00000000000000000E+000 -0.10471975511965976E+001
( 0.10765382791385072E+000, 0.23768120959043334E-016)
 0.00000000000000000E+000  0.00000000000000000E+000
( 0.16945121247134369E-002, 0.00000000000000000E+000)
 0.00000000000000000E+000  0.10471975511965976E+001
( 0.10765382791385072E+000,-0.23768120959043334E-016)
 0.00000000000000000E+000  0.20943951023931953E+001
( 0.21224463322085629E+000,-0.22671872095752434E-016)
 0.00000000000000000E+000  0.31415926535897931E+001
( 0.26398543022385890E+000, 0.32520071708301195E-017)
 0.10471975511965976E+001 -0.20943951023931953E+001
( 0.25600657867155696E+000, 0.18792837656415408E-016)
 0.10471975511965976E+001 -0.10471975511965976E+001
( 0.15555403492814182E+000, 0.28382003537509426E-016)
 0.10471975511965976E+001  0.00000000000000000E+000
( 0.10591797614658108E+000,-0.17634224152155555E-016)
 0.10471975511965976E+001  0.10471975511965976E+001
( 0.15349354528747600E+000,-0.81676563660574662E-017)
 0.10471975511965976E+001  0.20943951023931953E+001
( 0.25903593918525575E+000,-0.28912057932946782E-017)
 0.10471975511965976E+001  0.31415926535897931E+001
( 0.29387436120724103E+000,-0.22403001081884024E-017)
 0.20943951023931953E+001 -0.20943951023931953E+001
( 0.33672195584226500E+000, 0.25430564290187775E-016)
 0.20943951023931953E+001 -0.10471975511965976E+001
( 0.25701339472540935E+000, 0.35790718382827038E-016)
 0.20943951023931953E+001  0.00000000000000000E+000
( 0.22663809401040344E+000, 0.83802344266706060E-017)
 0.20943951023931953E+001  0.10471975511965976E+001
( 0.25537564236446814E+000, 0.57583182049785676E-017)
 0.20943951023931953E+001  0.20943951023931953E+001
( 0.32756531451610288E+000, 0.99023798420342733E-017)
 0.20943951023931953E+001  0.31415926535897931E+001
( 0.37629499669163219E+000, 0.72441566718087490E-017)
 0.31415926535897931E+001 -0.20943951023931953E+001
( 0.37532982941877213E+000, 0.12986332688215264E-016)
 0.31415926535897931E+001 -0.10471975511965976E+001
( 0.29955862907406317E+000, 0.23479000379713867E-016)
 0.31415926535897931E+001  0.00000000000000000E+000
( 0.26470133246021343E+000, 0.13205724404275397E-017)
 0.31415926535897931E+001  0.10471975511965976E+001
( 0.29955862907406317E+000,-0.25912431922403556E-016)
 0.31415926535897931E+001  0.20943951023931953E+001
( 0.37532982941877213E+000,-0.98541930788126955E-017)
 0.31415926535897931E+001  0.31415926535897931E+001
( 0.41385348016458540E+000,-0.10632061436111679E-017)
