          41           4   8.0000000000000000                1
     0.0000000        0.74743996        0.10509266
     0.1000000        0.54347907        0.10214484
     0.2000000        0.45781792        0.08191654
     0.3000000        0.40310237        0.08406955
     0.4000000        0.38283028        0.08350117
     0.5000000        0.37162324        0.07975810
     0.6000000        0.35321605        0.07406082
     0.7000000        0.33643548        0.07571143
     0.8000000        0.30849439        0.07367955
     0.9000000        0.29184581        0.06288872
     1.0000000        0.29352525        0.06565483
     1.1000000        0.26966889        0.06584074
     1.2000000        0.25087568        0.08291915
     1.3000000        0.28921043        0.05913577
     1.4000000        0.31873958        0.05101813
     1.5000000        0.30203476        0.06680572
     1.6000000        0.30746307        0.06913258
     1.7000000        0.28057356        0.09609535
     1.8000000        0.23097521        0.13393320
     1.9000000        0.24136195        0.12204271
     2.0000000        0.25253893        0.09499866
     2.1000000        0.25332528        0.07803941
     2.2000000        0.24988756        0.07165542
     2.3000000        0.26418859        0.07110644
     2.4000000        0.26816850        0.07904694
     2.5000000        0.24570099        0.09775187
     2.6000000        0.24772681        0.09827228
     2.7000000        0.25103588        0.08027693
     2.8000000        0.22577062        0.09087274
     2.9000000        0.24371344        0.08037628
     3.0000000        0.24590690        0.08538502
     3.1000000        0.22625712        0.08506592
     3.2000000        0.22103114        0.08135542
     3.3000000        0.20373756        0.08577698
     3.4000000        0.21459426        0.08200023
     3.5000000        0.22816248        0.08299244
     3.6000000        0.22310016        0.09199762
     3.7000000        0.21869725        0.08991427
     3.8000000        0.26066489        0.08176111
     3.9000000        0.28189357        0.08577004
     4.0000000        0.27546546        0.08749114
