          51           9   10.000000000000000                1
     0.0000000        0.49605934        0.02101785
     0.1000000        0.43385398        0.02077912
     0.2000000        0.38039029        0.01929108
     0.3000000        0.33335561        0.01673798
     0.4000000        0.29306866        0.01440531
     0.5000000        0.25951049        0.01259905
     0.6000000        0.23140358        0.01134864
     0.7000000        0.20697620        0.01035531
     0.8000000        0.18544295        0.00939266
     0.9000000        0.16593965        0.00832820
     1.0000000        0.14828571        0.00722654
     1.1000000        0.13300848        0.00641517
     1.2000000        0.11965433        0.00575913
     1.3000000        0.10802457        0.00534227
     1.4000000        0.09805256        0.00499170
     1.5000000        0.08930913        0.00462795
     1.6000000        0.08158188        0.00463826
     1.7000000        0.07412981        0.00472486
     1.8000000        0.06729371        0.00471335
     1.9000000        0.06159544        0.00465613
     2.0000000        0.05644962        0.00429074
     2.1000000        0.05190704        0.00391100
     2.2000000        0.04762419        0.00374017
     2.3000000        0.04328370        0.00347138
     2.4000000        0.03916430        0.00332196
     2.5000000        0.03493711        0.00315383
     2.6000000        0.03054075        0.00293457
     2.7000000        0.02699347        0.00298028
     2.8000000        0.02463062        0.00319428
     2.9000000        0.02249847        0.00347473
     3.0000000        0.02039430        0.00382740
     3.1000000        0.01830839        0.00424037
     3.2000000        0.01617119        0.00459622
     3.3000000        0.01371966        0.00497841
     3.4000000        0.01167104        0.00537403
     3.5000000        0.01025987        0.00581850
     3.6000000        0.00849743        0.00640067
     3.7000000        0.00681249        0.00667370
     3.8000000        0.00630226        0.00618655
     3.9000000        0.00672731        0.00527872
     4.0000000        0.00690774        0.00466908
     4.1000000        0.00634081        0.00444674
     4.2000000        0.00572664        0.00467514
     4.3000000        0.00567765        0.00477491
     4.4000000        0.00617466        0.00455607
     4.5000000        0.00709586        0.00439117
     4.6000000        0.00812313        0.00435978
     4.7000000        0.00859981        0.00460515
     4.8000000        0.00852010        0.00505246
     4.9000000        0.00855020        0.00559538
     5.0000000        0.00863843        0.00588853
