          81           4   10.000000000000000                1
     0.0000000        1.49238154        0.01552251
     0.1250000        1.24097714        0.04108952
     0.2500000        1.11797257        0.03280071
     0.3750000        0.98309821        0.03857586
     0.5000000        0.85860596        0.03352820
     0.6250000        0.75419479        0.03683803
     0.7500000        0.61000201        0.02779662
     0.8750000        0.54771451        0.01627640
     1.0000000        0.46793029        0.03684980
     1.1250000        0.42348727        0.03355236
     1.2500000        0.33000772        0.02703723
     1.3750000        0.30745560        0.02982379
     1.5000000        0.28384508        0.03574166
     1.6250000        0.25762065        0.03161664
     1.7500000        0.23307125        0.03076916
     1.8750000        0.21815449        0.05744844
     2.0000000        0.14283633        0.03360739
     2.1250000        0.13803649        0.02344119
     2.2500000        0.10589626        0.04013583
     2.3750000        0.08406342        0.05447228
     2.5000000        0.10565186        0.04557402
     2.6250000        0.16112168        0.03764003
     2.7500000        0.10328064        0.00833157
     2.8750000        0.14159425        0.01985331
     3.0000000        0.18778145        0.03941503
     3.1250000        0.17001189        0.02604931
     3.2500000        0.13358183        0.03855953
     3.3750000        0.09267671        0.02814565
     3.5000000        0.05799230        0.03782295
     3.6250000        0.00609942        0.09251589
     3.7500000       -0.00568183        0.03867707
     3.8750000       -0.00470440        0.04017663
     4.0000000        0.02396421        0.06417335
     4.1250000        0.01886227        0.06854055
     4.2500000        0.01549224        0.10106258
     4.3750000        0.04675105        0.06760624
     4.5000000        0.04799951        0.08012784
     4.6250000        0.02806315        0.05582176
     4.7500000        0.00917965        0.03991186
     4.8750000        0.04074798        0.05707171
     5.0000000        0.03064233        0.06018451
     5.1250000        0.04249870        0.03827781
     5.2500000        0.03900223        0.01462145
     5.3750000        0.06720744        0.03986203
     5.5000000        0.01938414        0.06828504
     5.6250000       -0.01491996        0.06283985
     5.7500000       -0.05902526        0.05405809
     5.8750000       -0.00830882        0.02863016
     6.0000000        0.00273959        0.02680467
     6.1250000       -0.00787924        0.06246831
     6.2500000       -0.00030682        0.08164430
     6.3750000        0.00354836        0.07422391
     6.5000000       -0.00692430        0.08720510
     6.6250000        0.03235057        0.06658321
     6.7500000        0.01450245        0.03671292
     6.8750000       -0.00576622        0.04817837
     7.0000000        0.00033438        0.03200714
     7.1250000       -0.01180996        0.03823914
     7.2500000        0.02327770        0.02528182
     7.3750000        0.02442654        0.03121593
     7.5000000        0.05215048        0.04420610
     7.6250000        0.07789994        0.04535048
     7.7500000        0.04460236        0.04978842
     7.8750000        0.01972104        0.06091467
     8.0000000        0.05027742        0.03400657
     8.1250000        0.10094281        0.03164080
     8.2500000        0.11578665        0.03051348
     8.3750000        0.14051708        0.04169225
     8.5000000        0.17343894        0.03318022
     8.6250000        0.13399492        0.03062349
     8.7500000        0.12946731        0.06178614
     8.8750000        0.17545038        0.06235591
     9.0000000        0.16527932        0.02811827
     9.1250000        0.14434852        0.02849301
     9.2500000        0.16548987        0.03886947
     9.3750000        0.21627414        0.02773814
     9.5000000        0.20902841        0.03500934
     9.6250000        0.25703512        0.01849197
     9.7500000        0.38798773        0.02561596
     9.8750000        0.45196512        0.03492840
    10.0000000        0.50761846        0.01552251
