          21           9   2.0000000000000000                1
     0.0000000        0.15974646        0.00285090
     0.1000000        0.13243284        0.00278181
     0.2000000        0.11539281        0.00262904
     0.3000000        0.11075917        0.00312355
     0.4000000        0.10936000        0.00202522
     0.5000000        0.10883302        0.00253713
     0.6000000        0.11692086        0.00280910
     0.7000000        0.12994409        0.00357491
     0.8000000        0.14111185        0.00248860
     0.9000000        0.15979374        0.00231606
     1.0000000        0.18232235        0.00477033
     1.1000000        0.21605314        0.00573478
     1.2000000        0.26200939        0.00574023
     1.3000000        0.31991537        0.00517006
     1.4000000        0.39508549        0.00361740
     1.5000000        0.49528622        0.00339950
     1.6000000        0.62996817        0.00256571
     1.7000000        0.81270516        0.00289388
     1.8000000        1.05589067        0.00320675
     1.9000000        1.38465194        0.00450373
     2.0000000        1.84025354        0.00285090
