          61           4   6.0000000000000000                1
     0.0000000        0.10773510        0.02432953
     0.1000000        0.07551549        0.01864660
     0.2000000        0.05398738        0.01321815
     0.3000000        0.03755113        0.01545995
     0.4000000        0.02326874        0.01307670
     0.5000000        0.02476601        0.01725030
     0.6000000        0.01891163        0.00457162
     0.7000000        0.02798538        0.01313328
     0.8000000        0.00994991        0.00825241
     0.9000000        0.00568911        0.02169044
     1.0000000        0.01004440        0.02432043
     1.1000000       -0.00435495        0.01202314
     1.2000000        0.00076913        0.02321132
     1.3000000        0.00497679        0.03041438
     1.4000000        0.00152651        0.01495749
     1.5000000        0.00097487        0.01510846
     1.6000000       -0.00099203        0.00846697
     1.7000000        0.00311182        0.00822363
     1.8000000       -0.00322950        0.01916532
     1.9000000        0.02187371        0.01414700
     2.0000000        0.02189946        0.00854411
     2.1000000        0.01728886        0.01905114
     2.2000000        0.00428456        0.01595368
     2.3000000       -0.00521288        0.00765765
     2.4000000        0.00264218        0.01009557
     2.5000000        0.02075688        0.00665990
     2.6000000        0.03778364        0.01086268
     2.7000000        0.02995890        0.01338659
     2.8000000        0.01187399        0.01223933
     2.9000000        0.00430065        0.01547822
     3.0000000        0.01212290        0.01381364
     3.1000000        0.00810850        0.01211224
     3.2000000       -0.00114918        0.00481832
     3.3000000       -0.00686483        0.00712145
     3.4000000       -0.01013855        0.00732308
     3.5000000       -0.00142834        0.00914910
     3.6000000       -0.00832878        0.01234305
     3.7000000        0.00339915        0.00714334
     3.8000000        0.00477194        0.01592683
     3.9000000        0.01336911        0.01313053
     4.0000000        0.01411892        0.01151150
     4.1000000        0.02018651        0.01400423
     4.2000000        0.01656545        0.00884456
     4.3000000        0.02224050        0.01068837
     4.4000000        0.02990522        0.01015660
     4.5000000        0.02117457        0.01543942
     4.6000000        0.02123895        0.02288023
     4.7000000        0.04521297        0.02439548
     4.8000000        0.06758103        0.01398789
     4.9000000        0.08526149        0.01259287
     5.0000000        0.11113268        0.01612164
     5.1000000        0.14184727        0.02048822
     5.2000000        0.16736747        0.01834334
     5.3000000        0.22688441        0.01151462
     5.4000000        0.32299181        0.01553220
     5.5000000        0.42746057        0.01417171
     5.6000000        0.55263707        0.01987842
     5.7000000        0.74000397        0.01746232
     5.8000000        0.98587997        0.01977083
     5.9000000        1.36914201        0.02570704
     6.0000000        1.89226490        0.02432953
