          21           4   4.0000000000000000                1
     0.0000000        0.26104304        0.01376069
     0.1000000        0.24965094        0.01368330
     0.2000000        0.24010036        0.01369961
     0.3000000        0.23154852        0.01364849
     0.4000000        0.22378687        0.01356137
     0.5000000        0.21665460        0.01355346
     0.6000000        0.21000343        0.01335459
     0.7000000        0.20384937        0.01290892
     0.8000000        0.19803256        0.01237567
     0.9000000        0.19267054        0.01183683
     1.0000000        0.18783438        0.01129456
     1.1000000        0.18362496        0.01096379
     1.2000000        0.18015725        0.01076247
     1.3000000        0.17696983        0.01033169
     1.4000000        0.17425441        0.01002016
     1.5000000        0.17226806        0.01001078
     1.6000000        0.17086082        0.01003837
     1.7000000        0.16973222        0.00990547
     1.8000000        0.16882608        0.00966254
     1.9000000        0.16832814        0.00945875
     2.0000000        0.16815070        0.00937163
