          61           4   6.0000000000000000                1
     0.0000000        1.25662406        0.03621888
     0.1000000        1.13363226        0.04880218
     0.2000000        1.03759568        0.06208508
     0.3000000        0.94311125        0.03783637
     0.4000000        0.82178703        0.04186221
     0.5000000        0.77029508        0.02296858
     0.6000000        0.69565601        0.04106805
     0.7000000        0.66243138        0.02264550
     0.8000000        0.60089799        0.02756706
     0.9000000        0.55049627        0.04656317
     1.0000000        0.50794345        0.03785314
     1.1000000        0.48276421        0.05338613
     1.2000000        0.43796902        0.06450919
     1.3000000        0.38130417        0.07302132
     1.4000000        0.41484284        0.08267818
     1.5000000        0.39575712        0.08924620
     1.6000000        0.38050533        0.07513128
     1.7000000        0.36698071        0.05933595
     1.8000000        0.32935791        0.08153126
     1.9000000        0.28638014        0.09214348
     2.0000000        0.26708667        0.10141209
     2.1000000        0.27304036        0.08308419
     2.2000000        0.29685252        0.08108104
     2.3000000        0.27473461        0.06549964
     2.4000000        0.22694548        0.07668010
     2.5000000        0.20665283        0.05802781
     2.6000000        0.20262012        0.04785010
     2.7000000        0.20781128        0.05203194
     2.8000000        0.21416575        0.06135603
     2.9000000        0.20853501        0.07327047
     3.0000000        0.17389135        0.05872626
     3.1000000        0.15451037        0.05854983
     3.2000000        0.17572518        0.04180944
     3.3000000        0.16612136        0.06682060
     3.4000000        0.17747870        0.06237579
     3.5000000        0.15088897        0.04851916
     3.6000000        0.14058480        0.04009859
     3.7000000        0.15831288        0.02695998
     3.8000000        0.13424561        0.03390844
     3.9000000        0.13629449        0.04825284
     4.0000000        0.15171369        0.05374655
     4.1000000        0.18256552        0.04783230
     4.2000000        0.19024493        0.05854525
     4.3000000        0.18296998        0.07557678
     4.4000000        0.17372677        0.08028038
     4.5000000        0.16019795        0.06688708
     4.6000000        0.21970205        0.06701384
     4.7000000        0.22531251        0.08258315
     4.8000000        0.25113172        0.05927559
     4.9000000        0.26584423        0.05672873
     5.0000000        0.28382075        0.06299984
     5.1000000        0.30191503        0.06670787
     5.2000000        0.35599576        0.07656973
     5.3000000        0.36127707        0.07406524
     5.4000000        0.40213451        0.07443383
     5.5000000        0.42533324        0.07364504
     5.6000000        0.47505857        0.05955429
     5.7000000        0.51615726        0.07227436
     5.8000000        0.55827464        0.08254320
     5.9000000        0.64502477        0.08205603
     6.0000000        0.74337594        0.03621888
