 0.10000000000000000E+001          1        100
( 0.00000000000000000E+000, 0.00000000000000000E+000)
-0.25132741228718340E+001 -0.25132741228718340E+001
( 0.41190626951791071E+000, 0.28865798640254071E-016)
-0.25132741228718340E+001 -0.18849555921538754E+001
( 0.39725009722455462E+000,-0.74940054162198071E-016)
-0.25132741228718340E+001 -0.12566370614359170E+001
( 0.29948926139319582E+000, 0.22204460492503132E-016)
-0.25132741228718340E+001 -0.62831853071795851E+000
( 0.28373189545375505E+000,-0.18873791418627663E-016)
-0.25132741228718340E+001  0.00000000000000000E+000
( 0.30153483686509286E+000, 0.21980476310361845E-016)
-0.25132741228718340E+001  0.62831853071795851E+000
( 0.31069511249709036E+000,-0.31918911957973254E-016)
-0.25132741228718340E+001  0.12566370614359170E+001
( 0.30150112387140660E+000,-0.26090241078691180E-016)
-0.25132741228718340E+001  0.18849555921538754E+001
( 0.41125320876012156E+000, 0.10824674490095277E-016)
-0.25132741228718340E+001  0.25132741228718340E+001
( 0.39904766387550339E+000,-0.54400928206632669E-016)
-0.25132741228718340E+001  0.31415926535897927E+001
( 0.42552137939766765E+000, 0.51142617802148568E-016)
-0.18849555921538754E+001 -0.25132741228718340E+001
( 0.36497471569667495E+000, 0.10824674490095277E-016)
-0.18849555921538754E+001 -0.18849555921538754E+001
( 0.33894725900063855E+000, 0.55788706987414123E-016)
-0.18849555921538754E+001 -0.12566370614359170E+001
( 0.28704703598266518E+000, 0.47184478546569156E-017)
-0.18849555921538754E+001 -0.62831853071795851E+000
( 0.23082354965827265E+000, 0.41633363423443369E-017)
-0.18849555921538754E+001  0.00000000000000000E+000
( 0.22858540744961475E+000,-0.20432881800475388E-016)
-0.18849555921538754E+001  0.62831853071795851E+000
( 0.20764530286916594E+000, 0.23869795029440865E-016)
-0.18849555921538754E+001  0.12566370614359170E+001
( 0.29897247389115622E+000,-0.48849813083506888E-016)
-0.18849555921538754E+001  0.18849555921538754E+001
( 0.36332388865010068E+000,-0.26367796834847470E-016)
-0.18849555921538754E+001  0.25132741228718340E+001
( 0.36117710183491836E+000,-0.55511151231257828E-018)
-0.18849555921538754E+001  0.31415926535897927E+001
( 0.41420664679214320E+000,-0.48617963399388680E-016)
-0.12566370614359170E+001 -0.25132741228718340E+001
( 0.27905165542736560E+000, 0.38857805861880483E-017)
-0.12566370614359170E+001 -0.18849555921538754E+001
( 0.28005189389722007E+000,-0.30253577421035518E-016)
-0.12566370614359170E+001 -0.12566370614359170E+001
( 0.22635865289661594E+000,-0.33306690738754695E-016)
-0.12566370614359170E+001 -0.62831853071795851E+000
( 0.22950661180482834E+000, 0.69388939039072284E-017)
-0.12566370614359170E+001  0.00000000000000000E+000
( 0.18642052443859469E+000,-0.44971941179830880E-016)
-0.12566370614359170E+001  0.62831853071795851E+000
( 0.16518807929090895E+000,-0.48294701571194309E-016)
-0.12566370614359170E+001  0.12566370614359170E+001
( 0.21511917457610957E+000, 0.66613381477509390E-017)
-0.12566370614359170E+001  0.18849555921538754E+001
( 0.26097200056084707E+000,-0.16653345369377347E-016)
-0.12566370614359170E+001  0.25132741228718340E+001
( 0.27067391743249813E+000,-0.42466030691912238E-016)
-0.12566370614359170E+001  0.31415926535897927E+001
( 0.30612897914248161E+000,-0.11021868443188230E-016)
-0.62831853071795851E+000 -0.25132741228718340E+001
( 0.26106558209922509E+000,-0.14155343563970746E-016)
-0.62831853071795851E+000 -0.18849555921538754E+001
( 0.24779667467561134E+000,-0.30808688933348097E-016)
-0.62831853071795851E+000 -0.12566370614359170E+001
( 0.19470137559848760E+000,-0.16098233857064769E-016)
-0.62831853071795851E+000 -0.62831853071795851E+000
( 0.12649051768623540E+000,-0.13877787807814457E-016)
-0.62831853071795851E+000  0.00000000000000000E+000
( 0.10098426887666717E+000,-0.13526888771363076E-016)
-0.62831853071795851E+000  0.62831853071795851E+000
( 0.13712059759729855E+000,-0.13322676295501878E-016)
-0.62831853071795851E+000  0.12566370614359170E+001
( 0.19150871273605063E+000,-0.46351811278100284E-016)
-0.62831853071795851E+000  0.18849555921538754E+001
( 0.22523029724822952E+000,-0.41910919179599660E-016)
-0.62831853071795851E+000  0.25132741228718340E+001
( 0.26842410130473160E+000,-0.47462034302725441E-016)
-0.62831853071795851E+000  0.31415926535897927E+001
( 0.31788294152546037E+000, 0.43799905891744351E-016)
 0.00000000000000000E+000 -0.25132741228718340E+001
( 0.28684918767147138E+000,-0.29143354396410360E-016)
 0.00000000000000000E+000 -0.18849555921538754E+001
( 0.27362045333803947E+000,-0.26645352591003756E-016)
 0.00000000000000000E+000 -0.12566370614359170E+001
( 0.19810824021884960E+000, 0.83266726846886737E-017)
 0.00000000000000000E+000 -0.62831853071795851E+000
( 0.93398963705078220E-001, 0.88817841970012525E-017)
 0.00000000000000000E+000  0.00000000000000000E+000
( 0.52179174182586420E-001, 0.00000000000000000E+000)
 0.00000000000000000E+000  0.62831853071795851E+000
( 0.93398963705078220E-001,-0.88817841970012525E-017)
 0.00000000000000000E+000  0.12566370614359170E+001
( 0.19810824021884960E+000,-0.83266726846886737E-017)
 0.00000000000000000E+000  0.18849555921538754E+001
( 0.27362045333803947E+000, 0.26645352591003756E-016)
 0.00000000000000000E+000  0.25132741228718340E+001
( 0.28684918767147138E+000, 0.29143354396410360E-016)
 0.00000000000000000E+000  0.31415926535897927E+001
( 0.30093568442185459E+000, 0.30767368455441528E-017)
 0.62831853071795851E+000 -0.25132741228718340E+001
( 0.26842410130473160E+000, 0.47462034302725441E-016)
 0.62831853071795851E+000 -0.18849555921538754E+001
( 0.22523029724822952E+000, 0.41910919179599660E-016)
 0.62831853071795851E+000 -0.12566370614359170E+001
( 0.19150871273605063E+000, 0.46351811278100284E-016)
 0.62831853071795851E+000 -0.62831853071795851E+000
( 0.13712059759729855E+000, 0.13322676295501878E-016)
 0.62831853071795851E+000  0.00000000000000000E+000
( 0.10098426887666717E+000, 0.13526888771363076E-016)
 0.62831853071795851E+000  0.62831853071795851E+000
( 0.12649051768623540E+000, 0.13877787807814457E-016)
 0.62831853071795851E+000  0.12566370614359170E+001
( 0.19470137559848760E+000, 0.16098233857064769E-016)
 0.62831853071795851E+000  0.18849555921538754E+001
( 0.24779667467561134E+000, 0.30808688933348097E-016)
 0.62831853071795851E+000  0.25132741228718340E+001
( 0.26106558209922509E+000, 0.14155343563970746E-016)
 0.62831853071795851E+000  0.31415926535897927E+001
( 0.31788294152546032E+000,-0.21711320188659492E-016)
 0.12566370614359170E+001 -0.25132741228718340E+001
( 0.27067391743249813E+000, 0.42466030691912238E-016)
 0.12566370614359170E+001 -0.18849555921538754E+001
( 0.26097200056084707E+000, 0.16653345369377347E-016)
 0.12566370614359170E+001 -0.12566370614359170E+001
( 0.21511917457610957E+000,-0.66613381477509390E-017)
 0.12566370614359170E+001 -0.62831853071795851E+000
( 0.16518807929090895E+000, 0.48294701571194309E-016)
 0.12566370614359170E+001  0.00000000000000000E+000
( 0.18642052443859469E+000, 0.44971941179830880E-016)
 0.12566370614359170E+001  0.62831853071795851E+000
( 0.22950661180482834E+000,-0.69388939039072284E-017)
 0.12566370614359170E+001  0.12566370614359170E+001
( 0.22635865289661594E+000, 0.33306690738754695E-016)
 0.12566370614359170E+001  0.18849555921538754E+001
( 0.28005189389722007E+000, 0.30253577421035518E-016)
 0.12566370614359170E+001  0.25132741228718340E+001
( 0.27905165542736560E+000,-0.38857805861880483E-017)
 0.12566370614359170E+001  0.31415926535897927E+001
( 0.30612897914248161E+000, 0.22145078355351469E-016)
 0.18849555921538754E+001 -0.25132741228718340E+001
( 0.36117710183491836E+000, 0.55511151231257828E-018)
 0.18849555921538754E+001 -0.18849555921538754E+001
( 0.36332388865010068E+000, 0.26367796834847470E-016)
 0.18849555921538754E+001 -0.12566370614359170E+001
( 0.29897247389115622E+000, 0.48849813083506888E-016)
 0.18849555921538754E+001 -0.62831853071795851E+000
( 0.20764530286916594E+000,-0.23869795029440865E-016)
 0.18849555921538754E+001  0.00000000000000000E+000
( 0.22858540744961475E+000, 0.20432881800475388E-016)
 0.18849555921538754E+001  0.62831853071795851E+000
( 0.23082354965827265E+000,-0.41633363423443369E-017)
 0.18849555921538754E+001  0.12566370614359170E+001
( 0.28704703598266518E+000,-0.47184478546569156E-017)
 0.18849555921538754E+001  0.18849555921538754E+001
( 0.33894725900063855E+000,-0.55788706987414123E-016)
 0.18849555921538754E+001  0.25132741228718340E+001
( 0.36497471569667495E+000,-0.10824674490095277E-016)
 0.18849555921538754E+001  0.31415926535897927E+001
( 0.41420664679214325E+000, 0.53420220224310088E-016)
 0.25132741228718340E+001 -0.25132741228718340E+001
( 0.39904766387550339E+000, 0.54400928206632669E-016)
 0.25132741228718340E+001 -0.18849555921538754E+001
( 0.41125320876012156E+000,-0.10824674490095277E-016)
 0.25132741228718340E+001 -0.12566370614359170E+001
( 0.30150112387140660E+000, 0.26090241078691180E-016)
 0.25132741228718340E+001 -0.62831853071795851E+000
( 0.31069511249709036E+000, 0.31918911957973254E-016)
 0.25132741228718340E+001  0.00000000000000000E+000
( 0.30153483686509286E+000,-0.21980476310361845E-016)
 0.25132741228718340E+001  0.62831853071795851E+000
( 0.28373189545375505E+000, 0.18873791418627663E-016)
 0.25132741228718340E+001  0.12566370614359170E+001
( 0.29948926139319582E+000,-0.22204460492503132E-016)
 0.25132741228718340E+001  0.18849555921538754E+001
( 0.39725009722455462E+000, 0.74940054162198071E-016)
 0.25132741228718340E+001  0.25132741228718340E+001
( 0.41190626951791071E+000,-0.28865798640254071E-016)
 0.25132741228718340E+001  0.31415926535897927E+001
( 0.42552137939766776E+000, 0.14797148723264219E-016)
 0.31415926535897927E+001 -0.25132741228718340E+001
( 0.37045324610159619E+000, 0.30808688933348097E-016)
 0.31415926535897927E+001 -0.18849555921538754E+001
( 0.44330411078281651E+000,-0.44686476741162553E-016)
 0.31415926535897927E+001 -0.12566370614359170E+001
( 0.34217001419892534E+000, 0.55511151231257827E-016)
 0.31415926535897927E+001 -0.62831853071795851E+000
( 0.29463858883104121E+000,-0.51902926401226071E-016)
 0.31415926535897927E+001  0.00000000000000000E+000
( 0.26331660815695812E+000,-0.25232569544151316E-016)
 0.31415926535897927E+001  0.62831853071795851E+000
( 0.29463858883104133E+000, 0.55511151231257828E-018)
 0.31415926535897927E+001  0.12566370614359170E+001
( 0.34217001419892534E+000,-0.19151347174783952E-016)
 0.31415926535897927E+001  0.18849555921538754E+001
( 0.44330411078281651E+000, 0.45241588253475132E-016)
 0.31415926535897927E+001  0.25132741228718340E+001
( 0.37045324610159613E+000,-0.33584246494910984E-016)
 0.31415926535897927E+001  0.31415926535897927E+001
( 0.42568682675834268E+000, 0.91210465141854444E-016)
 0.10000000000000000E+001          1        100
( 0.00000000000000000E+000, 0.00000000000000000E+000)
-0.25132741228718340E+001 -0.25132741228718340E+001
( 0.33987686104750880E+000, 0.38857805861880483E-016)
-0.25132741228718340E+001 -0.18849555921538754E+001
( 0.31470154261467026E+000, 0.96311847386232335E-016)
-0.25132741228718340E+001 -0.12566370614359170E+001
( 0.29039856894551430E+000, 0.38857805861880483E-017)
-0.25132741228718340E+001 -0.62831853071795851E+000
( 0.28344571427307452E+000, 0.30531133177191807E-016)
-0.25132741228718340E+001  0.00000000000000000E+000
( 0.23139749689842845E+000, 0.76085746401544355E-017)
-0.25132741228718340E+001  0.62831853071795851E+000
( 0.24961317538808786E+000, 0.33029134982598406E-016)
-0.25132741228718340E+001  0.12566370614359170E+001
( 0.30440001452386961E+000,-0.73829831137572914E-016)
-0.25132741228718340E+001  0.18849555921538754E+001
( 0.37322356780969107E+000, 0.77160500211448386E-016)
-0.25132741228718340E+001  0.25132741228718340E+001
( 0.32043182863577380E+000,-0.19706458687096528E-016)
-0.25132741228718340E+001  0.31415926535897927E+001
( 0.36015441707876622E+000,-0.39043922695611752E-017)
-0.18849555921538754E+001 -0.25132741228718340E+001
( 0.33026567291679049E+000,-0.27755575615628914E-016)
-0.18849555921538754E+001 -0.18849555921538754E+001
( 0.27489830415668776E+000,-0.20539125955565396E-016)
-0.18849555921538754E+001 -0.12566370614359170E+001
( 0.25335336079194931E+000,-0.24147350785597155E-016)
-0.18849555921538754E+001 -0.62831853071795851E+000
( 0.26257899966660392E+000,-0.83266726846886737E-018)
-0.18849555921538754E+001  0.00000000000000000E+000
( 0.21403603669427468E+000, 0.61554130790845039E-017)
-0.18849555921538754E+001  0.62831853071795851E+000
( 0.21702756981659796E+000,-0.17486012637846216E-016)
-0.18849555921538754E+001  0.12566370614359170E+001
( 0.26377374413999416E+000, 0.99920072216264085E-017)
-0.18849555921538754E+001  0.18849555921538754E+001
( 0.32172388420867654E+000,-0.47184478546569152E-016)
-0.18849555921538754E+001  0.25132741228718340E+001
( 0.34036220611166840E+000,-0.16375789613221058E-016)
-0.18849555921538754E+001  0.31415926535897927E+001
( 0.32804150816546612E+000, 0.41875664766264341E-016)
-0.12566370614359170E+001 -0.25132741228718340E+001
( 0.30382876637694994E+000,-0.36359804056473878E-016)
-0.12566370614359170E+001 -0.18849555921538754E+001
( 0.17784530450857569E+000, 0.66613381477509390E-016)
-0.12566370614359170E+001 -0.12566370614359170E+001
( 0.20146298155193357E+000,-0.20261570199409106E-016)
-0.12566370614359170E+001 -0.62831853071795851E+000
( 0.16591745503728572E+000, 0.38857805861880483E-017)
-0.12566370614359170E+001  0.00000000000000000E+000
( 0.15361584164580716E+000,-0.43836074865333121E-017)
-0.12566370614359170E+001  0.62831853071795851E+000
( 0.13948927303775191E+000,-0.74940054162198071E-017)
-0.12566370614359170E+001  0.12566370614359170E+001
( 0.16742545028235337E+000, 0.49960036108132046E-016)
-0.12566370614359170E+001  0.18849555921538754E+001
( 0.24654831390436813E+000, 0.22759572004815711E-016)
-0.12566370614359170E+001  0.25132741228718340E+001
( 0.31534730937001371E+000, 0.32751579226442116E-016)
-0.12566370614359170E+001  0.31415926535897927E+001
( 0.32860296145642265E+000,-0.55888337889981559E-016)
-0.62831853071795851E+000 -0.25132741228718340E+001
( 0.28007071990288701E+000, 0.40245584642661923E-016)
-0.62831853071795851E+000 -0.18849555921538754E+001
( 0.23784938165967273E+000,-0.61062266354383615E-016)
-0.62831853071795851E+000 -0.12566370614359170E+001
( 0.17617674643230063E+000,-0.27755575615628915E-017)
-0.62831853071795851E+000 -0.62831853071795851E+000
( 0.11576134805911341E+000, 0.25812685322534891E-016)
-0.62831853071795851E+000  0.00000000000000000E+000
( 0.73506802416388059E-001, 0.35082160847786917E-016)
-0.62831853071795851E+000  0.62831853071795851E+000
( 0.95220041442458575E-001, 0.11102230246251566E-016)
-0.62831853071795851E+000  0.12566370614359170E+001
( 0.15190527813647595E+000,-0.34416913763379853E-016)
-0.62831853071795851E+000  0.18849555921538754E+001
( 0.26100582231404146E+000, 0.54123372450476380E-016)
-0.62831853071795851E+000  0.25132741228718340E+001
( 0.24552628557895403E+000,-0.47184478546569156E-017)
-0.62831853071795851E+000  0.31415926535897927E+001
( 0.28336057336969395E+000, 0.74107895377410644E-017)
 0.00000000000000000E+000 -0.25132741228718340E+001
( 0.28554287946427609E+000, 0.80491169285323844E-017)
 0.00000000000000000E+000 -0.18849555921538754E+001
( 0.22657027111951089E+000, 0.11379786002407855E-016)
 0.00000000000000000E+000 -0.12566370614359170E+001
( 0.15195604439546553E+000,-0.31641356201816965E-016)
 0.00000000000000000E+000 -0.62831853071795851E+000
( 0.11064003190059646E+000, 0.28033131371785203E-016)
 0.00000000000000000E+000  0.00000000000000000E+000
( 0.63836574123143336E-001, 0.00000000000000000E+000)
 0.00000000000000000E+000  0.62831853071795851E+000
( 0.11064003190059646E+000,-0.28033131371785203E-016)
 0.00000000000000000E+000  0.12566370614359170E+001
( 0.15195604439546553E+000, 0.31641356201816965E-016)
 0.00000000000000000E+000  0.18849555921538754E+001
( 0.22657027111951089E+000,-0.11379786002407855E-016)
 0.00000000000000000E+000  0.25132741228718340E+001
( 0.28554287946427609E+000,-0.80491169285323844E-017)
 0.00000000000000000E+000  0.31415926535897927E+001
( 0.23861519620526417E+000,-0.61624652824511536E-017)
 0.62831853071795851E+000 -0.25132741228718340E+001
( 0.24552628557895403E+000, 0.47184478546569156E-017)
 0.62831853071795851E+000 -0.18849555921538754E+001
( 0.26100582231404146E+000,-0.54123372450476380E-016)
 0.62831853071795851E+000 -0.12566370614359170E+001
( 0.15190527813647595E+000, 0.34416913763379853E-016)
 0.62831853071795851E+000 -0.62831853071795851E+000
( 0.95220041442458575E-001,-0.11102230246251566E-016)
 0.62831853071795851E+000  0.00000000000000000E+000
( 0.73506802416388059E-001,-0.35082160847786917E-016)
 0.62831853071795851E+000  0.62831853071795851E+000
( 0.11576134805911341E+000,-0.25812685322534891E-016)
 0.62831853071795851E+000  0.12566370614359170E+001
( 0.17617674643230063E+000, 0.27755575615628915E-017)
 0.62831853071795851E+000  0.18849555921538754E+001
( 0.23784938165967273E+000, 0.61062266354383615E-016)
 0.62831853071795851E+000  0.25132741228718340E+001
( 0.28007071990288701E+000,-0.40245584642661923E-016)
 0.62831853071795851E+000  0.31415926535897927E+001
( 0.28336057336969406E+000, 0.24811838117698444E-016)
 0.12566370614359170E+001 -0.25132741228718340E+001
( 0.31534730937001371E+000,-0.32751579226442116E-016)
 0.12566370614359170E+001 -0.18849555921538754E+001
( 0.24654831390436813E+000,-0.22759572004815711E-016)
 0.12566370614359170E+001 -0.12566370614359170E+001
( 0.16742545028235337E+000,-0.49960036108132046E-016)
 0.12566370614359170E+001 -0.62831853071795851E+000
( 0.13948927303775191E+000, 0.74940054162198071E-017)
 0.12566370614359170E+001  0.00000000000000000E+000
( 0.15361584164580716E+000, 0.43836074865333121E-017)
 0.12566370614359170E+001  0.62831853071795851E+000
( 0.16591745503728572E+000,-0.38857805861880483E-017)
 0.12566370614359170E+001  0.12566370614359170E+001
( 0.20146298155193357E+000, 0.20261570199409106E-016)
 0.12566370614359170E+001  0.18849555921538754E+001
( 0.17784530450857569E+000,-0.66613381477509390E-016)
 0.12566370614359170E+001  0.25132741228718340E+001
( 0.30382876637694994E+000, 0.36359804056473878E-016)
 0.12566370614359170E+001  0.31415926535897927E+001
( 0.32860296145642282E+000,-0.18894398087268225E-017)
 0.18849555921538754E+001 -0.25132741228718340E+001
( 0.34036220611166840E+000, 0.16375789613221058E-016)
 0.18849555921538754E+001 -0.18849555921538754E+001
( 0.32172388420867654E+000, 0.47184478546569152E-016)
 0.18849555921538754E+001 -0.12566370614359170E+001
( 0.26377374413999416E+000,-0.99920072216264085E-017)
 0.18849555921538754E+001 -0.62831853071795851E+000
( 0.21702756981659796E+000, 0.17486012637846216E-016)
 0.18849555921538754E+001  0.00000000000000000E+000
( 0.21403603669427468E+000,-0.61554130790845039E-017)
 0.18849555921538754E+001  0.62831853071795851E+000
( 0.26257899966660392E+000, 0.83266726846886737E-018)
 0.18849555921538754E+001  0.12566370614359170E+001
( 0.25335336079194931E+000, 0.24147350785597155E-016)
 0.18849555921538754E+001  0.18849555921538754E+001
( 0.27489830415668776E+000, 0.20539125955565396E-016)
 0.18849555921538754E+001  0.25132741228718340E+001
( 0.33026567291679049E+000, 0.27755575615628914E-016)
 0.18849555921538754E+001  0.31415926535897927E+001
( 0.32804150816546612E+000,-0.41193358500649212E-016)
 0.25132741228718340E+001 -0.25132741228718340E+001
( 0.32043182863577380E+000, 0.19706458687096528E-016)
 0.25132741228718340E+001 -0.18849555921538754E+001
( 0.37322356780969107E+000,-0.77160500211448386E-016)
 0.25132741228718340E+001 -0.12566370614359170E+001
( 0.30440001452386961E+000, 0.73829831137572914E-016)
 0.25132741228718340E+001 -0.62831853071795851E+000
( 0.24961317538808786E+000,-0.33029134982598406E-016)
 0.25132741228718340E+001  0.00000000000000000E+000
( 0.23139749689842845E+000,-0.76085746401544355E-017)
 0.25132741228718340E+001  0.62831853071795851E+000
( 0.28344571427307452E+000,-0.30531133177191807E-016)
 0.25132741228718340E+001  0.12566370614359170E+001
( 0.29039856894551430E+000,-0.38857805861880483E-017)
 0.25132741228718340E+001  0.18849555921538754E+001
( 0.31470154261467026E+000,-0.96311847386232335E-016)
 0.25132741228718340E+001  0.25132741228718340E+001
( 0.33987686104750880E+000,-0.38857805861880483E-016)
 0.25132741228718340E+001  0.31415926535897927E+001
( 0.36015441707876633E+000, 0.54708678770937678E-016)
 0.31415926535897927E+001 -0.25132741228718340E+001
( 0.36487585946816792E+000, 0.36082248300317589E-016)
 0.31415926535897927E+001 -0.18849555921538754E+001
( 0.41457201103481539E+000, 0.30253577421035518E-016)
 0.31415926535897927E+001 -0.12566370614359170E+001
( 0.27177541542221767E+000, 0.41078251911130792E-016)
 0.31415926535897927E+001 -0.62831853071795851E+000
( 0.27497373074104270E+000,-0.30253577421035518E-016)
 0.31415926535897927E+001  0.00000000000000000E+000
( 0.29072633102310652E+000, 0.76315366972750254E-017)
 0.31415926535897927E+001  0.62831853071795851E+000
( 0.27497373074104270E+000, 0.35249581031848721E-016)
 0.31415926535897927E+001  0.12566370614359170E+001
( 0.27177541542221778E+000,-0.28865798640254071E-016)
 0.31415926535897927E+001  0.18849555921538754E+001
( 0.41457201103481545E+000, 0.50237591864288335E-016)
 0.31415926535897927E+001  0.25132741228718340E+001
( 0.36487585946816792E+000,-0.34139358007223563E-016)
 0.31415926535897927E+001  0.31415926535897927E+001
( 0.35168307557092215E+000, 0.35038770443715331E-016)
 0.10000000000000000E+001          1        100
( 0.00000000000000000E+000, 0.00000000000000000E+000)
-0.25132741228718340E+001 -0.25132741228718340E+001
( 0.31373624294500219E+000,-0.34416913763379853E-016)
-0.25132741228718340E+001 -0.18849555921538754E+001
( 0.32972022504666620E+000, 0.30253577421035518E-016)
-0.25132741228718340E+001 -0.12566370614359170E+001
( 0.29596334926051698E+000,-0.44408920985006263E-017)
-0.25132741228718340E+001 -0.62831853071795851E+000
( 0.26760645369240915E+000, 0.14432899320127036E-016)
-0.25132741228718340E+001  0.00000000000000000E+000
( 0.23731546177010529E+000, 0.40845506740082816E-016)
-0.25132741228718340E+001  0.62831853071795851E+000
( 0.25484392387448812E+000, 0.22204460492503131E-017)
-0.25132741228718340E+001  0.12566370614359170E+001
( 0.30097526196154706E+000,-0.36082248300317589E-016)
-0.25132741228718340E+001  0.18849555921538754E+001
( 0.37823920023253521E+000, 0.83266726846886737E-018)
-0.25132741228718340E+001  0.25132741228718340E+001
( 0.38975284933050319E+000, 0.13322676295501878E-016)
-0.25132741228718340E+001  0.31415926535897927E+001
( 0.31277101070797758E+000, 0.57563064597188512E-016)
-0.18849555921538754E+001 -0.25132741228718340E+001
( 0.31975143186955335E+000, 0.53290705182007512E-016)
-0.18849555921538754E+001 -0.18849555921538754E+001
( 0.29272018649177223E+000, 0.51070259132757203E-016)
-0.18849555921538754E+001 -0.12566370614359170E+001
( 0.27398555058624324E+000, 0.97144514654701207E-017)
-0.18849555921538754E+001 -0.62831853071795851E+000
( 0.22563868887205971E+000, 0.18318679906315084E-016)
-0.18849555921538754E+001  0.00000000000000000E+000
( 0.22676075373208307E+000, 0.14634053127604881E-016)
-0.18849555921538754E+001  0.62831853071795851E+000
( 0.22298315362544338E+000,-0.34972025275692431E-016)
-0.18849555921538754E+001  0.12566370614359170E+001
( 0.24348298283383166E+000,-0.52735593669694936E-017)
-0.18849555921538754E+001  0.18849555921538754E+001
( 0.28408111385387658E+000,-0.47184478546569156E-017)
-0.18849555921538754E+001  0.25132741228718340E+001
( 0.33292999270421725E+000,-0.14432899320127036E-016)
-0.18849555921538754E+001  0.31415926535897927E+001
( 0.31737503334871314E+000,-0.56060044724360891E-016)
-0.12566370614359170E+001 -0.25132741228718340E+001
( 0.32175979759467338E+000, 0.18873791418627663E-016)
-0.12566370614359170E+001 -0.18849555921538754E+001
( 0.25663494200019560E+000, 0.81046280797636425E-016)
-0.12566370614359170E+001 -0.12566370614359170E+001
( 0.21620818914365905E+000, 0.26645352591003756E-016)
-0.12566370614359170E+001 -0.62831853071795851E+000
( 0.14194451387452350E+000, 0.27200464103316335E-016)
-0.12566370614359170E+001  0.00000000000000000E+000
( 0.14087425344169394E+000, 0.11471580234001083E-016)
-0.12566370614359170E+001  0.62831853071795851E+000
( 0.16105316377943918E+000, 0.19984014443252817E-016)
-0.12566370614359170E+001  0.12566370614359170E+001
( 0.19985374949278664E+000, 0.13600232051658167E-016)
-0.12566370614359170E+001  0.18849555921538754E+001
( 0.23782320099577575E+000,-0.20539125955565396E-016)
-0.12566370614359170E+001  0.25132741228718340E+001
( 0.28882568700050448E+000, 0.17208456881689926E-016)
-0.12566370614359170E+001  0.31415926535897927E+001
( 0.25184025789860065E+000, 0.41652682124205579E-016)
-0.62831853071795851E+000 -0.25132741228718340E+001
( 0.22683853562624984E+000,-0.29976021664879229E-016)
-0.62831853071795851E+000 -0.18849555921538754E+001
( 0.21875138477637407E+000, 0.31641356201816965E-016)
-0.62831853071795851E+000 -0.12566370614359170E+001
( 0.16330522168085831E+000,-0.61062266354383610E-017)
-0.62831853071795851E+000 -0.62831853071795851E+000
( 0.10090352126558935E+000, 0.18873791418627663E-016)
-0.62831853071795851E+000  0.00000000000000000E+000
( 0.10651967861663664E+000,-0.94827928251104453E-017)
-0.62831853071795851E+000  0.62831853071795851E+000
( 0.11381184410967855E+000,-0.43298697960381107E-016)
-0.62831853071795851E+000  0.12566370614359170E+001
( 0.16252192143781918E+000, 0.17208456881689926E-016)
-0.62831853071795851E+000  0.18849555921538754E+001
( 0.24256486520793041E+000, 0.46351811278100284E-016)
-0.62831853071795851E+000  0.25132741228718340E+001
( 0.27043972596159344E+000, 0.66613381477509390E-017)
-0.62831853071795851E+000  0.31415926535897927E+001
( 0.26607686318695911E+000,-0.11589992968099882E-016)
 0.00000000000000000E+000 -0.25132741228718340E+001
( 0.28464023907107938E+000,-0.15543122344752193E-016)
 0.00000000000000000E+000 -0.18849555921538754E+001
( 0.22550078326381673E+000,-0.22759572004815711E-016)
 0.00000000000000000E+000 -0.12566370614359170E+001
( 0.14122063706244128E+000, 0.10269562977782698E-016)
 0.00000000000000000E+000 -0.62831853071795851E+000
( 0.95736712526319809E-001, 0.72164496600635178E-017)
 0.00000000000000000E+000  0.00000000000000000E+000
( 0.88635830787001435E-001, 0.00000000000000000E+000)
 0.00000000000000000E+000  0.62831853071795851E+000
( 0.95736712526319809E-001,-0.72164496600635178E-017)
 0.00000000000000000E+000  0.12566370614359170E+001
( 0.14122063706244128E+000,-0.10269562977782698E-016)
 0.00000000000000000E+000  0.18849555921538754E+001
( 0.22550078326381673E+000, 0.22759572004815711E-016)
 0.00000000000000000E+000  0.25132741228718340E+001
( 0.28464023907107938E+000, 0.15543122344752193E-016)
 0.00000000000000000E+000  0.31415926535897927E+001
( 0.18146809804854541E+000,-0.27807699997499401E-016)
 0.62831853071795851E+000 -0.25132741228718340E+001
( 0.27043972596159344E+000,-0.66613381477509390E-017)
 0.62831853071795851E+000 -0.18849555921538754E+001
( 0.24256486520793041E+000,-0.46351811278100284E-016)
 0.62831853071795851E+000 -0.12566370614359170E+001
( 0.16252192143781918E+000,-0.17208456881689926E-016)
 0.62831853071795851E+000 -0.62831853071795851E+000
( 0.11381184410967855E+000, 0.43298697960381107E-016)
 0.62831853071795851E+000  0.00000000000000000E+000
( 0.10651967861663664E+000, 0.94827928251104453E-017)
 0.62831853071795851E+000  0.62831853071795851E+000
( 0.10090352126558935E+000,-0.18873791418627663E-016)
 0.62831853071795851E+000  0.12566370614359170E+001
( 0.16330522168085831E+000, 0.61062266354383610E-017)
 0.62831853071795851E+000  0.18849555921538754E+001
( 0.21875138477637407E+000,-0.31641356201816965E-016)
 0.62831853071795851E+000  0.25132741228718340E+001
( 0.22683853562624984E+000, 0.29976021664879229E-016)
 0.62831853071795851E+000  0.31415926535897927E+001
( 0.26607686318695900E+000, 0.27441576221626259E-016)
 0.12566370614359170E+001 -0.25132741228718340E+001
( 0.28882568700050448E+000,-0.17208456881689926E-016)
 0.12566370614359170E+001 -0.18849555921538754E+001
( 0.23782320099577575E+000, 0.20539125955565396E-016)
 0.12566370614359170E+001 -0.12566370614359170E+001
( 0.19985374949278664E+000,-0.13600232051658167E-016)
 0.12566370614359170E+001 -0.62831853071795851E+000
( 0.16105316377943918E+000,-0.19984014443252817E-016)
 0.12566370614359170E+001  0.00000000000000000E+000
( 0.14087425344169394E+000,-0.11471580234001083E-016)
 0.12566370614359170E+001  0.62831853071795851E+000
( 0.14194451387452350E+000,-0.27200464103316335E-016)
 0.12566370614359170E+001  0.12566370614359170E+001
( 0.21620818914365905E+000,-0.26645352591003756E-016)
 0.12566370614359170E+001  0.18849555921538754E+001
( 0.25663494200019560E+000,-0.81046280797636425E-016)
 0.12566370614359170E+001  0.25132741228718340E+001
( 0.32175979759467338E+000,-0.18873791418627663E-016)
 0.12566370614359170E+001  0.31415926535897927E+001
( 0.25184025789860065E+000,-0.93639323823812522E-016)
 0.18849555921538754E+001 -0.25132741228718340E+001
( 0.33292999270421725E+000, 0.14432899320127036E-016)
 0.18849555921538754E+001 -0.18849555921538754E+001
( 0.28408111385387658E+000, 0.47184478546569156E-017)
 0.18849555921538754E+001 -0.12566370614359170E+001
( 0.24348298283383166E+000, 0.52735593669694936E-017)
 0.18849555921538754E+001 -0.62831853071795851E+000
( 0.22298315362544338E+000, 0.34972025275692431E-016)
 0.18849555921538754E+001  0.00000000000000000E+000
( 0.22676075373208307E+000,-0.14634053127604881E-016)
 0.18849555921538754E+001  0.62831853071795851E+000
( 0.22563868887205971E+000,-0.18318679906315084E-016)
 0.18849555921538754E+001  0.12566370614359170E+001
( 0.27398555058624324E+000,-0.97144514654701207E-017)
 0.18849555921538754E+001  0.18849555921538754E+001
( 0.29272018649177223E+000,-0.51070259132757203E-016)
 0.18849555921538754E+001  0.25132741228718340E+001
( 0.31975143186955335E+000,-0.53290705182007512E-016)
 0.18849555921538754E+001  0.31415926535897927E+001
( 0.31737503334871314E+000, 0.34505358500426747E-016)
 0.25132741228718340E+001 -0.25132741228718340E+001
( 0.38975284933050319E+000,-0.13322676295501878E-016)
 0.25132741228718340E+001 -0.18849555921538754E+001
( 0.37823920023253521E+000,-0.83266726846886737E-018)
 0.25132741228718340E+001 -0.12566370614359170E+001
( 0.30097526196154706E+000, 0.36082248300317589E-016)
 0.25132741228718340E+001 -0.62831853071795851E+000
( 0.25484392387448812E+000,-0.22204460492503131E-017)
 0.25132741228718340E+001  0.00000000000000000E+000
( 0.23731546177010529E+000,-0.40845506740082816E-016)
 0.25132741228718340E+001  0.62831853071795851E+000
( 0.26760645369240915E+000,-0.14432899320127036E-016)
 0.25132741228718340E+001  0.12566370614359170E+001
( 0.29596334926051698E+000, 0.44408920985006263E-017)
 0.25132741228718340E+001  0.18849555921538754E+001
( 0.32972022504666620E+000,-0.30253577421035518E-016)
 0.25132741228718340E+001  0.25132741228718340E+001
( 0.31373624294500219E+000, 0.34416913763379853E-016)
 0.25132741228718340E+001  0.31415926535897927E+001
( 0.31277101070797747E+000,-0.47804498009896663E-016)
 0.31415926535897927E+001 -0.25132741228718340E+001
( 0.38261457698382978E+000,-0.48849813083506888E-016)
 0.31415926535897927E+001 -0.18849555921538754E+001
( 0.33718626736307417E+000, 0.15265566588595904E-016)
 0.31415926535897927E+001 -0.12566370614359170E+001
( 0.29813415137126908E+000,-0.10547118733938987E-016)
 0.31415926535897927E+001 -0.62831853071795851E+000
( 0.26218723450042669E+000, 0.16653345369377347E-017)
 0.31415926535897927E+001  0.00000000000000000E+000
( 0.26833280706307089E+000, 0.21469078319095679E-016)
 0.31415926535897927E+001  0.62831853071795851E+000
( 0.26218723450042691E+000, 0.22204460492503131E-017)
 0.31415926535897927E+001  0.12566370614359170E+001
( 0.29813415137126903E+000,-0.74940054162198071E-017)
 0.31415926535897927E+001  0.18849555921538754E+001
( 0.33718626736307405E+000,-0.38580250105724193E-016)
 0.31415926535897927E+001  0.25132741228718340E+001
( 0.38261457698382950E+000, 0.18318679906315084E-016)
 0.31415926535897927E+001  0.31415926535897927E+001
( 0.40313691356580383E+000, 0.57895292164457532E-016)
 0.10000000000000000E+001          1        100
( 0.00000000000000000E+000, 0.00000000000000000E+000)
-0.25132741228718340E+001 -0.25132741228718340E+001
( 0.43719245750802094E+000,-0.20330959138448180E-016)
-0.25132741228718340E+001 -0.18849555921538754E+001
( 0.35390833871234895E+000, 0.38719027983802335E-016)
-0.25132741228718340E+001 -0.12566370614359170E+001
( 0.31227582293388623E+000,-0.45172199314436055E-016)
-0.25132741228718340E+001 -0.62831853071795851E+000
( 0.30034575681093933E+000, 0.52041704279304213E-017)
-0.25132741228718340E+001  0.00000000000000000E+000
( 0.23987763561853154E+000,-0.28938346845897456E-017)
-0.25132741228718340E+001  0.62831853071795851E+000
( 0.28775680305780493E+000, 0.43333392429900642E-016)
-0.25132741228718340E+001  0.12566370614359170E+001
( 0.34139168458495228E+000, 0.28865798640254071E-016)
-0.25132741228718340E+001  0.18849555921538754E+001
( 0.33951905456962400E+000, 0.21510571102112408E-017)
-0.25132741228718340E+001  0.25132741228718340E+001
( 0.42944652542521944E+000, 0.20539125955565396E-016)
-0.25132741228718340E+001  0.31415926535897927E+001
( 0.34613930416879302E+000, 0.50724256017888318E-017)
-0.18849555921538754E+001 -0.25132741228718340E+001
( 0.34731701328397152E+000,-0.38649639044763264E-016)
-0.18849555921538754E+001 -0.18849555921538754E+001
( 0.29087233605379281E+000, 0.17971735211119721E-016)
-0.18849555921538754E+001 -0.12566370614359170E+001
( 0.25197718227523908E+000,-0.37470027081099036E-017)
-0.18849555921538754E+001 -0.62831853071795851E+000
( 0.21030420703765981E+000,-0.80491169285323844E-017)
-0.18849555921538754E+001  0.00000000000000000E+000
( 0.20408995911607775E+000,-0.22332557637431297E-016)
-0.18849555921538754E+001  0.62831853071795851E+000
( 0.23337102835080359E+000,-0.22724877535296172E-016)
-0.18849555921538754E+001  0.12566370614359170E+001
( 0.26026702720752232E+000, 0.38163916471489759E-017)
-0.18849555921538754E+001  0.18849555921538754E+001
( 0.30448312457249826E+000,-0.48155923693116168E-016)
-0.18849555921538754E+001  0.25132741228718340E+001
( 0.37976341519035595E+000,-0.28692326292656388E-016)
-0.18849555921538754E+001  0.31415926535897927E+001
( 0.38122441491321579E+000,-0.15865021031449604E-016)
-0.12566370614359170E+001 -0.25132741228718340E+001
( 0.28605779576044588E+000, 0.23175905639050142E-016)
-0.12566370614359170E+001 -0.18849555921538754E+001
( 0.27237309301911050E+000,-0.43853809472693685E-016)
-0.12566370614359170E+001 -0.12566370614359170E+001
( 0.21522005601953859E+000, 0.18596235662471373E-016)
-0.12566370614359170E+001 -0.62831853071795851E+000
( 0.17799874601461049E+000, 0.28137214780343809E-016)
-0.12566370614359170E+001  0.00000000000000000E+000
( 0.15806643244354748E+000,-0.22795846107637398E-017)
-0.12566370614359170E+001  0.62831853071795851E+000
( 0.16106953084646533E+000, 0.67411354276458723E-016)
-0.12566370614359170E+001  0.12566370614359170E+001
( 0.22150192817168485E+000, 0.20122792321330962E-016)
-0.12566370614359170E+001  0.18849555921538754E+001
( 0.28093438236173807E+000, 0.66335825721353107E-016)
-0.12566370614359170E+001  0.25132741228718340E+001
( 0.28470299159322426E+000, 0.23835100559921330E-016)
-0.12566370614359170E+001  0.31415926535897927E+001
( 0.33355656166393444E+000, 0.18391195644085299E-016)
-0.62831853071795851E+000 -0.25132741228718340E+001
( 0.28592559165910253E+000,-0.10859368959614812E-016)
-0.62831853071795851E+000 -0.18849555921538754E+001
( 0.25903294243339081E+000,-0.15126788710517759E-016)
-0.62831853071795851E+000 -0.12566370614359170E+001
( 0.20487409977490445E+000,-0.33376079677793772E-016)
-0.62831853071795851E+000 -0.62831853071795851E+000
( 0.14240565133872163E+000,-0.25153490401663703E-016)
-0.62831853071795851E+000  0.00000000000000000E+000
( 0.74926270265901124E-001, 0.11397923053818701E-017)
-0.62831853071795851E+000  0.62831853071795851E+000
( 0.14191855214310414E+000,-0.98532293435482638E-017)
-0.62831853071795851E+000  0.12566370614359170E+001
( 0.21383437732131888E+000, 0.23384072456167360E-016)
-0.62831853071795851E+000  0.18849555921538754E+001
( 0.24257342511829641E+000, 0.92287288921966142E-017)
-0.62831853071795851E+000  0.25132741228718340E+001
( 0.28251693241021114E+000,-0.32786273695961658E-016)
-0.62831853071795851E+000  0.31415926535897927E+001
( 0.28374339063192416E+000, 0.18963379277302128E-016)
 0.00000000000000000E+000 -0.25132741228718340E+001
( 0.25005584612850590E+000,-0.47288561955127764E-016)
 0.00000000000000000E+000 -0.18849555921538754E+001
( 0.19671915401277706E+000,-0.40731307215935431E-016)
 0.00000000000000000E+000 -0.12566370614359170E+001
( 0.16814614829146529E+000, 0.13739009929736312E-016)
 0.00000000000000000E+000 -0.62831853071795851E+000
( 0.10988849732196161E+000, 0.20330959138448180E-016)
 0.00000000000000000E+000  0.00000000000000000E+000
( 0.71361224648062063E-001, 0.00000000000000000E+000)
 0.00000000000000000E+000  0.62831853071795851E+000
( 0.10988849732196161E+000,-0.20330959138448180E-016)
 0.00000000000000000E+000  0.12566370614359170E+001
( 0.16814614829146529E+000,-0.13739009929736312E-016)
 0.00000000000000000E+000  0.18849555921538754E+001
( 0.19671915401277706E+000, 0.40731307215935431E-016)
 0.00000000000000000E+000  0.25132741228718340E+001
( 0.25005584612850590E+000, 0.47288561955127764E-016)
 0.00000000000000000E+000  0.31415926535897927E+001
( 0.32761794948406336E+000, 0.78988970501992595E-017)
 0.62831853071795851E+000 -0.25132741228718340E+001
( 0.28251693241021114E+000, 0.32786273695961658E-016)
 0.62831853071795851E+000 -0.18849555921538754E+001
( 0.24257342511829641E+000,-0.92287288921966142E-017)
 0.62831853071795851E+000 -0.12566370614359170E+001
( 0.21383437732131888E+000,-0.23384072456167360E-016)
 0.62831853071795851E+000 -0.62831853071795851E+000
( 0.14191855214310414E+000, 0.98532293435482638E-017)
 0.62831853071795851E+000  0.00000000000000000E+000
( 0.74926270265901124E-001,-0.11397923053818701E-017)
 0.62831853071795851E+000  0.62831853071795851E+000
( 0.14240565133872163E+000, 0.25153490401663703E-016)
 0.62831853071795851E+000  0.12566370614359170E+001
( 0.20487409977490445E+000, 0.33376079677793772E-016)
 0.62831853071795851E+000  0.18849555921538754E+001
( 0.25903294243339081E+000, 0.15126788710517759E-016)
 0.62831853071795851E+000  0.25132741228718340E+001
( 0.28592559165910253E+000, 0.10859368959614812E-016)
 0.62831853071795851E+000  0.31415926535897927E+001
( 0.28374339063192411E+000,-0.14293637124646542E-016)
 0.12566370614359170E+001 -0.25132741228718340E+001
( 0.28470299159322426E+000,-0.23835100559921330E-016)
 0.12566370614359170E+001 -0.18849555921538754E+001
( 0.28093438236173807E+000,-0.66335825721353107E-016)
 0.12566370614359170E+001 -0.12566370614359170E+001
( 0.22150192817168485E+000,-0.20122792321330962E-016)
 0.12566370614359170E+001 -0.62831853071795851E+000
( 0.16106953084646533E+000,-0.67411354276458723E-016)
 0.12566370614359170E+001  0.00000000000000000E+000
( 0.15806643244354748E+000, 0.22795846107637398E-017)
 0.12566370614359170E+001  0.62831853071795851E+000
( 0.17799874601461049E+000,-0.28137214780343809E-016)
 0.12566370614359170E+001  0.12566370614359170E+001
( 0.21522005601953859E+000,-0.18596235662471373E-016)
 0.12566370614359170E+001  0.18849555921538754E+001
( 0.27237309301911050E+000, 0.43853809472693685E-016)
 0.12566370614359170E+001  0.25132741228718340E+001
( 0.28605779576044588E+000,-0.23175905639050142E-016)
 0.12566370614359170E+001  0.31415926535897927E+001
( 0.33355656166393438E+000, 0.72996987688370709E-017)
 0.18849555921538754E+001 -0.25132741228718340E+001
( 0.37976341519035595E+000, 0.28692326292656388E-016)
 0.18849555921538754E+001 -0.18849555921538754E+001
( 0.30448312457249826E+000, 0.48155923693116168E-016)
 0.18849555921538754E+001 -0.12566370614359170E+001
( 0.26026702720752232E+000,-0.38163916471489759E-017)
 0.18849555921538754E+001 -0.62831853071795851E+000
( 0.23337102835080359E+000, 0.22724877535296172E-016)
 0.18849555921538754E+001  0.00000000000000000E+000
( 0.20408995911607775E+000, 0.22332557637431297E-016)
 0.18849555921538754E+001  0.62831853071795851E+000
( 0.21030420703765981E+000, 0.80491169285323844E-017)
 0.18849555921538754E+001  0.12566370614359170E+001
( 0.25197718227523908E+000, 0.37470027081099036E-017)
 0.18849555921538754E+001  0.18849555921538754E+001
( 0.29087233605379281E+000,-0.17971735211119721E-016)
 0.18849555921538754E+001  0.25132741228718340E+001
( 0.34731701328397152E+000, 0.38649639044763264E-016)
 0.18849555921538754E+001  0.31415926535897927E+001
( 0.38122441491321579E+000,-0.46041397008605464E-017)
 0.25132741228718340E+001 -0.25132741228718340E+001
( 0.42944652542521944E+000,-0.20539125955565396E-016)
 0.25132741228718340E+001 -0.18849555921538754E+001
( 0.33951905456962400E+000,-0.21510571102112408E-017)
 0.25132741228718340E+001 -0.12566370614359170E+001
( 0.34139168458495228E+000,-0.28865798640254071E-016)
 0.25132741228718340E+001 -0.62831853071795851E+000
( 0.28775680305780493E+000,-0.43333392429900642E-016)
 0.25132741228718340E+001  0.00000000000000000E+000
( 0.23987763561853154E+000, 0.28938346845897456E-017)
 0.25132741228718340E+001  0.62831853071795851E+000
( 0.30034575681093933E+000,-0.52041704279304213E-017)
 0.25132741228718340E+001  0.12566370614359170E+001
( 0.31227582293388623E+000, 0.45172199314436055E-016)
 0.25132741228718340E+001  0.18849555921538754E+001
( 0.35390833871234895E+000,-0.38719027983802335E-016)
 0.25132741228718340E+001  0.25132741228718340E+001
( 0.43719245750802094E+000, 0.20330959138448180E-016)
 0.25132741228718340E+001  0.31415926535897927E+001
( 0.34613930416879302E+000,-0.76196664401054098E-016)
 0.31415926535897927E+001 -0.25132741228718340E+001
( 0.38140327632184567E+000, 0.37365943672540423E-016)
 0.31415926535897927E+001 -0.18849555921538754E+001
( 0.39500842783723145E+000, 0.20816681711721684E-017)
 0.31415926535897927E+001 -0.12566370614359170E+001
( 0.30916308235989476E+000, 0.39551695252271206E-017)
 0.31415926535897927E+001 -0.62831853071795851E+000
( 0.31379916451503492E+000, 0.29108659926890825E-016)
 0.31415926535897927E+001  0.00000000000000000E+000
( 0.29992411062784025E+000,-0.22197507135321345E-017)
 0.31415926535897927E+001  0.62831853071795851E+000
( 0.31379916451503498E+000,-0.25222879340702777E-016)
 0.31415926535897927E+001  0.12566370614359170E+001
( 0.30916308235989465E+000,-0.14224732503009817E-016)
 0.31415926535897927E+001  0.18849555921538754E+001
( 0.39500842783723145E+000, 0.22828960943854782E-016)
 0.31415926535897927E+001  0.25132741228718340E+001
( 0.38140327632184567E+000,-0.38545555636204652E-016)
 0.31415926535897927E+001  0.31415926535897927E+001
( 0.37981617692279018E+000, 0.30631130461004216E-016)
 0.10000000000000000E+001          1        100
( 0.00000000000000000E+000, 0.00000000000000000E+000)
-0.25132741228718340E+001 -0.25132741228718340E+001
( 0.43736782468565977E+000, 0.43298697960381107E-016)
-0.25132741228718340E+001 -0.18849555921538754E+001
( 0.37869951956765563E+000, 0.45102810375396984E-016)
-0.25132741228718340E+001 -0.12566370614359170E+001
( 0.35727253525085689E+000, 0.61339822110539898E-016)
-0.25132741228718340E+001 -0.62831853071795851E+000
( 0.30715987247501142E+000, 0.49960036108132042E-017)
-0.25132741228718340E+001  0.00000000000000000E+000
( 0.26962782756555193E+000, 0.11125030634224313E-016)
-0.25132741228718340E+001  0.62831853071795851E+000
( 0.26818567511255614E+000,-0.23314683517128286E-016)
-0.25132741228718340E+001  0.12566370614359170E+001
( 0.23364073162195664E+000,-0.13877787807814458E-017)
-0.25132741228718340E+001  0.18849555921538754E+001
( 0.34659122543284004E+000, 0.17763568394002505E-016)
-0.25132741228718340E+001  0.25132741228718340E+001
( 0.42679496435279751E+000, 0.41633363423443369E-017)
-0.25132741228718340E+001  0.31415926535897927E+001
( 0.46504896732496931E+000, 0.95918769023875350E-016)
-0.18849555921538754E+001 -0.25132741228718340E+001
( 0.41259673632641147E+000, 0.56343818499726701E-016)
-0.18849555921538754E+001 -0.18849555921538754E+001
( 0.34062624835507754E+000, 0.40661918276896361E-016)
-0.18849555921538754E+001 -0.12566370614359170E+001
( 0.30370940129907881E+000, 0.29559688030644791E-016)
-0.18849555921538754E+001 -0.62831853071795851E+000
( 0.22983920034824348E+000, 0.71609385088322599E-016)
-0.18849555921538754E+001  0.00000000000000000E+000
( 0.23338584235299364E+000, 0.23536885536098965E-016)
-0.18849555921538754E+001  0.62831853071795851E+000
( 0.25821483946423501E+000, 0.26367796834847470E-016)
-0.18849555921538754E+001  0.12566370614359170E+001
( 0.28804495385698958E+000,-0.11102230246251566E-017)
-0.18849555921538754E+001  0.18849555921538754E+001
( 0.34803757305227001E+000, 0.18318679906315084E-016)
-0.18849555921538754E+001  0.25132741228718340E+001
( 0.35511013060871000E+000, 0.19984014443252817E-016)
-0.18849555921538754E+001  0.31415926535897927E+001
( 0.44541323192395027E+000,-0.29140451258502574E-017)
-0.12566370614359170E+001 -0.25132741228718340E+001
( 0.30358168885113562E+000, 0.84932061383824477E-016)
-0.12566370614359170E+001 -0.18849555921538754E+001
( 0.27183353752946871E+000, 0.41078251911130792E-016)
-0.12566370614359170E+001 -0.12566370614359170E+001
( 0.21619062755734667E+000, 0.65780714209040528E-016)
-0.12566370614359170E+001 -0.62831853071795851E+000
( 0.21233874304989267E+000, 0.29976021664879229E-016)
-0.12566370614359170E+001  0.00000000000000000E+000
( 0.15279910745964234E+000,-0.20388947883500885E-016)
-0.12566370614359170E+001  0.62831853071795851E+000
( 0.20439631312992318E+000, 0.41633363423443370E-016)
-0.12566370614359170E+001  0.12566370614359170E+001
( 0.27489950016401477E+000,-0.26645352591003756E-016)
-0.12566370614359170E+001  0.18849555921538754E+001
( 0.27433191649886540E+000, 0.18457457784393228E-016)
-0.12566370614359170E+001  0.25132741228718340E+001
( 0.29673687542048333E+000, 0.31641356201816965E-016)
-0.12566370614359170E+001  0.31415926535897927E+001
( 0.31526684201297900E+000, 0.81582289818073988E-016)
-0.62831853071795851E+000 -0.25132741228718340E+001
( 0.27450936891203370E+000, 0.10269562977782698E-016)
-0.62831853071795851E+000 -0.18849555921538754E+001
( 0.22491103451220876E+000, 0.25535129566378602E-016)
-0.62831853071795851E+000 -0.12566370614359170E+001
( 0.18226083049516145E+000, 0.70776717819853737E-016)
-0.62831853071795851E+000 -0.62831853071795851E+000
( 0.80641533932189605E-001, 0.40523140398818213E-016)
-0.62831853071795851E+000  0.00000000000000000E+000
( 0.72806249795263386E-001, 0.42043996960684614E-016)
-0.62831853071795851E+000  0.62831853071795851E+000
( 0.13012046334536634E+000, 0.52735593669694936E-017)
-0.62831853071795851E+000  0.12566370614359170E+001
( 0.18471993461174938E+000, 0.13183898417423735E-016)
-0.62831853071795851E+000  0.18849555921538754E+001
( 0.24684252253059355E+000, 0.43021142204224817E-016)
-0.62831853071795851E+000  0.25132741228718340E+001
( 0.29110757108532903E+000, 0.24147350785597155E-016)
-0.62831853071795851E+000  0.31415926535897927E+001
( 0.31378310964946837E+000, 0.20211995984474206E-016)
 0.00000000000000000E+000 -0.25132741228718340E+001
( 0.28602930708197571E+000,-0.13322676295501878E-016)
 0.00000000000000000E+000 -0.18849555921538754E+001
( 0.24557821138677749E+000,-0.97144514654701207E-017)
 0.00000000000000000E+000 -0.12566370614359170E+001
( 0.14481253134915664E+000,-0.10408340855860843E-016)
 0.00000000000000000E+000 -0.62831853071795851E+000
( 0.73342076302351858E-001, 0.41078251911130792E-016)
 0.00000000000000000E+000  0.00000000000000000E+000
( 0.26782184908373471E-001, 0.00000000000000000E+000)
 0.00000000000000000E+000  0.62831853071795851E+000
( 0.73342076302351858E-001,-0.41078251911130792E-016)
 0.00000000000000000E+000  0.12566370614359170E+001
( 0.14481253134915664E+000, 0.10408340855860843E-016)
 0.00000000000000000E+000  0.18849555921538754E+001
( 0.24557821138677749E+000, 0.97144514654701207E-017)
 0.00000000000000000E+000  0.25132741228718340E+001
( 0.28602930708197571E+000, 0.13322676295501878E-016)
 0.00000000000000000E+000  0.31415926535897927E+001
( 0.30443374644882659E+000, 0.12853120522645422E-016)
 0.62831853071795851E+000 -0.25132741228718340E+001
( 0.29110757108532903E+000,-0.24147350785597155E-016)
 0.62831853071795851E+000 -0.18849555921538754E+001
( 0.24684252253059355E+000,-0.43021142204224817E-016)
 0.62831853071795851E+000 -0.12566370614359170E+001
( 0.18471993461174938E+000,-0.13183898417423735E-016)
 0.62831853071795851E+000 -0.62831853071795851E+000
( 0.13012046334536634E+000,-0.52735593669694936E-017)
 0.62831853071795851E+000  0.00000000000000000E+000
( 0.72806249795263386E-001,-0.42043996960684614E-016)
 0.62831853071795851E+000  0.62831853071795851E+000
( 0.80641533932189605E-001,-0.40523140398818213E-016)
 0.62831853071795851E+000  0.12566370614359170E+001
( 0.18226083049516145E+000,-0.70776717819853737E-016)
 0.62831853071795851E+000  0.18849555921538754E+001
( 0.22491103451220876E+000,-0.25535129566378602E-016)
 0.62831853071795851E+000  0.25132741228718340E+001
( 0.27450936891203370E+000,-0.10269562977782698E-016)
 0.62831853071795851E+000  0.31415926535897927E+001
( 0.31378310964946837E+000,-0.37541270987398110E-016)
 0.12566370614359170E+001 -0.25132741228718340E+001
( 0.29673687542048333E+000,-0.31641356201816965E-016)
 0.12566370614359170E+001 -0.18849555921538754E+001
( 0.27433191649886540E+000,-0.18457457784393228E-016)
 0.12566370614359170E+001 -0.12566370614359170E+001
( 0.27489950016401477E+000, 0.26645352591003756E-016)
 0.12566370614359170E+001 -0.62831853071795851E+000
( 0.20439631312992318E+000,-0.41633363423443370E-016)
 0.12566370614359170E+001  0.00000000000000000E+000
( 0.15279910745964234E+000, 0.20388947883500885E-016)
 0.12566370614359170E+001  0.62831853071795851E+000
( 0.21233874304989267E+000,-0.29976021664879229E-016)
 0.12566370614359170E+001  0.12566370614359170E+001
( 0.21619062755734667E+000,-0.65780714209040528E-016)
 0.12566370614359170E+001  0.18849555921538754E+001
( 0.27183353752946871E+000,-0.41078251911130792E-016)
 0.12566370614359170E+001  0.25132741228718340E+001
( 0.30358168885113562E+000,-0.84932061383824477E-016)
 0.12566370614359170E+001  0.31415926535897927E+001
( 0.31526684201297889E+000,-0.59181570365560555E-016)
 0.18849555921538754E+001 -0.25132741228718340E+001
( 0.35511013060871000E+000,-0.19984014443252817E-016)
 0.18849555921538754E+001 -0.18849555921538754E+001
( 0.34803757305227001E+000,-0.18318679906315084E-016)
 0.18849555921538754E+001 -0.12566370614359170E+001
( 0.28804495385698958E+000, 0.11102230246251566E-017)
 0.18849555921538754E+001 -0.62831853071795851E+000
( 0.25821483946423501E+000,-0.26367796834847470E-016)
 0.18849555921538754E+001  0.00000000000000000E+000
( 0.23338584235299364E+000,-0.23536885536098965E-016)
 0.18849555921538754E+001  0.62831853071795851E+000
( 0.22983920034824348E+000,-0.71609385088322599E-016)
 0.18849555921538754E+001  0.12566370614359170E+001
( 0.30370940129907881E+000,-0.29559688030644791E-016)
 0.18849555921538754E+001  0.18849555921538754E+001
( 0.34062624835507754E+000,-0.40661918276896361E-016)
 0.18849555921538754E+001  0.25132741228718340E+001
( 0.41259673632641147E+000,-0.56343818499726701E-016)
 0.18849555921538754E+001  0.31415926535897927E+001
( 0.44541323192395021E+000, 0.23250196837195456E-016)
 0.25132741228718340E+001 -0.25132741228718340E+001
( 0.42679496435279751E+000,-0.41633363423443369E-017)
 0.25132741228718340E+001 -0.18849555921538754E+001
( 0.34659122543284004E+000,-0.17763568394002505E-016)
 0.25132741228718340E+001 -0.12566370614359170E+001
( 0.23364073162195664E+000, 0.13877787807814458E-017)
 0.25132741228718340E+001 -0.62831853071795851E+000
( 0.26818567511255614E+000, 0.23314683517128286E-016)
 0.25132741228718340E+001  0.00000000000000000E+000
( 0.26962782756555193E+000,-0.11125030634224313E-016)
 0.25132741228718340E+001  0.62831853071795851E+000
( 0.30715987247501142E+000,-0.49960036108132042E-017)
 0.25132741228718340E+001  0.12566370614359170E+001
( 0.35727253525085689E+000,-0.61339822110539898E-016)
 0.25132741228718340E+001  0.18849555921538754E+001
( 0.37869951956765563E+000,-0.45102810375396984E-016)
 0.25132741228718340E+001  0.25132741228718340E+001
( 0.43736782468565977E+000,-0.43298697960381107E-016)
 0.25132741228718340E+001  0.31415926535897927E+001
( 0.46504896732496925E+000,-0.87389122094966467E-016)
 0.31415926535897927E+001 -0.25132741228718340E+001
( 0.43120392909265065E+000, 0.38857805861880483E-016)
 0.31415926535897927E+001 -0.18849555921538754E+001
( 0.34711958490616462E+000, 0.18041124150158794E-017)
 0.31415926535897927E+001 -0.12566370614359170E+001
( 0.32682668888478622E+000, 0.19567680809018383E-016)
 0.31415926535897927E+001 -0.62831853071795851E+000
( 0.33567435075014218E+000,-0.23314683517128286E-016)
 0.31415926535897927E+001  0.00000000000000000E+000
( 0.26699008595654028E+000, 0.18484121958402718E-017)
 0.31415926535897927E+001  0.62831853071795851E+000
( 0.33567435075014218E+000, 0.11102230246251566E-017)
 0.31415926535897927E+001  0.12566370614359170E+001
( 0.32682668888478661E+000, 0.18041124150158794E-017)
 0.31415926535897927E+001  0.18849555921538754E+001
( 0.34711958490616474E+000,-0.11657341758564143E-016)
 0.31415926535897927E+001  0.25132741228718340E+001
( 0.43120392909265065E+000,-0.24424906541753444E-016)
 0.31415926535897927E+001  0.31415926535897927E+001
( 0.47995252208575262E+000, 0.51078191266210526E-016)
