          31           9   6.0000000000000000                1
     0.0000000        0.34716932        0.00641024
     0.1000000        0.18966942        0.00287443
     0.2000000        0.10986164        0.00363813
     0.3000000        0.06523421        0.00394131
     0.4000000        0.03766399        0.00265031
     0.5000000        0.02353158        0.00234418
     0.6000000        0.01527289        0.00181822
     0.7000000        0.00950214        0.00188596
     0.8000000        0.00978041        0.00321359
     0.9000000        0.00673679        0.00211889
     1.0000000        0.00370208        0.00211603
     1.1000000        0.00280093        0.00160002
     1.2000000        0.00373034        0.00166137
     1.3000000        0.00399218        0.00201291
     1.4000000        0.00219238        0.00264405
     1.5000000        0.00235080        0.00277899
     1.6000000        0.00073604        0.00203085
     1.7000000        0.00274114        0.00280889
     1.8000000       -0.00004800        0.00183281
     1.9000000        0.00083836        0.00121801
     2.0000000        0.00394008        0.00204064
     2.1000000        0.00365115        0.00187728
     2.2000000        0.00078869        0.00140025
     2.3000000        0.00252175        0.00129774
     2.4000000        0.00447410        0.00290675
     2.5000000        0.00086385        0.00213016
     2.6000000       -0.00017215        0.00243311
     2.7000000        0.00105105        0.00174715
     2.8000000       -0.00028329        0.00249046
     2.9000000        0.00057232        0.00261119
     3.0000000        0.00366580        0.00241851
