          81           4   8.0000000000000000                1
     0.0000000        0.41609600        0.03829693
     0.1000000        0.33984750        0.02703181
     0.2000000        0.27849352        0.01711757
     0.3000000        0.25094542        0.02253871
     0.4000000        0.20765760        0.03720835
     0.5000000        0.18118849        0.03594697
     0.6000000        0.14572383        0.02460846
     0.7000000        0.15166145        0.03236257
     0.8000000        0.13491880        0.03078343
     0.9000000        0.12524863        0.03194941
     1.0000000        0.11754154        0.02546464
     1.1000000        0.08361181        0.02549407
     1.2000000        0.07768502        0.03367477
     1.3000000        0.05966081        0.03966125
     1.4000000        0.06131621        0.04683151
     1.5000000        0.06250549        0.03704746
     1.6000000        0.06739361        0.03667999
     1.7000000        0.06699849        0.02324299
     1.8000000        0.07359077        0.01728031
     1.9000000        0.07663061        0.02083788
     2.0000000        0.07309221        0.02845236
     2.1000000        0.07339483        0.03355438
     2.2000000        0.05423441        0.02484060
     2.3000000        0.04685937        0.02644610
     2.4000000        0.04462628        0.02564810
     2.5000000        0.04960627        0.01744161
     2.6000000        0.03901729        0.01880845
     2.7000000        0.04805268        0.02073382
     2.8000000        0.04225754        0.01085611
     2.9000000        0.01780899        0.00927353
     3.0000000        0.01551931        0.02148187
     3.1000000        0.01446794        0.01541166
     3.2000000        0.01916674        0.00692947
     3.3000000        0.04264692        0.01518200
     3.4000000        0.05479959        0.01406157
     3.5000000        0.04834070        0.01455786
     3.6000000        0.06131781        0.01142648
     3.7000000        0.07741657        0.01219831
     3.8000000        0.08617446        0.01812635
     3.9000000        0.08626222        0.02087933
     4.0000000        0.09477382        0.01915056
     4.1000000        0.10757237        0.01409105
     4.2000000        0.11909816        0.01991010
     4.3000000        0.13836208        0.01599936
     4.4000000        0.14450920        0.01769878
     4.5000000        0.13337232        0.01745537
     4.6000000        0.12556821        0.02952548
     4.7000000        0.13421253        0.03602603
     4.8000000        0.14982641        0.04296016
     4.9000000        0.15335958        0.03158707
     5.0000000        0.16878371        0.02375107
     5.1000000        0.18249044        0.01911681
     5.2000000        0.18221571        0.01236613
     5.3000000        0.18619489        0.02021977
     5.4000000        0.20065670        0.03134714
     5.5000000        0.22155780        0.02840236
     5.6000000        0.22340419        0.03359595
     5.7000000        0.23276686        0.03372973
     5.8000000        0.23809466        0.02988215
     5.9000000        0.26233881        0.02476694
     6.0000000        0.27840862        0.02208808
     6.1000000        0.29721105        0.01526217
     6.2000000        0.32075675        0.03367899
     6.3000000        0.36051562        0.03492550
     6.4000000        0.37184681        0.03672614
     6.5000000        0.41493121        0.02686830
     6.6000000        0.45647650        0.02692002
     6.7000000        0.48194822        0.01698126
     6.8000000        0.52301402        0.01921730
     6.9000000        0.55810060        0.03968459
     7.0000000        0.61430969        0.05274811
     7.1000000        0.68589658        0.05181265
     7.2000000        0.75012383        0.05279448
     7.3000000        0.83478882        0.05387223
     7.4000000        0.93227463        0.05230396
     7.5000000        1.01377783        0.03616146
     7.6000000        1.07085101        0.02242522
     7.7000000        1.16694643        0.03402797
     7.8000000        1.30606537        0.02351888
     7.9000000        1.43479971        0.03482688
     8.0000000        1.58390400        0.03829693
