          41           9   8.0000000000000000                1
     0.0000000        0.27649056        0.01588813
     0.1000000        0.16895866        0.01491324
     0.2000000        0.10462340        0.01305881
     0.3000000        0.06465548        0.01131677
     0.4000000        0.03908073        0.01037348
     0.5000000        0.02294196        0.00979089
     0.6000000        0.01352662        0.00937555
     0.7000000        0.00739693        0.00917486
     0.8000000        0.00296449        0.00838720
     0.9000000        0.00117842        0.00729833
     1.0000000        0.00043464        0.00618475
     1.1000000       -0.00024686        0.00509002
     1.2000000        0.00113330        0.00418915
     1.3000000        0.00273021        0.00417181
     1.4000000        0.00186847        0.00472627
     1.5000000        0.00118450        0.00491568
     1.6000000        0.00065563        0.00484525
     1.7000000        0.00056574        0.00483334
     1.8000000        0.00191179        0.00496743
     1.9000000        0.00197454        0.00516895
     2.0000000        0.00113781        0.00517658
     2.1000000        0.00067040        0.00534724
     2.2000000        0.00108526        0.00509812
     2.3000000        0.00258523        0.00429134
     2.4000000        0.00377178        0.00403508
     2.5000000        0.00361626        0.00384044
     2.6000000        0.00262608        0.00347878
     2.7000000        0.00108004        0.00350840
     2.8000000       -0.00066466        0.00337795
     2.9000000       -0.00247565        0.00374793
     3.0000000       -0.00404294        0.00385139
     3.1000000       -0.00371727        0.00379062
     3.2000000       -0.00239728        0.00384046
     3.3000000       -0.00196691        0.00426965
     3.4000000       -0.00225477        0.00450057
     3.5000000       -0.00251133        0.00424855
     3.6000000       -0.00252895        0.00437837
     3.7000000       -0.00179338        0.00514130
     3.8000000       -0.00175788        0.00546667
     3.9000000       -0.00212175        0.00546448
     4.0000000       -0.00177377        0.00567543
