          51           9   10.000000000000000                1
     0.0000000        0.12805763        0.00755651
     0.1000000        0.08914949        0.00515474
     0.2000000        0.05954711        0.00354759
     0.3000000        0.04285442        0.00374751
     0.4000000        0.02939279        0.00382509
     0.5000000        0.02539915        0.00325541
     0.6000000        0.01896606        0.00282027
     0.7000000        0.01396383        0.00328745
     0.8000000        0.01110966        0.00262889
     0.9000000        0.00850407        0.00356530
     1.0000000        0.00578564        0.00312500
     1.1000000       -0.00148618        0.00376964
     1.2000000        0.00190346        0.00289128
     1.3000000        0.00058237        0.00272945
     1.4000000        0.00184273        0.00315823
     1.5000000        0.00436482        0.00337571
     1.6000000        0.00460034        0.00298653
     1.7000000        0.00691379        0.00268941
     1.8000000        0.00592423        0.00206634
     1.9000000        0.00400115        0.00278767
     2.0000000        0.00396746        0.00140956
     2.1000000        0.00387373        0.00155740
     2.2000000        0.00331373        0.00303640
     2.3000000        0.00552347        0.00230173
     2.4000000        0.00158669        0.00146952
     2.5000000       -0.00019377        0.00183179
     2.6000000        0.00010033        0.00194133
     2.7000000        0.00094593        0.00222722
     2.8000000        0.00269074        0.00156759
     2.9000000        0.00008116        0.00138308
     3.0000000        0.00187752        0.00175175
     3.1000000        0.00377758        0.00123261
     3.2000000       -0.00037487        0.00290947
     3.3000000        0.00011237        0.00289965
     3.4000000        0.00093502        0.00207597
     3.5000000        0.00024907        0.00165281
     3.6000000       -0.00103882        0.00231767
     3.7000000       -0.00187179        0.00186755
     3.8000000       -0.00038820        0.00231882
     3.9000000       -0.00056797        0.00294575
     4.0000000       -0.00196257        0.00205590
     4.1000000        0.00058008        0.00255426
     4.2000000       -0.00143710        0.00213881
     4.3000000       -0.00452120        0.00350910
     4.4000000        0.00060602        0.00152026
     4.5000000        0.00047331        0.00122001
     4.6000000       -0.00155799        0.00221254
     4.7000000        0.00044920        0.00248704
     4.8000000        0.00382287        0.00193547
     4.9000000        0.00244424        0.00238042
     5.0000000        0.00556302        0.00202608
