          11           4   2.0000000000000000                1
     0.0000000        1.19804169        0.02773086
     0.1000000        0.72988831        0.02940149
     0.2000000        0.49834730        0.01001514
     0.3000000        0.36009964        0.00730575
     0.4000000        0.28498176        0.01830670
     0.5000000        0.22590273        0.01368643
     0.6000000        0.17415275        0.00445917
     0.7000000        0.15927807        0.00892189
     0.8000000        0.14151456        0.00681286
     0.9000000        0.14700153        0.01935430
     1.0000000        0.15285588        0.01983648
