         101           9   10.000000000000000                1
     0.0000000        1.91165934        0.00448422
     0.1000000        1.36576589        0.00307239
     0.2000000        0.98311600        0.00376352
     0.3000000        0.71389438        0.00526787
     0.4000000        0.52671505        0.00666028
     0.5000000        0.39011678        0.00777303
     0.6000000        0.29425233        0.00789538
     0.7000000        0.22799052        0.00826497
     0.8000000        0.16366296        0.00516905
     0.9000000        0.12299826        0.00792812
     1.0000000        0.09194386        0.00730128
     1.1000000        0.06834902        0.00805294
     1.2000000        0.04789336        0.00841135
     1.3000000        0.03520506        0.00831059
     1.4000000        0.03035975        0.00883025
     1.5000000        0.03106258        0.00854754
     1.6000000        0.03167455        0.00632130
     1.7000000        0.02728750        0.00531430
     1.8000000        0.02054285        0.00621524
     1.9000000        0.00845096        0.00490420
     2.0000000        0.01213275        0.00578523
     2.1000000        0.01104407        0.00727415
     2.2000000        0.00567061        0.00438871
     2.3000000        0.00064510        0.00551668
     2.4000000        0.00283803        0.00816987
     2.5000000       -0.00344168        0.01073355
     2.6000000       -0.00805714        0.01005265
     2.7000000       -0.00371812        0.00566077
     2.8000000       -0.00787103        0.00535246
     2.9000000       -0.00327042        0.00334641
     3.0000000       -0.00258904        0.00552900
     3.1000000       -0.00097693        0.00733582
     3.2000000       -0.00093186        0.00638284
     3.3000000        0.00195245        0.00392621
     3.4000000        0.00092538        0.00472247
     3.5000000       -0.00152349        0.00373139
     3.6000000       -0.00732908        0.00686811
     3.7000000       -0.00075454        0.00378638
     3.8000000       -0.00257684        0.00359786
     3.9000000       -0.00181400        0.00317809
     4.0000000       -0.00126009        0.00541970
     4.1000000        0.00375186        0.00504615
     4.2000000        0.00281255        0.00383819
     4.3000000       -0.00050411        0.00448425
     4.4000000        0.00187510        0.00422408
     4.5000000       -0.00592327        0.00308382
     4.6000000       -0.00394090        0.00344495
     4.7000000        0.00077283        0.00554817
     4.8000000       -0.00010471        0.00519429
     4.9000000        0.00084391        0.00441074
     5.0000000        0.00082202        0.00500290
     5.1000000       -0.00560676        0.00288024
     5.2000000       -0.00583817        0.00316974
     5.3000000       -0.00809805        0.00396114
     5.4000000       -0.00417005        0.00537656
     5.5000000       -0.00737997        0.00803899
     5.6000000        0.00047910        0.00719330
     5.7000000       -0.00213541        0.00512769
     5.8000000       -0.00431001        0.00588979
     5.9000000        0.00070941        0.00555033
     6.0000000        0.00097303        0.00508351
     6.1000000       -0.00901092        0.00643186
     6.2000000       -0.01021902        0.00672889
     6.3000000       -0.01227343        0.00865501
     6.4000000       -0.00414548        0.00747420
     6.5000000       -0.00270107        0.00606982
     6.6000000       -0.00036143        0.00387176
     6.7000000       -0.00102676        0.00293362
     6.8000000        0.00272683        0.00277803
     6.9000000       -0.00475502        0.00317435
     7.0000000       -0.00724295        0.00503014
     7.1000000       -0.00151749        0.00764329
     7.2000000       -0.00426931        0.00678942
     7.3000000       -0.00218310        0.00870996
     7.4000000       -0.00043051        0.00881278
     7.5000000        0.00290454        0.00740740
     7.6000000        0.00355533        0.00598455
     7.7000000        0.00488686        0.00375106
     7.8000000       -0.00379800        0.00492769
     7.9000000        0.00083231        0.00395196
     8.0000000       -0.00555925        0.00538043
     8.1000000       -0.00244626        0.00557930
     8.2000000        0.00178794        0.00742769
     8.3000000       -0.00227006        0.00495455
     8.4000000       -0.00437367        0.00300762
     8.5000000       -0.00690050        0.00577302
     8.6000000       -0.00868190        0.00544026
     8.7000000       -0.00250564        0.00612035
     8.8000000       -0.00291254        0.00547376
     8.9000000        0.00170219        0.00594875
     9.0000000        0.00744588        0.00517219
     9.1000000        0.00697405        0.00611245
     9.2000000        0.00923982        0.00441111
     9.3000000        0.01340892        0.01002113
     9.4000000        0.01614724        0.00840709
     9.5000000        0.00816923        0.01145982
     9.6000000        0.01282049        0.01205009
     9.7000000        0.02716460        0.00957563
     9.8000000        0.03736023        0.00907515
     9.9000000        0.05650466        0.00676872
    10.0000000        0.08834066        0.00448422
