          26           4   5.0000000000000000                1
     0.0000000        0.35789237        0.00524878
     0.1000000        0.20805148        0.00545783
     0.2000000        0.12342124        0.00288362
     0.3000000        0.07389497        0.00226856
     0.4000000        0.04487363        0.00250093
     0.5000000        0.02935528        0.00245741
     0.6000000        0.01817385        0.00089130
     0.7000000        0.01127593        0.00214252
     0.8000000        0.00828137        0.00153962
     0.9000000        0.00451821        0.00173687
     1.0000000        0.00097105        0.00188162
     1.1000000       -0.00070180        0.00243074
     1.2000000       -0.00085749        0.00186315
     1.3000000       -0.00091028        0.00134475
     1.4000000       -0.00089632        0.00135563
     1.5000000       -0.00104031        0.00081315
     1.6000000       -0.00097006        0.00115533
     1.7000000       -0.00080389        0.00132795
     1.8000000       -0.00001994        0.00110652
     1.9000000        0.00013897        0.00090688
     2.0000000        0.00054056        0.00089600
     2.1000000        0.00124311        0.00128487
     2.2000000        0.00237219        0.00171484
     2.3000000        0.00304940        0.00170586
     2.4000000        0.00252132        0.00144388
     2.5000000        0.00231452        0.00161758
