          21           9   4.0000000000000000                1
     0.0000000        0.36849580        0.01127615
     0.1000000        0.21012241        0.00803869
     0.2000000        0.12564688        0.00609887
     0.3000000        0.07611591        0.00562990
     0.4000000        0.05135882        0.00487258
     0.5000000        0.03373580        0.00469008
     0.6000000        0.02338047        0.00450578
     0.7000000        0.01684773        0.00440706
     0.8000000        0.01345918        0.00597858
     0.9000000        0.01056470        0.00293526
     1.0000000        0.00654979        0.00331427
     1.1000000        0.00946194        0.00252510
     1.2000000        0.00549480        0.00411453
     1.3000000        0.00656837        0.00190353
     1.4000000        0.00652942        0.00259996
     1.5000000        0.00484101        0.00239462
     1.6000000        0.00467804        0.00258016
     1.7000000        0.00518977        0.00144874
     1.8000000        0.00598664        0.00180859
     1.9000000        0.00785356        0.00181786
     2.0000000        0.01092754        0.00361236
