          21           9   4.0000000000000000                1
     0.0000000        0.36200330        0.00327553
     0.1000000        0.32678046        0.00325205
     0.2000000        0.29834009        0.00315264
     0.3000000        0.27492452        0.00304103
     0.4000000        0.25546201        0.00294464
     0.5000000        0.23923488        0.00284826
     0.6000000        0.22551922        0.00273459
     0.7000000        0.21381452        0.00262060
     0.8000000        0.20383825        0.00250263
     0.9000000        0.19526918        0.00235275
     1.0000000        0.18797538        0.00224262
     1.1000000        0.18180684        0.00217704
     1.2000000        0.17657451        0.00209971
     1.3000000        0.17211097        0.00201496
     1.4000000        0.16838041        0.00197724
     1.5000000        0.16535135        0.00199588
     1.6000000        0.16288540        0.00201145
     1.7000000        0.16089418        0.00201736
     1.8000000        0.15953369        0.00207616
     1.9000000        0.15878566        0.00211306
     2.0000000        0.15855334        0.00210931
