          31           9   6.0000000000000000                1
     0.0000000        0.06985250        0.00754148
     0.1000000        0.05577641        0.00296155
     0.2000000        0.04626548        0.00291178
     0.3000000        0.03447773        0.00343686
     0.4000000        0.02971121        0.00268551
     0.5000000        0.02504343        0.00245680
     0.6000000        0.01808453        0.00199305
     0.7000000        0.01516633        0.00164658
     0.8000000        0.01468464        0.00129516
     0.9000000        0.01211061        0.00235547
     1.0000000        0.01165790        0.00235636
     1.1000000        0.00922389        0.00217888
     1.2000000        0.00536443        0.00212748
     1.3000000        0.00793427        0.00133099
     1.4000000        0.00803740        0.00152385
     1.5000000        0.00691250        0.00172753
     1.6000000        0.00798570        0.00104345
     1.7000000        0.00757493        0.00175286
     1.8000000        0.00519604        0.00238055
     1.9000000        0.00469120        0.00192631
     2.0000000        0.00299697        0.00200194
     2.1000000        0.00390068        0.00252685
     2.2000000        0.00310546        0.00213989
     2.3000000        0.00047171        0.00287053
     2.4000000        0.00058970        0.00179710
     2.5000000        0.00248858        0.00126462
     2.6000000       -0.00062261        0.00133692
     2.7000000       -0.00056221        0.00194755
     2.8000000        0.00016794        0.00170816
     2.9000000        0.00055101        0.00209312
     3.0000000        0.00191962        0.00290864
