        1001           4   20.000000000000000                1
     0.0000000        0.56995612        0.00525170
     0.0100000        0.55653646        0.00558016
     0.0200000        0.54984909        0.00786882
     0.0300000        0.53346778        0.00937545
     0.0400000        0.52341475        0.00956305
     0.0500000        0.50921305        0.00924068
     0.0600000        0.49554227        0.00995233
     0.0700000        0.48549417        0.00992449
     0.0800000        0.47129688        0.01049894
     0.0900000        0.46407681        0.01066135
     0.1000000        0.45392185        0.00946539
     0.1100000        0.44595682        0.01019578
     0.1200000        0.43399442        0.01111201
     0.1300000        0.42665574        0.00896275
     0.1400000        0.41857944        0.00605971
     0.1500000        0.40889014        0.00668151
     0.1600000        0.40288106        0.00511139
     0.1700000        0.39284211        0.00323187
     0.1800000        0.37980802        0.00363405
     0.1900000        0.37528442        0.00379103
     0.2000000        0.37142593        0.00603663
     0.2100000        0.36298643        0.00789562
     0.2200000        0.35413879        0.00653251
     0.2300000        0.34310481        0.00597273
     0.2400000        0.34101126        0.00526249
     0.2500000        0.33450018        0.00495302
     0.2600000        0.32659582        0.00750194
     0.2700000        0.32372241        0.00781262
     0.2800000        0.32123172        0.00942502
     0.2900000        0.31696442        0.00932625
     0.3000000        0.31408851        0.01239752
     0.3100000        0.30673551        0.01317287
     0.3200000        0.30006739        0.01289426
     0.3300000        0.29243360        0.01216044
     0.3400000        0.28493592        0.01212162
     0.3500000        0.27973657        0.01332828
     0.3600000        0.28031578        0.01422523
     0.3700000        0.27365817        0.01400878
     0.3800000        0.26884933        0.01152809
     0.3900000        0.26831601        0.01447796
     0.4000000        0.26402297        0.01473119
     0.4100000        0.25927050        0.01371748
     0.4200000        0.25826124        0.01532918
     0.4300000        0.25631300        0.01921746
     0.4400000        0.25871144        0.02193907
     0.4500000        0.25045870        0.01893235
     0.4600000        0.24566403        0.01809938
     0.4700000        0.24334413        0.02019822
     0.4800000        0.24096906        0.02158350
     0.4900000        0.23405721        0.01857451
     0.5000000        0.23563279        0.02226006
     0.5100000        0.23041716        0.02050107
     0.5200000        0.22499837        0.01829986
     0.5300000        0.22355299        0.02011337
     0.5400000        0.21695430        0.01639101
     0.5500000        0.21172150        0.01569476
     0.5600000        0.20735437        0.01437454
     0.5700000        0.20571912        0.01360584
     0.5800000        0.20471403        0.01194311
     0.5900000        0.20598892        0.01508192
     0.6000000        0.20147318        0.01507787
     0.6100000        0.20354520        0.01861049
     0.6200000        0.19723936        0.01765782
     0.6300000        0.19599348        0.01772758
     0.6400000        0.19361337        0.01891125
     0.6500000        0.19000094        0.01784797
     0.6600000        0.18704288        0.01722814
     0.6700000        0.18427371        0.01699106
     0.6800000        0.18182242        0.01806362
     0.6900000        0.17685298        0.01620503
     0.7000000        0.17604643        0.01671859
     0.7100000        0.17249295        0.01110357
     0.7200000        0.17007511        0.01145483
     0.7300000        0.16801062        0.01354126
     0.7400000        0.16870036        0.01438277
     0.7500000        0.16570816        0.01283361
     0.7600000        0.16470925        0.01231951
     0.7700000        0.16313356        0.01149751
     0.7800000        0.16459745        0.01321884
     0.7900000        0.16356044        0.01555218
     0.8000000        0.16119776        0.01909783
     0.8100000        0.15771110        0.01649687
     0.8200000        0.15445274        0.01445736
     0.8300000        0.15229427        0.01554415
     0.8400000        0.15068334        0.01313664
     0.8500000        0.15086924        0.01490647
     0.8600000        0.14777893        0.01283297
     0.8700000        0.14644272        0.01265112
     0.8800000        0.14668227        0.01343414
     0.8900000        0.14663602        0.01485362
     0.9000000        0.14331871        0.01359958
     0.9100000        0.14026366        0.01373780
     0.9200000        0.13988193        0.01393754
     0.9300000        0.13789741        0.01157704
     0.9400000        0.13813401        0.01146802
     0.9500000        0.13479057        0.01085097
     0.9600000        0.13314162        0.01234036
     0.9700000        0.13370880        0.01249044
     0.9800000        0.13549771        0.01392287
     0.9900000        0.13343159        0.01267994
     1.0000000        0.13256171        0.01313679
     1.0100000        0.13369580        0.01450983
     1.0200000        0.13313505        0.01392259
     1.0300000        0.12754895        0.01401161
     1.0400000        0.12518445        0.01224210
     1.0500000        0.12520204        0.01199051
     1.0600000        0.12289532        0.01181469
     1.0700000        0.12147909        0.01005640
     1.0800000        0.11939614        0.00904732
     1.0900000        0.11829056        0.00710315
     1.1000000        0.12258072        0.01046171
     1.1100000        0.12034014        0.00936504
     1.1200000        0.11548262        0.00645207
     1.1300000        0.11292407        0.00789699
     1.1400000        0.11520540        0.00885032
     1.1500000        0.11651254        0.01142468
     1.1600000        0.11276295        0.01058576
     1.1700000        0.11516067        0.01081909
     1.1800000        0.11519799        0.01109469
     1.1900000        0.11429986        0.01333066
     1.2000000        0.11303438        0.01587048
     1.2100000        0.11655726        0.01787472
     1.2200000        0.11347322        0.02040943
     1.2300000        0.10870568        0.01753237
     1.2400000        0.10606411        0.01957590
     1.2500000        0.10614235        0.01982354
     1.2600000        0.10221852        0.01696873
     1.2700000        0.09887717        0.01500854
     1.2800000        0.09779395        0.01536976
     1.2900000        0.09815750        0.01608593
     1.3000000        0.09723680        0.01539087
     1.3100000        0.09416139        0.01337960
     1.3200000        0.09409948        0.01286734
     1.3300000        0.09207098        0.01321142
     1.3400000        0.08929004        0.01294520
     1.3500000        0.09000154        0.01473470
     1.3600000        0.08862348        0.01356833
     1.3700000        0.09040955        0.01479175
     1.3800000        0.09094366        0.01554987
     1.3900000        0.09120061        0.01728004
     1.4000000        0.09187071        0.02071946
     1.4100000        0.08907646        0.01733795
     1.4200000        0.08762117        0.01847449
     1.4300000        0.08663042        0.01824919
     1.4400000        0.08621608        0.01987484
     1.4500000        0.08292453        0.01722358
     1.4600000        0.08126534        0.01425974
     1.4700000        0.07929410        0.01419217
     1.4800000        0.07891236        0.01494270
     1.4900000        0.07958267        0.01607459
     1.5000000        0.07931146        0.01634840
     1.5100000        0.07958211        0.01636267
     1.5200000        0.08104168        0.01882080
     1.5300000        0.08216446        0.01915052
     1.5400000        0.08636754        0.02287821
     1.5500000        0.08488533        0.02341270
     1.5600000        0.08251300        0.02102009
     1.5700000        0.07793777        0.01875959
     1.5800000        0.07665374        0.01809166
     1.5900000        0.07589757        0.01837681
     1.6000000        0.07284305        0.01519123
     1.6100000        0.07305109        0.01567576
     1.6200000        0.07246630        0.01585299
     1.6300000        0.06991555        0.01343825
     1.6400000        0.06889850        0.01292196
     1.6500000        0.06716535        0.01264325
     1.6600000        0.07039916        0.01443612
     1.6700000        0.07043424        0.01437782
     1.6800000        0.06916574        0.01403859
     1.6900000        0.06825056        0.01349495
     1.7000000        0.06938945        0.01360041
     1.7100000        0.06885079        0.01474517
     1.7200000        0.06632355        0.01358354
     1.7300000        0.06580172        0.01159245
     1.7400000        0.06486425        0.00977325
     1.7500000        0.06668271        0.01094073
     1.7600000        0.06790938        0.01122588
     1.7700000        0.06687918        0.01076071
     1.7800000        0.06513812        0.01014878
     1.7900000        0.06710336        0.01113552
     1.8000000        0.06568696        0.01076747
     1.8100000        0.06618124        0.01203812
     1.8200000        0.06597414        0.01418491
     1.8300000        0.06889523        0.01704366
     1.8400000        0.06438312        0.01524498
     1.8500000        0.06788337        0.01930279
     1.8600000        0.06903888        0.02224362
     1.8700000        0.07102176        0.02450962
     1.8800000        0.06915680        0.02426253
     1.8900000        0.06739410        0.02270080
     1.9000000        0.06339361        0.01763423
     1.9100000        0.06609005        0.02075112
     1.9200000        0.06459004        0.01864922
     1.9300000        0.06568207        0.01951895
     1.9400000        0.06766010        0.02214171
     1.9500000        0.06351985        0.01894692
     1.9600000        0.06050820        0.01693211
     1.9700000        0.05725166        0.01338058
     1.9800000        0.05536805        0.01086719
     1.9900000        0.05542053        0.01017310
     2.0000000        0.05356362        0.00947135
     2.0100000        0.05412325        0.00922441
     2.0200000        0.05608948        0.01086791
     2.0300000        0.05605602        0.01141632
     2.0400000        0.05275169        0.00833696
     2.0500000        0.05152317        0.00781810
     2.0600000        0.05315018        0.00885254
     2.0700000        0.05343288        0.00949038
     2.0800000        0.05376732        0.01052354
     2.0900000        0.05320532        0.00986093
     2.1000000        0.05353331        0.01002755
     2.1100000        0.05282854        0.01175823
     2.1200000        0.05245895        0.01001949
     2.1300000        0.05242889        0.01163485
     2.1400000        0.05402123        0.01301794
     2.1500000        0.05462251        0.01304107
     2.1600000        0.05621341        0.01422459
     2.1700000        0.05509242        0.01341502
     2.1800000        0.05610750        0.01490148
     2.1900000        0.05639878        0.01557812
     2.2000000        0.05623634        0.01477004
     2.2100000        0.05770230        0.01594421
     2.2200000        0.06105094        0.01812094
     2.2300000        0.06455743        0.01970380
     2.2400000        0.06875144        0.02354935
     2.2500000        0.06928703        0.02361981
     2.2600000        0.05966628        0.01579790
     2.2700000        0.05621574        0.01454421
     2.2800000        0.05288147        0.01353058
     2.2900000        0.05153003        0.01221834
     2.3000000        0.05116954        0.01193766
     2.3100000        0.04927745        0.01055127
     2.3200000        0.05158191        0.01468912
     2.3300000        0.05120072        0.01505797
     2.3400000        0.05362901        0.01661269
     2.3500000        0.05111111        0.01377457
     2.3600000        0.05156930        0.01410962
     2.3700000        0.05203932        0.01355942
     2.3800000        0.05042268        0.01059828
     2.3900000        0.04932100        0.01132557
     2.4000000        0.04958895        0.01087085
     2.4100000        0.05065931        0.01075873
     2.4200000        0.04923860        0.00757951
     2.4300000        0.04777227        0.00791643
     2.4400000        0.04644714        0.00858327
     2.4500000        0.04569024        0.00999045
     2.4600000        0.04479806        0.00961760
     2.4700000        0.04268308        0.00875069
     2.4800000        0.04142498        0.00928919
     2.4900000        0.04106946        0.00721215
     2.5000000        0.04117664        0.00716922
     2.5100000        0.04128032        0.00647587
     2.5200000        0.04134125        0.00610272
     2.5300000        0.04060084        0.00571746
     2.5400000        0.04115759        0.00522220
     2.5500000        0.04111318        0.00455768
     2.5600000        0.04037339        0.00472237
     2.5700000        0.04119650        0.00403926
     2.5800000        0.04163860        0.00416522
     2.5900000        0.04057415        0.00427027
     2.6000000        0.04098440        0.00336738
     2.6100000        0.03989897        0.00425458
     2.6200000        0.03881166        0.00443415
     2.6300000        0.03920780        0.00560805
     2.6400000        0.03940334        0.00646797
     2.6500000        0.04025410        0.00631963
     2.6600000        0.03923600        0.00558788
     2.6700000        0.04028199        0.00596851
     2.6800000        0.03890192        0.00616601
     2.6900000        0.03853392        0.00560897
     2.7000000        0.03836922        0.00639971
     2.7100000        0.03967522        0.00828681
     2.7200000        0.03835303        0.00759615
     2.7300000        0.03736368        0.00591702
     2.7400000        0.03842520        0.00687325
     2.7500000        0.03795379        0.00708551
     2.7600000        0.03742209        0.00512787
     2.7700000        0.03816357        0.00548824
     2.7800000        0.03805867        0.00862758
     2.7900000        0.03819728        0.00996638
     2.8000000        0.03650731        0.00828281
     2.8100000        0.03604080        0.00713200
     2.8200000        0.03448910        0.00674909
     2.8300000        0.03458681        0.00684912
     2.8400000        0.03451996        0.00746102
     2.8500000        0.03388060        0.00804126
     2.8600000        0.03243456        0.00754667
     2.8700000        0.03295800        0.00913363
     2.8800000        0.03241188        0.00879859
     2.8900000        0.03255976        0.00952478
     2.9000000        0.03137882        0.00927096
     2.9100000        0.03053925        0.00772155
     2.9200000        0.03170195        0.00834781
     2.9300000        0.03172372        0.00835919
     2.9400000        0.03116625        0.00859095
     2.9500000        0.03044202        0.00781781
     2.9600000        0.03040443        0.00758582
     2.9700000        0.02930545        0.00712838
     2.9800000        0.03041661        0.00771673
     2.9900000        0.03070661        0.00842005
     3.0000000        0.02988243        0.00784546
     3.0100000        0.02774733        0.00735966
     3.0200000        0.02854762        0.00832487
     3.0300000        0.02852422        0.00890715
     3.0400000        0.02818506        0.00801092
     3.0500000        0.02821267        0.00764788
     3.0600000        0.02719875        0.00795325
     3.0700000        0.02664061        0.00781807
     3.0800000        0.02717172        0.00763191
     3.0900000        0.02748829        0.00774220
     3.1000000        0.02631881        0.00749353
     3.1100000        0.02582733        0.00739511
     3.1200000        0.02591654        0.00780135
     3.1300000        0.03012006        0.01129577
     3.1400000        0.02742527        0.00961621
     3.1500000        0.02817521        0.01054455
     3.1600000        0.02918675        0.01165673
     3.1700000        0.03144900        0.01395356
     3.1800000        0.02806836        0.00996827
     3.1900000        0.02856009        0.01177657
     3.2000000        0.02864336        0.01083458
     3.2100000        0.02630476        0.00848390
     3.2200000        0.02634563        0.00886210
     3.2300000        0.02661457        0.00906954
     3.2400000        0.02791886        0.01130394
     3.2500000        0.03102489        0.01432710
     3.2600000        0.02966692        0.01221185
     3.2700000        0.02838006        0.01086600
     3.2800000        0.02763148        0.00997821
     3.2900000        0.02794114        0.01140615
     3.3000000        0.02555886        0.00884956
     3.3100000        0.02617297        0.00894050
     3.3200000        0.02719310        0.01044014
     3.3300000        0.03036814        0.01255592
     3.3400000        0.02930460        0.01067249
     3.3500000        0.02770751        0.00901863
     3.3600000        0.02681594        0.00946295
     3.3700000        0.02556056        0.00899996
     3.3800000        0.02760320        0.01022146
     3.3900000        0.02613279        0.01055539
     3.4000000        0.02379864        0.01102214
     3.4100000        0.02247860        0.00931763
     3.4200000        0.02342972        0.01084605
     3.4300000        0.02251391        0.01115488
     3.4400000        0.02186349        0.01129711
     3.4500000        0.02104992        0.01026736
     3.4600000        0.02286483        0.01257725
     3.4700000        0.02100357        0.01073818
     3.4800000        0.01953169        0.00989386
     3.4900000        0.02241117        0.01140202
     3.5000000        0.02186670        0.01167263
     3.5100000        0.01987618        0.01123386
     3.5200000        0.01720651        0.01108694
     3.5300000        0.01668648        0.01254255
     3.5400000        0.01986324        0.01247943
     3.5500000        0.02164389        0.01338309
     3.5600000        0.02412953        0.01520190
     3.5700000        0.02186685        0.01629803
     3.5800000        0.01824797        0.01439820
     3.5900000        0.01773128        0.01395878
     3.6000000        0.01798717        0.01374415
     3.6100000        0.02048790        0.01458675
     3.6200000        0.02412933        0.01644454
     3.6300000        0.02457114        0.01475974
     3.6400000        0.02552689        0.01562520
     3.6500000        0.02724554        0.01726466
     3.6600000        0.03232929        0.02456170
     3.6700000        0.03447860        0.02907782
     3.6800000        0.04487793        0.04043854
     3.6900000        0.03449278        0.03100802
     3.7000000        0.03653439        0.03182150
     3.7100000        0.03650015        0.03104967
     3.7200000        0.03512572        0.02922014
     3.7300000        0.03230600        0.02944686
     3.7400000        0.03098806        0.02512846
     3.7500000        0.02627768        0.01917818
     3.7600000        0.02575531        0.01938658
     3.7700000        0.02683309        0.01841487
     3.7800000        0.02638324        0.01744019
     3.7900000        0.02516285        0.01869984
     3.8000000        0.02456035        0.01874659
     3.8100000        0.02810495        0.02041707
     3.8200000        0.02621069        0.02063098
     3.8300000        0.02449013        0.01586570
     3.8400000        0.02211457        0.01450327
     3.8500000        0.02033069        0.01511794
     3.8600000        0.01730737        0.01142157
     3.8700000        0.01633549        0.01107686
     3.8800000        0.01779400        0.00956021
     3.8900000        0.01692282        0.01090873
     3.9000000        0.01738230        0.01036097
     3.9100000        0.01664278        0.00874155
     3.9200000        0.01695184        0.00928091
     3.9300000        0.01575527        0.00774955
     3.9400000        0.01670925        0.00933859
     3.9500000        0.01702233        0.00818196
     3.9600000        0.01637521        0.00881715
     3.9700000        0.01487352        0.01000163
     3.9800000        0.01562237        0.00944209
     3.9900000        0.01447555        0.00850572
     4.0000000        0.01652614        0.00744528
     4.0100000        0.01696932        0.00936786
     4.0200000        0.01974878        0.01055088
     4.0300000        0.01833834        0.01070969
     4.0400000        0.01779453        0.01089673
     4.0500000        0.01651333        0.01078132
     4.0600000        0.01634599        0.00936753
     4.0700000        0.01756340        0.00883357
     4.0800000        0.01831559        0.00766179
     4.0900000        0.01746822        0.00923707
     4.1000000        0.01755155        0.00872065
     4.1100000        0.01552760        0.00902236
     4.1200000        0.01227436        0.01124675
     4.1300000        0.01071907        0.01207793
     4.1400000        0.00965853        0.01433512
     4.1500000        0.00837760        0.01522536
     4.1600000        0.00890704        0.01335350
     4.1700000        0.00772983        0.01459366
     4.1800000        0.00810048        0.01323208
     4.1900000        0.00983385        0.01211920
     4.2000000        0.00748669        0.01425157
     4.2100000        0.00539038        0.01650582
     4.2200000        0.00167575        0.01970932
     4.2300000        0.00386674        0.01682731
     4.2400000        0.01141326        0.01174069
     4.2500000        0.01060651        0.01110606
     4.2600000        0.01088842        0.00991777
     4.2700000        0.01167006        0.00705253
     4.2800000        0.00967404        0.00988112
     4.2900000        0.01083571        0.00848045
     4.3000000        0.00975371        0.00990372
     4.3100000        0.00925159        0.01018254
     4.3200000        0.00811730        0.01229687
     4.3300000        0.00964893        0.01093230
     4.3400000        0.01284817        0.00717294
     4.3500000        0.01413800        0.00564302
     4.3600000        0.01470590        0.00494893
     4.3700000        0.01539545        0.00429601
     4.3800000        0.01589149        0.00392832
     4.3900000        0.01569823        0.00409968
     4.4000000        0.01435098        0.00423127
     4.4100000        0.01471317        0.00463065
     4.4200000        0.01341425        0.00496689
     4.4300000        0.01474718        0.00688798
     4.4400000        0.01351860        0.00766519
     4.4500000        0.01203280        0.00918564
     4.4600000        0.01189853        0.00835648
     4.4700000        0.01322893        0.00619101
     4.4800000        0.01208449        0.00818990
     4.4900000        0.01434832        0.00807193
     4.5000000        0.01457654        0.00678048
     4.5100000        0.01470771        0.00650379
     4.5200000        0.01421918        0.00739895
     4.5300000        0.01324893        0.00665688
     4.5400000        0.01329782        0.00714794
     4.5500000        0.01426914        0.00685522
     4.5600000        0.01418716        0.00684510
     4.5700000        0.01444587        0.00889753
     4.5800000        0.01535059        0.00857736
     4.5900000        0.01551321        0.00713390
     4.6000000        0.01467574        0.00720597
     4.6100000        0.01344713        0.00675025
     4.6200000        0.01295483        0.00707475
     4.6300000        0.01286781        0.00639472
     4.6400000        0.01289716        0.00604023
     4.6500000        0.01247194        0.00683352
     4.6600000        0.01231118        0.00624902
     4.6700000        0.01226852        0.00517420
     4.6800000        0.01148895        0.00584418
     4.6900000        0.01126149        0.00588101
     4.7000000        0.01168172        0.00575574
     4.7100000        0.01114126        0.00593380
     4.7200000        0.01150904        0.00622383
     4.7300000        0.01107391        0.00619411
     4.7400000        0.01094509        0.00676332
     4.7500000        0.01035143        0.00703190
     4.7600000        0.00861795        0.00727525
     4.7700000        0.00750185        0.00770347
     4.7800000        0.00613100        0.00799270
     4.7900000        0.00657738        0.00743097
     4.8000000        0.00610314        0.00691461
     4.8100000        0.00638496        0.00696672
     4.8200000        0.00650225        0.00660102
     4.8300000        0.00604125        0.00628349
     4.8400000        0.00548426        0.00673486
     4.8500000        0.00542483        0.00644038
     4.8600000        0.00639381        0.00642111
     4.8700000        0.00770568        0.00537493
     4.8800000        0.00756180        0.00626319
     4.8900000        0.00749872        0.00635972
     4.9000000        0.00817728        0.00598665
     4.9100000        0.00858535        0.00605181
     4.9200000        0.00878154        0.00645154
     4.9300000        0.00981859        0.00622785
     4.9400000        0.00878789        0.00601558
     4.9500000        0.00770138        0.00594890
     4.9600000        0.00793100        0.00622659
     4.9700000        0.00791539        0.00595442
     4.9800000        0.00813170        0.00613948
     4.9900000        0.00963211        0.00585481
     5.0000000        0.00904904        0.00638066
     5.0100000        0.01035515        0.00636977
     5.0200000        0.01145412        0.00591085
     5.0300000        0.01147895        0.00553888
     5.0400000        0.01152467        0.00532900
     5.0500000        0.01180261        0.00531280
     5.0600000        0.01231143        0.00625543
     5.0700000        0.01121139        0.00593080
     5.0800000        0.01094538        0.00590842
     5.0900000        0.00918083        0.00584850
     5.1000000        0.00817245        0.00485633
     5.1100000        0.00785277        0.00479139
     5.1200000        0.00844777        0.00326543
     5.1300000        0.00903547        0.00311888
     5.1400000        0.00992620        0.00391357
     5.1500000        0.00969591        0.00409014
     5.1600000        0.01003620        0.00467051
     5.1700000        0.01017360        0.00455330
     5.1800000        0.00958613        0.00410414
     5.1900000        0.00868306        0.00415403
     5.2000000        0.00824836        0.00418721
     5.2100000        0.00860561        0.00442950
     5.2200000        0.00878254        0.00497470
     5.2300000        0.00847098        0.00517951
     5.2400000        0.00780448        0.00478867
     5.2500000        0.00847379        0.00570063
     5.2600000        0.00833266        0.00622660
     5.2700000        0.00813799        0.00655803
     5.2800000        0.00820110        0.00585291
     5.2900000        0.00810361        0.00651467
     5.3000000        0.00810217        0.00630242
     5.3100000        0.00872808        0.00626411
     5.3200000        0.00880946        0.00627566
     5.3300000        0.00825932        0.00526892
     5.3400000        0.00905312        0.00483102
     5.3500000        0.00959584        0.00411547
     5.3600000        0.00867579        0.00533807
     5.3700000        0.00939349        0.00550117
     5.3800000        0.00892821        0.00585913
     5.3900000        0.00772782        0.00685118
     5.4000000        0.00701137        0.00608333
     5.4100000        0.00603782        0.00684786
     5.4200000        0.00623791        0.00633989
     5.4300000        0.00562555        0.00648967
     5.4400000        0.00678629        0.00591895
     5.4500000        0.00701820        0.00613362
     5.4600000        0.00620172        0.00716223
     5.4700000        0.00668661        0.00680249
     5.4800000        0.00699295        0.00655027
     5.4900000        0.00709731        0.00666521
     5.5000000        0.00623697        0.00681509
     5.5100000        0.00613701        0.00705015
     5.5200000        0.00639286        0.00665360
     5.5300000        0.00695817        0.00699982
     5.5400000        0.00715907        0.00700319
     5.5500000        0.00632801        0.00751287
     5.5600000        0.00660871        0.00702349
     5.5700000        0.00698013        0.00585168
     5.5800000        0.00743847        0.00528561
     5.5900000        0.00702234        0.00565465
     5.6000000        0.00679097        0.00550887
     5.6100000        0.00541302        0.00535678
     5.6200000        0.00566562        0.00523374
     5.6300000        0.00614186        0.00553191
     5.6400000        0.00602654        0.00580404
     5.6500000        0.00553557        0.00545156
     5.6600000        0.00472049        0.00590590
     5.6700000        0.00548762        0.00612726
     5.6800000        0.00474032        0.00643445
     5.6900000        0.00486545        0.00692550
     5.7000000        0.00474355        0.00717163
     5.7100000        0.00488379        0.00729552
     5.7200000        0.00452829        0.00731197
     5.7300000        0.00488672        0.00744863
     5.7400000        0.00410123        0.00769347
     5.7500000        0.00273924        0.00639708
     5.7600000        0.00289432        0.00708434
     5.7700000        0.00297697        0.00758371
     5.7800000        0.00401305        0.00881977
     5.7900000        0.00488709        0.00947158
     5.8000000        0.00313728        0.00926078
     5.8100000        0.00192572        0.00790234
     5.8200000        0.00084867        0.00811308
     5.8300000        0.00051299        0.00832684
     5.8400000        0.00148380        0.00834480
     5.8500000        0.00012070        0.00939442
     5.8600000       -0.00014853        0.00975593
     5.8700000        0.00039920        0.00918809
     5.8800000        0.00100397        0.00808219
     5.8900000        0.00201284        0.00770563
     5.9000000        0.00179976        0.00759646
     5.9100000        0.00240771        0.00686230
     5.9200000        0.00192683        0.00693479
     5.9300000        0.00166994        0.00660904
     5.9400000        0.00135452        0.00719674
     5.9500000        0.00072697        0.00741574
     5.9600000        0.00126721        0.00732629
     5.9700000        0.00140470        0.00680181
     5.9800000        0.00005633        0.00763627
     5.9900000        0.00047870        0.00750661
     6.0000000        0.00107475        0.00777639
     6.0100000        0.00082236        0.00787118
     6.0200000        0.00084373        0.00695693
     6.0300000        0.00090536        0.00645495
     6.0400000        0.00087557        0.00651556
     6.0500000       -0.00001997        0.00724197
     6.0600000        0.00048927        0.00691007
     6.0700000        0.00074571        0.00628419
     6.0800000        0.00023244        0.00660801
     6.0900000        0.00018239        0.00622255
     6.1000000       -0.00000755        0.00470664
     6.1100000        0.00127639        0.00458732
     6.1200000        0.00275614        0.00559235
     6.1300000        0.00303491        0.00583254
     6.1400000        0.00262838        0.00545407
     6.1500000        0.00180954        0.00529541
     6.1600000        0.00270787        0.00547603
     6.1700000        0.00218587        0.00543021
     6.1800000        0.00317016        0.00494791
     6.1900000        0.00404071        0.00499075
     6.2000000        0.00399221        0.00523565
     6.2100000        0.00461748        0.00516569
     6.2200000        0.00498588        0.00483581
     6.2300000        0.00498429        0.00486500
     6.2400000        0.00482140        0.00486656
     6.2500000        0.00412211        0.00473074
     6.2600000        0.00360205        0.00450458
     6.2700000        0.00257953        0.00504335
     6.2800000        0.00191433        0.00544410
     6.2900000        0.00148249        0.00535851
     6.3000000        0.00159616        0.00597634
     6.3100000        0.00194314        0.00617691
     6.3200000        0.00238658        0.00578305
     6.3300000        0.00257975        0.00543680
     6.3400000        0.00307237        0.00511564
     6.3500000        0.00249086        0.00490173
     6.3600000        0.00406446        0.00432585
     6.3700000        0.00470662        0.00396605
     6.3800000        0.00423024        0.00405846
     6.3900000        0.00292165        0.00413831
     6.4000000        0.00286362        0.00389742
     6.4100000        0.00314131        0.00330118
     6.4200000        0.00395531        0.00332465
     6.4300000        0.00503037        0.00319379
     6.4400000        0.00474588        0.00377619
     6.4500000        0.00436366        0.00361692
     6.4600000        0.00535739        0.00395522
     6.4700000        0.00487657        0.00374613
     6.4800000        0.00422146        0.00337576
     6.4900000        0.00285019        0.00343840
     6.5000000        0.00268723        0.00300239
     6.5100000        0.00335659        0.00352278
     6.5200000        0.00294939        0.00364351
     6.5300000        0.00346651        0.00372156
     6.5400000        0.00349378        0.00295239
     6.5500000        0.00316818        0.00331982
     6.5600000        0.00318992        0.00373580
     6.5700000        0.00310142        0.00372660
     6.5800000        0.00177007        0.00466854
     6.5900000        0.00184396        0.00435730
     6.6000000        0.00351473        0.00361809
     6.6100000        0.00387295        0.00397549
     6.6200000        0.00366649        0.00312408
     6.6300000        0.00350714        0.00211835
     6.6400000        0.00294471        0.00226076
     6.6500000        0.00389116        0.00180875
     6.6600000        0.00457833        0.00161864
     6.6700000        0.00494494        0.00200211
     6.6800000        0.00547353        0.00222834
     6.6900000        0.00448627        0.00177908
     6.7000000        0.00441040        0.00165330
     6.7100000        0.00355978        0.00195622
     6.7200000        0.00432528        0.00164658
     6.7300000        0.00329325        0.00187453
     6.7400000        0.00277049        0.00243834
     6.7500000        0.00407734        0.00267481
     6.7600000        0.00374117        0.00176844
     6.7700000        0.00495871        0.00203326
     6.7800000        0.00499513        0.00212649
     6.7900000        0.00493884        0.00200137
     6.8000000        0.00575112        0.00198716
     6.8100000        0.00463820        0.00154464
     6.8200000        0.00451614        0.00137403
     6.8300000        0.00457302        0.00142096
     6.8400000        0.00443004        0.00138126
     6.8500000        0.00462135        0.00153560
     6.8600000        0.00477056        0.00186902
     6.8700000        0.00436045        0.00168217
     6.8800000        0.00554683        0.00159562
     6.8900000        0.00598645        0.00184922
     6.9000000        0.00563716        0.00164922
     6.9100000        0.00544265        0.00174670
     6.9200000        0.00542091        0.00094346
     6.9300000        0.00503406        0.00082697
     6.9400000        0.00560036        0.00181999
     6.9500000        0.00555990        0.00147160
     6.9600000        0.00524350        0.00154863
     6.9700000        0.00465622        0.00080589
     6.9800000        0.00414869        0.00086176
     6.9900000        0.00458906        0.00092104
     7.0000000        0.00456848        0.00103409
     7.0100000        0.00440440        0.00109867
     7.0200000        0.00473786        0.00135880
     7.0300000        0.00412150        0.00181682
     7.0400000        0.00332517        0.00226976
     7.0500000        0.00193056        0.00287810
     7.0600000        0.00163855        0.00269352
     7.0700000        0.00051444        0.00247482
     7.0800000        0.00158086        0.00175122
     7.0900000        0.00275291        0.00199712
     7.1000000        0.00315871        0.00164059
     7.1100000        0.00288115        0.00164474
     7.1200000        0.00234657        0.00143313
     7.1300000        0.00199807        0.00159958
     7.1400000        0.00141749        0.00181019
     7.1500000        0.00060474        0.00206458
     7.1600000       -0.00013400        0.00261085
     7.1700000        0.00036165        0.00229846
     7.1800000       -0.00103472        0.00305721
     7.1900000       -0.00062513        0.00233070
     7.2000000       -0.00116597        0.00267444
     7.2100000       -0.00135694        0.00325599
     7.2200000       -0.00157337        0.00359683
     7.2300000       -0.00172391        0.00326002
     7.2400000       -0.00080468        0.00279453
     7.2500000       -0.00160748        0.00396422
     7.2600000       -0.00122476        0.00408834
     7.2700000       -0.00176318        0.00445712
     7.2800000       -0.00086176        0.00407571
     7.2900000       -0.00101000        0.00353876
     7.3000000       -0.00129756        0.00336046
     7.3100000       -0.00159796        0.00328354
     7.3200000       -0.00100231        0.00330038
     7.3300000       -0.00369996        0.00600626
     7.3400000       -0.00185263        0.00431125
     7.3500000       -0.00078969        0.00308984
     7.3600000       -0.00090023        0.00262432
     7.3700000       -0.00113767        0.00237006
     7.3800000       -0.00190375        0.00293235
     7.3900000       -0.00100714        0.00251188
     7.4000000       -0.00058870        0.00178269
     7.4100000       -0.00099202        0.00242063
     7.4200000       -0.00158327        0.00238925
     7.4300000       -0.00045993        0.00220439
     7.4400000        0.00029283        0.00245492
     7.4500000        0.00069882        0.00226871
     7.4600000        0.00181069        0.00195560
     7.4700000        0.00103866        0.00315846
     7.4800000       -0.00129706        0.00515666
     7.4900000       -0.00088425        0.00425817
     7.5000000        0.00041074        0.00325002
     7.5100000        0.00129768        0.00294724
     7.5200000        0.00083171        0.00253215
     7.5300000        0.00057763        0.00296447
     7.5400000       -0.00020523        0.00283583
     7.5500000       -0.00169593        0.00388405
     7.5600000       -0.00016497        0.00379691
     7.5700000       -0.00171630        0.00433752
     7.5800000       -0.00134999        0.00427370
     7.5900000       -0.00194755        0.00437284
     7.6000000       -0.00231163        0.00462134
     7.6100000       -0.00230018        0.00506379
     7.6200000       -0.00194780        0.00500976
     7.6300000       -0.00142203        0.00470968
     7.6400000       -0.00165548        0.00479398
     7.6500000       -0.00175137        0.00523157
     7.6600000       -0.00206258        0.00598790
     7.6700000       -0.00256888        0.00489543
     7.6800000       -0.00331773        0.00542895
     7.6900000       -0.00271275        0.00539309
     7.7000000       -0.00199291        0.00556162
     7.7100000       -0.00051989        0.00555034
     7.7200000       -0.00149727        0.00558200
     7.7300000       -0.00189756        0.00598376
     7.7400000       -0.00189426        0.00675266
     7.7500000       -0.00346727        0.00673711
     7.7600000       -0.00406197        0.00700401
     7.7700000       -0.00333157        0.00746097
     7.7800000       -0.00277124        0.00728752
     7.7900000       -0.00304693        0.00717061
     7.8000000       -0.00097511        0.00626315
     7.8100000       -0.00056608        0.00608002
     7.8200000       -0.00041745        0.00610070
     7.8300000       -0.00164184        0.00628368
     7.8400000       -0.00113326        0.00563857
     7.8500000        0.00101833        0.00568261
     7.8600000        0.00070165        0.00511702
     7.8700000        0.00146924        0.00504595
     7.8800000        0.00101335        0.00492399
     7.8900000        0.00120748        0.00475353
     7.9000000        0.00197492        0.00525953
     7.9100000        0.00250292        0.00498805
     7.9200000        0.00192312        0.00468196
     7.9300000        0.00168789        0.00588054
     7.9400000        0.00242178        0.00596783
     7.9500000        0.00311935        0.00583427
     7.9600000        0.00304184        0.00495283
     7.9700000        0.00335116        0.00472210
     7.9800000        0.00348095        0.00483712
     7.9900000        0.00445596        0.00448218
     8.0000000        0.00438307        0.00403417
     8.0100000        0.00360687        0.00359414
     8.0200000        0.00327263        0.00363559
     8.0300000        0.00307488        0.00369436
     8.0400000        0.00360766        0.00370983
     8.0500000        0.00364101        0.00411302
     8.0600000        0.00407790        0.00445641
     8.0700000        0.00371348        0.00407454
     8.0800000        0.00406003        0.00377656
     8.0900000        0.00451519        0.00358982
     8.1000000        0.00501389        0.00376352
     8.1100000        0.00420033        0.00350917
     8.1200000        0.00530136        0.00364027
     8.1300000        0.00580192        0.00413622
     8.1400000        0.00617476        0.00399460
     8.1500000        0.00402359        0.00363851
     8.1600000        0.00261505        0.00330571
     8.1700000        0.00178155        0.00404726
     8.1800000        0.00194410        0.00561187
     8.1900000        0.00178935        0.00547010
     8.2000000        0.00332412        0.00432230
     8.2100000        0.00413233        0.00353191
     8.2200000        0.00591136        0.00401277
     8.2300000        0.00745128        0.00399841
     8.2400000        0.00822748        0.00384595
     8.2500000        0.00805908        0.00437467
     8.2600000        0.00740986        0.00449349
     8.2700000        0.00604999        0.00459351
     8.2800000        0.00693955        0.00509716
     8.2900000        0.00708165        0.00527639
     8.3000000        0.00744601        0.00555131
     8.3100000        0.00812598        0.00485559
     8.3200000        0.00800975        0.00490246
     8.3300000        0.00702748        0.00472166
     8.3400000        0.00907690        0.00529785
     8.3500000        0.01117961        0.00581290
     8.3600000        0.01094379        0.00540996
     8.3700000        0.01178821        0.00588015
     8.3800000        0.01109469        0.00543025
     8.3900000        0.00931643        0.00459568
     8.4000000        0.00892700        0.00436052
     8.4100000        0.00815339        0.00397255
     8.4200000        0.00546201        0.00386955
     8.4300000        0.00091653        0.00690508
     8.4400000        0.00330897        0.00582516
     8.4500000        0.00573501        0.00407414
     8.4600000        0.00586155        0.00383389
     8.4700000        0.00678492        0.00619359
     8.4800000        0.00727347        0.00848764
     8.4900000        0.00813924        0.00773696
     8.5000000        0.00681781        0.01016308
     8.5100000        0.00671210        0.01018689
     8.5200000        0.00694242        0.01117001
     8.5300000        0.00581709        0.00993231
     8.5400000        0.00480423        0.00746135
     8.5500000        0.00477606        0.00610337
     8.5600000        0.00733592        0.00608434
     8.5700000        0.00559878        0.00814832
     8.5800000        0.00687155        0.00815885
     8.5900000        0.00521917        0.00860185
     8.6000000        0.00521849        0.00855433
     8.6100000        0.00607079        0.00870238
     8.6200000        0.00771047        0.00927757
     8.6300000        0.00959392        0.00985595
     8.6400000        0.00736762        0.00846763
     8.6500000        0.00859842        0.00807683
     8.6600000        0.00851179        0.01151163
     8.6700000        0.00875868        0.01601480
     8.6800000        0.00772202        0.01718132
     8.6900000        0.00977124        0.01624185
     8.7000000        0.00617442        0.01922356
     8.7100000        0.00685909        0.01771039
     8.7200000        0.00791049        0.01895422
     8.7300000        0.00843951        0.01723096
     8.7400000        0.01163095        0.01765800
     8.7500000        0.01083396        0.01765727
     8.7600000        0.01239472        0.01679331
     8.7700000        0.01215784        0.01794575
     8.7800000        0.00665367        0.01720858
     8.7900000        0.00853733        0.01765269
     8.8000000        0.00819273        0.01550881
     8.8100000        0.00946966        0.01333148
     8.8200000        0.00725434        0.01054519
     8.8300000        0.00672422        0.01108815
     8.8400000        0.00729304        0.01294673
     8.8500000        0.00747139        0.01153697
     8.8600000        0.00853122        0.01118487
     8.8700000        0.00919895        0.01001887
     8.8800000        0.00946616        0.00927509
     8.8900000        0.00972959        0.00967303
     8.9000000        0.01047736        0.01000595
     8.9100000        0.00752773        0.00980854
     8.9200000        0.00440258        0.00847256
     8.9300000        0.00414971        0.01023392
     8.9400000        0.00385269        0.00946898
     8.9500000        0.00363633        0.00991289
     8.9600000        0.00338034        0.00826321
     8.9700000        0.00122816        0.00852989
     8.9800000        0.00263950        0.00824034
     8.9900000        0.00392228        0.00845879
     9.0000000        0.00544810        0.00840955
     9.0100000        0.00431371        0.00870957
     9.0200000        0.00196490        0.00875872
     9.0300000       -0.00021983        0.00853134
     9.0400000        0.00128296        0.00779102
     9.0500000        0.00162806        0.00649426
     9.0600000        0.00035626        0.00793678
     9.0700000        0.00145732        0.00768004
     9.0800000        0.00259118        0.00780463
     9.0900000        0.00349238        0.00704197
     9.1000000        0.00354804        0.00788131
     9.1100000        0.00251402        0.00787747
     9.1200000        0.00113694        0.00963927
     9.1300000        0.00153820        0.00926324
     9.1400000        0.00357831        0.00802291
     9.1500000        0.00549984        0.00807202
     9.1600000        0.00423498        0.00735506
     9.1700000        0.00312614        0.00701177
     9.1800000        0.00331915        0.00651278
     9.1900000        0.00293875        0.00772939
     9.2000000        0.00277749        0.00813665
     9.2100000        0.00308503        0.00905827
     9.2200000        0.00266986        0.00768868
     9.2300000        0.00280771        0.00632620
     9.2400000        0.00175726        0.00568537
     9.2500000        0.00238717        0.00479059
     9.2600000        0.00121728        0.00524139
     9.2700000        0.00165031        0.00492093
     9.2800000        0.00236012        0.00515047
     9.2900000        0.00333306        0.00408957
     9.3000000        0.00364637        0.00405055
     9.3100000        0.00458906        0.00247545
     9.3200000        0.00584660        0.00227739
     9.3300000        0.00748714        0.00433535
     9.3400000        0.00723370        0.00420262
     9.3500000        0.00706375        0.00569513
     9.3600000        0.00682416        0.00381141
     9.3700000        0.00587037        0.00364161
     9.3800000        0.00557769        0.00307299
     9.3900000        0.00615542        0.00214690
     9.4000000        0.00498207        0.00297230
     9.4100000        0.00633069        0.00233288
     9.4200000        0.00678617        0.00133104
     9.4300000        0.00646725        0.00120231
     9.4400000        0.00641047        0.00120312
     9.4500000        0.00669933        0.00141996
     9.4600000        0.00605442        0.00129865
     9.4700000        0.00649450        0.00116412
     9.4800000        0.00550607        0.00118356
     9.4900000        0.00287155        0.00292150
     9.5000000        0.00316759        0.00258700
     9.5100000        0.00161484        0.00403155
     9.5200000        0.00114283        0.00490368
     9.5300000        0.00036844        0.00581308
     9.5400000        0.00123408        0.00555841
     9.5500000        0.00089778        0.00580799
     9.5600000        0.00161635        0.00513055
     9.5700000        0.00268784        0.00449345
     9.5800000        0.00385790        0.00381646
     9.5900000        0.00471117        0.00406155
     9.6000000        0.00469836        0.00378178
     9.6100000        0.00586176        0.00381357
     9.6200000        0.00535284        0.00397038
     9.6300000        0.00573296        0.00405398
     9.6400000        0.00574369        0.00299869
     9.6500000        0.00499854        0.00271727
     9.6600000        0.00505607        0.00246094
     9.6700000        0.00626312        0.00202043
     9.6800000        0.00467064        0.00211249
     9.6900000        0.00512083        0.00165363
     9.7000000        0.00352253        0.00325542
     9.7100000        0.00300727        0.00339643
     9.7200000        0.00150920        0.00322856
     9.7300000        0.00141799        0.00361893
     9.7400000        0.00192402        0.00311685
     9.7500000        0.00136678        0.00323719
     9.7600000        0.00224039        0.00227928
     9.7700000        0.00428230        0.00103563
     9.7800000        0.00736874        0.00178299
     9.7900000        0.00935959        0.00355477
     9.8000000        0.00891458        0.00311257
     9.8100000        0.00943924        0.00342953
     9.8200000        0.00840981        0.00331723
     9.8300000        0.00886090        0.00451760
     9.8400000        0.00794731        0.00291888
     9.8500000        0.01149345        0.00452611
     9.8600000        0.01214844        0.00429090
     9.8700000        0.01165586        0.00364958
     9.8800000        0.01017430        0.00271254
     9.8900000        0.01171443        0.00403372
     9.9000000        0.00867609        0.00518857
     9.9100000        0.00799671        0.00734465
     9.9200000        0.00803439        0.01001773
     9.9300000        0.00628584        0.00983497
     9.9400000        0.00807538        0.00712651
     9.9500000        0.00596829        0.00715826
     9.9600000        0.00638181        0.00908012
     9.9700000        0.00804137        0.00691275
     9.9800000        0.01068440        0.00782351
     9.9900000        0.01321072        0.00940292
    10.0000000        0.01228589        0.00850617
