          51           9   10.000000000000000                1
     0.0000000        0.09430211        0.00616423
     0.1000000        0.09430211        0.00616423
     0.2000000        0.09430211        0.00616423
     0.3000000        0.09430211        0.00616423
     0.4000000        0.09430211        0.00616423
     0.5000000        0.09430211        0.00616423
     0.6000000        0.09430211        0.00616423
     0.7000000        0.09430211        0.00616423
     0.8000000        0.09430211        0.00616423
     0.9000000        0.09430211        0.00616423
     1.0000000        0.09430211        0.00616423
     1.1000000        0.09430211        0.00616423
     1.2000000        0.09430211        0.00616423
     1.3000000        0.09430211        0.00616423
     1.4000000        0.09430211        0.00616423
     1.5000000        0.09430211        0.00616423
     1.6000000        0.09430211        0.00616423
     1.7000000        0.09430211        0.00616423
     1.8000000        0.09430211        0.00616423
     1.9000000        0.09430211        0.00616423
     2.0000000        0.09430211        0.00616423
     2.1000000        0.09430211        0.00616423
     2.2000000        0.09430211        0.00616423
     2.3000000        0.09430211        0.00616423
     2.4000000        0.09430211        0.00616423
     2.5000000        0.09430211        0.00616423
     2.6000000        0.09430211        0.00616423
     2.7000000        0.09430211        0.00616423
     2.8000000        0.09430211        0.00616423
     2.9000000        0.09430211        0.00616423
     3.0000000        0.09430211        0.00616423
     3.1000000        0.09430211        0.00616423
     3.2000000        0.09430211        0.00616423
     3.3000000        0.09430211        0.00616423
     3.4000000        0.09430211        0.00616423
     3.5000000        0.09430211        0.00616423
     3.6000000        0.09430211        0.00616423
     3.7000000        0.09430211        0.00616423
     3.8000000        0.09430211        0.00616423
     3.9000000        0.09430211        0.00616423
     4.0000000        0.09430211        0.00616423
     4.1000000        0.09430211        0.00616423
     4.2000000        0.09430211        0.00616423
     4.3000000        0.09430211        0.00616423
     4.4000000        0.09430211        0.00616423
     4.5000000        0.09430211        0.00616423
     4.6000000        0.09430211        0.00616423
     4.7000000        0.09430211        0.00616423
     4.8000000        0.09430211        0.00616423
     4.9000000        0.09430211        0.00616423
     5.0000000        0.09430211        0.00616423
