          81           4   8.0000000000000000                1
     0.0000000        0.13409002        0.00681380
     0.1000000        0.09823292        0.00476495
     0.2000000        0.07108965        0.00334806
     0.3000000        0.05009192        0.00976638
     0.4000000        0.03574102        0.01121550
     0.5000000        0.02245630        0.00953692
     0.6000000        0.01427188        0.00696842
     0.7000000        0.00841538        0.00484573
     0.8000000        0.00985729        0.00404671
     0.9000000        0.00804725        0.00183663
     1.0000000        0.00055258        0.00154852
     1.1000000        0.00861429        0.00853591
     1.2000000        0.00161649        0.00483588
     1.3000000       -0.00310301        0.00383006
     1.4000000       -0.00064541        0.00785213
     1.5000000        0.00293207        0.01136019
     1.6000000        0.00750737        0.00938109
     1.7000000        0.00355242        0.01200402
     1.8000000        0.00369160        0.00972583
     1.9000000        0.00544807        0.00920167
     2.0000000        0.00885059        0.01390468
     2.1000000        0.01281419        0.01171190
     2.2000000        0.01058549        0.01078061
     2.3000000        0.01042871        0.00811171
     2.4000000        0.00729323        0.00849638
     2.5000000        0.00815924        0.00582018
     2.6000000        0.00731494        0.00855239
     2.7000000        0.00460078        0.01145854
     2.8000000        0.00076805        0.00699217
     2.9000000        0.00287495        0.00519919
     3.0000000       -0.00033760        0.01028783
     3.1000000        0.00439915        0.00998599
     3.2000000        0.00152366        0.00832271
     3.3000000        0.00247867        0.00900064
     3.4000000        0.00182424        0.00928637
     3.5000000        0.00016306        0.01351888
     3.6000000       -0.00215064        0.01361950
     3.7000000        0.00150469        0.00979795
     3.8000000        0.00416530        0.01142480
     3.9000000        0.00582128        0.00825204
     4.0000000        0.00115059        0.00614523
     4.1000000       -0.00561243        0.00241535
     4.2000000        0.00147739        0.00411661
     4.3000000        0.00518330        0.00826429
     4.4000000        0.00655582        0.00597234
     4.5000000        0.00454909        0.00398954
     4.6000000        0.00897205        0.00519976
     4.7000000        0.01413214        0.00352528
     4.8000000        0.01643951        0.00645393
     4.9000000        0.01812550        0.00843536
     5.0000000        0.01856965        0.00725767
     5.1000000        0.01752350        0.00286121
     5.2000000        0.01257224        0.00191098
     5.3000000        0.01055652        0.00528925
     5.4000000        0.01268224        0.00582001
     5.5000000        0.01597994        0.00728589
     5.6000000        0.01296025        0.00311061
     5.7000000        0.01118497        0.00653562
     5.8000000        0.02467679        0.00587686
     5.9000000        0.03416119        0.00814232
     6.0000000        0.04065584        0.00534303
     6.1000000        0.04400103        0.00426801
     6.2000000        0.04943512        0.00596373
     6.3000000        0.04776371        0.00364727
     6.4000000        0.06144402        0.00861784
     6.5000000        0.07203165        0.01125552
     6.6000000        0.08547303        0.01442426
     6.7000000        0.10398500        0.01143105
     6.8000000        0.12800962        0.01298724
     6.9000000        0.16521333        0.01028167
     7.0000000        0.19985962        0.00409682
     7.1000000        0.25616413        0.00469467
     7.2000000        0.31515377        0.01010082
     7.3000000        0.38780090        0.01270548
     7.4000000        0.47683794        0.00883914
     7.5000000        0.58356959        0.00922032
     7.6000000        0.73452216        0.00970132
     7.7000000        0.92127193        0.00574549
     7.8000000        1.16399913        0.00587139
     7.9000000        1.46515067        0.00989122
     8.0000000        1.86590998        0.00681380
