          11           9   2.0000000000000000                1
     0.0000000        0.22287329        0.00807451
     0.1000000        0.15237468        0.00391875
     0.2000000        0.11143617        0.00285677
     0.3000000        0.08278669        0.00251033
     0.4000000        0.06534188        0.00109540
     0.5000000        0.05144973        0.00210505
     0.6000000        0.04055336        0.00178586
     0.7000000        0.03291791        0.00289929
     0.8000000        0.03083784        0.00190991
     0.9000000        0.02964513        0.00184911
     1.0000000        0.02996082        0.00358049
