          41           9   8.0000000000000000                1
     0.0000000        0.21311929        0.01256536
     0.1000000        0.13517489        0.00632721
     0.2000000        0.09146260        0.00317590
     0.3000000        0.06068144        0.00465110
     0.4000000        0.04155443        0.00474913
     0.5000000        0.02730120        0.00367357
     0.6000000        0.02048124        0.00173607
     0.7000000        0.01138821        0.00458176
     0.8000000        0.00675761        0.00451806
     0.9000000        0.00618361        0.00343866
     1.0000000        0.00635034        0.00190094
     1.1000000        0.00252315        0.00210854
     1.2000000       -0.00073919        0.00207248
     1.3000000       -0.00185898        0.00247366
     1.4000000       -0.00385444        0.00374166
     1.5000000       -0.00389352        0.00227030
     1.6000000       -0.00296985        0.00274790
     1.7000000       -0.00220117        0.00249352
     1.8000000       -0.00199337        0.00226516
     1.9000000       -0.00258086        0.00281250
     2.0000000       -0.00089139        0.00246941
     2.1000000        0.00208831        0.00253959
     2.2000000        0.00232708        0.00253191
     2.3000000        0.00177196        0.00214904
     2.4000000       -0.00226024        0.00201472
     2.5000000       -0.00215155        0.00328709
     2.6000000        0.00230665        0.00362575
     2.7000000        0.00338860        0.00285830
     2.8000000        0.00146609        0.00218443
     2.9000000       -0.00122535        0.00373651
     3.0000000        0.00063110        0.00131835
     3.1000000        0.00014079        0.00255107
     3.2000000       -0.00069796        0.00219661
     3.3000000       -0.00208489        0.00291338
     3.4000000       -0.00047199        0.00222270
     3.5000000       -0.00091816        0.00287774
     3.6000000       -0.00086048        0.00251122
     3.7000000        0.00008137        0.00227169
     3.8000000        0.00062253        0.00122136
     3.9000000       -0.00007959        0.00226401
     4.0000000        0.00319472        0.00461460
