          21           9   2.0000000000000000                1
     0.0000000        1.00499320        0.00441923
     0.1000000        0.90662607        0.00403429
     0.2000000        0.83868876        0.00523161
     0.3000000        0.78463749        0.00568026
     0.4000000        0.74218329        0.00603606
     0.5000000        0.71052139        0.00646853
     0.6000000        0.68966371        0.00609085
     0.7000000        0.67327634        0.00532353
     0.8000000        0.66229033        0.00613523
     0.9000000        0.65640017        0.00593544
     1.0000000        0.65605020        0.00685285
     1.1000000        0.66001120        0.00632054
     1.2000000        0.66156126        0.00701822
     1.3000000        0.66600536        0.00790862
     1.4000000        0.68318434        0.00914080
     1.5000000        0.70617837        0.00783652
     1.6000000        0.73724618        0.00568208
     1.7000000        0.77759711        0.00480645
     1.8000000        0.83192487        0.00704048
     1.9000000        0.89598135        0.00473380
     2.0000000        0.99500680        0.00441923
