          81           4   8.0000000000000000                1
     0.0000000        1.47707480        0.04079636
     0.1000000        1.30430688        0.03138563
     0.2000000        1.18021135        0.04281697
     0.3000000        1.03184573        0.05020268
     0.4000000        0.96719839        0.04528861
     0.5000000        0.86326649        0.05819420
     0.6000000        0.77512703        0.05629054
     0.7000000        0.68389880        0.05319913
     0.8000000        0.64458167        0.06521780
     0.9000000        0.58940907        0.06316302
     1.0000000        0.56478073        0.08140339
     1.1000000        0.48784532        0.05737821
     1.2000000        0.46504822        0.05182617
     1.3000000        0.43351463        0.05543272
     1.4000000        0.42483163        0.06521367
     1.5000000        0.40422192        0.05935785
     1.6000000        0.39716347        0.03180005
     1.7000000        0.31433460        0.01822853
     1.8000000        0.30623861        0.03667227
     1.9000000        0.27042812        0.04102778
     2.0000000        0.25135346        0.02970926
     2.1000000        0.21850076        0.02963905
     2.2000000        0.20574989        0.04286263
     2.3000000        0.18908391        0.04047202
     2.4000000        0.19891398        0.04227958
     2.5000000        0.20788285        0.03818157
     2.6000000        0.21264426        0.01943398
     2.7000000        0.21551515        0.01959991
     2.8000000        0.19973137        0.02933959
     2.9000000        0.17005837        0.04374030
     3.0000000        0.16187633        0.05009091
     3.1000000        0.14061200        0.04536140
     3.2000000        0.12950619        0.03962319
     3.3000000        0.17554719        0.02395492
     3.4000000        0.17225616        0.03568022
     3.5000000        0.13274540        0.05685726
     3.6000000        0.12768185        0.04967767
     3.7000000        0.10670587        0.07518038
     3.8000000        0.05997197        0.07511827
     3.9000000        0.02992211        0.07246729
     4.0000000        0.03610034        0.07527771
     4.1000000        0.04112906        0.07101374
     4.2000000        0.03203979        0.08176622
     4.3000000        0.05287156        0.08479474
     4.4000000        0.05259034        0.08598228
     4.5000000        0.03512144        0.06844140
     4.6000000        0.03414418        0.07300263
     4.7000000        0.04900104        0.09811680
     4.8000000        0.07828458        0.09386223
     4.9000000        0.10514344        0.07493423
     5.0000000        0.10822024        0.08649126
     5.1000000        0.09230013        0.09451980
     5.2000000        0.11509124        0.07915417
     5.3000000        0.10995153        0.07851513
     5.4000000        0.10025968        0.08242658
     5.5000000        0.12139303        0.07707266
     5.6000000        0.12987086        0.06046086
     5.7000000        0.14823298        0.05571842
     5.8000000        0.13282448        0.04946486
     5.9000000        0.13606302        0.04262506
     6.0000000        0.12677110        0.05932367
     6.1000000        0.16145209        0.05372752
     6.2000000        0.16625825        0.05407908
     6.3000000        0.18718226        0.03126635
     6.4000000        0.19122512        0.02946870
     6.5000000        0.18759070        0.01645654
     6.6000000        0.17837807        0.01904909
     6.7000000        0.17856645        0.03400414
     6.8000000        0.21286127        0.04091185
     6.9000000        0.23033196        0.05254029
     7.0000000        0.22360714        0.06391950
     7.1000000        0.23551453        0.04408269
     7.2000000        0.25257333        0.04777744
     7.3000000        0.25122468        0.04610425
     7.4000000        0.28763389        0.02859488
     7.5000000        0.32439246        0.03650339
     7.6000000        0.37550812        0.04007645
     7.7000000        0.34971598        0.05110948
     7.8000000        0.38868302        0.06423694
     7.9000000        0.42009993        0.04778775
     8.0000000        0.52292520        0.04079636
