          41           4   8.0000000000000000                1
     0.0000000        0.34938139        0.04977695
     0.1000000        0.16732058        0.05044137
     0.2000000        0.07928175        0.05177587
     0.3000000        0.02853942        0.04853514
     0.4000000        0.00621776        0.04214320
     0.5000000       -0.00741547        0.03840152
     0.6000000       -0.02199415        0.03753825
     0.7000000       -0.02093601        0.03744104
     0.8000000       -0.01502602        0.03226254
     0.9000000       -0.01574813        0.02518222
     1.0000000       -0.01605208        0.02447121
     1.1000000       -0.01879663        0.02618225
     1.2000000       -0.01974487        0.02701955
     1.3000000       -0.00976443        0.02437361
     1.4000000       -0.00182927        0.02242049
     1.5000000       -0.00335202        0.01793878
     1.6000000       -0.01310701        0.01565085
     1.7000000       -0.01237663        0.01775116
     1.8000000       -0.00345295        0.02534432
     1.9000000        0.00812772        0.02792868
     2.0000000        0.02499943        0.02223756
     2.1000000        0.03238230        0.01789072
     2.2000000        0.03025347        0.01301942
     2.3000000        0.02126415        0.01182743
     2.4000000        0.01420741        0.01925028
     2.5000000        0.01135041        0.02155661
     2.6000000        0.01153780        0.02599742
     2.7000000        0.00799280        0.03349242
     2.8000000        0.00116552        0.03902970
     2.9000000        0.00167247        0.03655001
     3.0000000        0.00162248        0.02881046
     3.1000000       -0.00217818        0.02479195
     3.2000000       -0.00728113        0.02898832
     3.3000000       -0.01135754        0.02927007
     3.4000000       -0.00928254        0.02366611
     3.5000000       -0.00548849        0.02250544
     3.6000000       -0.00679251        0.02391390
     3.7000000       -0.00609446        0.02026948
     3.8000000       -0.00517337        0.01453213
     3.9000000       -0.00139410        0.01879615
     4.0000000        0.00584923        0.02256165
