          21           4   4.0000000000000000                1
     0.0000000        0.29172545        0.02186678
     0.1000000        0.18821852        0.02111114
     0.2000000        0.12823207        0.01978776
     0.3000000        0.09321059        0.01791744
     0.4000000        0.07053191        0.01718410
     0.5000000        0.05568297        0.01700487
     0.6000000        0.04626810        0.01601631
     0.7000000        0.03958830        0.01608567
     0.8000000        0.03485297        0.01626510
     0.9000000        0.03262250        0.01511398
     1.0000000        0.03269683        0.01323134
     1.1000000        0.03344034        0.01151983
     1.2000000        0.03413986        0.01073270
     1.3000000        0.03449636        0.01083360
     1.4000000        0.03507983        0.01103386
     1.5000000        0.03731966        0.01029643
     1.6000000        0.03919222        0.00893637
     1.7000000        0.03967726        0.00848862
     1.8000000        0.03931409        0.00892761
     1.9000000        0.03835765        0.00973506
     2.0000000        0.03784309        0.01033629
