          41           4   8.0000000000000000                1
     0.0000000        0.72987228        0.04360640
     0.1000000        0.61327987        0.04316559
     0.2000000        0.52751645        0.04160623
     0.3000000        0.46243904        0.03950857
     0.4000000        0.40938374        0.03633762
     0.5000000        0.36476066        0.03344433
     0.6000000        0.32789895        0.03105758
     0.7000000        0.29691467        0.02893517
     0.8000000        0.27134317        0.02761943
     0.9000000        0.24866357        0.02646609
     1.0000000        0.22736380        0.02465685
     1.1000000        0.20771628        0.02208585
     1.2000000        0.19110290        0.02004748
     1.3000000        0.17724998        0.01843406
     1.4000000        0.16505143        0.01660194
     1.5000000        0.15504438        0.01564682
     1.6000000        0.14647917        0.01523917
     1.7000000        0.13874763        0.01497141
     1.8000000        0.13179462        0.01469171
     1.9000000        0.12551201        0.01420962
     2.0000000        0.12018665        0.01375543
     2.1000000        0.11510269        0.01313100
     2.2000000        0.11036617        0.01239407
     2.3000000        0.10581312        0.01201808
     2.4000000        0.10084115        0.01125085
     2.5000000        0.09649760        0.01077371
     2.6000000        0.09299403        0.01111272
     2.7000000        0.09021920        0.01139632
     2.8000000        0.08796080        0.01140744
     2.9000000        0.08546812        0.01074303
     3.0000000        0.08229195        0.00985137
     3.1000000        0.07897384        0.00951230
     3.2000000        0.07638844        0.00948842
     3.3000000        0.07418178        0.00945322
     3.4000000        0.07235773        0.00919826
     3.5000000        0.07077208        0.00923628
     3.6000000        0.06847068        0.00878460
     3.7000000        0.06638179        0.00784408
     3.8000000        0.06571271        0.00677397
     3.9000000        0.06551515        0.00598319
     4.0000000        0.06531204        0.00567052
