          61           4   6.0000000000000000                1
     0.0000000        1.05838197        0.03056578
     0.1000000        0.93658434        0.03357327
     0.2000000        0.84240714        0.03775322
     0.3000000        0.77377847        0.04663257
     0.4000000        0.69620152        0.06210503
     0.5000000        0.62252095        0.05057936
     0.6000000        0.53925202        0.03237617
     0.7000000        0.47668620        0.03570077
     0.8000000        0.42420331        0.05308137
     0.9000000        0.41546333        0.06722022
     1.0000000        0.35717980        0.05508046
     1.1000000        0.36003312        0.05688827
     1.2000000        0.34942472        0.03850096
     1.3000000        0.31980648        0.03928756
     1.4000000        0.26348337        0.01591310
     1.5000000        0.24031253        0.01437502
     1.6000000        0.23573372        0.02409203
     1.7000000        0.23527223        0.02713486
     1.8000000        0.22603786        0.02524426
     1.9000000        0.25709995        0.04969003
     2.0000000        0.25669806        0.02717184
     2.1000000        0.23203670        0.01764744
     2.2000000        0.21804599        0.03087683
     2.3000000        0.19792433        0.02145939
     2.4000000        0.22040225        0.04113858
     2.5000000        0.24008799        0.05297053
     2.6000000        0.20792310        0.04526124
     2.7000000        0.19450561        0.04464952
     2.8000000        0.16613296        0.02749943
     2.9000000        0.15734020        0.04020886
     3.0000000        0.15045526        0.03445056
     3.1000000        0.16016998        0.03162239
     3.2000000        0.13678631        0.03613428
     3.3000000        0.14623634        0.05045223
     3.4000000        0.14159261        0.06069312
     3.5000000        0.13741109        0.06699535
     3.6000000        0.14086403        0.05327834
     3.7000000        0.14809526        0.05148625
     3.8000000        0.17123418        0.03921363
     3.9000000        0.17798819        0.05184697
     4.0000000        0.19817087        0.04983433
     4.1000000        0.21281215        0.05810515
     4.2000000        0.24224859        0.03268630
     4.3000000        0.20564920        0.03616641
     4.4000000        0.24212397        0.02447825
     4.5000000        0.24265387        0.03456709
     4.6000000        0.27379656        0.05045401
     4.7000000        0.29654038        0.04571496
     4.8000000        0.33652369        0.05506685
     4.9000000        0.34298086        0.02779201
     5.0000000        0.38334416        0.02357405
     5.1000000        0.40901812        0.03632718
     5.2000000        0.48570742        0.02368904
     5.3000000        0.50419066        0.04250777
     5.4000000        0.56136403        0.02205186
     5.5000000        0.59516897        0.03804951
     5.6000000        0.65591534        0.02234548
     5.7000000        0.69844462        0.03816199
     5.8000000        0.76230068        0.05434829
     5.9000000        0.84723434        0.04931102
     6.0000000        0.94161803        0.03056578
