          41           4   8.0000000000000000                1
     0.0000000        0.65227488        0.03372925
     0.1000000        0.50188173        0.01765367
     0.2000000        0.39978315        0.01766965
     0.3000000        0.33275663        0.01874178
     0.4000000        0.23858705        0.01734913
     0.5000000        0.19940222        0.02051456
     0.6000000        0.17215796        0.00949633
     0.7000000        0.15493818        0.01219334
     0.8000000        0.12071314        0.01590911
     0.9000000        0.09511782        0.02113663
     1.0000000        0.06692110        0.01338403
     1.1000000        0.07277353        0.01262140
     1.2000000        0.07060368        0.01305193
     1.3000000        0.06880423        0.00616546
     1.4000000        0.06128359        0.00797293
     1.5000000        0.05583219        0.01601437
     1.6000000        0.06096456        0.01784584
     1.7000000        0.03985964        0.01070653
     1.8000000        0.02569805        0.02090525
     1.9000000        0.01567549        0.00839249
     2.0000000        0.01017127        0.01079645
     2.1000000       -0.00125168        0.01448146
     2.2000000       -0.01042681        0.02069679
     2.3000000       -0.00439182        0.02629701
     2.4000000        0.01089013        0.02662946
     2.5000000        0.01851997        0.01864243
     2.6000000        0.02328375        0.00816383
     2.7000000        0.03748783        0.01313752
     2.8000000        0.02724637        0.00858952
     2.9000000        0.00413585        0.01207302
     3.0000000        0.01329621        0.01812659
     3.1000000        0.00393494        0.01264157
     3.2000000        0.01391911        0.01892515
     3.3000000        0.00689617        0.01514839
     3.4000000       -0.00329356        0.01942551
     3.5000000       -0.00840330        0.01720007
     3.6000000       -0.01989976        0.01655814
     3.7000000       -0.02672978        0.01610056
     3.8000000       -0.01848560        0.01932103
     3.9000000       -0.00261802        0.01725866
     4.0000000       -0.00502008        0.01905490
