   -2.356194     -2.356194        0.57557823        0.06589415        0.00100310        0.04495881
   -2.356194     -1.570796        0.59488919        0.07576646       -0.00468605        0.04859355
   -2.356194     -0.785398        0.63770258        0.03181802       -0.00704018        0.08398826
   -2.356194      0.000000        0.66942828        0.02099796       -0.03290821        0.02022160
   -2.356194      0.785398        0.63834117        0.03619229       -0.00488847        0.04765426
   -2.356194      1.570796        0.60220804        0.08775118       -0.05588251        0.09250866
   -2.356194      2.356194        0.72591828        0.15693828       -0.13637536        0.07483127
   -2.356194      3.141593        0.50729385        0.08660275        0.19497452        0.05231761
   -1.570796     -2.356194        0.54559330        0.08942323        0.01204087        0.07882316
   -1.570796     -1.570796        0.43818569        0.05256624       -0.12157525        0.12553238
   -1.570796     -0.785398        0.61480510        0.01270565       -0.01984452        0.02792384
   -1.570796      0.000000        0.68996926        0.02810946        0.00755992        0.02252573
   -1.570796      0.785398        0.68277117        0.03593438        0.03027872        0.03264269
   -1.570796      1.570796        0.52109395        0.05891954       -0.13629428        0.18979026
   -1.570796      2.356194        0.22059430        0.17263773       -0.06621489        0.08074000
   -1.570796      3.141593        0.50781829        0.06258924       -0.10054113        0.09841311
   -0.785398     -2.356194        0.49924934        0.12695198        0.06252333        0.08461865
   -0.785398     -1.570796        0.40901547        0.07451763       -0.02246015        0.06616097
   -0.785398     -0.785398        0.49491504        0.09123571       -0.06834024        0.03925527
   -0.785398      0.000000        0.69953081        0.03329275       -0.02180574        0.00667176
   -0.785398      0.785398        0.49247262        0.06362737       -0.00604689        0.04317772
   -0.785398      1.570796        0.45488506        0.08528236       -0.00425242        0.05628370
   -0.785398      2.356194        0.59751017        0.06627813        0.08018857        0.09502594
   -0.785398      3.141593        0.43660710        0.11323499       -0.04696830        0.08911153
    0.000000     -2.356194        0.54552146        0.09587105        0.05091891        0.05349787
    0.000000     -1.570796        0.65514581        0.08559611        0.06751805        0.04057274
    0.000000     -0.785398        0.29851229        0.08922397        0.17928709        0.08992723
    0.000000      0.000000        0.20039821        0.19381763       -0.00000000        0.00000000
    0.000000      0.785398        0.29851229        0.08922397       -0.17928709        0.08992723
    0.000000      1.570796        0.65514581        0.08559611       -0.06751805        0.04057274
    0.000000      2.356194        0.54552146        0.09587105       -0.05091891        0.05349787
    0.000000      3.141593        0.57358666        0.10363220        0.00000000        0.00000000
    0.785398     -2.356194        0.59751017        0.06627813       -0.08018857        0.09502594
    0.785398     -1.570796        0.45488506        0.08528236        0.00425242        0.05628370
    0.785398     -0.785398        0.49247262        0.06362737        0.00604689        0.04317772
    0.785398      0.000000        0.69953081        0.03329275        0.02180574        0.00667176
    0.785398      0.785398        0.49491504        0.09123571        0.06834024        0.03925527
    0.785398      1.570796        0.40901547        0.07451763        0.02246015        0.06616097
    0.785398      2.356194        0.49924934        0.12695198       -0.06252333        0.08461865
    0.785398      3.141593        0.43660710        0.11323499        0.04696830        0.08911153
    1.570796     -2.356194        0.22059430        0.17263773        0.06621489        0.08074000
    1.570796     -1.570796        0.52109395        0.05891954        0.13629428        0.18979026
    1.570796     -0.785398        0.68277117        0.03593438       -0.03027872        0.03264269
    1.570796      0.000000        0.68996926        0.02810946       -0.00755992        0.02252573
    1.570796      0.785398        0.61480510        0.01270565        0.01984452        0.02792384
    1.570796      1.570796        0.43818569        0.05256624        0.12157525        0.12553238
    1.570796      2.356194        0.54559330        0.08942323       -0.01204087        0.07882316
    1.570796      3.141593        0.50781829        0.06258924        0.10054113        0.09841311
    2.356194     -2.356194        0.72591828        0.15693828        0.13637536        0.07483127
    2.356194     -1.570796        0.60220804        0.08775118        0.05588251        0.09250866
    2.356194     -0.785398        0.63834117        0.03619229        0.00488847        0.04765426
    2.356194      0.000000        0.66942828        0.02099796        0.03290821        0.02022160
    2.356194      0.785398        0.63770258        0.03181802        0.00704018        0.08398826
    2.356194      1.570796        0.59488919        0.07576646        0.00468605        0.04859355
    2.356194      2.356194        0.57557823        0.06589415       -0.00100310        0.04495881
    2.356194      3.141593        0.50729385        0.08660275       -0.19497452        0.05231761
    3.141593     -2.356194        0.57840069        0.09341507       -0.01785058        0.11976134
    3.141593     -1.570796        0.62544295        0.05720828        0.03956875        0.05072563
    3.141593     -0.785398        0.64501428        0.03641718       -0.04969012        0.02347893
    3.141593      0.000000        0.68441137        0.01375043       -0.00000000        0.00000000
    3.141593      0.785398        0.64501428        0.03641718        0.04969012        0.02347893
    3.141593      1.570796        0.62544295        0.05720828       -0.03956875        0.05072563
    3.141593      2.356194        0.57840069        0.09341507        0.01785058        0.11976134
    3.141593      3.141593        0.69903066        0.13510618       -0.00000000        0.00000000
