          41           4   8.0000000000000000                1
     0.0000000        0.28349923        0.04365089
     0.1000000        0.18869935        0.01232757
     0.2000000        0.10953584        0.01307295
     0.3000000        0.05999519        0.00884432
     0.4000000        0.07099709        0.02201070
     0.5000000        0.03971992        0.00591125
     0.6000000        0.02137483        0.00903118
     0.7000000        0.01721372        0.01565107
     0.8000000        0.01374612        0.01423421
     0.9000000        0.00107603        0.00756516
     1.0000000       -0.00380008        0.00729945
     1.1000000        0.00318693        0.00712370
     1.2000000        0.00978281        0.01849955
     1.3000000       -0.00913976        0.01433131
     1.4000000       -0.02732115        0.02574697
     1.5000000        0.00377088        0.01818782
     1.6000000       -0.00714360        0.01046445
     1.7000000        0.00107131        0.01324607
     1.8000000       -0.00667871        0.02026397
     1.9000000       -0.00813227        0.01104682
     2.0000000        0.00462887        0.01658868
     2.1000000       -0.01675689        0.01841942
     2.2000000        0.00831975        0.00497591
     2.3000000       -0.00219753        0.02250574
     2.4000000       -0.00498400        0.01044771
     2.5000000        0.00304022        0.00645807
     2.6000000        0.02825294        0.01372354
     2.7000000        0.01163108        0.01034489
     2.8000000       -0.01500459        0.00512619
     2.9000000       -0.03410520        0.00779870
     3.0000000       -0.01506337        0.00978705
     3.1000000       -0.00352997        0.01510157
     3.2000000       -0.02443148        0.01185079
     3.3000000       -0.00790244        0.00735642
     3.4000000        0.00480936        0.00856201
     3.5000000       -0.00776014        0.01295911
     3.6000000       -0.00263662        0.01724886
     3.7000000        0.00191519        0.01572184
     3.8000000        0.01197232        0.01125721
     3.9000000        0.00799307        0.00711642
     4.0000000       -0.00410616        0.01525173
