   -1.570796     -1.570796        2.06933837        0.05574692        0.02410581        0.02123850
   -1.570796      0.000000        0.92712124        0.01807383       -0.00801862        0.00746545
   -1.570796      1.570796        2.04892692        0.05982016        0.00883173        0.01776225
   -1.570796      3.141593        0.94231358        0.01249488        0.01936997        0.01516741
    0.000000     -1.570796        0.92924125        0.00827649        0.00887866        0.01227307
    0.000000      0.000000        0.50427882        0.00393282        0.00000000        0.00000000
    0.000000      1.570796        0.92924125        0.00827649       -0.00887866        0.01227307
    0.000000      3.141593        1.98406857        0.05344983        0.00000000        0.00000000
    1.570796     -1.570796        2.04892692        0.05982016       -0.00883173        0.01776225
    1.570796      0.000000        0.92712124        0.01807383        0.00801862        0.00746545
    1.570796      1.570796        2.06933837        0.05574692       -0.02410581        0.02123850
    1.570796      3.141593        0.94231358        0.01249488       -0.01936997        0.01516741
    3.141593     -1.570796        0.94340378        0.01173811        0.02221798        0.01471162
    3.141593      0.000000        2.01433997        0.07527243        0.00000000        0.00000000
    3.141593      1.570796        0.94340378        0.01173811       -0.02221798        0.01471162
    3.141593      3.141593        0.51013306        0.00209202        0.00000000        0.00000000
