          61           9   6.0000000000000000                1
     0.0000000        1.89917569        0.00467700
     0.1000000        1.43873593        0.00330645
     0.2000000        1.10778561        0.00394916
     0.3000000        0.85719280        0.00314452
     0.4000000        0.67030246        0.00233289
     0.5000000        0.52740987        0.00232592
     0.6000000        0.41752590        0.00452047
     0.7000000        0.33508294        0.00303077
     0.8000000        0.26866643        0.00260896
     0.9000000        0.21682036        0.00530804
     1.0000000        0.17260457        0.00450503
     1.1000000        0.13800811        0.00365680
     1.2000000        0.10974300        0.00468782
     1.3000000        0.08887536        0.00380514
     1.4000000        0.07267803        0.00308318
     1.5000000        0.05987243        0.00360582
     1.6000000        0.04817855        0.00407905
     1.7000000        0.04356977        0.00487738
     1.8000000        0.03871850        0.00492110
     1.9000000        0.02856639        0.00494650
     2.0000000        0.02621053        0.00433697
     2.1000000        0.02382060        0.00620826
     2.2000000        0.01742597        0.00564743
     2.3000000        0.01799037        0.00383303
     2.4000000        0.01418595        0.00479642
     2.5000000        0.01218326        0.00373000
     2.6000000        0.01213787        0.00472748
     2.7000000        0.00907344        0.00544674
     2.8000000        0.00754728        0.00545893
     2.9000000        0.00830618        0.00547175
     3.0000000        0.01107230        0.00376553
     3.1000000        0.00447399        0.00312280
     3.2000000        0.00371042        0.00175914
     3.3000000        0.00160207        0.00355565
     3.4000000        0.00156561        0.00248478
     3.5000000        0.00158287        0.00512289
     3.6000000        0.00655814        0.00427903
     3.7000000        0.00607326        0.00325294
     3.8000000        0.00049403        0.00268850
     3.9000000        0.00417290        0.00405471
     4.0000000        0.00261352        0.00426721
     4.1000000        0.00239073        0.00423601
     4.2000000       -0.00301690        0.00337169
     4.3000000       -0.00555133        0.00384303
     4.4000000       -0.00046850        0.00420097
     4.5000000        0.00209670        0.00248277
     4.6000000        0.00465173        0.00168969
     4.7000000        0.00433482        0.00251110
     4.8000000        0.00306954        0.00248371
     4.9000000        0.00705753        0.00343183
     5.0000000        0.00878659        0.00404404
     5.1000000        0.01019328        0.00347038
     5.2000000        0.01556989        0.00323235
     5.3000000        0.01730263        0.00338659
     5.4000000        0.02402464        0.00358103
     5.5000000        0.02753928        0.00411352
     5.6000000        0.03114394        0.00473541
     5.7000000        0.03434747        0.00359744
     5.8000000        0.04675407        0.00456226
     5.9000000        0.06588941        0.00427354
     6.0000000        0.10082431        0.00467700
