          51           9   10.000000000000000                1
     0.0000000        0.22212934        0.00129330
     0.1000000        0.14074448        0.00115870
     0.2000000        0.09068185        0.00106533
     0.3000000        0.05926710        0.00096672
     0.4000000        0.03941197        0.00085056
     0.5000000        0.02652844        0.00080726
     0.6000000        0.01809658        0.00079360
     0.7000000        0.01259667        0.00072183
     0.8000000        0.00883968        0.00064309
     0.9000000        0.00624619        0.00058562
     1.0000000        0.00445378        0.00052757
     1.1000000        0.00322034        0.00042629
     1.2000000        0.00243889        0.00033597
     1.3000000        0.00187180        0.00026243
     1.4000000        0.00137484        0.00026932
     1.5000000        0.00100021        0.00026814
     1.6000000        0.00072637        0.00025914
     1.7000000        0.00052823        0.00025678
     1.8000000        0.00036042        0.00025839
     1.9000000        0.00030099        0.00025501
     2.0000000        0.00039328        0.00023055
     2.1000000        0.00039132        0.00020202
     2.2000000        0.00031799        0.00022090
     2.3000000        0.00030739        0.00023621
     2.4000000        0.00024685        0.00024126
     2.5000000        0.00018146        0.00031792
     2.6000000        0.00019420        0.00035242
     2.7000000        0.00025627        0.00030874
     2.8000000        0.00036292        0.00026664
     2.9000000        0.00044523        0.00026107
     3.0000000        0.00046952        0.00025280
     3.1000000        0.00038759        0.00020937
     3.2000000        0.00026896        0.00016437
     3.3000000        0.00019866        0.00015991
     3.4000000        0.00023044        0.00018430
     3.5000000        0.00029464        0.00021962
     3.6000000        0.00020132        0.00023348
     3.7000000        0.00000698        0.00026180
     3.8000000       -0.00018652        0.00031505
     3.9000000       -0.00023870        0.00035577
     4.0000000       -0.00009533        0.00034081
     4.1000000       -0.00000300        0.00028585
     4.2000000       -0.00007816        0.00024655
     4.3000000       -0.00008908        0.00022489
     4.4000000        0.00001042        0.00021693
     4.5000000        0.00009995        0.00022247
     4.6000000        0.00016551        0.00023163
     4.7000000        0.00016758        0.00023014
     4.8000000        0.00008668        0.00019383
     4.9000000        0.00010327        0.00017927
     5.0000000        0.00017629        0.00020148
