   -2.692794      0.000000
  1    1        0.45010436        0.02353146        0.00000000        0.00000000
   -2.243995      0.000000
  1    1        0.28938410        0.00615113       -0.00000000        0.00000000
   -1.795196      0.000000
  1    1        0.20058424        0.00212226        0.00000000        0.00000000
   -1.346397      0.000000
  1    1        0.13553384        0.00226631       -0.00000000        0.00000000
   -0.897598      0.000000
  1    1        0.08162192        0.00331440        0.00000000        0.00000000
   -0.448799      0.000000
  1    1        0.03801868        0.00210574        0.00000000        0.00000000
    0.000000      0.000000
  1    1        0.00000009        0.00000007        0.00000000        0.00000000
    0.448799      0.000000
  1    1        0.03801868        0.00210574       -0.00000000        0.00000000
    0.897598      0.000000
  1    1        0.08162192        0.00331440       -0.00000000        0.00000000
    1.346397      0.000000
  1    1        0.13553384        0.00226631        0.00000000        0.00000000
    1.795196      0.000000
  1    1        0.20058424        0.00212226       -0.00000000        0.00000000
    2.243995      0.000000
  1    1        0.28938410        0.00615113        0.00000000        0.00000000
    2.692794      0.000000
  1    1        0.45010436        0.02353146       -0.00000000        0.00000000
    3.141593      0.000000
  1    1        1.10950564        0.07248215        0.00000000        0.00000000
