          11           4   2.0000000000000000                1
     0.0000000        1.18654339        0.02423424
     0.1000000        0.79723539        0.00729920
     0.2000000        0.55682887        0.00703160
     0.3000000        0.42131449        0.00798865
     0.4000000        0.33436022        0.00674844
     0.5000000        0.29989109        0.01485611
     0.6000000        0.26019149        0.01056677
     0.7000000        0.23131415        0.00776549
     0.8000000        0.22042410        0.01070371
     0.9000000        0.21363364        0.01711068
     1.0000000        0.21240279        0.02377065
