   -2.513274     -2.513274        0.41945345        0.17355321       -0.23319725        0.28601224
   -2.513274     -1.884956        0.22495464        0.24896889       -0.12010021        0.13116564
   -2.513274     -1.256637       -0.03378813        0.14193851       -0.07457463        0.06319404
   -2.513274     -0.628319        0.11700981        0.12095010        0.04549781        0.05715183
   -2.513274      0.000000        0.05561326        0.06366388        0.01749652        0.09808030
   -2.513274      0.628319        0.04254718        0.10941763       -0.03246307        0.15775555
   -2.513274      1.256637        0.33686237        0.14573413        0.02173627        0.12108415
   -2.513274      1.884956        0.17533460        0.28437465       -0.13103257        0.23950858
   -2.513274      2.513274        0.35449679        0.29623062       -0.49674250        0.24418188
   -2.513274      3.141593       -0.32234259        0.51553308       -0.32174254        0.23236375
   -1.884956     -2.513274       -0.10085736        0.21271704       -0.09598704        0.17015887
   -1.884956     -1.884956       -0.01863793        0.14423414        0.17451581        0.14167847
   -1.884956     -1.256637        0.12703061        0.22056747       -0.17819998        0.06269932
   -1.884956     -0.628319        0.16815430        0.05948333       -0.09836826        0.13134923
   -1.884956      0.000000        0.24763684        0.19185452       -0.00670362        0.13445307
   -1.884956      0.628319        0.10069155        0.03964706        0.06260576        0.14380725
   -1.884956      1.256637        0.13891710        0.11390449       -0.28421557        0.16898938
   -1.884956      1.884956        0.10915387        0.08109252        0.04112736        0.11569840
   -1.884956      2.513274        0.17019420        0.21759099        0.02221167        0.23080189
   -1.884956      3.141593        0.06196590        0.14943421        0.40479908        0.34258926
   -1.256637     -2.513274        0.04502263        0.15807173       -0.26284954        0.04626871
   -1.256637     -1.884956        0.00072120        0.18868480        0.05087237        0.09476649
   -1.256637     -1.256637        0.06122968        0.05862975       -0.02758775        0.06964686
   -1.256637     -0.628319        0.21594841        0.05968338       -0.00192895        0.02747906
   -1.256637      0.000000        0.03718211        0.06921223       -0.00552760        0.09403432
   -1.256637      0.628319       -0.05522736        0.06571005       -0.03045628        0.04556314
   -1.256637      1.256637        0.16474416        0.05598578        0.04641560        0.07513113
   -1.256637      1.884956        0.27501389        0.07902626       -0.02217675        0.07830389
   -1.256637      2.513274       -0.07113911        0.11969960       -0.05065122        0.06651547
   -1.256637      3.141593        0.04005600        0.11703726       -0.03237064        0.13492594
   -0.628319     -2.513274        0.18544712        0.03838792        0.12136070        0.02941194
   -0.628319     -1.884956        0.22721968        0.10912436       -0.13132253        0.11705765
   -0.628319     -1.256637        0.15047245        0.11449866       -0.07525137        0.07803167
   -0.628319     -0.628319        0.06394347        0.12441727        0.05723049        0.03257266
   -0.628319      0.000000        0.11020119        0.05022988        0.04036244        0.03646775
   -0.628319      0.628319        0.11921047        0.04643971       -0.01499180        0.03339413
   -0.628319      1.256637        0.21506554        0.14997724       -0.07328403        0.06234614
   -0.628319      1.884956        0.26210477        0.06647986        0.09045970        0.01767478
   -0.628319      2.513274        0.05387543        0.14472183        0.12487951        0.11941970
   -0.628319      3.141593       -0.05642286        0.19124701        0.01101519        0.04861955
    0.000000     -2.513274        0.15773592        0.10952562        0.00288166        0.11393305
    0.000000     -1.884956       -0.00718439        0.10224037        0.04543968        0.06789638
    0.000000     -1.256637        0.17785296        0.05605518       -0.04122036        0.08907052
    0.000000     -0.628319        0.15082706        0.03822415        0.01046594        0.01224943
    0.000000      0.000000        0.06586901        0.02412189        0.00000000        0.00000000
    0.000000      0.628319        0.15082706        0.03822415       -0.01046594        0.01224943
    0.000000      1.256637        0.17785296        0.05605518        0.04122036        0.08907052
    0.000000      1.884956       -0.00718439        0.10224037       -0.04543968        0.06789638
    0.000000      2.513274        0.15773592        0.10952562       -0.00288166        0.11393305
    0.000000      3.141593       -0.03632155        0.10753454       -0.00000000        0.00000000
    0.628319     -2.513274        0.05387543        0.14472183       -0.12487951        0.11941970
    0.628319     -1.884956        0.26210477        0.06647986       -0.09045970        0.01767478
    0.628319     -1.256637        0.21506554        0.14997724        0.07328403        0.06234614
    0.628319     -0.628319        0.11921047        0.04643971        0.01499180        0.03339413
    0.628319      0.000000        0.11020119        0.05022988       -0.04036244        0.03646775
    0.628319      0.628319        0.06394347        0.12441727       -0.05723049        0.03257266
    0.628319      1.256637        0.15047245        0.11449866        0.07525137        0.07803167
    0.628319      1.884956        0.22721968        0.10912436        0.13132253        0.11705765
    0.628319      2.513274        0.18544712        0.03838792       -0.12136070        0.02941194
    0.628319      3.141593       -0.05642286        0.19124701       -0.01101519        0.04861955
    1.256637     -2.513274       -0.07113911        0.11969960        0.05065122        0.06651547
    1.256637     -1.884956        0.27501389        0.07902626        0.02217675        0.07830389
    1.256637     -1.256637        0.16474416        0.05598578       -0.04641560        0.07513113
    1.256637     -0.628319       -0.05522736        0.06571005        0.03045628        0.04556314
    1.256637      0.000000        0.03718211        0.06921223        0.00552760        0.09403432
    1.256637      0.628319        0.21594841        0.05968338        0.00192895        0.02747906
    1.256637      1.256637        0.06122968        0.05862975        0.02758775        0.06964686
    1.256637      1.884956        0.00072120        0.18868480       -0.05087237        0.09476649
    1.256637      2.513274        0.04502263        0.15807173        0.26284954        0.04626871
    1.256637      3.141593        0.04005600        0.11703726        0.03237064        0.13492594
    1.884956     -2.513274        0.17019420        0.21759099       -0.02221167        0.23080189
    1.884956     -1.884956        0.10915387        0.08109252       -0.04112736        0.11569840
    1.884956     -1.256637        0.13891710        0.11390449        0.28421557        0.16898938
    1.884956     -0.628319        0.10069155        0.03964706       -0.06260576        0.14380725
    1.884956      0.000000        0.24763684        0.19185452        0.00670362        0.13445307
    1.884956      0.628319        0.16815430        0.05948333        0.09836826        0.13134923
    1.884956      1.256637        0.12703061        0.22056747        0.17819998        0.06269932
    1.884956      1.884956       -0.01863793        0.14423414       -0.17451581        0.14167847
    1.884956      2.513274       -0.10085736        0.21271704        0.09598704        0.17015887
    1.884956      3.141593        0.06196590        0.14943421       -0.40479908        0.34258926
    2.513274     -2.513274        0.35449679        0.29623062        0.49674250        0.24418188
    2.513274     -1.884956        0.17533460        0.28437465        0.13103257        0.23950858
    2.513274     -1.256637        0.33686237        0.14573413       -0.02173627        0.12108415
    2.513274     -0.628319        0.04254718        0.10941763        0.03246307        0.15775555
    2.513274      0.000000        0.05561326        0.06366388       -0.01749652        0.09808030
    2.513274      0.628319        0.11700981        0.12095010       -0.04549781        0.05715183
    2.513274      1.256637       -0.03378813        0.14193851        0.07457463        0.06319404
    2.513274      1.884956        0.22495464        0.24896889        0.12010021        0.13116564
    2.513274      2.513274        0.41945345        0.17355321        0.23319725        0.28601224
    2.513274      3.141593       -0.32234259        0.51553308        0.32174254        0.23236375
    3.141593     -2.513274        0.26098037        0.50310317       -0.31143191        0.30969937
    3.141593     -1.884956        0.07318170        0.29147388       -0.14837143        0.15631789
    3.141593     -1.256637        0.38910992        0.13663418        0.11940436        0.11310847
    3.141593     -0.628319        0.28113774        0.08947878        0.04501927        0.06084938
    3.141593      0.000000        0.30174002        0.14157157        0.00000000        0.00000000
    3.141593      0.628319        0.28113774        0.08947878       -0.04501927        0.06084938
    3.141593      1.256637        0.38910992        0.13663418       -0.11940436        0.11310847
    3.141593      1.884956        0.07318170        0.29147388        0.14837143        0.15631789
    3.141593      2.513274        0.26098037        0.50310317        0.31143191        0.30969937
    3.141593      3.141593        0.62824980        1.25636632        0.00000000        0.00000000
