   -4.000000     -4.000000
  1    1       -0.00027406        0.00029382        0.00000000        0.00000000
   -4.000000     -3.000000
  1    1        0.00031549        0.00028497        0.00000000        0.00000000
   -4.000000     -2.000000
  1    1       -0.00077103        0.00067139        0.00000000        0.00000000
   -4.000000     -1.000000
  1    1        0.00016942        0.00101964       -0.00000000        0.00000000
   -4.000000      0.000000
  1    1       -0.00073367        0.00030243        0.00000000        0.00000000
   -4.000000      1.000000
  1    1        0.00036528        0.00029168       -0.00000000        0.00000000
   -4.000000      2.000000
  1    1       -0.00072163        0.00042140        0.00000000        0.00000000
   -4.000000      3.000000
  1    1        0.00020458        0.00036407        0.00000000        0.00000000
   -4.000000      4.000000
  1    1       -0.00053848        0.00031661       -0.00000000        0.00000000
   -4.000000      5.000000
  1    1        0.00011310        0.00041416       -0.00000000        0.00000000
   -3.000000     -4.000000
  1    1        0.00026706        0.00028877        0.00000000        0.00000000
   -3.000000     -3.000000
  1    1       -0.00055343        0.00051857       -0.00000000        0.00000000
   -3.000000     -2.000000
  1    1       -0.00035287        0.00052060        0.00000000        0.00000000
   -3.000000     -1.000000
  1    1       -0.00032760        0.00053810        0.00000000        0.00000000
   -3.000000      0.000000
  1    1       -0.00008586        0.00028121       -0.00000000        0.00000000
   -3.000000      1.000000
  1    1       -0.00048829        0.00051419        0.00000000        0.00000000
   -3.000000      2.000000
  1    1       -0.00042869        0.00067814       -0.00000000        0.00000000
   -3.000000      3.000000
  1    1       -0.00064022        0.00052974       -0.00000000        0.00000000
   -3.000000      4.000000
  1    1        0.00041034        0.00026591        0.00000000        0.00000000
   -3.000000      5.000000
  1    1       -0.00027208        0.00020300       -0.00000000        0.00000000
   -2.000000     -4.000000
  1    1       -0.00049138        0.00043304        0.00000000        0.00000000
   -2.000000     -3.000000
  1    1        0.00011770        0.00100808        0.00000000        0.00000000
   -2.000000     -2.000000
  1    1       -0.00122296        0.00060994       -0.00000000        0.00000000
   -2.000000     -1.000000
  1    1       -0.00248643        0.00050754       -0.00000000        0.00000000
   -2.000000      0.000000
  1    1       -0.00170668        0.00060330        0.00000000        0.00000000
   -2.000000      1.000000
  1    1       -0.00197748        0.00053101       -0.00000000        0.00000000
   -2.000000      2.000000
  1    1       -0.00069393        0.00044683       -0.00000000        0.00000000
   -2.000000      3.000000
  1    1       -0.00024419        0.00040626        0.00000000        0.00000000
   -2.000000      4.000000
  1    1       -0.00027097        0.00066171       -0.00000000        0.00000000
   -2.000000      5.000000
  1    1       -0.00012472        0.00017261       -0.00000000        0.00000000
   -1.000000     -4.000000
  1    1        0.00034020        0.00012379       -0.00000000        0.00000000
   -1.000000     -3.000000
  1    1       -0.00104252        0.00057222        0.00000000        0.00000000
   -1.000000     -2.000000
  1    1       -0.00198120        0.00048316       -0.00000000        0.00000000
   -1.000000     -1.000000
  1    1       -0.00656348        0.00041668        0.00000000        0.00000000
   -1.000000      0.000000
  1    1       -0.04650672        0.00057893       -0.00000000        0.00000000
   -1.000000      1.000000
  1    1       -0.00658122        0.00041777        0.00000000        0.00000000
   -1.000000      2.000000
  1    1       -0.00249706        0.00060799        0.00000000        0.00000000
   -1.000000      3.000000
  1    1       -0.00046745        0.00037103       -0.00000000        0.00000000
   -1.000000      4.000000
  1    1        0.00003563        0.00061713        0.00000000        0.00000000
   -1.000000      5.000000
  1    1       -0.00034803        0.00075293       -0.00000000        0.00000000
    0.000000     -4.000000
  1    1       -0.00083798        0.00030505        0.00000000        0.00000000
    0.000000     -3.000000
  1    1        0.00036841        0.00060883       -0.00000000        0.00000000
    0.000000     -2.000000
  1    1       -0.00185874        0.00066701        0.00000000        0.00000000
    0.000000     -1.000000
  1    1       -0.04672685        0.00089311       -0.00000000        0.00000000
    0.000000      0.000000
  1    1        0.25789540        0.00231106       -0.00000000        0.00000000
    0.000000      1.000000
  1    1       -0.04672685        0.00089311        0.00000000        0.00000000
    0.000000      2.000000
  1    1       -0.00185874        0.00066701       -0.00000000        0.00000000
    0.000000      3.000000
  1    1        0.00036841        0.00060883        0.00000000        0.00000000
    0.000000      4.000000
  1    1       -0.00083798        0.00030505       -0.00000000        0.00000000
    0.000000      5.000000
  1    1        0.00115071        0.00050215        0.00000000        0.00000000
    1.000000     -4.000000
  1    1        0.00003563        0.00061713       -0.00000000        0.00000000
    1.000000     -3.000000
  1    1       -0.00046745        0.00037103        0.00000000        0.00000000
    1.000000     -2.000000
  1    1       -0.00249706        0.00060799       -0.00000000        0.00000000
    1.000000     -1.000000
  1    1       -0.00658122        0.00041777       -0.00000000        0.00000000
    1.000000      0.000000
  1    1       -0.04650672        0.00057893        0.00000000        0.00000000
    1.000000      1.000000
  1    1       -0.00656348        0.00041668       -0.00000000        0.00000000
    1.000000      2.000000
  1    1       -0.00198120        0.00048316        0.00000000        0.00000000
    1.000000      3.000000
  1    1       -0.00104252        0.00057222       -0.00000000        0.00000000
    1.000000      4.000000
  1    1        0.00034020        0.00012379        0.00000000        0.00000000
    1.000000      5.000000
  1    1       -0.00034803        0.00075293       -0.00000000        0.00000000
    2.000000     -4.000000
  1    1       -0.00027097        0.00066171        0.00000000        0.00000000
    2.000000     -3.000000
  1    1       -0.00024419        0.00040626       -0.00000000        0.00000000
    2.000000     -2.000000
  1    1       -0.00069393        0.00044683        0.00000000        0.00000000
    2.000000     -1.000000
  1    1       -0.00197748        0.00053101        0.00000000        0.00000000
    2.000000      0.000000
  1    1       -0.00170668        0.00060330       -0.00000000        0.00000000
    2.000000      1.000000
  1    1       -0.00248643        0.00050754        0.00000000        0.00000000
    2.000000      2.000000
  1    1       -0.00122296        0.00060994        0.00000000        0.00000000
    2.000000      3.000000
  1    1        0.00011770        0.00100808       -0.00000000        0.00000000
    2.000000      4.000000
  1    1       -0.00049138        0.00043304       -0.00000000        0.00000000
    2.000000      5.000000
  1    1       -0.00012472        0.00017261        0.00000000        0.00000000
    3.000000     -4.000000
  1    1        0.00041034        0.00026591       -0.00000000        0.00000000
    3.000000     -3.000000
  1    1       -0.00064022        0.00052974        0.00000000        0.00000000
    3.000000     -2.000000
  1    1       -0.00042869        0.00067814        0.00000000        0.00000000
    3.000000     -1.000000
  1    1       -0.00048829        0.00051419       -0.00000000        0.00000000
    3.000000      0.000000
  1    1       -0.00008586        0.00028121        0.00000000        0.00000000
    3.000000      1.000000
  1    1       -0.00032760        0.00053810       -0.00000000        0.00000000
    3.000000      2.000000
  1    1       -0.00035287        0.00052060       -0.00000000        0.00000000
    3.000000      3.000000
  1    1       -0.00055343        0.00051857       -0.00000000        0.00000000
    3.000000      4.000000
  1    1        0.00026706        0.00028877       -0.00000000        0.00000000
    3.000000      5.000000
  1    1       -0.00027208        0.00020300        0.00000000        0.00000000
    4.000000     -4.000000
  1    1       -0.00053848        0.00031661       -0.00000000        0.00000000
    4.000000     -3.000000
  1    1        0.00020458        0.00036407       -0.00000000        0.00000000
    4.000000     -2.000000
  1    1       -0.00072163        0.00042140       -0.00000000        0.00000000
    4.000000     -1.000000
  1    1        0.00036528        0.00029168        0.00000000        0.00000000
    4.000000      0.000000
  1    1       -0.00073367        0.00030243       -0.00000000        0.00000000
    4.000000      1.000000
  1    1        0.00016942        0.00101964        0.00000000        0.00000000
    4.000000      2.000000
  1    1       -0.00077103        0.00067139       -0.00000000        0.00000000
    4.000000      3.000000
  1    1        0.00031549        0.00028497       -0.00000000        0.00000000
    4.000000      4.000000
  1    1       -0.00027406        0.00029382        0.00000000        0.00000000
    4.000000      5.000000
  1    1        0.00011310        0.00041416       -0.00000000        0.00000000
    5.000000     -4.000000
  1    1        0.00049819        0.00032027       -0.00000000        0.00000000
    5.000000     -3.000000
  1    1       -0.00092816        0.00030455       -0.00000000        0.00000000
    5.000000     -2.000000
  1    1        0.00091729        0.00050572       -0.00000000        0.00000000
    5.000000     -1.000000
  1    1       -0.00009016        0.00084905       -0.00000000        0.00000000
    5.000000      0.000000
  1    1        0.00058587        0.00070925        0.00000000        0.00000000
    5.000000      1.000000
  1    1       -0.00009016        0.00084905       -0.00000000        0.00000000
    5.000000      2.000000
  1    1        0.00091729        0.00050572        0.00000000        0.00000000
    5.000000      3.000000
  1    1       -0.00092816        0.00030455        0.00000000        0.00000000
    5.000000      4.000000
  1    1        0.00049819        0.00032027       -0.00000000        0.00000000
    5.000000      5.000000
  1    1       -0.00073759        0.00059565       -0.00000000        0.00000000
