 0.10000000000000000E+001          1        100
( 0.00000000000000000E+000, 0.00000000000000000E+000)
-0.25132741228718340E+001 -0.25132741228718340E+001
( 0.39851686771841566E+000, 0.53188854177872973E-017)
-0.25132741228718340E+001 -0.18849555921538754E+001
( 0.36249106537375747E+000,-0.10540001783249386E-017)
-0.25132741228718340E+001 -0.12566370614359170E+001
( 0.31058497762486648E+000, 0.17744574528662412E-016)
-0.25132741228718340E+001 -0.62831853071795851E+000
( 0.28073089798469086E+000, 0.57738478957942213E-017)
-0.25132741228718340E+001  0.00000000000000000E+000
( 0.26333229512943790E+000, 0.37100161810715931E-016)
-0.25132741228718340E+001  0.62831853071795851E+000
( 0.28111645066187846E+000, 0.22474165946569700E-016)
-0.25132741228718340E+001  0.12566370614359170E+001
( 0.31644894658196743E+000, 0.22987743952017261E-016)
-0.25132741228718340E+001  0.18849555921538754E+001
( 0.35750603760992655E+000, 0.24566218931272176E-016)
-0.25132741228718340E+001  0.25132741228718340E+001
( 0.39789696622045517E+000, 0.16844164951734798E-016)
-0.25132741228718340E+001  0.31415926535897927E+001
( 0.41867547816698164E+000, 0.17199283603557745E-016)
-0.18849555921538754E+001 -0.25132741228718340E+001
( 0.35901408740709190E+000, 0.34091497444965173E-016)
-0.18849555921538754E+001 -0.18849555921538754E+001
( 0.31658584103753162E+000, 0.88974848011806946E-017)
-0.18849555921538754E+001 -0.12566370614359170E+001
( 0.26938747899048932E+000, 0.85859933252249357E-017)
-0.18849555921538754E+001 -0.62831853071795851E+000
( 0.23457804101679841E+000, 0.33485478877001512E-016)
-0.18849555921538754E+001  0.00000000000000000E+000
( 0.22108572226851583E+000, 0.44906838713712646E-016)
-0.18849555921538754E+001  0.62831853071795851E+000
( 0.23328318771348311E+000, 0.39475343892002669E-016)
-0.18849555921538754E+001  0.12566370614359170E+001
( 0.27114264274953487E+000, 0.42963908093180357E-016)
-0.18849555921538754E+001  0.18849555921538754E+001
( 0.31664240232987162E+000, 0.20851376181241221E-016)
-0.18849555921538754E+001  0.25132741228718340E+001
( 0.35675545359825189E+000, 0.17257964074528646E-016)
-0.18849555921538754E+001  0.31415926535897927E+001
( 0.37618605011320710E+000, 0.16188062445227318E-016)
-0.12566370614359170E+001 -0.25132741228718340E+001
( 0.31219357552838167E+000, 0.50637459192719502E-017)
-0.12566370614359170E+001 -0.18849555921538754E+001
( 0.26451433285673465E+000, 0.84125209776272540E-017)
-0.12566370614359170E+001 -0.12566370614359170E+001
( 0.20851728399186453E+000, 0.21099553258527106E-016)
-0.12566370614359170E+001 -0.62831853071795851E+000
( 0.16213622359229116E+000, 0.18501649186582814E-016)
-0.12566370614359170E+001  0.00000000000000000E+000
( 0.14714513246001176E+000, 0.19672230153880453E-016)
-0.12566370614359170E+001  0.62831853071795851E+000
( 0.15929828882478139E+000, 0.17736218594200568E-016)
-0.12566370614359170E+001  0.12566370614359170E+001
( 0.20916493158364463E+000, 0.26957602816679584E-016)
-0.12566370614359170E+001  0.18849555921538754E+001
( 0.26393936836621423E+000, 0.23788251262407178E-016)
-0.12566370614359170E+001  0.25132741228718340E+001
( 0.30990394043937436E+000, 0.28932529683968575E-016)
-0.12566370614359170E+001  0.31415926535897927E+001
( 0.32291831593812353E+000, 0.20088245742134152E-016)
-0.62831853071795851E+000 -0.25132741228718340E+001
( 0.28096610607204625E+000, 0.73350990241733475E-017)
-0.62831853071795851E+000 -0.18849555921538754E+001
( 0.23069933188306202E+000, 0.20175950227822298E-017)
-0.62831853071795851E+000 -0.12566370614359170E+001
( 0.15984471359228711E+000, 0.13092757598842388E-018)
-0.62831853071795851E+000 -0.62831853071795851E+000
( 0.88939095055131132E-001, 0.17384587124612173E-016)
-0.62831853071795851E+000  0.00000000000000000E+000
( 0.62920601131421020E-001, 0.13946943778701800E-016)
-0.62831853071795851E+000  0.62831853071795851E+000
( 0.91209747925513618E-001, 0.17052331768852014E-016)
-0.62831853071795851E+000  0.12566370614359170E+001
( 0.16752690242256577E+000, 0.15587819379313894E-016)
-0.62831853071795851E+000  0.18849555921538754E+001
( 0.23287552199866224E+000, 0.13277597012452035E-016)
-0.62831853071795851E+000  0.25132741228718340E+001
( 0.27844704907948725E+000, 0.18153057860807122E-016)
-0.62831853071795851E+000  0.31415926535897927E+001
( 0.29584940261309256E+000, 0.16091713987350832E-016)
 0.00000000000000000E+000 -0.25132741228718340E+001
( 0.26318778143183752E+000,-0.28743251794723663E-017)
 0.00000000000000000E+000 -0.18849555921538754E+001
( 0.21578213045726272E+000,-0.67385773888797324E-017)
 0.00000000000000000E+000 -0.12566370614359170E+001
( 0.14656458292780486E+000,-0.19755842496051267E-016)
 0.00000000000000000E+000 -0.62831853071795851E+000
( 0.64391639536820741E-001,-0.80417722588147840E-017)
 0.00000000000000000E+000  0.00000000000000000E+000
( 0.11114067817095388E-001, 0.00000000000000000E+000)
 0.00000000000000000E+000  0.62831853071795851E+000
( 0.64391639536820741E-001, 0.80417722588147840E-017)
 0.00000000000000000E+000  0.12566370614359170E+001
( 0.14656458292780486E+000, 0.19755842496051267E-016)
 0.00000000000000000E+000  0.18849555921538754E+001
( 0.21578213045726272E+000, 0.67385773888797324E-017)
 0.00000000000000000E+000  0.25132741228718340E+001
( 0.26318778143183752E+000, 0.28743251794723663E-017)
 0.00000000000000000E+000  0.31415926535897927E+001
( 0.28224964511574319E+000, 0.28612540066009574E-017)
 0.62831853071795851E+000 -0.25132741228718340E+001
( 0.27844704907948725E+000,-0.18153057860807122E-016)
 0.62831853071795851E+000 -0.18849555921538754E+001
( 0.23287552199866224E+000,-0.13277597012452035E-016)
 0.62831853071795851E+000 -0.12566370614359170E+001
( 0.16752690242256577E+000,-0.15587819379313894E-016)
 0.62831853071795851E+000 -0.62831853071795851E+000
( 0.91209747925513618E-001,-0.17052331768852014E-016)
 0.62831853071795851E+000  0.00000000000000000E+000
( 0.62920601131421020E-001,-0.13946943778701800E-016)
 0.62831853071795851E+000  0.62831853071795851E+000
( 0.88939095055131132E-001,-0.17384587124612173E-016)
 0.62831853071795851E+000  0.12566370614359170E+001
( 0.15984471359228711E+000,-0.13092757598842388E-018)
 0.62831853071795851E+000  0.18849555921538754E+001
( 0.23069933188306202E+000,-0.20175950227822298E-017)
 0.62831853071795851E+000  0.25132741228718340E+001
( 0.28096610607204625E+000,-0.73350990241733475E-017)
 0.62831853071795851E+000  0.31415926535897927E+001
( 0.29584940261309262E+000,-0.17160069680800402E-016)
 0.12566370614359170E+001 -0.25132741228718340E+001
( 0.30990394043937436E+000,-0.28932529683968575E-016)
 0.12566370614359170E+001 -0.18849555921538754E+001
( 0.26393936836621423E+000,-0.23788251262407178E-016)
 0.12566370614359170E+001 -0.12566370614359170E+001
( 0.20916493158364463E+000,-0.26957602816679584E-016)
 0.12566370614359170E+001 -0.62831853071795851E+000
( 0.15929828882478139E+000,-0.17736218594200568E-016)
 0.12566370614359170E+001  0.00000000000000000E+000
( 0.14714513246001176E+000,-0.19672230153880453E-016)
 0.12566370614359170E+001  0.62831853071795851E+000
( 0.16213622359229116E+000,-0.18501649186582814E-016)
 0.12566370614359170E+001  0.12566370614359170E+001
( 0.20851728399186453E+000,-0.21099553258527106E-016)
 0.12566370614359170E+001  0.18849555921538754E+001
( 0.26451433285673465E+000,-0.84125209776272540E-017)
 0.12566370614359170E+001  0.25132741228718340E+001
( 0.31219357552838167E+000,-0.50637459192719502E-017)
 0.12566370614359170E+001  0.31415926535897927E+001
( 0.32291831593812370E+000,-0.16292312388707733E-016)
 0.18849555921538754E+001 -0.25132741228718340E+001
( 0.35675545359825189E+000,-0.17257964074528646E-016)
 0.18849555921538754E+001 -0.18849555921538754E+001
( 0.31664240232987162E+000,-0.20851376181241221E-016)
 0.18849555921538754E+001 -0.12566370614359170E+001
( 0.27114264274953487E+000,-0.42963908093180357E-016)
 0.18849555921538754E+001 -0.62831853071795851E+000
( 0.23328318771348311E+000,-0.39475343892002669E-016)
 0.18849555921538754E+001  0.00000000000000000E+000
( 0.22108572226851583E+000,-0.44906838713712646E-016)
 0.18849555921538754E+001  0.62831853071795851E+000
( 0.23457804101679841E+000,-0.33485478877001512E-016)
 0.18849555921538754E+001  0.12566370614359170E+001
( 0.26938747899048932E+000,-0.85859933252249357E-017)
 0.18849555921538754E+001  0.18849555921538754E+001
( 0.31658584103753162E+000,-0.88974848011806946E-017)
 0.18849555921538754E+001  0.25132741228718340E+001
( 0.35901408740709190E+000,-0.34091497444965173E-016)
 0.18849555921538754E+001  0.31415926535897927E+001
( 0.37618605011320727E+000,-0.17763549749403425E-016)
 0.25132741228718340E+001 -0.25132741228718340E+001
( 0.39789696622045517E+000,-0.16844164951734798E-016)
 0.25132741228718340E+001 -0.18849555921538754E+001
( 0.35750603760992655E+000,-0.24566218931272176E-016)
 0.25132741228718340E+001 -0.12566370614359170E+001
( 0.31644894658196743E+000,-0.22987743952017261E-016)
 0.25132741228718340E+001 -0.62831853071795851E+000
( 0.28111645066187846E+000,-0.22474165946569700E-016)
 0.25132741228718340E+001  0.00000000000000000E+000
( 0.26333229512943790E+000,-0.37100161810715931E-016)
 0.25132741228718340E+001  0.62831853071795851E+000
( 0.28073089798469086E+000,-0.57738478957942213E-017)
 0.25132741228718340E+001  0.12566370614359170E+001
( 0.31058497762486648E+000,-0.17744574528662412E-016)
 0.25132741228718340E+001  0.18849555921538754E+001
( 0.36249106537375747E+000, 0.10540001783249386E-017)
 0.25132741228718340E+001  0.25132741228718340E+001
( 0.39851686771841566E+000,-0.53188854177872973E-017)
 0.25132741228718340E+001  0.31415926535897927E+001
( 0.41867547816698186E+000,-0.11885467208651623E-016)
 0.31415926535897927E+001 -0.25132741228718340E+001
( 0.41641047415429766E+000,-0.97516804464302430E-017)
 0.31415926535897927E+001 -0.18849555921538754E+001
( 0.37790558622441239E+000,-0.13213523864062096E-016)
 0.31415926535897927E+001 -0.12566370614359170E+001
( 0.32901476159254844E+000,-0.45872735109005317E-017)
 0.31415926535897927E+001 -0.62831853071795851E+000
( 0.29564709562138708E+000,-0.67013484079196093E-017)
 0.31415926535897927E+001  0.00000000000000000E+000
( 0.27929327152958516E+000, 0.36396309654382417E-017)
 0.31415926535897927E+001  0.62831853071795851E+000
( 0.29564709562138708E+000, 0.69578877692473232E-017)
 0.31415926535897927E+001  0.12566370614359170E+001
( 0.32901476159254850E+000, 0.13509314735838415E-016)
 0.31415926535897927E+001  0.18849555921538754E+001
( 0.37790558622441256E+000, 0.17787631282223772E-016)
 0.31415926535897927E+001  0.25132741228718340E+001
( 0.41641047415429766E+000, 0.18604332732329055E-016)
 0.31415926535897927E+001  0.31415926535897927E+001
( 0.42848352469499956E+000, 0.40333263829436860E-017)
 0.10000000000000000E+001          1        100
( 0.00000000000000000E+000, 0.00000000000000000E+000)
-0.25132741228718340E+001 -0.25132741228718340E+001
( 0.39874419419966978E+000,-0.21905887661019982E-016)
-0.25132741228718340E+001 -0.18849555921538754E+001
( 0.35479170431249840E+000,-0.87695476454350422E-017)
-0.25132741228718340E+001 -0.12566370614359170E+001
( 0.31187355001188305E+000,-0.32576398961977019E-016)
-0.25132741228718340E+001 -0.62831853071795851E+000
( 0.27057096089562832E+000,-0.62456519913049187E-017)
-0.25132741228718340E+001  0.00000000000000000E+000
( 0.26643298249775776E+000, 0.68888507738338285E-017)
-0.25132741228718340E+001  0.62831853071795851E+000
( 0.27166399881494041E+000, 0.81046414830679232E-017)
-0.25132741228718340E+001  0.12566370614359170E+001
( 0.30864703916163566E+000, 0.25331132815920614E-016)
-0.25132741228718340E+001  0.18849555921538754E+001
( 0.35382205351400126E+000, 0.72826892329077801E-017)
-0.25132741228718340E+001  0.25132741228718340E+001
( 0.39830238505032484E+000, 0.12383757214129432E-016)
-0.25132741228718340E+001  0.31415926535897927E+001
( 0.41419556974157018E+000,-0.10749169518985440E-016)
-0.18849555921538754E+001 -0.25132741228718340E+001
( 0.35271146526976865E+000,-0.12421140562366222E-016)
-0.18849555921538754E+001 -0.18849555921538754E+001
( 0.31577411283885293E+000,-0.24527282033444636E-016)
-0.18849555921538754E+001 -0.12566370614359170E+001
( 0.27092386230694376E+000,-0.64820875421359224E-017)
-0.18849555921538754E+001 -0.62831853071795851E+000
( 0.22821177472317150E+000,-0.19008565972077289E-016)
-0.18849555921538754E+001  0.00000000000000000E+000
( 0.21404000268199194E+000,-0.31632631009963933E-017)
-0.18849555921538754E+001  0.62831853071795851E+000
( 0.22351561511911744E+000, 0.10256425548296740E-016)
-0.18849555921538754E+001  0.12566370614359170E+001
( 0.26124735207602212E+000, 0.19050579874450864E-016)
-0.18849555921538754E+001  0.18849555921538754E+001
( 0.31513041410888032E+000, 0.15191840840866889E-016)
-0.18849555921538754E+001  0.25132741228718340E+001
( 0.35949895585976754E+000,-0.91692010130325599E-017)
-0.18849555921538754E+001  0.31415926535897927E+001
( 0.37031319705070043E+000,-0.38142163783720695E-017)
-0.12566370614359170E+001 -0.25132741228718340E+001
( 0.30656963485132699E+000,-0.46712034465451088E-017)
-0.12566370614359170E+001 -0.18849555921538754E+001
( 0.26219689340640762E+000,-0.89280476432632199E-017)
-0.12566370614359170E+001 -0.12566370614359170E+001
( 0.20236494209699016E+000,-0.23465469853200566E-017)
-0.12566370614359170E+001 -0.62831853071795851E+000
( 0.16163136910553294E+000,-0.28946883559451703E-016)
-0.12566370614359170E+001  0.00000000000000000E+000
( 0.13956991643392003E+000,-0.53332754015257301E-017)
-0.12566370614359170E+001  0.62831853071795851E+000
( 0.15572107845975044E+000,-0.15961541012316241E-016)
-0.12566370614359170E+001  0.12566370614359170E+001
( 0.20170994772801124E+000, 0.11414480471927391E-016)
-0.12566370614359170E+001  0.18849555921538754E+001
( 0.26560457016403194E+000, 0.37141450321127866E-016)
-0.12566370614359170E+001  0.25132741228718340E+001
( 0.30693073557118322E+000, 0.43478174536975858E-017)
-0.12566370614359170E+001  0.31415926535897927E+001
( 0.32654311882964171E+000, 0.12293698816338027E-016)
-0.62831853071795851E+000 -0.25132741228718340E+001
( 0.27171706823163450E+000,-0.44437079806340106E-017)
-0.62831853071795851E+000 -0.18849555921538754E+001
( 0.22180211649626411E+000,-0.91336525850793145E-017)
-0.62831853071795851E+000 -0.12566370614359170E+001
( 0.15524679106409894E+000,-0.26854373366554682E-016)
-0.62831853071795851E+000 -0.62831853071795851E+000
( 0.79413377101072338E-001,-0.96777553336363244E-017)
-0.62831853071795851E+000  0.00000000000000000E+000
( 0.55583385268866831E-001,-0.20110281538812618E-016)
-0.62831853071795851E+000  0.62831853071795851E+000
( 0.89352094428333154E-001, 0.12941037130786981E-016)
-0.62831853071795851E+000  0.12566370614359170E+001
( 0.15773127389994326E+000, 0.25910180147043229E-016)
-0.62831853071795851E+000  0.18849555921538754E+001
( 0.22800870420631278E+000, 0.11659637166325246E-016)
-0.62831853071795851E+000  0.25132741228718340E+001
( 0.27089042274583397E+000, 0.28821116107443388E-016)
-0.62831853071795851E+000  0.31415926535897927E+001
( 0.29385363433439182E+000, 0.10293049590451964E-016)
 0.00000000000000000E+000 -0.25132741228718340E+001
( 0.26160554143577996E+000,-0.12928360188778580E-016)
 0.00000000000000000E+000 -0.18849555921538754E+001
( 0.21130464169756824E+000,-0.89390166684042068E-017)
 0.00000000000000000E+000 -0.12566370614359170E+001
( 0.14151032375399936E+000,-0.16406314016081365E-016)
 0.00000000000000000E+000 -0.62831853071795851E+000
( 0.57047041085117156E-001,-0.19081874864729520E-016)
 0.00000000000000000E+000  0.00000000000000000E+000
( 0.87447259490484406E-002, 0.00000000000000000E+000)
 0.00000000000000000E+000  0.62831853071795851E+000
( 0.57047041085117156E-001, 0.19081874864729520E-016)
 0.00000000000000000E+000  0.12566370614359170E+001
( 0.14151032375399936E+000, 0.16406314016081365E-016)
 0.00000000000000000E+000  0.18849555921538754E+001
( 0.21130464169756824E+000, 0.89390166684042068E-017)
 0.00000000000000000E+000  0.25132741228718340E+001
( 0.26160554143577996E+000, 0.12928360188778580E-016)
 0.00000000000000000E+000  0.31415926535897927E+001
( 0.27050447784931236E+000,-0.18556732151728603E-017)
 0.62831853071795851E+000 -0.25132741228718340E+001
( 0.27089042274583397E+000,-0.28821116107443388E-016)
 0.62831853071795851E+000 -0.18849555921538754E+001
( 0.22800870420631278E+000,-0.11659637166325246E-016)
 0.62831853071795851E+000 -0.12566370614359170E+001
( 0.15773127389994326E+000,-0.25910180147043229E-016)
 0.62831853071795851E+000 -0.62831853071795851E+000
( 0.89352094428333154E-001,-0.12941037130786981E-016)
 0.62831853071795851E+000  0.00000000000000000E+000
( 0.55583385268866831E-001, 0.20110281538812618E-016)
 0.62831853071795851E+000  0.62831853071795851E+000
( 0.79413377101072338E-001, 0.96777553336363244E-017)
 0.62831853071795851E+000  0.12566370614359170E+001
( 0.15524679106409894E+000, 0.26854373366554682E-016)
 0.62831853071795851E+000  0.18849555921538754E+001
( 0.22180211649626411E+000, 0.91336525850793145E-017)
 0.62831853071795851E+000  0.25132741228718340E+001
( 0.27171706823163450E+000, 0.44437079806340106E-017)
 0.62831853071795851E+000  0.31415926535897927E+001
( 0.29385363433439182E+000,-0.76142762528737903E-017)
 0.12566370614359170E+001 -0.25132741228718340E+001
( 0.30693073557118322E+000,-0.43478174536975858E-017)
 0.12566370614359170E+001 -0.18849555921538754E+001
( 0.26560457016403194E+000,-0.37141450321127866E-016)
 0.12566370614359170E+001 -0.12566370614359170E+001
( 0.20170994772801124E+000,-0.11414480471927391E-016)
 0.12566370614359170E+001 -0.62831853071795851E+000
( 0.15572107845975044E+000, 0.15961541012316241E-016)
 0.12566370614359170E+001  0.00000000000000000E+000
( 0.13956991643392003E+000, 0.53332754015257301E-017)
 0.12566370614359170E+001  0.62831853071795851E+000
( 0.16163136910553294E+000, 0.28946883559451703E-016)
 0.12566370614359170E+001  0.12566370614359170E+001
( 0.20236494209699016E+000, 0.23465469853200566E-017)
 0.12566370614359170E+001  0.18849555921538754E+001
( 0.26219689340640762E+000, 0.89280476432632199E-017)
 0.12566370614359170E+001  0.25132741228718340E+001
( 0.30656963485132699E+000, 0.46712034465451088E-017)
 0.12566370614359170E+001  0.31415926535897927E+001
( 0.32654311882964171E+000, 0.78954405909188939E-017)
 0.18849555921538754E+001 -0.25132741228718340E+001
( 0.35949895585976754E+000, 0.91692010130325599E-017)
 0.18849555921538754E+001 -0.18849555921538754E+001
( 0.31513041410888032E+000,-0.15191840840866889E-016)
 0.18849555921538754E+001 -0.12566370614359170E+001
( 0.26124735207602212E+000,-0.19050579874450864E-016)
 0.18849555921538754E+001 -0.62831853071795851E+000
( 0.22351561511911744E+000,-0.10256425548296740E-016)
 0.18849555921538754E+001  0.00000000000000000E+000
( 0.21404000268199194E+000, 0.31632631009963933E-017)
 0.18849555921538754E+001  0.62831853071795851E+000
( 0.22821177472317150E+000, 0.19008565972077289E-016)
 0.18849555921538754E+001  0.12566370614359170E+001
( 0.27092386230694376E+000, 0.64820875421359224E-017)
 0.18849555921538754E+001  0.18849555921538754E+001
( 0.31577411283885293E+000, 0.24527282033444636E-016)
 0.18849555921538754E+001  0.25132741228718340E+001
( 0.35271146526976865E+000, 0.12421140562366222E-016)
 0.18849555921538754E+001  0.31415926535897927E+001
( 0.37031319705070043E+000, 0.23947849811841992E-017)
 0.25132741228718340E+001 -0.25132741228718340E+001
( 0.39830238505032484E+000,-0.12383757214129432E-016)
 0.25132741228718340E+001 -0.18849555921538754E+001
( 0.35382205351400126E+000,-0.72826892329077801E-017)
 0.25132741228718340E+001 -0.12566370614359170E+001
( 0.30864703916163566E+000,-0.25331132815920614E-016)
 0.25132741228718340E+001 -0.62831853071795851E+000
( 0.27166399881494041E+000,-0.81046414830679232E-017)
 0.25132741228718340E+001  0.00000000000000000E+000
( 0.26643298249775776E+000,-0.68888507738338285E-017)
 0.25132741228718340E+001  0.62831853071795851E+000
( 0.27057096089562832E+000, 0.62456519913049187E-017)
 0.25132741228718340E+001  0.12566370614359170E+001
( 0.31187355001188305E+000, 0.32576398961977019E-016)
 0.25132741228718340E+001  0.18849555921538754E+001
( 0.35479170431249840E+000, 0.87695476454350422E-017)
 0.25132741228718340E+001  0.25132741228718340E+001
( 0.39874419419966978E+000, 0.21905887661019982E-016)
 0.25132741228718340E+001  0.31415926535897927E+001
( 0.41419556974157018E+000,-0.13102004921664794E-017)
 0.31415926535897927E+001 -0.25132741228718340E+001
( 0.41358103273649116E+000,-0.16873541650714553E-016)
 0.31415926535897927E+001 -0.18849555921538754E+001
( 0.36972590361346108E+000,-0.13680256531776801E-016)
 0.31415926535897927E+001 -0.12566370614359170E+001
( 0.32613956518896542E+000,-0.16539813862234313E-016)
 0.31415926535897927E+001 -0.62831853071795851E+000
( 0.29270514210022985E+000,-0.15061403096107204E-016)
 0.31415926535897927E+001  0.00000000000000000E+000
( 0.26842300385761375E+000,-0.31245714830650549E-017)
 0.31415926535897927E+001  0.62831853071795851E+000
( 0.29270514210022980E+000, 0.99317523874447751E-017)
 0.31415926535897927E+001  0.12566370614359170E+001
( 0.32613956518896536E+000, 0.15591347714713836E-016)
 0.31415926535897927E+001  0.18849555921538754E+001
( 0.36972590361346108E+000, 0.22031655113028300E-016)
 0.31415926535897927E+001  0.25132741228718340E+001
( 0.41358103273649116E+000, 0.17913502287532492E-016)
 0.31415926535897927E+001  0.31415926535897927E+001
( 0.42290871910012501E+000,-0.68047434252332006E-018)
 0.10000000000000000E+001          1        100
( 0.00000000000000000E+000, 0.00000000000000000E+000)
-0.25132741228718340E+001 -0.25132741228718340E+001
( 0.39291577329938571E+000, 0.11884837028602313E-016)
-0.25132741228718340E+001 -0.18849555921538754E+001
( 0.35006544971685111E+000, 0.95971982907332732E-017)
-0.25132741228718340E+001 -0.12566370614359170E+001
( 0.30897669474259287E+000, 0.99903446836820530E-017)
-0.25132741228718340E+001 -0.62831853071795851E+000
( 0.27542518848450936E+000, 0.12548620329498224E-017)
-0.25132741228718340E+001  0.00000000000000000E+000
( 0.25245291555728239E+000, 0.64993933723967777E-017)
-0.25132741228718340E+001  0.62831853071795851E+000
( 0.27028286797962464E+000, 0.97499772039618346E-017)
-0.25132741228718340E+001  0.12566370614359170E+001
( 0.30360648749961228E+000, 0.17228467825334961E-016)
-0.25132741228718340E+001  0.18849555921538754E+001
( 0.35352277717190461E+000, 0.14539497659322816E-016)
-0.25132741228718340E+001  0.25132741228718340E+001
( 0.38987431706327030E+000, 0.15534448727372308E-016)
-0.25132741228718340E+001  0.31415926535897927E+001
( 0.40553555802002367E+000, 0.18973824202800599E-016)
-0.18849555921538754E+001 -0.25132741228718340E+001
( 0.34890833358460088E+000, 0.16857016037696212E-016)
-0.18849555921538754E+001 -0.18849555921538754E+001
( 0.30998686897663197E+000, 0.19531323801554494E-016)
-0.18849555921538754E+001 -0.12566370614359170E+001
( 0.25619721164559761E+000, 0.13695791533288631E-017)
-0.18849555921538754E+001 -0.62831853071795851E+000
( 0.22449307085245773E+000,-0.43835229764507881E-017)
-0.18849555921538754E+001  0.00000000000000000E+000
( 0.21432529315886684E+000, 0.80520422173109195E-018)
-0.18849555921538754E+001  0.62831853071795851E+000
( 0.22304157698851465E+000,-0.10536761454894109E-016)
-0.18849555921538754E+001  0.12566370614359170E+001
( 0.26336253382187758E+000, 0.11426649067164720E-016)
-0.18849555921538754E+001  0.18849555921538754E+001
( 0.31093487597089048E+000, 0.42847669856627139E-017)
-0.18849555921538754E+001  0.25132741228718340E+001
( 0.34741033711905039E+000, 0.13476286477702621E-016)
-0.18849555921538754E+001  0.31415926535897927E+001
( 0.36355424903881384E+000, 0.14029318954752530E-016)
-0.12566370614359170E+001 -0.25132741228718340E+001
( 0.30143309134771845E+000, 0.24076299308613727E-016)
-0.12566370614359170E+001 -0.18849555921538754E+001
( 0.25668040149327104E+000, 0.13634074128484889E-016)
-0.12566370614359170E+001 -0.12566370614359170E+001
( 0.20219515669411503E+000, 0.59380817056112145E-017)
-0.12566370614359170E+001 -0.62831853071795851E+000
( 0.14619566086357236E+000, 0.11363270036620265E-016)
-0.12566370614359170E+001  0.00000000000000000E+000
( 0.13741572903632424E+000, 0.11194188105085924E-016)
-0.12566370614359170E+001  0.62831853071795851E+000
( 0.14536454490098805E+000, 0.14700449604460809E-016)
-0.12566370614359170E+001  0.12566370614359170E+001
( 0.19900071571409808E+000, 0.17173762412170390E-017)
-0.12566370614359170E+001  0.18849555921538754E+001
( 0.25820436612283060E+000,-0.95358004783500009E-017)
-0.12566370614359170E+001  0.25132741228718340E+001
( 0.30223298137758714E+000, 0.15991486739620895E-016)
-0.12566370614359170E+001  0.31415926535897927E+001
( 0.31503600959988382E+000, 0.46382610243108840E-018)
-0.62831853071795851E+000 -0.25132741228718340E+001
( 0.26369743021970493E+000, 0.16503081386785957E-016)
-0.62831853071795851E+000 -0.18849555921538754E+001
( 0.21929834974405216E+000, 0.89565005538108592E-017)
-0.62831853071795851E+000 -0.12566370614359170E+001
( 0.15495715489640552E+000, 0.24052772263390611E-016)
-0.62831853071795851E+000 -0.62831853071795851E+000
( 0.83131461967702228E-001, 0.21623944364763922E-017)
-0.62831853071795851E+000  0.00000000000000000E+000
( 0.47109941124442133E-001, 0.15323671067737333E-016)
-0.62831853071795851E+000  0.62831853071795851E+000
( 0.76996581504097675E-001, 0.93154650659954543E-017)
-0.62831853071795851E+000  0.12566370614359170E+001
( 0.14946089587856631E+000, 0.43554877791444198E-017)
-0.62831853071795851E+000  0.18849555921538754E+001
( 0.21613665304662838E+000,-0.70424666943559989E-018)
-0.62831853071795851E+000  0.25132741228718340E+001
( 0.26896643448747187E+000, 0.56283464105725615E-017)
-0.62831853071795851E+000  0.31415926535897927E+001
( 0.28116238245050235E+000, 0.48732655930315945E-017)
 0.00000000000000000E+000 -0.25132741228718340E+001
( 0.24815855411716506E+000, 0.10110091665335436E-016)
 0.00000000000000000E+000 -0.18849555921538754E+001
( 0.20437684292486963E+000, 0.72606490159351155E-017)
 0.00000000000000000E+000 -0.12566370614359170E+001
( 0.12734629824438734E+000, 0.13384007853874087E-017)
 0.00000000000000000E+000 -0.62831853071795851E+000
( 0.37696795975464874E-001,-0.13318544426335508E-020)
 0.00000000000000000E+000  0.00000000000000000E+000
(-0.22300252810601873E-002, 0.00000000000000000E+000)
 0.00000000000000000E+000  0.62831853071795851E+000
( 0.37696795975464874E-001, 0.13318544426335508E-020)
 0.00000000000000000E+000  0.12566370614359170E+001
( 0.12734629824438734E+000,-0.13384007853874087E-017)
 0.00000000000000000E+000  0.18849555921538754E+001
( 0.20437684292486963E+000,-0.72606490159351155E-017)
 0.00000000000000000E+000  0.25132741228718340E+001
( 0.24815855411716506E+000,-0.10110091665335436E-016)
 0.00000000000000000E+000  0.31415926535897927E+001
( 0.26274286893058046E+000,-0.45134894471707565E-018)
 0.62831853071795851E+000 -0.25132741228718340E+001
( 0.26896643448747187E+000,-0.56283464105725615E-017)
 0.62831853071795851E+000 -0.18849555921538754E+001
( 0.21613665304662838E+000, 0.70424666943559989E-018)
 0.62831853071795851E+000 -0.12566370614359170E+001
( 0.14946089587856631E+000,-0.43554877791444198E-017)
 0.62831853071795851E+000 -0.62831853071795851E+000
( 0.76996581504097675E-001,-0.93154650659954543E-017)
 0.62831853071795851E+000  0.00000000000000000E+000
( 0.47109941124442133E-001,-0.15323671067737333E-016)
 0.62831853071795851E+000  0.62831853071795851E+000
( 0.83131461967702228E-001,-0.21623944364763922E-017)
 0.62831853071795851E+000  0.12566370614359170E+001
( 0.15495715489640552E+000,-0.24052772263390611E-016)
 0.62831853071795851E+000  0.18849555921538754E+001
( 0.21929834974405216E+000,-0.89565005538108592E-017)
 0.62831853071795851E+000  0.25132741228718340E+001
( 0.26369743021970493E+000,-0.16503081386785957E-016)
 0.62831853071795851E+000  0.31415926535897927E+001
( 0.28116238245050229E+000,-0.51360547920818028E-017)
 0.12566370614359170E+001 -0.25132741228718340E+001
( 0.30223298137758714E+000,-0.15991486739620895E-016)
 0.12566370614359170E+001 -0.18849555921538754E+001
( 0.25820436612283060E+000, 0.95358004783500009E-017)
 0.12566370614359170E+001 -0.12566370614359170E+001
( 0.19900071571409808E+000,-0.17173762412170390E-017)
 0.12566370614359170E+001 -0.62831853071795851E+000
( 0.14536454490098805E+000,-0.14700449604460809E-016)
 0.12566370614359170E+001  0.00000000000000000E+000
( 0.13741572903632424E+000,-0.11194188105085924E-016)
 0.12566370614359170E+001  0.62831853071795851E+000
( 0.14619566086357236E+000,-0.11363270036620265E-016)
 0.12566370614359170E+001  0.12566370614359170E+001
( 0.20219515669411503E+000,-0.59380817056112145E-017)
 0.12566370614359170E+001  0.18849555921538754E+001
( 0.25668040149327104E+000,-0.13634074128484889E-016)
 0.12566370614359170E+001  0.25132741228718340E+001
( 0.30143309134771845E+000,-0.24076299308613727E-016)
 0.12566370614359170E+001  0.31415926535897927E+001
( 0.31503600959988387E+000,-0.18831091143103727E-016)
 0.18849555921538754E+001 -0.25132741228718340E+001
( 0.34741033711905039E+000,-0.13476286477702621E-016)
 0.18849555921538754E+001 -0.18849555921538754E+001
( 0.31093487597089048E+000,-0.42847669856627139E-017)
 0.18849555921538754E+001 -0.12566370614359170E+001
( 0.26336253382187758E+000,-0.11426649067164720E-016)
 0.18849555921538754E+001 -0.62831853071795851E+000
( 0.22304157698851465E+000, 0.10536761454894109E-016)
 0.18849555921538754E+001  0.00000000000000000E+000
( 0.21432529315886684E+000,-0.80520422173109195E-018)
 0.18849555921538754E+001  0.62831853071795851E+000
( 0.22449307085245773E+000, 0.43835229764507881E-017)
 0.18849555921538754E+001  0.12566370614359170E+001
( 0.25619721164559761E+000,-0.13695791533288631E-017)
 0.18849555921538754E+001  0.18849555921538754E+001
( 0.30998686897663197E+000,-0.19531323801554494E-016)
 0.18849555921538754E+001  0.25132741228718340E+001
( 0.34890833358460088E+000,-0.16857016037696212E-016)
 0.18849555921538754E+001  0.31415926535897927E+001
( 0.36355424903881384E+000,-0.11446953343296352E-016)
 0.25132741228718340E+001 -0.25132741228718340E+001
( 0.38987431706327030E+000,-0.15534448727372308E-016)
 0.25132741228718340E+001 -0.18849555921538754E+001
( 0.35352277717190461E+000,-0.14539497659322816E-016)
 0.25132741228718340E+001 -0.12566370614359170E+001
( 0.30360648749961228E+000,-0.17228467825334961E-016)
 0.25132741228718340E+001 -0.62831853071795851E+000
( 0.27028286797962464E+000,-0.97499772039618346E-017)
 0.25132741228718340E+001  0.00000000000000000E+000
( 0.25245291555728239E+000,-0.64993933723967777E-017)
 0.25132741228718340E+001  0.62831853071795851E+000
( 0.27542518848450936E+000,-0.12548620329498224E-017)
 0.25132741228718340E+001  0.12566370614359170E+001
( 0.30897669474259287E+000,-0.99903446836820530E-017)
 0.25132741228718340E+001  0.18849555921538754E+001
( 0.35006544971685111E+000,-0.95971982907332732E-017)
 0.25132741228718340E+001  0.25132741228718340E+001
( 0.39291577329938571E+000,-0.11884837028602313E-016)
 0.25132741228718340E+001  0.31415926535897927E+001
( 0.40553555802002367E+000,-0.15368105914795763E-016)
 0.31415926535897927E+001 -0.25132741228718340E+001
( 0.40664040464737272E+000, 0.92556212901042046E-018)
 0.31415926535897927E+001 -0.18849555921538754E+001
( 0.36810736777011849E+000,-0.53726129142537594E-017)
 0.31415926535897927E+001 -0.12566370614359170E+001
( 0.31661080203640868E+000,-0.46045620032500524E-017)
 0.31415926535897927E+001 -0.62831853071795851E+000
( 0.29225305059606227E+000, 0.89545193356496744E-017)
 0.31415926535897927E+001  0.00000000000000000E+000
( 0.28166574939645705E+000, 0.64563528435903894E-017)
 0.31415926535897927E+001  0.62831853071795851E+000
( 0.29225305059606221E+000, 0.75303624236836996E-017)
 0.31415926535897927E+001  0.12566370614359170E+001
( 0.31661080203640862E+000, 0.45407980384777067E-017)
 0.31415926535897927E+001  0.18849555921538754E+001
( 0.36810736777011843E+000, 0.13346715929480348E-016)
 0.31415926535897927E+001  0.25132741228718340E+001
( 0.40664040464737272E+000, 0.13005088945066185E-017)
 0.31415926535897927E+001  0.31415926535897927E+001
( 0.41967848916379730E+000, 0.40329995876699037E-017)
 0.10000000000000000E+001          1        100
( 0.00000000000000000E+000, 0.00000000000000000E+000)
-0.25132741228718340E+001 -0.25132741228718340E+001
( 0.39811154350894612E+000,-0.18402915910793505E-016)
-0.25132741228718340E+001 -0.18849555921538754E+001
( 0.36003777589045738E+000,-0.59679922941300297E-017)
-0.25132741228718340E+001 -0.12566370614359170E+001
( 0.31441392225842657E+000,-0.18268051297816571E-016)
-0.25132741228718340E+001 -0.62831853071795851E+000
( 0.27471653779147404E+000,-0.17133601042481787E-016)
-0.25132741228718340E+001  0.00000000000000000E+000
( 0.26450659427011486E+000,-0.15256671359284703E-016)
-0.25132741228718340E+001  0.62831853071795851E+000
( 0.27869616178548667E+000,-0.98438491782779846E-017)
-0.25132741228718340E+001  0.12566370614359170E+001
( 0.31539588635486704E+000,-0.11565643733745257E-016)
-0.25132741228718340E+001  0.18849555921538754E+001
( 0.35328423200840159E+000,-0.32111950631076988E-017)
-0.25132741228718340E+001  0.25132741228718340E+001
( 0.39719598149529384E+000,-0.14398204850607500E-016)
-0.25132741228718340E+001  0.31415926535897927E+001
( 0.41082860223949624E+000,-0.23239965979370086E-016)
-0.18849555921538754E+001 -0.25132741228718340E+001
( 0.35783363320044198E+000, 0.66261001414615902E-017)
-0.18849555921538754E+001 -0.18849555921538754E+001
( 0.31160410901057634E+000,-0.23402832786707919E-016)
-0.18849555921538754E+001 -0.12566370614359170E+001
( 0.26889102446301849E+000,-0.79460307061793323E-018)
-0.18849555921538754E+001 -0.62831853071795851E+000
( 0.22911590884646052E+000,-0.17025060832052154E-016)
-0.18849555921538754E+001  0.00000000000000000E+000
( 0.21920284801834750E+000,-0.76772937115075209E-017)
-0.18849555921538754E+001  0.62831853071795851E+000
( 0.23088664214068888E+000,-0.15051389334539804E-016)
-0.18849555921538754E+001  0.12566370614359170E+001
( 0.26845140053614952E+000,-0.18599240880940815E-016)
-0.18849555921538754E+001  0.18849555921538754E+001
( 0.31567561349434459E+000,-0.29837243786801081E-016)
-0.18849555921538754E+001  0.25132741228718340E+001
( 0.35991832290123171E+000,-0.22809657076544410E-016)
-0.18849555921538754E+001  0.31415926535897927E+001
( 0.37570347709433949E+000,-0.10343249036404561E-016)
-0.12566370614359170E+001 -0.25132741228718340E+001
( 0.31649784688355703E+000,-0.17504772968386774E-016)
-0.12566370614359170E+001 -0.18849555921538754E+001
( 0.25766052042212478E+000,-0.14047890427080739E-016)
-0.12566370614359170E+001 -0.12566370614359170E+001
( 0.20924583404292865E+000, 0.27507867940834486E-017)
-0.12566370614359170E+001 -0.62831853071795851E+000
( 0.16348132899200787E+000, 0.46040826902424999E-018)
-0.12566370614359170E+001  0.00000000000000000E+000
( 0.14926978116922907E+000,-0.25131695552248327E-016)
-0.12566370614359170E+001  0.62831853071795851E+000
( 0.16454992945169816E+000,-0.34323984897711155E-016)
-0.12566370614359170E+001  0.12566370614359170E+001
( 0.21160473720246295E+000,-0.23731017151362721E-016)
-0.12566370614359170E+001  0.18849555921538754E+001
( 0.26505310583259545E+000,-0.24630068140401220E-016)
-0.12566370614359170E+001  0.25132741228718340E+001
( 0.31221547854870024E+000,-0.29616691585944144E-016)
-0.12566370614359170E+001  0.31415926535897927E+001
( 0.33195342009351098E+000,-0.23264713110505232E-016)
-0.62831853071795851E+000 -0.25132741228718340E+001
( 0.27297613386958858E+000, 0.47239147548259838E-017)
-0.62831853071795851E+000 -0.18849555921538754E+001
( 0.22570903696339278E+000,-0.13971947514332974E-016)
-0.62831853071795851E+000 -0.12566370614359170E+001
( 0.16022529181078737E+000,-0.13209212721672991E-016)
-0.62831853071795851E+000 -0.62831853071795851E+000
( 0.92875415866466166E-001, 0.31101168730185314E-017)
-0.62831853071795851E+000  0.00000000000000000E+000
( 0.61726545560270449E-001,-0.15588714238979415E-016)
-0.62831853071795851E+000  0.62831853071795851E+000
( 0.90088094787465989E-001,-0.29663771439203404E-016)
-0.62831853071795851E+000  0.12566370614359170E+001
( 0.16049675795151794E+000,-0.13970716673483158E-016)
-0.62831853071795851E+000  0.18849555921538754E+001
( 0.22875304660694543E+000, 0.27001581855849373E-017)
-0.62831853071795851E+000  0.25132741228718340E+001
( 0.27377810364818517E+000,-0.94613084229775602E-018)
-0.62831853071795851E+000  0.31415926535897927E+001
( 0.29484682226174636E+000,-0.12965791172470874E-016)
 0.00000000000000000E+000 -0.25132741228718340E+001
( 0.26759001523575932E+000, 0.49018439042946890E-017)
 0.00000000000000000E+000 -0.18849555921538754E+001
( 0.21554607194068656E+000,-0.19682045973432800E-017)
 0.00000000000000000E+000 -0.12566370614359170E+001
( 0.14085715184822056E+000,-0.10316642831041956E-016)
 0.00000000000000000E+000 -0.62831853071795851E+000
( 0.58235041777981895E-001,-0.11213775675150639E-017)
 0.00000000000000000E+000  0.00000000000000000E+000
( 0.17012467120765797E-001, 0.00000000000000000E+000)
 0.00000000000000000E+000  0.62831853071795851E+000
( 0.58235041777981895E-001, 0.11213775675150639E-017)
 0.00000000000000000E+000  0.12566370614359170E+001
( 0.14085715184822056E+000, 0.10316642831041956E-016)
 0.00000000000000000E+000  0.18849555921538754E+001
( 0.21554607194068656E+000, 0.19682045973432800E-017)
 0.00000000000000000E+000  0.25132741228718340E+001
( 0.26759001523575932E+000,-0.49018439042946890E-017)
 0.00000000000000000E+000  0.31415926535897927E+001
( 0.28141769686964357E+000,-0.11768733686150548E-017)
 0.62831853071795851E+000 -0.25132741228718340E+001
( 0.27377810364818517E+000, 0.94613084229775602E-018)
 0.62831853071795851E+000 -0.18849555921538754E+001
( 0.22875304660694543E+000,-0.27001581855849373E-017)
 0.62831853071795851E+000 -0.12566370614359170E+001
( 0.16049675795151794E+000, 0.13970716673483158E-016)
 0.62831853071795851E+000 -0.62831853071795851E+000
( 0.90088094787465989E-001, 0.29663771439203404E-016)
 0.62831853071795851E+000  0.00000000000000000E+000
( 0.61726545560270449E-001, 0.15588714238979415E-016)
 0.62831853071795851E+000  0.62831853071795851E+000
( 0.92875415866466166E-001,-0.31101168730185314E-017)
 0.62831853071795851E+000  0.12566370614359170E+001
( 0.16022529181078737E+000, 0.13209212721672991E-016)
 0.62831853071795851E+000  0.18849555921538754E+001
( 0.22570903696339278E+000, 0.13971947514332974E-016)
 0.62831853071795851E+000  0.25132741228718340E+001
( 0.27297613386958858E+000,-0.47239147548259838E-017)
 0.62831853071795851E+000  0.31415926535897927E+001
( 0.29484682226174630E+000, 0.12402169053899001E-016)
 0.12566370614359170E+001 -0.25132741228718340E+001
( 0.31221547854870024E+000, 0.29616691585944144E-016)
 0.12566370614359170E+001 -0.18849555921538754E+001
( 0.26505310583259545E+000, 0.24630068140401220E-016)
 0.12566370614359170E+001 -0.12566370614359170E+001
( 0.21160473720246295E+000, 0.23731017151362721E-016)
 0.12566370614359170E+001 -0.62831853071795851E+000
( 0.16454992945169816E+000, 0.34323984897711155E-016)
 0.12566370614359170E+001  0.00000000000000000E+000
( 0.14926978116922907E+000, 0.25131695552248327E-016)
 0.12566370614359170E+001  0.62831853071795851E+000
( 0.16348132899200787E+000,-0.46040826902424999E-018)
 0.12566370614359170E+001  0.12566370614359170E+001
( 0.20924583404292865E+000,-0.27507867940834486E-017)
 0.12566370614359170E+001  0.18849555921538754E+001
( 0.25766052042212478E+000, 0.14047890427080739E-016)
 0.12566370614359170E+001  0.25132741228718340E+001
( 0.31649784688355703E+000, 0.17504772968386774E-016)
 0.12566370614359170E+001  0.31415926535897927E+001
( 0.33195342009351109E+000, 0.20495568983363964E-016)
 0.18849555921538754E+001 -0.25132741228718340E+001
( 0.35991832290123171E+000, 0.22809657076544410E-016)
 0.18849555921538754E+001 -0.18849555921538754E+001
( 0.31567561349434459E+000, 0.29837243786801081E-016)
 0.18849555921538754E+001 -0.12566370614359170E+001
( 0.26845140053614952E+000, 0.18599240880940815E-016)
 0.18849555921538754E+001 -0.62831853071795851E+000
( 0.23088664214068888E+000, 0.15051389334539804E-016)
 0.18849555921538754E+001  0.00000000000000000E+000
( 0.21920284801834750E+000, 0.76772937115075209E-017)
 0.18849555921538754E+001  0.62831853071795851E+000
( 0.22911590884646052E+000, 0.17025060832052154E-016)
 0.18849555921538754E+001  0.12566370614359170E+001
( 0.26889102446301849E+000, 0.79460307061793323E-018)
 0.18849555921538754E+001  0.18849555921538754E+001
( 0.31160410901057634E+000, 0.23402832786707919E-016)
 0.18849555921538754E+001  0.25132741228718340E+001
( 0.35783363320044198E+000,-0.66261001414615902E-017)
 0.18849555921538754E+001  0.31415926535897927E+001
( 0.37570347709433938E+000, 0.12470545477434409E-016)
 0.25132741228718340E+001 -0.25132741228718340E+001
( 0.39719598149529384E+000, 0.14398204850607500E-016)
 0.25132741228718340E+001 -0.18849555921538754E+001
( 0.35328423200840159E+000, 0.32111950631076988E-017)
 0.25132741228718340E+001 -0.12566370614359170E+001
( 0.31539588635486704E+000, 0.11565643733745257E-016)
 0.25132741228718340E+001 -0.62831853071795851E+000
( 0.27869616178548667E+000, 0.98438491782779846E-017)
 0.25132741228718340E+001  0.00000000000000000E+000
( 0.26450659427011486E+000, 0.15256671359284703E-016)
 0.25132741228718340E+001  0.62831853071795851E+000
( 0.27471653779147404E+000, 0.17133601042481787E-016)
 0.25132741228718340E+001  0.12566370614359170E+001
( 0.31441392225842657E+000, 0.18268051297816571E-016)
 0.25132741228718340E+001  0.18849555921538754E+001
( 0.36003777589045738E+000, 0.59679922941300297E-017)
 0.25132741228718340E+001  0.25132741228718340E+001
( 0.39811154350894612E+000, 0.18402915910793505E-016)
 0.25132741228718340E+001  0.31415926535897927E+001
( 0.41082860223949624E+000, 0.11849246176624087E-016)
 0.31415926535897927E+001 -0.25132741228718340E+001
( 0.40571756007683624E+000,-0.12921733263476606E-016)
 0.31415926535897927E+001 -0.18849555921538754E+001
( 0.36779267566530011E+000,-0.78101689069968430E-017)
 0.31415926535897927E+001 -0.12566370614359170E+001
( 0.33111479540178740E+000,-0.73667048752496136E-017)
 0.31415926535897927E+001 -0.62831853071795851E+000
( 0.29292497571397064E+000,-0.16628574601897905E-016)
 0.31415926535897927E+001  0.00000000000000000E+000
( 0.28121473926622070E+000,-0.35631741902272676E-018)
 0.31415926535897927E+001  0.62831853071795851E+000
( 0.29292497571397064E+000, 0.15319021388655997E-016)
 0.31415926535897927E+001  0.12566370614359170E+001
( 0.33111479540178751E+000, 0.72863821358724034E-017)
 0.31415926535897927E+001  0.18849555921538754E+001
( 0.36779267566530011E+000, 0.10527271329858801E-016)
 0.31415926535897927E+001  0.25132741228718340E+001
( 0.40571756007683624E+000, 0.20861249730431932E-017)
 0.31415926535897927E+001  0.31415926535897927E+001
( 0.42950664252402737E+000,-0.85060839431371060E-018)
 0.10000000000000000E+001          1        100
( 0.00000000000000000E+000, 0.00000000000000000E+000)
-0.25132741228718340E+001 -0.25132741228718340E+001
( 0.39974753337270535E+000, 0.69280497920064422E-017)
-0.25132741228718340E+001 -0.18849555921538754E+001
( 0.35823920840673218E+000, 0.64140172076471931E-017)
-0.25132741228718340E+001 -0.12566370614359170E+001
( 0.31100880251347596E+000, 0.38912263750234790E-016)
-0.25132741228718340E+001 -0.62831853071795851E+000
( 0.26555580283004937E+000, 0.20316990490246816E-016)
-0.25132741228718340E+001  0.00000000000000000E+000
( 0.25065681010221513E+000, 0.14356453465424140E-016)
-0.25132741228718340E+001  0.62831853071795851E+000
( 0.26566675459180050E+000, 0.14028368019924927E-016)
-0.25132741228718340E+001  0.12566370614359170E+001
( 0.30375421000645658E+000,-0.20388427079029738E-017)
-0.25132741228718340E+001  0.18849555921538754E+001
( 0.34998394064223404E+000,-0.35408793603846747E-017)
-0.25132741228718340E+001  0.25132741228718340E+001
( 0.38862670402056276E+000, 0.11145598333150985E-017)
-0.25132741228718340E+001  0.31415926535897927E+001
( 0.41120362128030941E+000, 0.12941567248247616E-016)
-0.18849555921538754E+001 -0.25132741228718340E+001
( 0.34879147021139539E+000, 0.74418408671634518E-017)
-0.18849555921538754E+001 -0.18849555921538754E+001
( 0.30904316497070922E+000, 0.56402674809996276E-017)
-0.18849555921538754E+001 -0.12566370614359170E+001
( 0.26452981579842427E+000, 0.33996852982315258E-017)
-0.18849555921538754E+001 -0.62831853071795851E+000
( 0.22138345815972796E+000,-0.10153554390414715E-016)
-0.18849555921538754E+001  0.00000000000000000E+000
( 0.20847676091471054E+000, 0.12560411032554800E-016)
-0.18849555921538754E+001  0.62831853071795851E+000
( 0.22285829683462224E+000, 0.13955014986878929E-016)
-0.18849555921538754E+001  0.12566370614359170E+001
( 0.26686498387935187E+000,-0.40913613102830506E-017)
-0.18849555921538754E+001  0.18849555921538754E+001
( 0.31331749893474464E+000, 0.18795728862208706E-016)
-0.18849555921538754E+001  0.25132741228718340E+001
( 0.35330839547255971E+000, 0.29366575108989390E-016)
-0.18849555921538754E+001  0.31415926535897927E+001
( 0.36646131906266005E+000, 0.22029789361025731E-016)
-0.12566370614359170E+001 -0.25132741228718340E+001
( 0.30396051775334593E+000,-0.75349573190442218E-017)
-0.12566370614359170E+001 -0.18849555921538754E+001
( 0.26260459723809032E+000,-0.12282214924598812E-016)
-0.12566370614359170E+001 -0.12566370614359170E+001
( 0.20849302538272987E+000,-0.13583970064158851E-016)
-0.12566370614359170E+001 -0.62831853071795851E+000
( 0.15268271040092479E+000,-0.23693193965190745E-016)
-0.12566370614359170E+001  0.00000000000000000E+000
( 0.13669281020455626E+000, 0.22198559404507303E-018)
-0.12566370614359170E+001  0.62831853071795851E+000
( 0.14927425047722734E+000, 0.26641287094128928E-016)
-0.12566370614359170E+001  0.12566370614359170E+001
( 0.19888430321641182E+000, 0.69735883734267653E-017)
-0.12566370614359170E+001  0.18849555921538754E+001
( 0.26461742680654377E+000, 0.10943519040391440E-016)
-0.12566370614359170E+001  0.25132741228718340E+001
( 0.31139596310088669E+000, 0.13370923814721466E-016)
-0.12566370614359170E+001  0.31415926535897927E+001
( 0.31931324222739554E+000, 0.13321928103939250E-016)
-0.62831853071795851E+000 -0.25132741228718340E+001
( 0.27722890740520251E+000, 0.30434814782077593E-017)
-0.62831853071795851E+000 -0.18849555921538754E+001
( 0.22441593754684891E+000,-0.11980444456844483E-017)
-0.62831853071795851E+000 -0.12566370614359170E+001
( 0.14913746499345817E+000,-0.82021133247178579E-017)
-0.62831853071795851E+000 -0.62831853071795851E+000
( 0.80029003656454711E-001,-0.45541917480693444E-017)
-0.62831853071795851E+000  0.00000000000000000E+000
( 0.46394901820982944E-001,-0.55406772768299444E-017)
-0.62831853071795851E+000  0.62831853071795851E+000
( 0.76807886624662994E-001, 0.12936700322097040E-016)
-0.62831853071795851E+000  0.12566370614359170E+001
( 0.15452688578082460E+000, 0.91503950239625448E-017)
-0.62831853071795851E+000  0.18849555921538754E+001
( 0.22795359761235276E+000, 0.13111008047049205E-016)
-0.62831853071795851E+000  0.25132741228718340E+001
( 0.27220494119132438E+000,-0.57147057613060770E-017)
-0.62831853071795851E+000  0.31415926535897927E+001
( 0.29007723673325497E+000, 0.26893039973237354E-017)
 0.00000000000000000E+000 -0.25132741228718340E+001
( 0.26399698017462014E+000, 0.89500878887798733E-017)
 0.00000000000000000E+000 -0.18849555921538754E+001
( 0.21242914367748814E+000,-0.14898145941988332E-016)
 0.00000000000000000E+000 -0.12566370614359170E+001
( 0.13543877712071886E+000,-0.78328191176655100E-017)
 0.00000000000000000E+000 -0.62831853071795851E+000
( 0.56047534143052628E-001,-0.12784640706133955E-016)
 0.00000000000000000E+000  0.00000000000000000E+000
(-0.79076065200211747E-002, 0.00000000000000000E+000)
 0.00000000000000000E+000  0.62831853071795851E+000
( 0.56047534143052628E-001, 0.12784640706133955E-016)
 0.00000000000000000E+000  0.12566370614359170E+001
( 0.13543877712071886E+000, 0.78328191176655100E-017)
 0.00000000000000000E+000  0.18849555921538754E+001
( 0.21242914367748814E+000, 0.14898145941988332E-016)
 0.00000000000000000E+000  0.25132741228718340E+001
( 0.26399698017462014E+000,-0.89500878887798733E-017)
 0.00000000000000000E+000  0.31415926535897927E+001
( 0.28268051124472110E+000, 0.68483364073935667E-017)
 0.62831853071795851E+000 -0.25132741228718340E+001
( 0.27220494119132438E+000, 0.57147057613060770E-017)
 0.62831853071795851E+000 -0.18849555921538754E+001
( 0.22795359761235276E+000,-0.13111008047049205E-016)
 0.62831853071795851E+000 -0.12566370614359170E+001
( 0.15452688578082460E+000,-0.91503950239625448E-017)
 0.62831853071795851E+000 -0.62831853071795851E+000
( 0.76807886624662994E-001,-0.12936700322097040E-016)
 0.62831853071795851E+000  0.00000000000000000E+000
( 0.46394901820982944E-001, 0.55406772768299444E-017)
 0.62831853071795851E+000  0.62831853071795851E+000
( 0.80029003656454711E-001, 0.45541917480693444E-017)
 0.62831853071795851E+000  0.12566370614359170E+001
( 0.14913746499345817E+000, 0.82021133247178579E-017)
 0.62831853071795851E+000  0.18849555921538754E+001
( 0.22441593754684891E+000, 0.11980444456844483E-017)
 0.62831853071795851E+000  0.25132741228718340E+001
( 0.27722890740520251E+000,-0.30434814782077593E-017)
 0.62831853071795851E+000  0.31415926535897927E+001
( 0.29007723673325492E+000, 0.23237412288262899E-018)
 0.12566370614359170E+001 -0.25132741228718340E+001
( 0.31139596310088669E+000,-0.13370923814721466E-016)
 0.12566370614359170E+001 -0.18849555921538754E+001
( 0.26461742680654377E+000,-0.10943519040391440E-016)
 0.12566370614359170E+001 -0.12566370614359170E+001
( 0.19888430321641182E+000,-0.69735883734267653E-017)
 0.12566370614359170E+001 -0.62831853071795851E+000
( 0.14927425047722734E+000,-0.26641287094128928E-016)
 0.12566370614359170E+001  0.00000000000000000E+000
( 0.13669281020455626E+000,-0.22198559404507303E-018)
 0.12566370614359170E+001  0.62831853071795851E+000
( 0.15268271040092479E+000, 0.23693193965190745E-016)
 0.12566370614359170E+001  0.12566370614359170E+001
( 0.20849302538272987E+000, 0.13583970064158851E-016)
 0.12566370614359170E+001  0.18849555921538754E+001
( 0.26260459723809032E+000, 0.12282214924598812E-016)
 0.12566370614359170E+001  0.25132741228718340E+001
( 0.30396051775334593E+000, 0.75349573190442218E-017)
 0.12566370614359170E+001  0.31415926535897927E+001
( 0.31931324222739560E+000,-0.13823081467709448E-016)
 0.18849555921538754E+001 -0.25132741228718340E+001
( 0.35330839547255971E+000,-0.29366575108989390E-016)
 0.18849555921538754E+001 -0.18849555921538754E+001
( 0.31331749893474464E+000,-0.18795728862208706E-016)
 0.18849555921538754E+001 -0.12566370614359170E+001
( 0.26686498387935187E+000, 0.40913613102830506E-017)
 0.18849555921538754E+001 -0.62831853071795851E+000
( 0.22285829683462224E+000,-0.13955014986878929E-016)
 0.18849555921538754E+001  0.00000000000000000E+000
( 0.20847676091471054E+000,-0.12560411032554800E-016)
 0.18849555921538754E+001  0.62831853071795851E+000
( 0.22138345815972796E+000, 0.10153554390414715E-016)
 0.18849555921538754E+001  0.12566370614359170E+001
( 0.26452981579842427E+000,-0.33996852982315258E-017)
 0.18849555921538754E+001  0.18849555921538754E+001
( 0.30904316497070922E+000,-0.56402674809996276E-017)
 0.18849555921538754E+001  0.25132741228718340E+001
( 0.34879147021139539E+000,-0.74418408671634518E-017)
 0.18849555921538754E+001  0.31415926535897927E+001
( 0.36646131906266005E+000,-0.17885716697704236E-016)
 0.25132741228718340E+001 -0.25132741228718340E+001
( 0.38862670402056276E+000,-0.11145598333150985E-017)
 0.25132741228718340E+001 -0.18849555921538754E+001
( 0.34998394064223404E+000, 0.35408793603846747E-017)
 0.25132741228718340E+001 -0.12566370614359170E+001
( 0.30375421000645658E+000, 0.20388427079029738E-017)
 0.25132741228718340E+001 -0.62831853071795851E+000
( 0.26566675459180050E+000,-0.14028368019924927E-016)
 0.25132741228718340E+001  0.00000000000000000E+000
( 0.25065681010221513E+000,-0.14356453465424140E-016)
 0.25132741228718340E+001  0.62831853071795851E+000
( 0.26555580283004937E+000,-0.20316990490246816E-016)
 0.25132741228718340E+001  0.12566370614359170E+001
( 0.31100880251347596E+000,-0.38912263750234790E-016)
 0.25132741228718340E+001  0.18849555921538754E+001
( 0.35823920840673218E+000,-0.64140172076471931E-017)
 0.25132741228718340E+001  0.25132741228718340E+001
( 0.39974753337270535E+000,-0.69280497920064422E-017)
 0.25132741228718340E+001  0.31415926535897927E+001
( 0.41120362128030946E+000,-0.18022390588596586E-016)
 0.31415926535897927E+001 -0.25132741228718340E+001
( 0.40557565117718131E+000, 0.10857075620316860E-016)
 0.31415926535897927E+001 -0.18849555921538754E+001
( 0.35405819118974519E+000, 0.56077435060009945E-017)
 0.31415926535897927E+001 -0.12566370614359170E+001
( 0.31769654489107751E+000, 0.13615036077214016E-016)
 0.31415926535897927E+001 -0.62831853071795851E+000
( 0.28932230042384993E+000, 0.20210613742390253E-016)
 0.31415926535897927E+001  0.00000000000000000E+000
( 0.26788686460329136E+000, 0.25889844491202601E-017)
 0.31415926535897927E+001  0.62831853071795851E+000
( 0.28932230042384993E+000,-0.20424448305011964E-016)
 0.31415926535897927E+001  0.12566370614359170E+001
( 0.31769654489107751E+000,-0.14567217544738185E-016)
 0.31415926535897927E+001  0.18849555921538754E+001
( 0.35405819118974519E+000,-0.17605272786643690E-016)
 0.31415926535897927E+001  0.25132741228718340E+001
( 0.40557565117718142E+000,-0.18162681818606084E-016)
 0.31415926535897927E+001  0.31415926535897927E+001
( 0.42349997983716658E+000,-0.41612884666496994E-017)
