          11           9   2.0000000000000000                1
     0.0000000        0.22162713        0.01190660
     0.1000000        0.15149185        0.00485694
     0.2000000        0.11118092        0.00261804
     0.3000000        0.08549185        0.00205420
     0.4000000        0.06769437        0.00269440
     0.5000000        0.05366549        0.00483654
     0.6000000        0.03949542        0.00168348
     0.7000000        0.03136055        0.00263259
     0.8000000        0.02949596        0.00152401
     0.9000000        0.02712318        0.00191156
     1.0000000        0.02859534        0.00295543
