 0.10000000000000000E+001          1         16
( 0.00000000000000000E+000, 0.00000000000000000E+000)
-0.15707963267948966E+001 -0.15707963267948966E+001
( 0.63155032888916296E+000, 0.92741474003623524E-016)
-0.15707963267948966E+001  0.00000000000000000E+000
( 0.39810249044898549E+000,-0.64242390345406024E-016)
-0.15707963267948966E+001  0.15707963267948966E+001
( 0.58110636689806106E+000, 0.12984226613957246E-015)
-0.15707963267948966E+001  0.31415926535897931E+001
( 0.84793967638387224E+000, 0.46371166468261797E-016)
 0.00000000000000000E+000 -0.15707963267948966E+001
( 0.35795961107147278E+000, 0.73729742165175645E-016)
 0.00000000000000000E+000  0.00000000000000000E+000
(-0.12447315849529128E+000, 0.00000000000000000E+000)
 0.00000000000000000E+000  0.15707963267948966E+001
( 0.35795961107147278E+000,-0.73729742165175645E-016)
 0.00000000000000000E+000  0.31415926535897931E+001
( 0.52889082154867328E+000,-0.19073969363422213E-016)
 0.15707963267948966E+001 -0.15707963267948966E+001
( 0.58110636689806106E+000,-0.12984226613957246E-015)
 0.15707963267948966E+001  0.00000000000000000E+000
( 0.39810249044898549E+000, 0.64242390345406024E-016)
 0.15707963267948966E+001  0.15707963267948966E+001
( 0.63155032888916296E+000,-0.92741474003623524E-016)
 0.15707963267948966E+001  0.31415926535897931E+001
( 0.84793967638387224E+000,-0.12057275074015962E-015)
 0.31415926535897931E+001 -0.15707963267948966E+001
( 0.86350183100733569E+000, 0.86321974684476720E-016)
 0.31415926535897931E+001  0.00000000000000000E+000
( 0.63549422774699060E+000,-0.17462478228296395E-016)
 0.31415926535897931E+001  0.15707963267948966E+001
( 0.86350183100733569E+000,-0.14075485547940520E-015)
 0.31415926535897931E+001  0.31415926535897931E+001
( 0.38933896017098331E+001, 0.33850959614104552E-015)
 0.10000000000000000E+001          1         16
( 0.00000000000000000E+000, 0.00000000000000000E+000)
-0.15707963267948966E+001 -0.15707963267948966E+001
( 0.59851806090365145E+000, 0.13490929359764048E-015)
-0.15707963267948966E+001  0.00000000000000000E+000
( 0.42586640645438778E+000,-0.59745921457695137E-016)
-0.15707963267948966E+001  0.15707963267948966E+001
( 0.61339094415150208E+000, 0.88596159179800783E-016)
-0.15707963267948966E+001  0.31415926535897931E+001
( 0.78873541932940106E+000,-0.12861940723363507E-016)
 0.00000000000000000E+000 -0.15707963267948966E+001
( 0.41911681148246982E+000,-0.86210481830377601E-016)
 0.00000000000000000E+000  0.00000000000000000E+000
( 0.86125229476694931E-001, 0.00000000000000000E+000)
 0.00000000000000000E+000  0.15707963267948966E+001
( 0.41911681148246982E+000, 0.86210481830377601E-016)
 0.00000000000000000E+000  0.31415926535897931E+001
( 0.65595805902314308E+000,-0.58875099669817124E-017)
 0.15707963267948966E+001 -0.15707963267948966E+001
( 0.61339094415150208E+000,-0.88596159179800783E-016)
 0.15707963267948966E+001  0.00000000000000000E+000
( 0.42586640645438778E+000, 0.59745921457695137E-016)
 0.15707963267948966E+001  0.15707963267948966E+001
( 0.59851806090365145E+000,-0.13490929359764048E-015)
 0.15707963267948966E+001  0.31415926535897931E+001
( 0.78873541932940106E+000,-0.61045244134730601E-016)
 0.31415926535897931E+001 -0.15707963267948966E+001
( 0.81664964950899188E+000, 0.13398782663955281E-015)
 0.31415926535897931E+001  0.00000000000000000E+000
( 0.62728949108461429E+000,-0.84695404528746071E-017)
 0.31415926535897931E+001  0.15707963267948966E+001
( 0.81664964950899188E+000,-0.18657728216599073E-015)
 0.31415926535897931E+001  0.31415926535897931E+001
( 0.35215376355325256E+001, 0.31323726098565280E-015)
 0.10000000000000000E+001          1         16
( 0.00000000000000000E+000, 0.00000000000000000E+000)
-0.15707963267948966E+001 -0.15707963267948966E+001
( 0.62644668217169430E+000, 0.10739820079289478E-015)
-0.15707963267948966E+001  0.00000000000000000E+000
( 0.43242061168764739E+000,-0.48261471227892963E-017)
-0.15707963267948966E+001  0.15707963267948966E+001
( 0.62618398325727687E+000,-0.51686196517411314E-016)
-0.15707963267948966E+001  0.31415926535897931E+001
( 0.79201531773501399E+000, 0.15125393462862689E-015)
 0.00000000000000000E+000 -0.15707963267948966E+001
( 0.42932802560090061E+000, 0.22503553982479167E-016)
 0.00000000000000000E+000  0.00000000000000000E+000
( 0.84055741600881695E-001, 0.00000000000000000E+000)
 0.00000000000000000E+000  0.15707963267948966E+001
( 0.42932802560090061E+000,-0.22503553982479167E-016)
 0.00000000000000000E+000  0.31415926535897931E+001
( 0.60305626484266261E+000,-0.10504043266299496E-016)
 0.15707963267948966E+001 -0.15707963267948966E+001
( 0.62618398325727687E+000, 0.51686196517411314E-016)
 0.15707963267948966E+001  0.00000000000000000E+000
( 0.43242061168764739E+000, 0.48261471227892963E-017)
 0.15707963267948966E+001  0.15707963267948966E+001
( 0.62644668217169430E+000,-0.10739820079289478E-015)
 0.15707963267948966E+001  0.31415926535897931E+001
( 0.79201531773501399E+000,-0.11064089616430382E-015)
 0.31415926535897931E+001 -0.15707963267948966E+001
( 0.82658281896813746E+000, 0.12964686024667922E-015)
 0.31415926535897931E+001  0.00000000000000000E+000
( 0.62315155414239909E+000,-0.96522942455785925E-017)
 0.31415926535897931E+001  0.15707963267948966E+001
( 0.82658281896813746E+000,-0.18475630538948574E-015)
 0.31415926535897931E+001  0.31415926535897931E+001
( 0.34449097426131234E+001, 0.29874224027280653E-015)
 0.10000000000000000E+001          1         16
( 0.00000000000000000E+000, 0.00000000000000000E+000)
-0.15707963267948966E+001 -0.15707963267948966E+001
( 0.84635084960307272E+000, 0.18692356786926686E-015)
-0.15707963267948966E+001  0.00000000000000000E+000
( 0.41814326041658922E+000, 0.10657573718101690E-015)
-0.15707963267948966E+001  0.15707963267948966E+001
( 0.41707408839419619E+000, 0.14301892537632619E-015)
-0.15707963267948966E+001  0.31415926535897931E+001
( 0.78699175581730652E+000,-0.23687152066279823E-015)
 0.00000000000000000E+000 -0.15707963267948966E+001
( 0.40071243522524042E+000,-0.11945128780169890E-015)
 0.00000000000000000E+000  0.00000000000000000E+000
( 0.47195051100641600E+000, 0.00000000000000000E+000)
 0.00000000000000000E+000  0.15707963267948966E+001
( 0.40071243522524042E+000, 0.11945128780169890E-015)
 0.00000000000000000E+000  0.31415926535897931E+001
( 0.54162805286512683E-001,-0.16857970678366474E-016)
 0.15707963267948966E+001 -0.15707963267948966E+001
( 0.41707408839419619E+000,-0.14301892537632619E-015)
 0.15707963267948966E+001  0.00000000000000000E+000
( 0.41814326041658922E+000,-0.10657573718101690E-015)
 0.15707963267948966E+001  0.15707963267948966E+001
( 0.84635084960307272E+000,-0.18692356786926686E-015)
 0.15707963267948966E+001  0.31415926535897931E+001
( 0.78699175581730652E+000, 0.26916965441742169E-015)
 0.31415926535897931E+001 -0.15707963267948966E+001
( 0.81168694758126991E+000, 0.16372623844650498E-015)
 0.31415926535897931E+001  0.00000000000000000E+000
( 0.21910016600323234E+000,-0.88931305629975404E-017)
 0.31415926535897931E+001  0.15707963267948966E+001
( 0.81168694758126991E+000,-0.22548621796167072E-015)
 0.31415926535897931E+001  0.31415926535897931E+001
( 0.41343319238899534E+001, 0.32726049117801834E-015)
 0.10000000000000000E+001          1         16
( 0.00000000000000000E+000, 0.00000000000000000E+000)
-0.15707963267948966E+001 -0.15707963267948966E+001
( 0.58086073018802376E+000,-0.33462003180943072E-016)
-0.15707963267948966E+001  0.00000000000000000E+000
( 0.43575497489963610E+000, 0.16024528572567929E-015)
-0.15707963267948966E+001  0.15707963267948966E+001
( 0.67222071994563914E+000,-0.13493622002224876E-015)
-0.15707963267948966E+001  0.31415926535897931E+001
( 0.79263903753881826E+000,-0.69295242767000986E-016)
 0.00000000000000000E+000 -0.15707963267948966E+001
( 0.41979112125223672E+000,-0.17150319408864413E-015)
 0.00000000000000000E+000  0.00000000000000000E+000
( 0.10084765961730013E+000, 0.00000000000000000E+000)
 0.00000000000000000E+000  0.15707963267948966E+001
( 0.41979112125223672E+000, 0.17150319408864413E-015)
 0.00000000000000000E+000  0.31415926535897931E+001
( 0.57641054306342110E+000,-0.99394807897412577E-017)
 0.15707963267948966E+001 -0.15707963267948966E+001
( 0.67222071994563914E+000, 0.13493622002224876E-015)
 0.15707963267948966E+001  0.00000000000000000E+000
( 0.43575497489963610E+000,-0.16024528572567929E-015)
 0.15707963267948966E+001  0.15707963267948966E+001
( 0.58086073018802376E+000, 0.33462003180943072E-016)
 0.15707963267948966E+001  0.31415926535897931E+001
( 0.79263903753881826E+000,-0.53120797066767666E-017)
 0.31415926535897931E+001 -0.15707963267948966E+001
( 0.80283633168457380E+000,-0.62577254296643876E-016)
 0.31415926535897931E+001  0.00000000000000000E+000
( 0.56527513782188765E+000,-0.12576335936188401E-016)
 0.31415926535897931E+001  0.15707963267948966E+001
( 0.80283633168457380E+000, 0.33365640465493295E-017)
 0.31415926535897931E+001  0.31415926535897931E+001
( 0.35902067716179218E+001, 0.31419222844654520E-015)
