          31           9   6.0000000000000000                1
     0.0000000        0.35340939        0.00667993
     0.1000000        0.19327693        0.00565975
     0.2000000        0.11251073        0.00314379
     0.3000000        0.06623570        0.00581631
     0.4000000        0.03662449        0.00440728
     0.5000000        0.02444366        0.00202547
     0.6000000        0.01938953        0.00294867
     0.7000000        0.01169195        0.00211040
     0.8000000        0.00975653        0.00370203
     0.9000000        0.00808498        0.00361780
     1.0000000        0.00396213        0.00353138
     1.1000000        0.00203840        0.00260412
     1.2000000        0.00121888        0.00257995
     1.3000000        0.00264321        0.00231111
     1.4000000       -0.00320880        0.00308587
     1.5000000       -0.00141454        0.00329462
     1.6000000       -0.00085090        0.00278672
     1.7000000       -0.00225231        0.00279546
     1.8000000       -0.00259366        0.00380243
     1.9000000       -0.00224856        0.00257594
     2.0000000       -0.00228952        0.00225411
     2.1000000       -0.00471603        0.00439459
     2.2000000        0.00533854        0.00166568
     2.3000000       -0.00187899        0.00107378
     2.4000000        0.00134378        0.00109398
     2.5000000        0.00207234        0.00287041
     2.6000000       -0.00013940        0.00277808
     2.7000000       -0.00251666        0.00368213
     2.8000000       -0.00444597        0.00358572
     2.9000000       -0.00332080        0.00463350
     3.0000000       -0.00436376        0.00543647
