          21           9   2.0000000000000000                1
     0.0000000        1.87424817        0.00371575
     0.1000000        1.34220051        0.00350783
     0.2000000        0.97929500        0.00342608
     0.3000000        0.72257090        0.00216890
     0.4000000        0.53802724        0.00107665
     0.5000000        0.40674948        0.00186784
     0.6000000        0.31407003        0.00141493
     0.7000000        0.24158604        0.00128649
     0.8000000        0.19215409        0.00183288
     0.9000000        0.15682718        0.00238421
     1.0000000        0.13041116        0.00220969
     1.1000000        0.11019062        0.00136924
     1.2000000        0.09387288        0.00098038
     1.3000000        0.08234878        0.00115992
     1.4000000        0.07414427        0.00121959
     1.5000000        0.07113762        0.00151159
     1.6000000        0.07281798        0.00192989
     1.7000000        0.07843734        0.00220438
     1.8000000        0.08602806        0.00265709
     1.9000000        0.09760308        0.00261009
     2.0000000        0.12575183        0.00371575
