          41           4   10.000000000000000                1
     0.0000000        0.38455569        0.00605742
     0.1250000        0.17817755        0.00400369
     0.2500000        0.08692248        0.00213871
     0.3750000        0.04495741        0.00114470
     0.5000000        0.02448990        0.00089482
     0.6250000        0.01426575        0.00065427
     0.7500000        0.00914950        0.00066009
     0.8750000        0.00615083        0.00084976
     1.0000000        0.00423341        0.00080447
     1.1250000        0.00284740        0.00061198
     1.2500000        0.00207740        0.00029280
     1.3750000        0.00158383        0.00009350
     1.5000000        0.00123533        0.00023079
     1.6250000        0.00122525        0.00050593
     1.7500000        0.00105075        0.00061575
     1.8750000        0.00101346        0.00043670
     2.0000000        0.00107461        0.00027336
     2.1250000        0.00100354        0.00032959
     2.2500000        0.00086438        0.00038301
     2.3750000        0.00064893        0.00036135
     2.5000000        0.00046414        0.00031097
     2.6250000        0.00029798        0.00035562
     2.7500000        0.00031531        0.00049221
     2.8750000        0.00042924        0.00051711
     3.0000000        0.00053531        0.00047902
     3.1250000        0.00052467        0.00042028
     3.2500000        0.00045756        0.00036956
     3.3750000        0.00037501        0.00034276
     3.5000000        0.00019095        0.00018805
     3.6250000        0.00007456        0.00010807
     3.7500000       -0.00008360        0.00021442
     3.8750000       -0.00016742        0.00021226
     4.0000000       -0.00014630        0.00014672
     4.1250000       -0.00019247        0.00015753
     4.2500000       -0.00016852        0.00015871
     4.3750000       -0.00007451        0.00010375
     4.5000000       -0.00007543        0.00012720
     4.6250000       -0.00014543        0.00017076
     4.7500000       -0.00017075        0.00019065
     4.8750000       -0.00021794        0.00020246
     5.0000000       -0.00029224        0.00021718
