          51           9   10.000000000000000                1
     0.0000000        0.73668096        0.00654892
     0.1000000        0.62119807        0.00631172
     0.2000000        0.53504368        0.00588682
     0.3000000        0.46824821        0.00562922
     0.4000000        0.41510482        0.00550581
     0.5000000        0.37169686        0.00531205
     0.6000000        0.33530529        0.00512288
     0.7000000        0.30434075        0.00480431
     0.8000000        0.27768765        0.00434890
     0.9000000        0.25449762        0.00397359
     1.0000000        0.23433290        0.00378857
     1.1000000        0.21667645        0.00368179
     1.2000000        0.20092558        0.00350632
     1.3000000        0.18689471        0.00332338
     1.4000000        0.17438807        0.00314700
     1.5000000        0.16303544        0.00298236
     1.6000000        0.15269644        0.00276678
     1.7000000        0.14352847        0.00262355
     1.8000000        0.13526036        0.00248832
     1.9000000        0.12763649        0.00228803
     2.0000000        0.12077135        0.00216362
     2.1000000        0.11454927        0.00209077
     2.2000000        0.10880169        0.00204212
     2.3000000        0.10357235        0.00207069
     2.4000000        0.09885649        0.00216469
     2.5000000        0.09455525        0.00221831
     2.6000000        0.09054296        0.00220204
     2.7000000        0.08691341        0.00218069
     2.8000000        0.08357258        0.00213072
     2.9000000        0.08030436        0.00202901
     3.0000000        0.07721562        0.00196265
     3.1000000        0.07441766        0.00191878
     3.2000000        0.07188659        0.00182287
     3.3000000        0.06952604        0.00169427
     3.4000000        0.06729124        0.00154428
     3.5000000        0.06531745        0.00143055
     3.6000000        0.06352825        0.00137623
     3.7000000        0.06180679        0.00132075
     3.8000000        0.06028170        0.00128868
     3.9000000        0.05907684        0.00131121
     4.0000000        0.05805604        0.00134355
     4.1000000        0.05710006        0.00134954
     4.2000000        0.05632993        0.00131703
     4.3000000        0.05570070        0.00125360
     4.4000000        0.05510385        0.00120638
     4.5000000        0.05461399        0.00114277
     4.6000000        0.05423082        0.00110375
     4.7000000        0.05384426        0.00109981
     4.8000000        0.05352431        0.00108440
     4.9000000        0.05338976        0.00108824
     5.0000000        0.05337317        0.00110043
