          51           4   10.000000000000000                1
     0.0000000        0.03881797        0.03677617
     0.1000000        0.01978401        0.02371917
     0.2000000       -0.00023176        0.02373188
     0.3000000        0.01758440        0.01209528
     0.4000000       -0.01222757        0.01743799
     0.5000000       -0.01287272        0.02354318
     0.6000000       -0.01064689        0.02240356
     0.7000000       -0.00459148        0.01070188
     0.8000000       -0.00717552        0.01325790
     0.9000000        0.00026558        0.01322504
     1.0000000       -0.02174734        0.01498489
     1.1000000       -0.00404746        0.00748030
     1.2000000       -0.00603660        0.00531600
     1.3000000        0.01121672        0.01027369
     1.4000000        0.02567424        0.00911521
     1.5000000        0.00716028        0.00987745
     1.6000000       -0.00119261        0.00971791
     1.7000000       -0.00781110        0.02176966
     1.8000000        0.00734051        0.00593336
     1.9000000        0.00571596        0.00423381
     2.0000000        0.02365058        0.01283152
     2.1000000       -0.00248120        0.00683527
     2.2000000        0.00218105        0.00819145
     2.3000000       -0.00707188        0.00558817
     2.4000000       -0.00047740        0.01027579
     2.5000000       -0.01844820        0.00403961
     2.6000000       -0.00435362        0.00573969
     2.7000000       -0.01921638        0.01037366
     2.8000000       -0.01165499        0.00981805
     2.9000000       -0.00304318        0.00169176
     3.0000000        0.00716960        0.01458148
     3.1000000        0.00601587        0.00812317
     3.2000000       -0.00248346        0.01435753
     3.3000000       -0.00728413        0.01441995
     3.4000000       -0.02062339        0.02102693
     3.5000000        0.01757286        0.00642106
     3.6000000       -0.00198552        0.00569059
     3.7000000        0.02260742        0.01893187
     3.8000000        0.02033974        0.01251862
     3.9000000        0.02431101        0.02325445
     4.0000000        0.03837210        0.01907314
     4.1000000        0.03094843        0.00695284
     4.2000000        0.02117376        0.00661794
     4.3000000        0.02898466        0.02388138
     4.4000000        0.00965376        0.01299367
     4.5000000        0.00986581        0.00626243
     4.6000000       -0.00614083        0.01857295
     4.7000000       -0.01227962        0.01327896
     4.8000000       -0.00057900        0.01136094
     4.9000000        0.00338901        0.01298865
     5.0000000        0.00193353        0.02518278
