          31           4   6.0000000000000000                1
     0.0000000        0.24876499        0.02392743
     0.1000000        0.23639878        0.02373922
     0.2000000        0.22510260        0.02329831
     0.3000000        0.21486493        0.02283435
     0.4000000        0.20534270        0.02231987
     0.5000000        0.19641341        0.02179339
     0.6000000        0.18813521        0.02136176
     0.7000000        0.18037778        0.02118582
     0.8000000        0.17290998        0.02102861
     0.9000000        0.16556339        0.02052611
     1.0000000        0.15833971        0.01976214
     1.1000000        0.15136899        0.01903056
     1.2000000        0.14476969        0.01839513
     1.3000000        0.13903202        0.01790807
     1.4000000        0.13442926        0.01766345
     1.5000000        0.13053746        0.01754323
     1.6000000        0.12674822        0.01719476
     1.7000000        0.12270131        0.01648312
     1.8000000        0.11873554        0.01547696
     1.9000000        0.11512673        0.01437065
     2.0000000        0.11232291        0.01336248
     2.1000000        0.11011235        0.01247007
     2.2000000        0.10793571        0.01173506
     2.3000000        0.10634448        0.01134619
     2.4000000        0.10519185        0.01111720
     2.5000000        0.10364675        0.01081481
     2.6000000        0.10178502        0.01037293
     2.7000000        0.10000090        0.00953878
     2.8000000        0.09860703        0.00859012
     2.9000000        0.09786813        0.00808013
     3.0000000        0.09767353        0.00797657
