          41           4   8.0000000000000000                1
     0.0000000        0.30054809        0.04089514
     0.1000000        0.16926100        0.02924340
     0.2000000        0.10908164        0.02046172
     0.3000000        0.05763439        0.02004291
     0.4000000        0.03452277        0.01720135
     0.5000000        0.03119072        0.01343740
     0.6000000        0.01255694        0.01188684
     0.7000000        0.00742373        0.01441355
     0.8000000        0.00705532        0.01402335
     0.9000000        0.00447961        0.01428286
     1.0000000        0.00162570        0.01899773
     1.1000000        0.00074737        0.01580320
     1.2000000       -0.00219278        0.00989311
     1.3000000       -0.00446215        0.01083298
     1.4000000       -0.00281138        0.01176207
     1.5000000       -0.00153697        0.00818438
     1.6000000       -0.00081541        0.00630721
     1.7000000       -0.00315417        0.00345124
     1.8000000        0.00138922        0.00405578
     1.9000000        0.00569465        0.00699010
     2.0000000        0.00454274        0.00654091
     2.1000000        0.00250119        0.00582589
     2.2000000        0.00074598        0.00724408
     2.3000000       -0.00186141        0.01243154
     2.4000000       -0.00410512        0.01402635
     2.5000000        0.00184754        0.01019883
     2.6000000        0.00278612        0.00503748
     2.7000000        0.00394413        0.00459093
     2.8000000        0.00179766        0.00644359
     2.9000000        0.00789651        0.00574983
     3.0000000        0.00529285        0.00259599
     3.1000000        0.00706860        0.00467802
     3.2000000        0.00925887        0.00553993
     3.3000000        0.00608826        0.00185412
     3.4000000        0.00512051        0.00376084
     3.5000000        0.01233682        0.00344579
     3.6000000        0.01392075        0.00180351
     3.7000000        0.01275322        0.00277842
     3.8000000        0.01338599        0.00442166
     3.9000000        0.00565788        0.00641533
     4.0000000        0.01391030        0.01030990
