          51           9   10.000000000000000                1
     0.0000000        0.59555385        0.02920125
     0.1000000        0.48331605        0.02835864
     0.2000000        0.40271942        0.02669375
     0.3000000        0.34382733        0.02524589
     0.4000000        0.29920135        0.02487269
     0.5000000        0.26428522        0.02515645
     0.6000000        0.23603604        0.02521691
     0.7000000        0.21140261        0.02471502
     0.8000000        0.18902939        0.02389830
     0.9000000        0.17152516        0.02346371
     1.0000000        0.15690754        0.02379879
     1.1000000        0.14201221        0.02426017
     1.2000000        0.12823706        0.02405107
     1.3000000        0.11686125        0.02340101
     1.4000000        0.10756212        0.02254976
     1.5000000        0.10076675        0.02178068
     1.6000000        0.09380412        0.02063369
     1.7000000        0.08694555        0.01939047
     1.8000000        0.08135299        0.01859841
     1.9000000        0.07722476        0.01797649
     2.0000000        0.07305867        0.01756296
     2.1000000        0.06871612        0.01643057
     2.2000000        0.06547423        0.01474569
     2.3000000        0.06252162        0.01302726
     2.4000000        0.05778795        0.01174432
     2.5000000        0.05183630        0.01095731
     2.6000000        0.04699127        0.01005700
     2.7000000        0.04396681        0.00908764
     2.8000000        0.04120484        0.00884400
     2.9000000        0.03668920        0.00940465
     3.0000000        0.03174469        0.01018307
     3.1000000        0.02733795        0.01002089
     3.2000000        0.02368004        0.00929776
     3.3000000        0.02175870        0.00873409
     3.4000000        0.02162872        0.00857597
     3.5000000        0.02136380        0.00939913
     3.6000000        0.02106404        0.01072513
     3.7000000        0.02149538        0.01189053
     3.8000000        0.02305731        0.01292828
     3.9000000        0.02547488        0.01362911
     4.0000000        0.02740293        0.01382856
     4.1000000        0.02802229        0.01349187
     4.2000000        0.02835913        0.01325212
     4.3000000        0.02850108        0.01351994
     4.4000000        0.02861500        0.01345217
     4.5000000        0.02854636        0.01339490
     4.6000000        0.02880522        0.01379369
     4.7000000        0.03069154        0.01407074
     4.8000000        0.03115059        0.01378848
     4.9000000        0.03007607        0.01341829
     5.0000000        0.02981713        0.01342158
