          51           4   5.0000000000000000                1
     0.0000000        1.72187435        0.02217207
     0.1000000        1.42654531        0.03089383
     0.2000000        1.18172993        0.02888976
     0.3000000        0.97943572        0.03555327
     0.4000000        0.82463879        0.04972788
     0.5000000        0.70026718        0.03676131
     0.6000000        0.60348175        0.04229846
     0.7000000        0.49658619        0.03714629
     0.8000000        0.41245174        0.03471017
     0.9000000        0.35098269        0.04003656
     1.0000000        0.28522092        0.03309387
     1.1000000        0.24883840        0.02950918
     1.2000000        0.21400955        0.02225373
     1.3000000        0.18640895        0.01729693
     1.4000000        0.16533313        0.01954832
     1.5000000        0.14597580        0.02052317
     1.6000000        0.13860752        0.02043529
     1.7000000        0.11024137        0.02795450
     1.8000000        0.09766753        0.02132016
     1.9000000        0.09146748        0.01741010
     2.0000000        0.09923401        0.02102803
     2.1000000        0.08205228        0.01334124
     2.2000000        0.07820788        0.02458595
     2.3000000        0.08037073        0.02946447
     2.4000000        0.04551515        0.01174135
     2.5000000        0.03829391        0.01672630
     2.6000000        0.02612417        0.01927309
     2.7000000        0.02830740        0.01280941
     2.8000000        0.02301737        0.01876814
     2.9000000        0.02231997        0.01521009
     3.0000000        0.02718067        0.01461437
     3.1000000        0.02659206        0.02084675
     3.2000000        0.02275581        0.02523828
     3.3000000        0.01974868        0.02780031
     3.4000000        0.02674637        0.02117771
     3.5000000        0.03593259        0.00939323
     3.6000000        0.03789128        0.01034469
     3.7000000        0.03831452        0.00988344
     3.8000000        0.04045882        0.00597208
     3.9000000        0.04700149        0.01254088
     4.0000000        0.05344308        0.00787885
     4.1000000        0.05754977        0.01103442
     4.2000000        0.07385636        0.01282967
     4.3000000        0.07699812        0.01289894
     4.4000000        0.08645234        0.01755345
     4.5000000        0.09165388        0.02938283
     4.6000000        0.10100338        0.02923300
     4.7000000        0.11993454        0.03147380
     4.8000000        0.15258550        0.00707675
     4.9000000        0.21657395        0.01293190
     5.0000000        0.27812565        0.02217207
