          31           4   6.0000000000000000                1
     0.0000000        1.13882813        0.05618430
     0.1000000        0.94671011        0.05648508
     0.2000000        0.80579802        0.05536062
     0.3000000        0.70031990        0.05473287
     0.4000000        0.62561569        0.05621453
     0.5000000        0.56951907        0.05886473
     0.6000000        0.52119940        0.05921711
     0.7000000        0.47690926        0.05697467
     0.8000000        0.43593214        0.05163827
     0.9000000        0.39926099        0.04579013
     1.0000000        0.36777825        0.04258834
     1.1000000        0.34080994        0.04108170
     1.2000000        0.31823225        0.03868993
     1.3000000        0.29791431        0.03599269
     1.4000000        0.28008927        0.03386718
     1.5000000        0.26547980        0.03293901
     1.6000000        0.25433157        0.03377405
     1.7000000        0.24666370        0.03638519
     1.8000000        0.23793348        0.03689257
     1.9000000        0.22515296        0.03428031
     2.0000000        0.21134760        0.03072281
     2.1000000        0.20069201        0.02736981
     2.2000000        0.19434836        0.02373983
     2.3000000        0.19093767        0.01971842
     2.4000000        0.18908243        0.01683612
     2.5000000        0.18572818        0.01563279
     2.6000000        0.18263882        0.01727968
     2.7000000        0.18010491        0.01916846
     2.8000000        0.17648405        0.01982410
     2.9000000        0.17495403        0.02255135
     3.0000000        0.17558532        0.02504416
