          11           4   2.0000000000000000                1
     0.0000000        0.77660294        0.11385322
     0.1000000        0.70681046        0.13691075
     0.2000000        0.75615055        0.11315777
     0.3000000        0.64780357        0.13884388
     0.4000000        0.58865938        0.11030683
     0.5000000        0.66376972        0.15606175
     0.6000000        0.57955551        0.17485509
     0.7000000        0.44895674        0.08470720
     0.8000000        0.51122228        0.09072193
     0.9000000        0.41335909        0.06584717
     1.0000000        0.37527950        0.11380520
