          81           4   10.000000000000000                1
     0.0000000        1.04342595        0.06513957
     0.1250000        0.87924927        0.05529448
     0.2500000        0.71163865        0.06463082
     0.3750000        0.67837933        0.05580921
     0.5000000        0.57551327        0.06531305
     0.6250000        0.46688530        0.06808611
     0.7500000        0.42975731        0.03214194
     0.8750000        0.34979384        0.06731253
     1.0000000        0.36162374        0.03691157
     1.1250000        0.30728966        0.05613700
     1.2500000        0.26598846        0.06402011
     1.3750000        0.21625900        0.10239501
     1.5000000        0.14423653        0.12047114
     1.6250000        0.19167288        0.06935357
     1.7500000        0.16189722        0.06364656
     1.8750000        0.09602365        0.08231954
     2.0000000        0.14680713        0.04818427
     2.1250000        0.15317260        0.02514534
     2.2500000        0.17080695        0.04337466
     2.3750000        0.18183826        0.06244071
     2.5000000        0.22087657        0.09298551
     2.6250000        0.30446971        0.20177168
     2.7500000        0.22863088        0.11518503
     2.8750000        0.09155042        0.01650304
     3.0000000        0.08036600        0.01100512
     3.1250000        0.01839529        0.06094750
     3.2500000       -0.07198341        0.14226802
     3.3750000       -0.05200225        0.11981984
     3.5000000       -0.15279764        0.20870026
     3.6250000       -0.14478322        0.22033533
     3.7500000       -0.11035923        0.19761123
     3.8750000       -0.09619595        0.16547623
     4.0000000       -0.01433999        0.04654307
     4.1250000       -0.09136560        0.11004818
     4.2500000       -0.10850210        0.10066048
     4.3750000       -0.08135140        0.07018505
     4.5000000       -0.05251519        0.05426621
     4.6250000       -0.04095202        0.03770345
     4.7500000       -0.07150200        0.07217203
     4.8750000       -0.02085103        0.04099334
     5.0000000       -0.04444201        0.07025872
     5.1250000       -0.00539994        0.03725511
     5.2500000        0.00176829        0.01634587
     5.3750000       -0.01635698        0.02140222
     5.5000000       -0.00883975        0.01742968
     5.6250000        0.00801503        0.01777813
     5.7500000        0.00887255        0.01414379
     5.8750000        0.03111243        0.00994437
     6.0000000        0.03762400        0.01788372
     6.1250000        0.04273296        0.01872668
     6.2500000        0.02037212        0.02129485
     6.3750000        0.01632883        0.01899317
     6.5000000        0.01413927        0.02052207
     6.6250000        0.02183364        0.02620589
     6.7500000        0.03636811        0.02429148
     6.8750000        0.05265860        0.03345125
     7.0000000        0.02455776        0.03086236
     7.1250000        0.02724806        0.06795208
     7.2500000        0.01561411        0.06714200
     7.3750000        0.01546009        0.08571079
     7.5000000        0.00577049        0.09521859
     7.6250000        0.03656337        0.06005725
     7.7500000        0.06511861        0.05060649
     7.8750000        0.06816940        0.05599401
     8.0000000        0.06769440        0.07151953
     8.1250000        0.09275145        0.05694789
     8.2500000        0.10541583        0.05482428
     8.3750000        0.12667081        0.08129900
     8.5000000        0.13192161        0.07082286
     8.6250000        0.13944799        0.09564525
     8.7500000        0.15985640        0.10993817
     8.8750000        0.23967124        0.12016488
     9.0000000        0.23504226        0.15641507
     9.1250000        0.32448526        0.11358831
     9.2500000        0.38390926        0.09338843
     9.3750000        0.47802745        0.09901690
     9.5000000        0.59752569        0.10933210
     9.6250000        0.60348063        0.08569951
     9.7500000        0.69641097        0.10803383
     9.8750000        0.82304155        0.08936991
    10.0000000        0.95657405        0.06513957
