          11           4   2.0000000000000000                1
     0.0000000        0.33183999        0.34860542
     0.1000000        0.11480532        0.41590612
     0.2000000       -0.80494205        1.50344574
     0.3000000        0.22846958        0.23443216
     0.4000000        0.43711957        0.12312776
     0.5000000        0.48442474        0.16140446
     0.6000000        0.65509355        0.17110189
     0.7000000        0.37067917        0.11644719
     0.8000000        0.37131866        0.16835323
     0.9000000        0.87889788        0.47657374
     1.0000000        1.08863859        0.28551391
