          21           9   2.0000000000000000                1
     0.0000000        0.14051436        0.00199586
     0.1000000        0.11436203        0.00152074
     0.2000000        0.09685277        0.00192641
     0.3000000        0.09210897        0.00197538
     0.4000000        0.08874446        0.00248553
     0.5000000        0.09213532        0.00206651
     0.6000000        0.09671281        0.00190423
     0.7000000        0.10556826        0.00179671
     0.8000000        0.11874060        0.00092625
     0.9000000        0.13480976        0.00113134
     1.0000000        0.15823623        0.00156839
     1.1000000        0.18782240        0.00160911
     1.2000000        0.23135529        0.00147887
     1.3000000        0.28770549        0.00120572
     1.4000000        0.35912834        0.00274370
     1.5000000        0.45582914        0.00292896
     1.6000000        0.58779178        0.00323815
     1.7000000        0.76713011        0.00281293
     1.8000000        1.01744940        0.00268542
     1.9000000        1.36694359        0.00238886
     2.0000000        1.85948564        0.00199586
