          51           4   10.000000000000000                1
     0.0000000        0.60661723        0.03261476
     0.1000000        0.49602483        0.02662121
     0.2000000        0.41660790        0.02182303
     0.3000000        0.35961112        0.01807914
     0.4000000        0.31750628        0.01504217
     0.5000000        0.28205081        0.01397870
     0.6000000        0.25048397        0.01485117
     0.7000000        0.22577873        0.01582650
     0.8000000        0.20607929        0.01690700
     0.9000000        0.18632382        0.01777388
     1.0000000        0.16842688        0.01769954
     1.1000000        0.15406578        0.01563650
     1.2000000        0.14298106        0.01354501
     1.3000000        0.12970939        0.01206826
     1.4000000        0.11614288        0.01083285
     1.5000000        0.10368921        0.01034065
     1.6000000        0.09003475        0.01099733
     1.7000000        0.08219717        0.01377880
     1.8000000        0.07901748        0.01594905
     1.9000000        0.07280941        0.01616365
     2.0000000        0.06593032        0.01538170
     2.1000000        0.06324267        0.01401894
     2.2000000        0.06116528        0.01214501
     2.3000000        0.05638465        0.00983599
     2.4000000        0.05277689        0.00788573
     2.5000000        0.04930896        0.00661150
     2.6000000        0.04516668        0.00625670
     2.7000000        0.04167946        0.00685217
     2.8000000        0.03778540        0.00651586
     2.9000000        0.03408287        0.00583973
     3.0000000        0.03193308        0.00406716
     3.1000000        0.03061480        0.00311776
     3.2000000        0.03043443        0.00335660
     3.3000000        0.02917342        0.00380240
     3.4000000        0.02522697        0.00479840
     3.5000000        0.02189897        0.00615816
     3.6000000        0.01968399        0.00872925
     3.7000000        0.01773606        0.01052931
     3.8000000        0.01739276        0.00945616
     3.9000000        0.01523370        0.01047796
     4.0000000        0.01381584        0.01242930
     4.1000000        0.01653234        0.01134735
     4.2000000        0.01928428        0.00957643
     4.3000000        0.01788972        0.01024215
     4.4000000        0.01445051        0.01162703
     4.5000000        0.01308271        0.01178599
     4.6000000        0.01311087        0.01225975
     4.7000000        0.01291746        0.01236725
     4.8000000        0.01299045        0.01055390
     4.9000000        0.01500420        0.00909723
     5.0000000        0.01605914        0.00913862
