          41           4   8.0000000000000000                1
     0.0000000        0.80124538        0.03683365
     0.1000000        0.63792239        0.03467075
     0.2000000        0.52399068        0.03254651
     0.3000000        0.43905019        0.03047328
     0.4000000        0.37117017        0.02636152
     0.5000000        0.31652134        0.02151454
     0.6000000        0.27188375        0.01823502
     0.7000000        0.23487666        0.01705533
     0.8000000        0.20361280        0.01625612
     0.9000000        0.17631301        0.01494496
     1.0000000        0.15364314        0.01386270
     1.1000000        0.13526289        0.01297054
     1.2000000        0.11932713        0.01329343
     1.3000000        0.10517937        0.01508445
     1.4000000        0.09285980        0.01655555
     1.5000000        0.07918778        0.01555315
     1.6000000        0.06576221        0.01351000
     1.7000000        0.05513758        0.01168947
     1.8000000        0.04716081        0.01060560
     1.9000000        0.04050282        0.00974666
     2.0000000        0.03550119        0.00924148
     2.1000000        0.03057921        0.00841764
     2.2000000        0.02621132        0.00748681
     2.3000000        0.02303702        0.00712685
     2.4000000        0.01998222        0.00767683
     2.5000000        0.01628129        0.00893948
     2.6000000        0.01232967        0.00949977
     2.7000000        0.00904821        0.00911445
     2.8000000        0.00674072        0.00852364
     2.9000000        0.00517039        0.00783424
     3.0000000        0.00537439        0.00737891
     3.1000000        0.00625508        0.00767816
     3.2000000        0.00726990        0.00892312
     3.3000000        0.00982857        0.01104024
     3.4000000        0.01352514        0.01342623
     3.5000000        0.01766458        0.01607299
     3.6000000        0.01991812        0.01767556
     3.7000000        0.02022471        0.01887770
     3.8000000        0.01957194        0.01915058
     3.9000000        0.01867150        0.01963261
     4.0000000        0.01823755        0.02031751
