          31           9   6.0000000000000000                1
     0.0000000        0.34448289        0.00637206
     0.1000000        0.31294679        0.00616904
     0.2000000        0.28525350        0.00577805
     0.3000000        0.26067092        0.00533360
     0.4000000        0.23876209        0.00485387
     0.5000000        0.21926583        0.00449394
     0.6000000        0.20186150        0.00421405
     0.7000000        0.18649384        0.00392872
     0.8000000        0.17258498        0.00364478
     0.9000000        0.15989690        0.00331247
     1.0000000        0.14853292        0.00305671
     1.1000000        0.13822711        0.00292390
     1.2000000        0.12881137        0.00283488
     1.3000000        0.12039832        0.00273461
     1.4000000        0.11297278        0.00256273
     1.5000000        0.10629316        0.00235732
     1.6000000        0.10032562        0.00211349
     1.7000000        0.09497702        0.00190471
     1.8000000        0.08998162        0.00182017
     1.9000000        0.08544712        0.00178695
     2.0000000        0.08150598        0.00169732
     2.1000000        0.07797630        0.00156943
     2.2000000        0.07501298        0.00149969
     2.3000000        0.07249876        0.00148577
     2.4000000        0.07028669        0.00151867
     2.5000000        0.06855210        0.00154682
     2.6000000        0.06712519        0.00155841
     2.7000000        0.06598959        0.00157909
     2.8000000        0.06528259        0.00159243
     2.9000000        0.06499926        0.00161446
     3.0000000        0.06493486        0.00163724
