   -2.356194     -2.356194
  1    1        0.80398758        0.00494766       -0.00051425        0.00035899
   -2.356194     -1.570796
  1    1        0.74693036        0.00544861       -0.00051425        0.00035899
   -2.356194     -0.785398
  1    1        0.71002429        0.00235323       -0.00051425        0.00035899
   -2.356194      0.000000
  1    1        0.70064602        0.00337184       -0.00051425        0.00035899
   -2.356194      0.785398
  1    1        0.70836593        0.00472680       -0.00051425        0.00035899
   -2.356194      1.570796
  1    1        0.75218137        0.00406799       -0.00051425        0.00035899
   -2.356194      2.356194
  1    1        0.80366644        0.00623557       -0.00051425        0.00035899
   -2.356194      3.141593
  1    1        0.82808628        0.00517925       -0.00051425        0.00035899
   -1.570796     -2.356194
  1    1        0.74008760        0.00504526       -0.00072726        0.00050769
   -1.570796     -1.570796
  1    1        0.63799341        0.00561997       -0.00072726        0.00050769
   -1.570796     -0.785398
  1    1        0.57638020        0.00499280       -0.00072726        0.00050769
   -1.570796      0.000000
  1    1        0.56839869        0.00396503       -0.00072726        0.00050769
   -1.570796      0.785398
  1    1        0.57776827        0.00445182       -0.00072726        0.00050769
   -1.570796      1.570796
  1    1        0.63752116        0.00425495       -0.00072726        0.00050769
   -1.570796      2.356194
  1    1        0.74201574        0.00590666       -0.00072726        0.00050769
   -1.570796      3.141593
  1    1        0.79147475        0.00598855       -0.00072726        0.00050769
   -0.785398     -2.356194
  1    1        0.67338896        0.00772344       -0.00051425        0.00035899
   -0.785398     -1.570796
  1    1        0.51956944        0.00398351       -0.00051425        0.00035899
   -0.785398     -0.785398
  1    1        0.35865961        0.00298208       -0.00051425        0.00035899
   -0.785398      0.000000
  1    1        0.33761030        0.00464996       -0.00051425        0.00035899
   -0.785398      0.785398
  1    1        0.36187423        0.00232965       -0.00051425        0.00035899
   -0.785398      1.570796
  1    1        0.51926138        0.00487628       -0.00051425        0.00035899
   -0.785398      2.356194
  1    1        0.67069660        0.00647967       -0.00051425        0.00035899
   -0.785398      3.141593
  1    1        0.74026638        0.00862127       -0.00051425        0.00035899
    0.000000     -2.356194
  1    1        0.65753772        0.00591463       -0.00000000        0.00000000
    0.000000     -1.570796
  1    1        0.47845724        0.00721798        0.00000000        0.00000000
    0.000000     -0.785398
  1    1        0.23706959        0.00638078        0.00000000        0.00000000
    0.000000      0.000000
  1    1        0.07236218        0.00676410       -0.00000000        0.00000000
    0.000000      0.785398
  1    1        0.23706959        0.00638078       -0.00000000        0.00000000
    0.000000      1.570796
  1    1        0.47845724        0.00721798       -0.00000000        0.00000000
    0.000000      2.356194
  1    1        0.65753772        0.00591463        0.00000000        0.00000000
    0.000000      3.141593
  1    1        0.70439752        0.00729447       -0.00000000        0.00000000
    0.785398     -2.356194
  1    1        0.67069660        0.00647967        0.00051425        0.00035899
    0.785398     -1.570796
  1    1        0.51926138        0.00487628        0.00051425        0.00035899
    0.785398     -0.785398
  1    1        0.36187423        0.00232965        0.00051425        0.00035899
    0.785398      0.000000
  1    1        0.33761030        0.00464996        0.00051425        0.00035899
    0.785398      0.785398
  1    1        0.35865961        0.00298208        0.00051425        0.00035899
    0.785398      1.570796
  1    1        0.51956944        0.00398351        0.00051425        0.00035899
    0.785398      2.356194
  1    1        0.67338896        0.00772344        0.00051425        0.00035899
    0.785398      3.141593
  1    1        0.74026638        0.00862127        0.00051425        0.00035899
    1.570796     -2.356194
  1    1        0.74201574        0.00590666        0.00072726        0.00050769
    1.570796     -1.570796
  1    1        0.63752116        0.00425495        0.00072726        0.00050769
    1.570796     -0.785398
  1    1        0.57776827        0.00445182        0.00072726        0.00050769
    1.570796      0.000000
  1    1        0.56839869        0.00396503        0.00072726        0.00050769
    1.570796      0.785398
  1    1        0.57638020        0.00499280        0.00072726        0.00050769
    1.570796      1.570796
  1    1        0.63799341        0.00561997        0.00072726        0.00050769
    1.570796      2.356194
  1    1        0.74008760        0.00504526        0.00072726        0.00050769
    1.570796      3.141593
  1    1        0.79147475        0.00598855        0.00072726        0.00050769
    2.356194     -2.356194
  1    1        0.80366644        0.00623557        0.00051425        0.00035899
    2.356194     -1.570796
  1    1        0.75218137        0.00406799        0.00051425        0.00035899
    2.356194     -0.785398
  1    1        0.70836593        0.00472680        0.00051425        0.00035899
    2.356194      0.000000
  1    1        0.70064602        0.00337184        0.00051425        0.00035899
    2.356194      0.785398
  1    1        0.71002429        0.00235323        0.00051425        0.00035899
    2.356194      1.570796
  1    1        0.74693036        0.00544861        0.00051425        0.00035899
    2.356194      2.356194
  1    1        0.80398758        0.00494766        0.00051425        0.00035899
    2.356194      3.141593
  1    1        0.82808628        0.00517925        0.00051425        0.00035899
    3.141593     -2.356194
  1    1        0.81823431        0.00325153        0.00000000        0.00000000
    3.141593     -1.570796
  1    1        0.77604442        0.00361448        0.00000000        0.00000000
    3.141593     -0.785398
  1    1        0.75701979        0.00477503        0.00000000        0.00000000
    3.141593      0.000000
  1    1        0.75541027        0.00186426       -0.00000000        0.00000000
    3.141593      0.785398
  1    1        0.75701979        0.00477503       -0.00000000        0.00000000
    3.141593      1.570796
  1    1        0.77604442        0.00361448       -0.00000000        0.00000000
    3.141593      2.356194
  1    1        0.81823431        0.00325153       -0.00000000        0.00000000
    3.141593      3.141593
  1    1        0.83783137        0.00625803       -0.00000000        0.00000000
