 0.10000000000000000E+001          1         64
( 0.00000000000000000E+000, 0.00000000000000000E+000)
-0.23561944901923448E+001 -0.23561944901923448E+001
( 0.35919998122038208E-001, 0.37137866324213564E-003)
-0.23561944901923448E+001 -0.15707963267948966E+001
( 0.58484669486089505E-001, 0.15645541752802678E-002)
-0.23561944901923448E+001 -0.78539816339744828E+000
( 0.12754264226779982E+000,-0.26896444151318717E-002)
-0.23561944901923448E+001  0.00000000000000000E+000
( 0.24165542412378108E+000, 0.28305083067706235E-002)
-0.23561944901923448E+001  0.78539816339744828E+000
( 0.13617260445220269E+000, 0.31496173111794721E-003)
-0.23561944901923448E+001  0.15707963267948966E+001
( 0.59804849600224391E-001,-0.10776870311540849E-002)
-0.23561944901923448E+001  0.23561944901923448E+001
( 0.34498498105291223E-001,-0.99659908290912827E-003)
-0.23561944901923448E+001  0.31415926535897931E+001
( 0.28837005261575274E-001,-0.10318517945263708E-002)
-0.15707963267948966E+001 -0.23561944901923448E+001
( 0.57319780601619866E-001, 0.19082973676727124E-002)
-0.15707963267948966E+001 -0.15707963267948966E+001
( 0.12782773527870878E+000,-0.12806323075336883E-002)
-0.15707963267948966E+001 -0.78539816339744828E+000
( 0.10186535412505129E+001, 0.45542041922402212E-002)
-0.15707963267948966E+001  0.00000000000000000E+000
( 0.16059449947842241E+001,-0.73572824293310273E-003)
-0.15707963267948966E+001  0.78539816339744828E+000
( 0.10235894626779851E+001, 0.68312576931444909E-002)
-0.15707963267948966E+001  0.15707963267948966E+001
( 0.12995101889140609E+000, 0.36093826094032548E-002)
-0.15707963267948966E+001  0.23561944901923448E+001
( 0.54439119915519536E-001, 0.19657266075274872E-002)
-0.15707963267948966E+001  0.31415926535897931E+001
( 0.44692518748009322E-001,-0.47515204029462936E-004)
-0.78539816339744828E+000 -0.23561944901923448E+001
( 0.13579220305727796E+000, 0.16143914728726954E-002)
-0.78539816339744828E+000 -0.15707963267948966E+001
( 0.10069736699459211E+001,-0.91745036226741662E-002)
-0.78539816339744828E+000 -0.78539816339744828E+000
( 0.18107338349227760E+001,-0.41264978553715937E-002)
-0.78539816339744828E+000  0.00000000000000000E+000
( 0.18604712659322775E+001,-0.54535432929400576E-002)
-0.78539816339744828E+000  0.78539816339744828E+000
( 0.18176881112072103E+001, 0.13271703066876708E-003)
-0.78539816339744828E+000  0.15707963267948966E+001
( 0.10245769289581839E+001,-0.10968399868326137E-001)
-0.78539816339744828E+000  0.23561944901923448E+001
( 0.12995768972797550E+000, 0.38050160890497177E-002)
-0.78539816339744828E+000  0.31415926535897931E+001
( 0.91495602074356211E-001,-0.35713964484380164E-002)
 0.00000000000000000E+000 -0.23561944901923448E+001
( 0.23204664778233486E+000,-0.34153936490424063E-002)
 0.00000000000000000E+000 -0.15707963267948966E+001
( 0.16046801470704513E+001,-0.11674890541313068E-001)
 0.00000000000000000E+000 -0.78539816339744828E+000
( 0.18642445625781330E+001,-0.29318430247970650E-002)
 0.00000000000000000E+000  0.00000000000000000E+000
( 0.18914655604847466E+001, 0.00000000000000000E+000)
 0.00000000000000000E+000  0.78539816339744828E+000
( 0.18642445625781330E+001, 0.29318430247970650E-002)
 0.00000000000000000E+000  0.15707963267948966E+001
( 0.16046801470704513E+001, 0.11674890541313068E-001)
 0.00000000000000000E+000  0.23561944901923448E+001
( 0.23204664778233486E+000, 0.34153936490424063E-002)
 0.00000000000000000E+000  0.31415926535897931E+001
( 0.12090854968889998E+000, 0.62746125874057000E-016)
 0.78539816339744828E+000 -0.23561944901923448E+001
( 0.12995768972797550E+000,-0.38050160890497177E-002)
 0.78539816339744828E+000 -0.15707963267948966E+001
( 0.10245769289581839E+001, 0.10968399868326137E-001)
 0.78539816339744828E+000 -0.78539816339744828E+000
( 0.18176881112072103E+001,-0.13271703066876708E-003)
 0.78539816339744828E+000  0.00000000000000000E+000
( 0.18604712659322775E+001, 0.54535432929400576E-002)
 0.78539816339744828E+000  0.78539816339744828E+000
( 0.18107338349227760E+001, 0.41264978553715937E-002)
 0.78539816339744828E+000  0.15707963267948966E+001
( 0.10069736699459211E+001, 0.91745036226741662E-002)
 0.78539816339744828E+000  0.23561944901923448E+001
( 0.13579220305727796E+000,-0.16143914728726954E-002)
 0.78539816339744828E+000  0.31415926535897931E+001
( 0.91495602074356211E-001, 0.35713964484380203E-002)
 0.15707963267948966E+001 -0.23561944901923448E+001
( 0.54439119915519536E-001,-0.19657266075274872E-002)
 0.15707963267948966E+001 -0.15707963267948966E+001
( 0.12995101889140609E+000,-0.36093826094032548E-002)
 0.15707963267948966E+001 -0.78539816339744828E+000
( 0.10235894626779851E+001,-0.68312576931444909E-002)
 0.15707963267948966E+001  0.00000000000000000E+000
( 0.16059449947842241E+001, 0.73572824293310273E-003)
 0.15707963267948966E+001  0.78539816339744828E+000
( 0.10186535412505129E+001,-0.45542041922402212E-002)
 0.15707963267948966E+001  0.15707963267948966E+001
( 0.12782773527870878E+000, 0.12806323075336883E-002)
 0.15707963267948966E+001  0.23561944901923448E+001
( 0.57319780601619866E-001,-0.19082973676727124E-002)
 0.15707963267948966E+001  0.31415926535897931E+001
( 0.44692518748009280E-001, 0.47515204029414398E-004)
 0.23561944901923448E+001 -0.23561944901923448E+001
( 0.34498498105291223E-001, 0.99659908290912827E-003)
 0.23561944901923448E+001 -0.15707963267948966E+001
( 0.59804849600224391E-001, 0.10776870311540849E-002)
 0.23561944901923448E+001 -0.78539816339744828E+000
( 0.13617260445220269E+000,-0.31496173111794721E-003)
 0.23561944901923448E+001  0.00000000000000000E+000
( 0.24165542412378108E+000,-0.28305083067706235E-002)
 0.23561944901923448E+001  0.78539816339744828E+000
( 0.12754264226779982E+000, 0.26896444151318717E-002)
 0.23561944901923448E+001  0.15707963267948966E+001
( 0.58484669486089505E-001,-0.15645541752802678E-002)
 0.23561944901923448E+001  0.23561944901923448E+001
( 0.35919998122038208E-001,-0.37137866324213564E-003)
 0.23561944901923448E+001  0.31415926535897931E+001
( 0.28837005261575260E-001, 0.10318517945263395E-002)
 0.31415926535897931E+001 -0.23561944901923448E+001
( 0.29134475867596724E-001, 0.40980672688467737E-003)
 0.31415926535897931E+001 -0.15707963267948966E+001
( 0.45637899772908178E-001,-0.48601871979545404E-004)
 0.31415926535897931E+001 -0.78539816339744828E+000
( 0.90123568037728072E-001, 0.53045685614886069E-003)
 0.31415926535897931E+001  0.00000000000000000E+000
( 0.13577911883974825E+000, 0.62717885045213980E-016)
 0.31415926535897931E+001  0.78539816339744828E+000
( 0.90123568037728030E-001,-0.53045685614884735E-003)
 0.31415926535897931E+001  0.15707963267948966E+001
( 0.45637899772908136E-001, 0.48601871979492170E-004)
 0.31415926535897931E+001  0.23561944901923448E+001
( 0.29134475867596793E-001,-0.40980672688469352E-003)
 0.31415926535897931E+001  0.31415926535897931E+001
( 0.23293077960985002E-001, 0.61745595421281737E-018)
 0.10000000000000000E+001          1         64
( 0.00000000000000000E+000, 0.00000000000000000E+000)
-0.23561944901923448E+001 -0.23561944901923448E+001
( 0.34407302130748219E-001, 0.15446980614733645E-002)
-0.23561944901923448E+001 -0.15707963267948966E+001
( 0.54492900669570375E-001, 0.13372788345434039E-002)
-0.23561944901923448E+001 -0.78539816339744828E+000
( 0.13088312281371825E+000,-0.22383356898697973E-003)
-0.23561944901923448E+001  0.00000000000000000E+000
( 0.23835498246189710E+000,-0.27252075659066149E-002)
-0.23561944901923448E+001  0.78539816339744828E+000
( 0.12096247990630560E+000,-0.31846919556773181E-003)
-0.23561944901923448E+001  0.15707963267948966E+001
( 0.58647299553170593E-001,-0.21160165002809357E-002)
-0.23561944901923448E+001  0.23561944901923448E+001
( 0.33481916851012095E-001,-0.17278093735860825E-003)
-0.23561944901923448E+001  0.31415926535897931E+001
( 0.28820639106231446E-001,-0.65570387832169987E-003)
-0.15707963267948966E+001 -0.23561944901923448E+001
( 0.57310241420750890E-001,-0.88917769794653358E-003)
-0.15707963267948966E+001 -0.15707963267948966E+001
( 0.13422112207224288E+000, 0.68109741311851600E-002)
-0.15707963267948966E+001 -0.78539816339744828E+000
( 0.99924250867232589E+000,-0.13722175018262334E-002)
-0.15707963267948966E+001  0.00000000000000000E+000
( 0.16116032312830970E+001,-0.43676600877494412E-002)
-0.15707963267948966E+001  0.78539816339744828E+000
( 0.10131059150025579E+001, 0.15799732545352607E-001)
-0.15707963267948966E+001  0.15707963267948966E+001
( 0.13736428371795620E+000, 0.41680743932276179E-002)
-0.15707963267948966E+001  0.23561944901923448E+001
( 0.58936539959296597E-001,-0.29321978215752177E-002)
-0.15707963267948966E+001  0.31415926535897931E+001
( 0.44258619521040238E-001,-0.15677474318563512E-002)
-0.78539816339744828E+000 -0.23561944901923448E+001
( 0.12738053246820269E+000,-0.10242144160543126E-002)
-0.78539816339744828E+000 -0.15707963267948966E+001
( 0.10190385842462630E+001, 0.14285657333333280E-002)
-0.78539816339744828E+000 -0.78539816339744828E+000
( 0.18155903312269364E+001, 0.11521461799262563E-002)
-0.78539816339744828E+000  0.00000000000000000E+000
( 0.18611075893020599E+001, 0.19490791603251768E-002)
-0.78539816339744828E+000  0.78539816339744828E+000
( 0.18170458886775311E+001,-0.37338552643040365E-002)
-0.78539816339744828E+000  0.15707963267948966E+001
( 0.10050348162607565E+001, 0.18295343671715619E-001)
-0.78539816339744828E+000  0.23561944901923448E+001
( 0.13425089409176136E+000,-0.26973746759244338E-002)
-0.78539816339744828E+000  0.31415926535897931E+001
( 0.86271495012297833E-001,-0.11014863328748547E-002)
 0.00000000000000000E+000 -0.23561944901923448E+001
( 0.24121445016536502E+000,-0.39808656981374507E-002)
 0.00000000000000000E+000 -0.15707963267948966E+001
( 0.16003086757093143E+001, 0.26500101483229112E-002)
 0.00000000000000000E+000 -0.78539816339744828E+000
( 0.18664766016901735E+001,-0.10864233736517473E-002)
 0.00000000000000000E+000  0.00000000000000000E+000
( 0.18993739766904245E+001, 0.00000000000000000E+000)
 0.00000000000000000E+000  0.78539816339744828E+000
( 0.18664766016901735E+001, 0.10864233736517473E-002)
 0.00000000000000000E+000  0.15707963267948966E+001
( 0.16003086757093143E+001,-0.26500101483229112E-002)
 0.00000000000000000E+000  0.23561944901923448E+001
( 0.24121445016536502E+000, 0.39808656981374507E-002)
 0.00000000000000000E+000  0.31415926535897931E+001
( 0.13141870748518991E+000, 0.63770377260718635E-016)
 0.78539816339744828E+000 -0.23561944901923448E+001
( 0.13425089409176136E+000, 0.26973746759244338E-002)
 0.78539816339744828E+000 -0.15707963267948966E+001
( 0.10050348162607565E+001,-0.18295343671715619E-001)
 0.78539816339744828E+000 -0.78539816339744828E+000
( 0.18170458886775311E+001, 0.37338552643040365E-002)
 0.78539816339744828E+000  0.00000000000000000E+000
( 0.18611075893020599E+001,-0.19490791603251768E-002)
 0.78539816339744828E+000  0.78539816339744828E+000
( 0.18155903312269364E+001,-0.11521461799262563E-002)
 0.78539816339744828E+000  0.15707963267948966E+001
( 0.10190385842462630E+001,-0.14285657333333280E-002)
 0.78539816339744828E+000  0.23561944901923448E+001
( 0.12738053246820269E+000, 0.10242144160543126E-002)
 0.78539816339744828E+000  0.31415926535897931E+001
( 0.86271495012297778E-001, 0.11014863328748514E-002)
 0.15707963267948966E+001 -0.23561944901923448E+001
( 0.58936539959296597E-001, 0.29321978215752177E-002)
 0.15707963267948966E+001 -0.15707963267948966E+001
( 0.13736428371795620E+000,-0.41680743932276179E-002)
 0.15707963267948966E+001 -0.78539816339744828E+000
( 0.10131059150025579E+001,-0.15799732545352607E-001)
 0.15707963267948966E+001  0.00000000000000000E+000
( 0.16116032312830970E+001, 0.43676600877494412E-002)
 0.15707963267948966E+001  0.78539816339744828E+000
( 0.99924250867232589E+000, 0.13722175018262334E-002)
 0.15707963267948966E+001  0.15707963267948966E+001
( 0.13422112207224288E+000,-0.68109741311851600E-002)
 0.15707963267948966E+001  0.23561944901923448E+001
( 0.57310241420750890E-001, 0.88917769794653358E-003)
 0.15707963267948966E+001  0.31415926535897931E+001
( 0.44258619521040238E-001, 0.15677474318563371E-002)
 0.23561944901923448E+001 -0.23561944901923448E+001
( 0.33481916851012095E-001, 0.17278093735860825E-003)
 0.23561944901923448E+001 -0.15707963267948966E+001
( 0.58647299553170593E-001, 0.21160165002809357E-002)
 0.23561944901923448E+001 -0.78539816339744828E+000
( 0.12096247990630560E+000, 0.31846919556773181E-003)
 0.23561944901923448E+001  0.00000000000000000E+000
( 0.23835498246189710E+000, 0.27252075659066149E-002)
 0.23561944901923448E+001  0.78539816339744828E+000
( 0.13088312281371825E+000, 0.22383356898697973E-003)
 0.23561944901923448E+001  0.15707963267948966E+001
( 0.54492900669570375E-001,-0.13372788345434039E-002)
 0.23561944901923448E+001  0.23561944901923448E+001
( 0.34407302130748219E-001,-0.15446980614733645E-002)
 0.23561944901923448E+001  0.31415926535897931E+001
( 0.28820639106231418E-001, 0.65570387832170518E-003)
 0.31415926535897931E+001 -0.23561944901923448E+001
( 0.29126639969411474E-001,-0.68918259896503099E-003)
 0.31415926535897931E+001 -0.15707963267948966E+001
( 0.44154701041488865E-001, 0.63925901986703444E-003)
 0.31415926535897931E+001 -0.78539816339744828E+000
( 0.86777385747566257E-001,-0.37542744560658419E-002)
 0.31415926535897931E+001  0.00000000000000000E+000
( 0.13734932806876005E+000, 0.65139765372486304E-016)
 0.31415926535897931E+001  0.78539816339744828E+000
( 0.86777385747566257E-001, 0.37542744560658814E-002)
 0.31415926535897931E+001  0.15707963267948966E+001
( 0.44154701041488768E-001,-0.63925901986705666E-003)
 0.31415926535897931E+001  0.23561944901923448E+001
( 0.29126639969411481E-001, 0.68918259896500822E-003)
 0.31415926535897931E+001  0.31415926535897931E+001
( 0.25483095966110630E-001, 0.26469456161177132E-017)
 0.10000000000000000E+001          1         64
( 0.00000000000000000E+000, 0.00000000000000000E+000)
-0.23561944901923448E+001 -0.23561944901923448E+001
( 0.36264393406846611E-001,-0.10067869280635038E-003)
-0.23561944901923448E+001 -0.15707963267948966E+001
( 0.58906589981967711E-001,-0.45382894456686784E-003)
-0.23561944901923448E+001 -0.78539816339744828E+000
( 0.13218278806523587E+000,-0.90064582404694189E-002)
-0.23561944901923448E+001  0.00000000000000000E+000
( 0.24284360475960179E+000, 0.98945264275568509E-003)
-0.23561944901923448E+001  0.78539816339744828E+000
( 0.13669414511554676E+000,-0.42941127972866605E-003)
-0.23561944901923448E+001  0.15707963267948966E+001
( 0.61189770048732869E-001, 0.11285136831180413E-002)
-0.23561944901923448E+001  0.23561944901923448E+001
( 0.35252232247848139E-001, 0.84764049398742061E-003)
-0.23561944901923448E+001  0.31415926535897931E+001
( 0.30616424742501473E-001, 0.10828560625313838E-002)
-0.15707963267948966E+001 -0.23561944901923448E+001
( 0.61119534266232040E-001,-0.96774322519754005E-003)
-0.15707963267948966E+001 -0.15707963267948966E+001
( 0.12989561996115934E+000, 0.14899069734120664E-003)
-0.15707963267948966E+001 -0.78539816339744828E+000
( 0.97136349427914714E+000,-0.15701358939568279E-001)
-0.15707963267948966E+001  0.00000000000000000E+000
( 0.15776407371764551E+001,-0.23981627164212241E-002)
-0.15707963267948966E+001  0.78539816339744828E+000
( 0.99552783164362935E+000,-0.46833638485068345E-002)
-0.15707963267948966E+001  0.15707963267948966E+001
( 0.13045905154528170E+000,-0.37914079997814817E-002)
-0.15707963267948966E+001  0.23561944901923448E+001
( 0.57409997920708694E-001,-0.86425204756251817E-004)
-0.15707963267948966E+001  0.31415926535897931E+001
( 0.46528880558346045E-001,-0.24916200334529408E-004)
-0.78539816339744828E+000 -0.23561944901923448E+001
( 0.12886365708904138E+000, 0.51904463500794624E-002)
-0.78539816339744828E+000 -0.15707963267948966E+001
( 0.10001779081268811E+001, 0.33256501017981509E-002)
-0.78539816339744828E+000 -0.78539816339744828E+000
( 0.18028027042551105E+001, 0.73591939647131193E-002)
-0.78539816339744828E+000  0.00000000000000000E+000
( 0.18602693480891805E+001, 0.36100076630747845E-002)
-0.78539816339744828E+000  0.78539816339744828E+000
( 0.18032132913183985E+001, 0.50218029914277356E-002)
-0.78539816339744828E+000  0.15707963267948966E+001
( 0.99382232816361860E+000,-0.71384035486688350E-002)
-0.78539816339744828E+000  0.23561944901923448E+001
( 0.13446828553990414E+000,-0.34375531454008669E-003)
-0.78539816339744828E+000  0.31415926535897931E+001
( 0.91788601773099179E-001, 0.40543975659206315E-003)
 0.00000000000000000E+000 -0.23561944901923448E+001
( 0.24991042816701250E+000,-0.27821998727359104E-002)
 0.00000000000000000E+000 -0.15707963267948966E+001
( 0.15785066607271161E+001,-0.71480887977107049E-003)
 0.00000000000000000E+000 -0.78539816339744828E+000
( 0.18636041017160541E+001, 0.13364828685074887E-002)
 0.00000000000000000E+000  0.00000000000000000E+000
( 0.18903235485834682E+001, 0.00000000000000000E+000)
 0.00000000000000000E+000  0.78539816339744828E+000
( 0.18636041017160541E+001,-0.13364828685074887E-002)
 0.00000000000000000E+000  0.15707963267948966E+001
( 0.15785066607271161E+001, 0.71480887977107049E-003)
 0.00000000000000000E+000  0.23561944901923448E+001
( 0.24991042816701250E+000, 0.27821998727359104E-002)
 0.00000000000000000E+000  0.31415926535897931E+001
( 0.13414965719938038E+000, 0.59110903925027525E-016)
 0.78539816339744828E+000 -0.23561944901923448E+001
( 0.13446828553990414E+000, 0.34375531454008669E-003)
 0.78539816339744828E+000 -0.15707963267948966E+001
( 0.99382232816361860E+000, 0.71384035486688350E-002)
 0.78539816339744828E+000 -0.78539816339744828E+000
( 0.18032132913183985E+001,-0.50218029914277356E-002)
 0.78539816339744828E+000  0.00000000000000000E+000
( 0.18602693480891805E+001,-0.36100076630747845E-002)
 0.78539816339744828E+000  0.78539816339744828E+000
( 0.18028027042551105E+001,-0.73591939647131193E-002)
 0.78539816339744828E+000  0.15707963267948966E+001
( 0.10001779081268811E+001,-0.33256501017981509E-002)
 0.78539816339744828E+000  0.23561944901923448E+001
( 0.12886365708904138E+000,-0.51904463500794624E-002)
 0.78539816339744828E+000  0.31415926535897931E+001
( 0.91788601773099179E-001,-0.40543975659206646E-003)
 0.15707963267948966E+001 -0.23561944901923448E+001
( 0.57409997920708694E-001, 0.86425204756251817E-004)
 0.15707963267948966E+001 -0.15707963267948966E+001
( 0.13045905154528170E+000, 0.37914079997814817E-002)
 0.15707963267948966E+001 -0.78539816339744828E+000
( 0.99552783164362935E+000, 0.46833638485068345E-002)
 0.15707963267948966E+001  0.00000000000000000E+000
( 0.15776407371764551E+001, 0.23981627164212241E-002)
 0.15707963267948966E+001  0.78539816339744828E+000
( 0.97136349427914714E+000, 0.15701358939568279E-001)
 0.15707963267948966E+001  0.15707963267948966E+001
( 0.12989561996115934E+000,-0.14899069734120664E-003)
 0.15707963267948966E+001  0.23561944901923448E+001
( 0.61119534266232040E-001, 0.96774322519754005E-003)
 0.15707963267948966E+001  0.31415926535897931E+001
( 0.46528880558346003E-001, 0.24916200334513765E-004)
 0.23561944901923448E+001 -0.23561944901923448E+001
( 0.35252232247848139E-001,-0.84764049398742061E-003)
 0.23561944901923448E+001 -0.15707963267948966E+001
( 0.61189770048732869E-001,-0.11285136831180413E-002)
 0.23561944901923448E+001 -0.78539816339744828E+000
( 0.13669414511554676E+000, 0.42941127972866605E-003)
 0.23561944901923448E+001  0.00000000000000000E+000
( 0.24284360475960179E+000,-0.98945264275568509E-003)
 0.23561944901923448E+001  0.78539816339744828E+000
( 0.13218278806523587E+000, 0.90064582404694189E-002)
 0.23561944901923448E+001  0.15707963267948966E+001
( 0.58906589981967711E-001, 0.45382894456686784E-003)
 0.23561944901923448E+001  0.23561944901923448E+001
( 0.36264393406846611E-001, 0.10067869280635038E-003)
 0.23561944901923448E+001  0.31415926535897931E+001
( 0.30616424742501494E-001,-0.10828560625313773E-002)
 0.31415926535897931E+001 -0.23561944901923448E+001
( 0.28916785098233075E-001,-0.19689272094242567E-002)
 0.31415926535897931E+001 -0.15707963267948966E+001
( 0.43990946299045118E-001,-0.38717010901852416E-002)
 0.31415926535897931E+001 -0.78539816339744828E+000
( 0.89731786774267741E-001,-0.13603939883824433E-002)
 0.31415926535897931E+001  0.00000000000000000E+000
( 0.13521351942166923E+000, 0.58907236748804747E-016)
 0.31415926535897931E+001  0.78539816339744828E+000
( 0.89731786774267699E-001, 0.13603939883824422E-002)
 0.31415926535897931E+001  0.15707963267948966E+001
( 0.43990946299045049E-001, 0.38717010901851492E-002)
 0.31415926535897931E+001  0.23561944901923448E+001
( 0.28916785098233082E-001, 0.19689272094242402E-002)
 0.31415926535897931E+001  0.31415926535897931E+001
( 0.24753826866150831E-001, 0.92335262091171088E-018)
 0.10000000000000000E+001          1         64
( 0.00000000000000000E+000, 0.00000000000000000E+000)
-0.23561944901923448E+001 -0.23561944901923448E+001
( 0.35694943616710523E-001, 0.57522954350685033E-003)
-0.23561944901923448E+001 -0.15707963267948966E+001
( 0.59035293882152458E-001,-0.96693687610871756E-004)
-0.23561944901923448E+001 -0.78539816339744828E+000
( 0.14064794119398263E+000,-0.12716030690522568E-002)
-0.23561944901923448E+001  0.00000000000000000E+000
( 0.25994422689591912E+000, 0.13513155982287515E-002)
-0.23561944901923448E+001  0.78539816339744828E+000
( 0.14008091629884570E+000,-0.15355640290011970E-002)
-0.23561944901923448E+001  0.15707963267948966E+001
( 0.57819235324742362E-001, 0.16239605576313177E-002)
-0.23561944901923448E+001  0.23561944901923448E+001
( 0.36191653221966970E-001,-0.50899806024882685E-003)
-0.23561944901923448E+001  0.31415926535897931E+001
( 0.30144634655924197E-001, 0.16399887733356414E-003)
-0.15707963267948966E+001 -0.23561944901923448E+001
( 0.59923568692640559E-001, 0.13945122721731676E-002)
-0.15707963267948966E+001 -0.15707963267948966E+001
( 0.13280030764216977E+000,-0.26568745237335531E-002)
-0.15707963267948966E+001 -0.78539816339744828E+000
( 0.99632597800465350E+000, 0.52868681554110366E-004)
-0.15707963267948966E+001  0.00000000000000000E+000
( 0.15780398221322773E+001,-0.12301920286032924E-002)
-0.15707963267948966E+001  0.78539816339744828E+000
( 0.98087911532049687E+000,-0.14312208867782788E-001)
-0.15707963267948966E+001  0.15707963267948966E+001
( 0.13218461837404569E+000,-0.12497706078042695E-002)
-0.15707963267948966E+001  0.23561944901923448E+001
( 0.58926283869219880E-001, 0.25887753855222502E-002)
-0.15707963267948966E+001  0.31415926535897931E+001
( 0.47201242056179572E-001,-0.10370433355614624E-002)
-0.78539816339744828E+000 -0.23561944901923448E+001
( 0.13581090993307407E+000, 0.28448462687082738E-003)
-0.78539816339744828E+000 -0.15707963267948966E+001
( 0.97725946891006943E+000,-0.13054553521931533E-001)
-0.78539816339744828E+000 -0.78539816339744828E+000
( 0.18033808450436408E+001,-0.57357688877869416E-002)
-0.78539816339744828E+000  0.00000000000000000E+000
( 0.18597809477342073E+001, 0.15508953979654872E-002)
-0.78539816339744828E+000  0.78539816339744828E+000
( 0.18043213740152757E+001,-0.38832130166876339E-003)
-0.78539816339744828E+000  0.15707963267948966E+001
( 0.96608444655443482E+000, 0.82386473648227310E-002)
-0.78539816339744828E+000  0.23561944901923448E+001
( 0.13478200258199000E+000,-0.26539058011992456E-002)
-0.78539816339744828E+000  0.31415926535897931E+001
( 0.91787332762597457E-001, 0.33590987336909513E-002)
 0.00000000000000000E+000 -0.23561944901923448E+001
( 0.24631690737173204E+000, 0.12968485228941836E-002)
 0.00000000000000000E+000 -0.15707963267948966E+001
( 0.15970239233623815E+001,-0.10055176589611340E-001)
 0.00000000000000000E+000 -0.78539816339744828E+000
( 0.18572604497405008E+001, 0.16497409967337296E-002)
 0.00000000000000000E+000  0.00000000000000000E+000
( 0.18908272913361286E+001, 0.00000000000000000E+000)
 0.00000000000000000E+000  0.78539816339744828E+000
( 0.18572604497405008E+001,-0.16497409967337296E-002)
 0.00000000000000000E+000  0.15707963267948966E+001
( 0.15970239233623815E+001, 0.10055176589611340E-001)
 0.00000000000000000E+000  0.23561944901923448E+001
( 0.24631690737173204E+000,-0.12968485228941836E-002)
 0.00000000000000000E+000  0.31415926535897931E+001
( 0.14300684101615649E+000, 0.60803008358575265E-016)
 0.78539816339744828E+000 -0.23561944901923448E+001
( 0.13478200258199000E+000, 0.26539058011992456E-002)
 0.78539816339744828E+000 -0.15707963267948966E+001
( 0.96608444655443482E+000,-0.82386473648227310E-002)
 0.78539816339744828E+000 -0.78539816339744828E+000
( 0.18043213740152757E+001, 0.38832130166876339E-003)
 0.78539816339744828E+000  0.00000000000000000E+000
( 0.18597809477342073E+001,-0.15508953979654872E-002)
 0.78539816339744828E+000  0.78539816339744828E+000
( 0.18033808450436408E+001, 0.57357688877869416E-002)
 0.78539816339744828E+000  0.15707963267948966E+001
( 0.97725946891006943E+000, 0.13054553521931533E-001)
 0.78539816339744828E+000  0.23561944901923448E+001
( 0.13581090993307407E+000,-0.28448462687082738E-003)
 0.78539816339744828E+000  0.31415926535897931E+001
( 0.91787332762597457E-001,-0.33590987336909418E-002)
 0.15707963267948966E+001 -0.23561944901923448E+001
( 0.58926283869219880E-001,-0.25887753855222502E-002)
 0.15707963267948966E+001 -0.15707963267948966E+001
( 0.13218461837404569E+000, 0.12497706078042695E-002)
 0.15707963267948966E+001 -0.78539816339744828E+000
( 0.98087911532049687E+000, 0.14312208867782788E-001)
 0.15707963267948966E+001  0.00000000000000000E+000
( 0.15780398221322773E+001, 0.12301920286032924E-002)
 0.15707963267948966E+001  0.78539816339744828E+000
( 0.99632597800465350E+000,-0.52868681554110366E-004)
 0.15707963267948966E+001  0.15707963267948966E+001
( 0.13280030764216977E+000, 0.26568745237335531E-002)
 0.15707963267948966E+001  0.23561944901923448E+001
( 0.59923568692640559E-001,-0.13945122721731676E-002)
 0.15707963267948966E+001  0.31415926535897931E+001
( 0.47201242056179586E-001, 0.10370433355614489E-002)
 0.23561944901923448E+001 -0.23561944901923448E+001
( 0.36191653221966970E-001, 0.50899806024882685E-003)
 0.23561944901923448E+001 -0.15707963267948966E+001
( 0.57819235324742362E-001,-0.16239605576313177E-002)
 0.23561944901923448E+001 -0.78539816339744828E+000
( 0.14008091629884570E+000, 0.15355640290011970E-002)
 0.23561944901923448E+001  0.00000000000000000E+000
( 0.25994422689591912E+000,-0.13513155982287515E-002)
 0.23561944901923448E+001  0.78539816339744828E+000
( 0.14064794119398263E+000, 0.12716030690522568E-002)
 0.23561944901923448E+001  0.15707963267948966E+001
( 0.59035293882152458E-001, 0.96693687610871756E-004)
 0.23561944901923448E+001  0.23561944901923448E+001
( 0.35694943616710523E-001,-0.57522954350685033E-003)
 0.23561944901923448E+001  0.31415926535897931E+001
( 0.30144634655924183E-001,-0.16399887733357192E-003)
 0.31415926535897931E+001 -0.23561944901923448E+001
( 0.30543346389359221E-001, 0.22947211721162845E-004)
 0.31415926535897931E+001 -0.15707963267948966E+001
( 0.47395757064164643E-001, 0.18237071262688451E-002)
 0.31415926535897931E+001 -0.78539816339744828E+000
( 0.88170224203495282E-001,-0.27986432398933585E-003)
 0.31415926535897931E+001  0.00000000000000000E+000
( 0.13045520675470701E+000, 0.56801682730375930E-016)
 0.31415926535897931E+001  0.78539816339744828E+000
( 0.88170224203495406E-001, 0.27986432398934062E-003)
 0.31415926535897931E+001  0.15707963267948966E+001
( 0.47395757064164518E-001,-0.18237071262688692E-002)
 0.31415926535897931E+001  0.23561944901923448E+001
( 0.30543346389359242E-001,-0.22947211721187541E-004)
 0.31415926535897931E+001  0.31415926535897931E+001
( 0.24994734279903459E-001, 0.18047735763880034E-017)
 0.10000000000000000E+001          1         64
( 0.00000000000000000E+000, 0.00000000000000000E+000)
-0.23561944901923448E+001 -0.23561944901923448E+001
( 0.35462760788649676E-001,-0.11609042487805889E-002)
-0.23561944901923448E+001 -0.15707963267948966E+001
( 0.57092848393335505E-001,-0.71444900119977761E-003)
-0.23561944901923448E+001 -0.78539816339744828E+000
( 0.12257107497062250E+000, 0.40736254550334121E-003)
-0.23561944901923448E+001  0.00000000000000000E+000
( 0.23798485812448988E+000,-0.20471894471360201E-002)
-0.23561944901923448E+001  0.78539816339744828E+000
( 0.13190083601264407E+000, 0.26239170275640819E-003)
-0.23561944901923448E+001  0.15707963267948966E+001
( 0.58411775619781704E-001,-0.68936194608671482E-003)
-0.23561944901923448E+001  0.23561944901923448E+001
( 0.35378906560120278E-001,-0.19719205879812698E-002)
-0.23561944901923448E+001  0.31415926535897931E+001
( 0.30008956428092502E-001, 0.17807641328208907E-004)
-0.15707963267948966E+001 -0.23561944901923448E+001
( 0.58826939939855515E-001, 0.15476634289783169E-003)
-0.15707963267948966E+001 -0.15707963267948966E+001
( 0.13656322209322597E+000, 0.18015089314220072E-004)
-0.15707963267948966E+001 -0.78539816339744828E+000
( 0.10277109324677716E+001,-0.19642886569485232E-002)
-0.15707963267948966E+001  0.00000000000000000E+000
( 0.16098869901928121E+001,-0.21461763790662529E-002)
-0.15707963267948966E+001  0.78539816339744828E+000
( 0.10226738208465311E+001,-0.12485837120099008E-001)
-0.15707963267948966E+001  0.15707963267948966E+001
( 0.13028588276532688E+000,-0.64344552850150900E-002)
-0.15707963267948966E+001  0.23561944901923448E+001
( 0.56211016880861338E-001,-0.13850433432271287E-002)
-0.15707963267948966E+001  0.31415926535897931E+001
( 0.46138876839934159E-001,-0.56177358752428194E-003)
-0.78539816339744828E+000 -0.23561944901923448E+001
( 0.13174535212245125E+000, 0.14230871716420679E-002)
-0.78539816339744828E+000 -0.15707963267948966E+001
( 0.99251137833935188E+000,-0.10263542204344949E-001)
-0.78539816339744828E+000 -0.78539816339744828E+000
( 0.18105732550113032E+001, 0.73681798657765371E-002)
-0.78539816339744828E+000  0.00000000000000000E+000
( 0.18646455339690378E+001, 0.17755237359616490E-002)
-0.78539816339744828E+000  0.78539816339744828E+000
( 0.18168759327084729E+001, 0.89900270469978928E-003)
-0.78539816339744828E+000  0.15707963267948966E+001
( 0.10265066977054855E+001, 0.54375293391746701E-002)
-0.78539816339744828E+000  0.23561944901923448E+001
( 0.13149030716020685E+000, 0.17062560934577268E-002)
-0.78539816339744828E+000  0.31415926535897931E+001
( 0.82286644142319953E-001, 0.32841384840334628E-004)
 0.00000000000000000E+000 -0.23561944901923448E+001
( 0.23173538908405772E+000,-0.51117645788798585E-002)
 0.00000000000000000E+000 -0.15707963267948966E+001
( 0.16011824120504603E+001,-0.17551364848667754E-002)
 0.00000000000000000E+000 -0.78539816339744828E+000
( 0.18626914104693262E+001,-0.44420414283495867E-003)
 0.00000000000000000E+000  0.00000000000000000E+000
( 0.18948671683466056E+001, 0.00000000000000000E+000)
 0.00000000000000000E+000  0.78539816339744828E+000
( 0.18626914104693262E+001, 0.44420414283495867E-003)
 0.00000000000000000E+000  0.15707963267948966E+001
( 0.16011824120504603E+001, 0.17551364848667754E-002)
 0.00000000000000000E+000  0.23561944901923448E+001
( 0.23173538908405772E+000, 0.51117645788798585E-002)
 0.00000000000000000E+000  0.31415926535897931E+001
( 0.12435527655279774E+000, 0.64555613179864114E-016)
 0.78539816339744828E+000 -0.23561944901923448E+001
( 0.13149030716020685E+000,-0.17062560934577268E-002)
 0.78539816339744828E+000 -0.15707963267948966E+001
( 0.10265066977054855E+001,-0.54375293391746701E-002)
 0.78539816339744828E+000 -0.78539816339744828E+000
( 0.18168759327084729E+001,-0.89900270469978928E-003)
 0.78539816339744828E+000  0.00000000000000000E+000
( 0.18646455339690378E+001,-0.17755237359616490E-002)
 0.78539816339744828E+000  0.78539816339744828E+000
( 0.18105732550113032E+001,-0.73681798657765371E-002)
 0.78539816339744828E+000  0.15707963267948966E+001
( 0.99251137833935188E+000, 0.10263542204344949E-001)
 0.78539816339744828E+000  0.23561944901923448E+001
( 0.13174535212245125E+000,-0.14230871716420679E-002)
 0.78539816339744828E+000  0.31415926535897931E+001
( 0.82286644142319926E-001,-0.32841384840324558E-004)
 0.15707963267948966E+001 -0.23561944901923448E+001
( 0.56211016880861338E-001, 0.13850433432271287E-002)
 0.15707963267948966E+001 -0.15707963267948966E+001
( 0.13028588276532688E+000, 0.64344552850150900E-002)
 0.15707963267948966E+001 -0.78539816339744828E+000
( 0.10226738208465311E+001, 0.12485837120099008E-001)
 0.15707963267948966E+001  0.00000000000000000E+000
( 0.16098869901928121E+001, 0.21461763790662529E-002)
 0.15707963267948966E+001  0.78539816339744828E+000
( 0.10277109324677716E+001, 0.19642886569485232E-002)
 0.15707963267948966E+001  0.15707963267948966E+001
( 0.13656322209322597E+000,-0.18015089314220072E-004)
 0.15707963267948966E+001  0.23561944901923448E+001
( 0.58826939939855515E-001,-0.15476634289783169E-003)
 0.15707963267948966E+001  0.31415926535897931E+001
( 0.46138876839934187E-001, 0.56177358752423196E-003)
 0.23561944901923448E+001 -0.23561944901923448E+001
( 0.35378906560120278E-001, 0.19719205879812698E-002)
 0.23561944901923448E+001 -0.15707963267948966E+001
( 0.58411775619781704E-001, 0.68936194608671482E-003)
 0.23561944901923448E+001 -0.78539816339744828E+000
( 0.13190083601264407E+000,-0.26239170275640819E-003)
 0.23561944901923448E+001  0.00000000000000000E+000
( 0.23798485812448988E+000, 0.20471894471360201E-002)
 0.23561944901923448E+001  0.78539816339744828E+000
( 0.12257107497062250E+000,-0.40736254550334121E-003)
 0.23561944901923448E+001  0.15707963267948966E+001
( 0.57092848393335505E-001, 0.71444900119977761E-003)
 0.23561944901923448E+001  0.23561944901923448E+001
( 0.35462760788649676E-001, 0.11609042487805889E-002)
 0.23561944901923448E+001  0.31415926535897931E+001
( 0.30008956428092488E-001,-0.17807641328214453E-004)
 0.31415926535897931E+001 -0.23561944901923448E+001
( 0.30141040709087373E-001,-0.87090768073020601E-003)
 0.31415926535897931E+001 -0.15707963267948966E+001
( 0.47982553674972783E-001,-0.43380041139430098E-003)
 0.31415926535897931E+001 -0.78539816339744828E+000
( 0.91297669125747813E-001, 0.97503517785333359E-003)
 0.31415926535897931E+001  0.00000000000000000E+000
( 0.14320598700667422E+000, 0.64704691969351797E-016)
 0.31415926535897931E+001  0.78539816339744828E+000
( 0.91297669125747799E-001,-0.97503517785330009E-003)
 0.31415926535897931E+001  0.15707963267948966E+001
( 0.47982553674972742E-001, 0.43380041139425007E-003)
 0.31415926535897931E+001  0.23561944901923448E+001
( 0.30141040709087387E-001, 0.87090768073021187E-003)
 0.31415926535897931E+001  0.31415926535897931E+001
( 0.24681865202031403E-001, 0.23875876428708361E-017)
