          51           9   10.000000000000000                1
     0.0000000        0.52990794        0.06471694
     0.1000000        0.41606268        0.08094941
     0.2000000        0.50230121        0.11014384
     0.3000000        0.37265028        0.07721814
     0.4000000        0.30335765        0.04568207
     0.5000000        0.35028067        0.08315675
     0.6000000        0.34677304        0.15222646
     0.7000000        0.27909139        0.08516642
     0.8000000        0.15410865        0.04650684
     0.9000000        0.10105187        0.03538649
     1.0000000        0.08708991        0.05223159
     1.1000000       -0.03862470        0.11949262
     1.2000000       -0.02725218        0.11205769
     1.3000000        0.09116591        0.04814159
     1.4000000        0.12603770        0.03582164
     1.5000000        0.04544709        0.02315457
     1.6000000        0.12384925        0.07409433
     1.7000000        0.02829899        0.04783347
     1.8000000        0.00625088        0.04407907
     1.9000000        0.04962542        0.04494891
     2.0000000        0.09984315        0.13738167
     2.1000000        0.20847760        0.18179132
     2.2000000       -0.05015962        0.12992670
     2.3000000        0.00902276        0.08637825
     2.4000000        0.05447767        0.05057012
     2.5000000       -0.05001991        0.06629689
     2.6000000       -0.01726614        0.07466081
     2.7000000       -0.11814563        0.17398695
     2.8000000       -0.19893775        0.30527488
     2.9000000       -0.05472692        0.14259691
     3.0000000       -0.10390878        0.06310617
     3.1000000       -0.17871422        0.14260485
     3.2000000       -0.18953989        0.17955416
     3.3000000       -0.18320735        0.23916279
     3.4000000       -0.13825240        0.19843561
     3.5000000       -0.09986443        0.08194165
     3.6000000       -0.03098331        0.07808672
     3.7000000        0.04020900        0.06915382
     3.8000000        0.15325013        0.29159213
     3.9000000        0.02900995        0.10511248
     4.0000000        0.06662477        0.04253967
     4.1000000       -0.01215673        0.16790843
     4.2000000        0.06504056        0.02908599
     4.3000000        0.18479749        0.14988702
     4.4000000        0.42746668        0.41250143
     4.5000000        0.14205780        0.17593495
     4.6000000        0.10195097        0.07176183
     4.7000000       -0.00763731        0.05978809
     4.8000000       -0.27164958        0.16432556
     4.9000000       -0.06006730        0.12514952
     5.0000000       -0.14250541        0.20939616
