          41           4   10.000000000000000                1
     0.0000000        0.38386428        0.34545847
     0.1250000        0.89661029        0.25781619
     0.2500000        0.39201145        0.04564705
     0.3750000        0.17117735        0.13052993
     0.5000000        0.22093754        0.07678790
     0.6250000        0.09437191        0.07588509
     0.7500000       -0.16619198        0.38944230
     0.8750000        0.13089869        0.09938857
     1.0000000        0.37375301        0.43643919
     1.1250000        0.34595533        0.41731439
     1.2500000        0.24900554        0.13411370
     1.3750000        0.04076868        0.04558468
     1.5000000        0.01460336        0.08139711
     1.6250000        0.06261583        0.07281731
     1.7500000       -0.10539925        0.16518661
     1.8750000        0.89001390        1.05408013
     2.0000000        0.45081097        0.40404594
     2.1250000        0.05625069        0.27826554
     2.2500000        0.39941887        0.41630547
     2.3750000        0.55431564        0.61945367
     2.5000000        0.14170032        0.56097386
     2.6250000       -0.05999313        0.13260373
     2.7500000        0.46008924        0.36444733
     2.8750000        1.11203864        1.66110614
     3.0000000       -1.11549376        1.55709239
     3.1250000       -0.60961804        0.76294923
     3.2500000        0.72993625        0.53147826
     3.3750000        1.48536421        1.63182176
     3.5000000        0.26628520        0.21740034
     3.6250000        0.82459525        0.81125072
     3.7500000        0.92889054        0.64485426
     3.8750000        0.60614912        0.43684066
     4.0000000        0.89052056        0.91088116
     4.1250000        1.69168866        1.68576949
     4.2500000        1.74935803        1.44674610
     4.3750000        0.62710532        0.52750751
     4.5000000        0.33269227        0.48216391
     4.6250000        0.29676157        0.42452062
     4.7500000        0.13396099        0.07056388
     4.8750000        0.02411949        0.06221193
     5.0000000        0.12637862        0.08165464
