          31           4   6.0000000000000000                1
     0.0000000        1.05162515        0.05117538
     0.1000000        0.69603431        0.03398997
     0.2000000        0.48109456        0.02771586
     0.3000000        0.35099743        0.01632035
     0.4000000        0.26266605        0.00545584
     0.5000000        0.17934495        0.02337001
     0.6000000        0.12739909        0.03192248
     0.7000000        0.09705706        0.02665743
     0.8000000        0.05555418        0.03040927
     0.9000000        0.04397276        0.02637311
     1.0000000        0.03074002        0.03728134
     1.1000000        0.02133011        0.03378108
     1.2000000        0.01595742        0.02947963
     1.3000000        0.02754838        0.02333470
     1.4000000        0.03279723        0.01254484
     1.5000000        0.00855175        0.01398162
     1.6000000        0.00084337        0.01923141
     1.7000000        0.01850595        0.01727602
     1.8000000        0.02837786        0.00370816
     1.9000000        0.03047187        0.00728004
     2.0000000        0.02421000        0.00533765
     2.1000000        0.02411420        0.00795198
     2.2000000        0.02203693        0.01782172
     2.3000000        0.03952538        0.01403506
     2.4000000        0.01807517        0.01697988
     2.5000000        0.02065551        0.01580522
     2.6000000        0.02600901        0.01335996
     2.7000000        0.02259727        0.01191493
     2.8000000        0.01550304        0.00971744
     2.9000000        0.01711218        0.01215731
     3.0000000        0.03510310        0.00761527
