         101           4   10.000000000000000                1
     0.0000000        1.13630260        0.00597903
     0.1000000        0.90250580        0.00451882
     0.2000000        0.73791599        0.00418918
     0.3000000        0.61707868        0.00367216
     0.4000000        0.52129232        0.00682987
     0.5000000        0.45147249        0.00148944
     0.6000000        0.38423836        0.00632777
     0.7000000        0.33445397        0.00592490
     0.8000000        0.29640904        0.00683256
     0.9000000        0.25643564        0.01355984
     1.0000000        0.23301111        0.01242629
     1.1000000        0.21052941        0.01080688
     1.2000000        0.18823059        0.00986453
     1.3000000        0.17417762        0.00786570
     1.4000000        0.15600079        0.00870855
     1.5000000        0.14269202        0.00678798
     1.6000000        0.12789811        0.00500192
     1.7000000        0.11600797        0.00283287
     1.8000000        0.10441147        0.00419207
     1.9000000        0.09684038        0.00369599
     2.0000000        0.08260013        0.00377026
     2.1000000        0.07333916        0.00840678
     2.2000000        0.07228115        0.00790210
     2.3000000        0.06028513        0.00529950
     2.4000000        0.05967231        0.00556883
     2.5000000        0.05573760        0.00258401
     2.6000000        0.05371834        0.00301928
     2.7000000        0.04507122        0.00634934
     2.8000000        0.04410063        0.00979288
     2.9000000        0.04096239        0.00538916
     3.0000000        0.03548696        0.00324417
     3.1000000        0.03427188        0.00177415
     3.2000000        0.03273808        0.00443250
     3.3000000        0.02962855        0.00261179
     3.4000000        0.02654552        0.00577955
     3.5000000        0.02723880        0.00253715
     3.6000000        0.02657217        0.00399802
     3.7000000        0.02864055        0.00566598
     3.8000000        0.02145296        0.00414379
     3.9000000        0.02113748        0.00603360
     4.0000000        0.02476388        0.00381730
     4.1000000        0.02532195        0.00436378
     4.2000000        0.02486947        0.00405641
     4.3000000        0.02230503        0.00795766
     4.4000000        0.02003285        0.00794135
     4.5000000        0.01343049        0.00708677
     4.6000000        0.00983081        0.00471476
     4.7000000        0.00770780        0.00413550
     4.8000000        0.00185553        0.00632609
     4.9000000        0.00615530        0.00639387
     5.0000000        0.00473517        0.00506558
     5.1000000        0.00480273        0.00529001
     5.2000000        0.00124521        0.00201981
     5.3000000        0.00516755        0.00209359
     5.4000000        0.00822466        0.00404769
     5.5000000        0.01185494        0.00482954
     5.6000000        0.00984405        0.00580845
     5.7000000        0.00705141        0.00662201
     5.8000000        0.00881038        0.00417926
     5.9000000        0.00951333        0.00395031
     6.0000000        0.01354671        0.00314892
     6.1000000        0.01579467        0.00460274
     6.2000000        0.02001664        0.00522903
     6.3000000        0.01754660        0.00708149
     6.4000000        0.01674650        0.00837461
     6.5000000        0.01786538        0.00949467
     6.6000000        0.02339472        0.00679219
     6.7000000        0.02486342        0.00764687
     6.8000000        0.02138241        0.01123729
     6.9000000        0.02401888        0.00806681
     7.0000000        0.02836072        0.00861298
     7.1000000        0.03560173        0.00681853
     7.2000000        0.03823756        0.00698953
     7.3000000        0.04388713        0.00583452
     7.4000000        0.04669988        0.00962551
     7.5000000        0.05374675        0.00677542
     7.6000000        0.06145296        0.00605542
     7.7000000        0.05720522        0.00481594
     7.8000000        0.06719805        0.00380053
     7.9000000        0.06572204        0.00138809
     8.0000000        0.07063485        0.00145641
     8.1000000        0.07895869        0.00359228
     8.2000000        0.08976831        0.00410090
     8.3000000        0.09188631        0.00351619
     8.4000000        0.10228189        0.00802185
     8.5000000        0.11313941        0.00489954
     8.6000000        0.11974745        0.00472281
     8.7000000        0.13083769        0.00668701
     8.8000000        0.14597493        0.00616672
     8.9000000        0.16385211        0.00649570
     9.0000000        0.18608177        0.00696812
     9.1000000        0.20896804        0.00601618
     9.2000000        0.23752296        0.01028928
     9.3000000        0.27220799        0.01217340
     9.4000000        0.31118893        0.01358409
     9.5000000        0.35212573        0.01396131
     9.6000000        0.40263539        0.01069811
     9.7000000        0.47620427        0.00986653
     9.8000000        0.57057434        0.00869620
     9.9000000        0.69234958        0.00757787
    10.0000000        0.86369740        0.00597903
