          51           4   10.000000000000000                1
     0.0000000        1.27279447        0.14557413
     0.1000000        1.07803405        0.14454427
     0.2000000        0.94395813        0.14349832
     0.3000000        0.84203397        0.13978795
     0.4000000        0.75337498        0.12789225
     0.5000000        0.67721426        0.11101775
     0.6000000        0.61370870        0.09443591
     0.7000000        0.56373707        0.08623331
     0.8000000        0.52557911        0.08479340
     0.9000000        0.49311773        0.08429443
     1.0000000        0.45777082        0.08090403
     1.1000000        0.41770726        0.07394983
     1.2000000        0.38035446        0.06745316
     1.3000000        0.34670825        0.06303546
     1.4000000        0.31657985        0.06006713
     1.5000000        0.29283539        0.05890776
     1.6000000        0.27323549        0.06118853
     1.7000000        0.25437594        0.06088927
     1.8000000        0.23477798        0.05718233
     1.9000000        0.21561723        0.05298599
     2.0000000        0.19709073        0.04585274
     2.1000000        0.18419186        0.04039033
     2.2000000        0.17655867        0.04009991
     2.3000000        0.16605618        0.04006435
     2.4000000        0.15016795        0.03609142
     2.5000000        0.13336658        0.03078712
     2.6000000        0.12050965        0.03022862
     2.7000000        0.10413079        0.02527426
     2.8000000        0.08738148        0.01765362
     2.9000000        0.07579995        0.01384230
     3.0000000        0.06276834        0.01094967
     3.1000000        0.04846837        0.00903908
     3.2000000        0.03768192        0.01218461
     3.3000000        0.03151420        0.01048805
     3.4000000        0.02695859        0.01050183
     3.5000000        0.02585145        0.01000552
     3.6000000        0.02720756        0.01038508
     3.7000000        0.03244466        0.01192841
     3.8000000        0.03554243        0.01427469
     3.9000000        0.03707945        0.01419659
     4.0000000        0.03928997        0.01467833
     4.1000000        0.03983063        0.01624147
     4.2000000        0.03985798        0.01767214
     4.3000000        0.04058186        0.01896066
     4.4000000        0.04336557        0.02043040
     4.5000000        0.04894505        0.01929155
     4.6000000        0.05372177        0.01921561
     4.7000000        0.05567630        0.02086365
     4.8000000        0.05810842        0.01895274
     4.9000000        0.06183359        0.01791469
     5.0000000        0.06376514        0.01844295
