          31           9   6.0000000000000000                1
     0.0000000        0.83310793        0.00920131
     0.1000000        0.68089801        0.00858913
     0.2000000        0.57186338        0.00791880
     0.3000000        0.49042013        0.00758139
     0.4000000        0.42756355        0.00750139
     0.5000000        0.37757212        0.00740404
     0.6000000        0.33689173        0.00744100
     0.7000000        0.30089705        0.00728805
     0.8000000        0.26972747        0.00687661
     0.9000000        0.24428539        0.00648541
     1.0000000        0.22350497        0.00648780
     1.1000000        0.20590364        0.00676888
     1.2000000        0.19019791        0.00691338
     1.3000000        0.17611090        0.00664579
     1.4000000        0.16324378        0.00611919
     1.5000000        0.15098764        0.00559537
     1.6000000        0.14044857        0.00544995
     1.7000000        0.13193444        0.00566313
     1.8000000        0.12484456        0.00550195
     1.9000000        0.11905679        0.00504124
     2.0000000        0.11339646        0.00443300
     2.1000000        0.10799050        0.00394111
     2.2000000        0.10319107        0.00368943
     2.3000000        0.09978066        0.00341500
     2.4000000        0.09777633        0.00331260
     2.5000000        0.09637899        0.00328441
     2.6000000        0.09495962        0.00342288
     2.7000000        0.09376992        0.00368818
     2.8000000        0.09207866        0.00373549
     2.9000000        0.09048658        0.00434508
     3.0000000        0.08989851        0.00490566
