          51           4   10.000000000000000                1
     0.0000000        0.76400956        0.00337151
     0.1000000        0.65137779        0.00524529
     0.2000000        0.57912894        0.01479137
     0.3000000        0.50092733        0.01430556
     0.4000000        0.48408338        0.01021636
     0.5000000        0.44007765        0.05494032
     0.6000000        0.39943792        0.02167211
     0.7000000        0.34517156        0.01122052
     0.8000000        0.30520113        0.00690138
     0.9000000        0.26810963        0.01254942
     1.0000000        0.26541494        0.01355802
     1.1000000        0.24885052        0.02804922
     1.2000000        0.21168872        0.02115569
     1.3000000        0.20634603        0.02079384
     1.4000000        0.20141725        0.02974755
     1.5000000        0.24219547        0.07892313
     1.6000000        0.29135983        0.10208735
     1.7000000        0.23354273        0.07930245
     1.8000000        0.29231382        0.18576723
     1.9000000        0.21104392        0.07728613
     2.0000000        0.30918067        0.22191386
     2.1000000        0.13939693        0.02433400
     2.2000000        0.11219439        0.01475728
     2.3000000        0.10358847        0.01186778
     2.4000000        0.10647862        0.02431343
     2.5000000        0.11130423        0.03667126
     2.6000000        0.09569296        0.01945151
     2.7000000        0.10089927        0.02568511
     2.8000000        0.10799740        0.04140017
     2.9000000        0.08993786        0.01919152
     3.0000000        0.07123657        0.00957997
     3.1000000        0.07488717        0.00882865
     3.2000000        0.08261011        0.01886280
     3.3000000        0.07530956        0.00554452
     3.4000000        0.08184488        0.01983599
     3.5000000        0.06241464        0.00869134
     3.6000000        0.05982370        0.00543119
     3.7000000        0.05540801        0.00695723
     3.8000000        0.05603190        0.00830566
     3.9000000        0.05349045        0.00820540
     4.0000000        0.05448424        0.00852399
     4.1000000        0.05615942        0.00639817
     4.2000000        0.05705805        0.00749675
     4.3000000        0.06357656        0.00665901
     4.4000000        0.07121212        0.01344086
     4.5000000        0.06061465        0.00669560
     4.6000000        0.05566131        0.00814436
     4.7000000        0.06322594        0.00533197
     4.8000000        0.06153805        0.00632460
     4.9000000        0.05884446        0.00793980
     5.0000000        0.05706381        0.00836686
