          31           4   6.0000000000000000                1
     0.0000000        0.69404168        0.02289268
     0.1000000        0.46201558        0.01005363
     0.2000000        0.32040508        0.00225775
     0.3000000        0.23066604        0.00607687
     0.4000000        0.17690977        0.01211409
     0.5000000        0.14497058        0.00909425
     0.6000000        0.10905911        0.00730243
     0.7000000        0.08879635        0.00393540
     0.8000000        0.07214059        0.00720753
     0.9000000        0.05999656        0.00539179
     1.0000000        0.05490903        0.00744218
     1.1000000        0.04776894        0.01061588
     1.2000000        0.02737913        0.01234163
     1.3000000        0.02902334        0.00711855
     1.4000000        0.01886488        0.00154329
     1.5000000        0.01782335        0.00691675
     1.6000000        0.03002733        0.01099272
     1.7000000        0.02823504        0.01098228
     1.8000000        0.01878929        0.00573898
     1.9000000        0.01742431        0.00533213
     2.0000000        0.01202711        0.00728347
     2.1000000        0.01929482        0.00708409
     2.2000000        0.02284921        0.00377886
     2.3000000        0.01622177        0.00678192
     2.4000000        0.02663239        0.00537317
     2.5000000        0.02741158        0.00861533
     2.6000000        0.02963076        0.00714057
     2.7000000        0.02963241        0.01044063
     2.8000000        0.02478288        0.00576118
     2.9000000        0.02264069        0.00343699
     3.0000000        0.02949648        0.00408687
