          26           4   5.0000000000000000                1
     0.0000000        1.38537152        0.13939746
     0.1000000        0.86180926        0.12249063
     0.2000000        0.60977886        0.08806932
     0.3000000        0.45960066        0.06019422
     0.4000000        0.36580375        0.04982557
     0.5000000        0.31832867        0.04810700
     0.6000000        0.26731023        0.02817634
     0.7000000        0.22861859        0.01213605
     0.8000000        0.21901741        0.01545134
     0.9000000        0.18241542        0.02599746
     1.0000000        0.11667736        0.02926172
     1.1000000        0.07670337        0.01458317
     1.2000000        0.06939276        0.01972624
     1.3000000        0.05270563        0.02748910
     1.4000000        0.03876072        0.04350757
     1.5000000        0.05228107        0.07103759
     1.6000000        0.07697551        0.06157757
     1.7000000        0.08895617        0.05848577
     1.8000000        0.07512022        0.07527562
     1.9000000        0.04958826        0.06605951
     2.0000000        0.05693493        0.04701333
     2.1000000        0.09262393        0.06388546
     2.2000000        0.11782908        0.07498508
     2.3000000        0.10847527        0.07783638
     2.4000000        0.10328427        0.07168388
     2.5000000        0.11334518        0.06185418
