          11           9   2.0000000000000000                1
     0.0000000        0.51179281        0.00696784
     0.1000000        0.45613808        0.00684887
     0.2000000        0.41247517        0.00644842
     0.3000000        0.37788311        0.00598165
     0.4000000        0.35068284        0.00569691
     0.5000000        0.32937918        0.00545690
     0.6000000        0.31301389        0.00522071
     0.7000000        0.30089339        0.00508720
     0.8000000        0.29263291        0.00504640
     0.9000000        0.28776204        0.00497739
     1.0000000        0.28608531        0.00492851
