          41           4   8.0000000000000000                1
     0.0000000        0.08636680        0.02651975
     0.1000000        0.07240750        0.01150371
     0.2000000        0.05185503        0.01115794
     0.3000000        0.03927474        0.00420315
     0.4000000        0.03386328        0.00998503
     0.5000000        0.02275399        0.00648710
     0.6000000        0.01478802        0.01111505
     0.7000000        0.01282804        0.01245897
     0.8000000        0.01534053        0.00729708
     0.9000000        0.00566044        0.01278122
     1.0000000        0.00414295        0.00906523
     1.1000000        0.01556131        0.01094614
     1.2000000        0.00801898        0.00870548
     1.3000000        0.00741211        0.00745676
     1.4000000        0.00108541        0.00894065
     1.5000000        0.00089084        0.01282661
     1.6000000       -0.00223216        0.01324742
     1.7000000       -0.00044476        0.01117989
     1.8000000       -0.00498214        0.00833664
     1.9000000        0.00211202        0.01368406
     2.0000000       -0.00963376        0.00643854
     2.1000000       -0.00257493        0.00454813
     2.2000000       -0.00353524        0.00548210
     2.3000000        0.00301480        0.00154636
     2.4000000        0.00539085        0.00866128
     2.5000000        0.00393539        0.00745382
     2.6000000        0.00316904        0.00416448
     2.7000000        0.00076524        0.00581464
     2.8000000       -0.00255180        0.00547917
     2.9000000       -0.00180834        0.00318560
     3.0000000       -0.00630070        0.00736187
     3.1000000       -0.00148770        0.00587154
     3.2000000        0.00192311        0.00474960
     3.3000000        0.00108295        0.00745397
     3.4000000       -0.00206387        0.00747926
     3.5000000       -0.00827949        0.00805590
     3.6000000        0.01040832        0.00424475
     3.7000000        0.00351403        0.00411276
     3.8000000        0.00574620        0.00483684
     3.9000000       -0.00282543        0.00577464
     4.0000000       -0.00773047        0.00682427
