          21           4   5.0000000000000000                1
     0.0000000        0.79539071        0.27828562
     0.1250000        0.49580804        0.08698404
     0.2500000       -0.18724361        0.52526965
     0.3750000        0.55440122        0.38844665
     0.5000000        0.17493828        0.03263290
     0.6250000        0.29333996        0.12802870
     0.7500000        0.25627675        0.19247127
     0.8750000        0.53084394        0.57449996
     1.0000000        0.17831231        0.07788277
     1.1250000        0.07863463        0.02529200
     1.2500000        0.29983840        0.23246179
     1.3750000       -0.06070611        0.10896867
     1.5000000        0.01000811        0.09616075
     1.6250000        0.11607821        0.12301718
     1.7500000        0.01738785        0.04107792
     1.8750000        0.07988198        0.15010265
     2.0000000        0.42950597        0.32585130
     2.1250000       -0.27509539        0.23662939
     2.2500000        0.18655701        0.23483178
     2.3750000        0.08597158        0.07170072
     2.5000000        0.40235675        0.45705053
