          21           9   4.0000000000000000                1
     0.0000000        0.40108049        0.00547213
     0.1000000        0.21889890        0.00439442
     0.2000000        0.12219388        0.00414255
     0.3000000        0.07157915        0.00418809
     0.4000000        0.04361799        0.00374312
     0.5000000        0.02371589        0.00468701
     0.6000000        0.01035538        0.00486875
     0.7000000        0.00697390        0.00474763
     0.8000000        0.00373939        0.00428028
     0.9000000        0.00026034        0.00474247
     1.0000000       -0.00230905        0.00418004
     1.1000000       -0.00431817        0.00438932
     1.2000000       -0.00563574        0.00455180
     1.3000000       -0.00484716        0.00423356
     1.4000000       -0.00294736        0.00436816
     1.5000000       -0.00199948        0.00446343
     1.6000000       -0.00375321        0.00555415
     1.7000000       -0.00339848        0.00588874
     1.8000000       -0.00512510        0.00622889
     1.9000000       -0.00708852        0.00686882
     2.0000000       -0.00688711        0.00743240
