          51           9   10.000000000000000                1
     0.0000000        0.26173460        0.00733578
     0.1000000        0.15866208        0.00415980
     0.2000000        0.09893651        0.00216692
     0.3000000        0.06440896        0.00252394
     0.4000000        0.04117729        0.00261117
     0.5000000        0.03024660        0.00203557
     0.6000000        0.01928356        0.00192166
     0.7000000        0.01334424        0.00234694
     0.8000000        0.01332692        0.00224464
     0.9000000        0.00833750        0.00299694
     1.0000000        0.00610916        0.00204481
     1.1000000        0.00122778        0.00318122
     1.2000000       -0.00135998        0.00217937
     1.3000000       -0.00102348        0.00314506
     1.4000000        0.00173846        0.00226282
     1.5000000       -0.00021024        0.00255474
     1.6000000       -0.00005032        0.00313583
     1.7000000       -0.00094119        0.00249166
     1.8000000       -0.00148627        0.00233493
     1.9000000        0.00063892        0.00258664
     2.0000000        0.00193419        0.00248903
     2.1000000        0.00085850        0.00267871
     2.2000000        0.00237451        0.00324829
     2.3000000        0.00126968        0.00342503
     2.4000000       -0.00169205        0.00349504
     2.5000000       -0.00088700        0.00230429
     2.6000000       -0.00246522        0.00263401
     2.7000000        0.00029893        0.00231071
     2.8000000       -0.00274866        0.00193126
     2.9000000       -0.00284944        0.00244657
     3.0000000       -0.00238982        0.00210147
     3.1000000       -0.00307463        0.00196646
     3.2000000       -0.00358990        0.00184706
     3.3000000       -0.00257378        0.00193082
     3.4000000       -0.00415198        0.00136033
     3.5000000       -0.00117085        0.00218298
     3.6000000       -0.00279135        0.00256685
     3.7000000       -0.00011440        0.00224606
     3.8000000        0.00190157        0.00186397
     3.9000000        0.00147445        0.00263592
     4.0000000       -0.00264493        0.00253180
     4.1000000       -0.00434315        0.00263228
     4.2000000       -0.00320494        0.00372735
     4.3000000       -0.00327899        0.00381310
     4.4000000       -0.00087429        0.00352563
     4.5000000       -0.00259036        0.00282020
     4.6000000       -0.00102505        0.00297297
     4.7000000       -0.00275897        0.00329072
     4.8000000       -0.00120325        0.00173174
     4.9000000        0.00100140        0.00096868
     5.0000000        0.00093593        0.00195098
