         101           4   10.000000000000000                1
     0.0000000        0.03488705        0.00292420
     0.1000000        0.01462055        0.00673825
     0.2000000        0.00542940        0.00904992
     0.3000000       -0.00113480        0.00575471
     0.4000000        0.00051933        0.00368472
     0.5000000       -0.00009816        0.00176933
     0.6000000       -0.00226508        0.00487265
     0.7000000       -0.00156096        0.00208421
     0.8000000       -0.00352674        0.00231779
     0.9000000       -0.00460049        0.00221334
     1.0000000       -0.00322261        0.00146104
     1.1000000       -0.00406528        0.00103211
     1.2000000        0.00014403        0.00171830
     1.3000000        0.00035660        0.00135428
     1.4000000        0.00042910        0.00155180
     1.5000000        0.00048638        0.00040819
     1.6000000        0.00006860        0.00046069
     1.7000000       -0.00005165        0.00023331
     1.8000000        0.00003310        0.00028782
     1.9000000       -0.00024754        0.00045181
     2.0000000        0.00027169        0.00031928
     2.1000000        0.00046085        0.00037817
     2.2000000        0.00040979        0.00035159
     2.3000000        0.00042652        0.00032835
     2.4000000        0.00028856        0.00006485
     2.5000000       -0.00004603        0.00020193
     2.6000000       -0.00020006        0.00010782
     2.7000000       -0.00010388        0.00020735
     2.8000000        0.00051862        0.00054184
     2.9000000        0.00022304        0.00018941
     3.0000000        0.00004996        0.00013057
     3.1000000        0.00008005        0.00008855
     3.2000000        0.00001767        0.00011609
     3.3000000       -0.00009862        0.00010020
     3.4000000       -0.00004108        0.00002436
     3.5000000        0.00001892        0.00006658
     3.6000000       -0.00000505        0.00001661
     3.7000000        0.00000094        0.00003292
     3.8000000       -0.00005165        0.00003373
     3.9000000       -0.00004414        0.00001829
     4.0000000       -0.00001534        0.00003038
     4.1000000       -0.00003538        0.00002028
     4.2000000       -0.00001654        0.00001368
     4.3000000        0.00000101        0.00001144
     4.4000000       -0.00000097        0.00002151
     4.5000000        0.00000407        0.00001297
     4.6000000        0.00000583        0.00003389
     4.7000000        0.00002406        0.00002022
     4.8000000        0.00002344        0.00000960
     4.9000000        0.00002899        0.00002414
     5.0000000        0.00001865        0.00000672
     5.1000000       -0.00005492        0.00005718
     5.2000000       -0.00002845        0.00002418
     5.3000000       -0.00000965        0.00002751
     5.4000000        0.00001521        0.00000947
     5.5000000       -0.00003335        0.00000983
     5.6000000       -0.00003813        0.00003760
     5.7000000       -0.00006004        0.00002900
     5.8000000       -0.00002190        0.00002972
     5.9000000       -0.00002523        0.00005393
     6.0000000       -0.00004009        0.00005385
     6.1000000       -0.00003380        0.00003585
     6.2000000        0.00003090        0.00005795
     6.3000000        0.00006760        0.00008874
     6.4000000        0.00008235        0.00014469
     6.5000000        0.00011834        0.00008363
     6.6000000        0.00006872        0.00011986
     6.7000000        0.00011555        0.00014232
     6.8000000       -0.00000674        0.00013498
     6.9000000       -0.00022338        0.00025650
     7.0000000        0.00009818        0.00039811
     7.1000000        0.00009134        0.00044539
     7.2000000        0.00005635        0.00027583
     7.3000000       -0.00003382        0.00045488
     7.4000000       -0.00045471        0.00024219
     7.5000000       -0.00039196        0.00026875
     7.6000000       -0.00005907        0.00030931
     7.7000000        0.00017548        0.00022139
     7.8000000       -0.00002347        0.00032764
     7.9000000       -0.00006186        0.00018302
     8.0000000       -0.00008432        0.00060093
     8.1000000       -0.00113615        0.00048195
     8.2000000       -0.00140588        0.00135668
     8.3000000       -0.00115446        0.00094194
     8.4000000       -0.00135571        0.00124651
     8.5000000        0.00125566        0.00180434
     8.6000000        0.00148252        0.00223444
     8.7000000        0.00040480        0.00145525
     8.8000000        0.00344860        0.00212297
     8.9000000        0.00935954        0.00368227
     9.0000000        0.01044019        0.00421272
     9.1000000        0.01371576        0.00286147
     9.2000000        0.02313319        0.00430980
     9.3000000        0.04598766        0.00503790
     9.4000000        0.07790727        0.00710967
     9.5000000        0.13306509        0.00982491
     9.6000000        0.22526050        0.00667102
     9.7000000        0.38537221        0.00685938
     9.8000000        0.65468830        0.00736228
     9.9000000        1.13731097        0.01252924
    10.0000000        1.96511295        0.00292420
