          41           9   8.0000000000000000                1
     0.0000000        0.88856172        0.02726632
     0.1000000        0.71804203        0.02662672
     0.2000000        0.59544979        0.02486062
     0.3000000        0.50401082        0.02288472
     0.4000000        0.43337360        0.02118939
     0.5000000        0.37631274        0.01951661
     0.6000000        0.32996098        0.01835799
     0.7000000        0.29098796        0.01756010
     0.8000000        0.25854183        0.01671635
     0.9000000        0.23146431        0.01575484
     1.0000000        0.20819422        0.01453129
     1.1000000        0.18819863        0.01362498
     1.2000000        0.17048787        0.01317470
     1.3000000        0.15439725        0.01260837
     1.4000000        0.14014941        0.01191912
     1.5000000        0.12745583        0.01096733
     1.6000000        0.11525255        0.00951264
     1.7000000        0.10416735        0.00837019
     1.8000000        0.09440317        0.00757930
     1.9000000        0.08546179        0.00740542
     2.0000000        0.07788375        0.00753108
     2.1000000        0.07161220        0.00740071
     2.2000000        0.06570953        0.00708387
     2.3000000        0.06024534        0.00655266
     2.4000000        0.05618976        0.00617162
     2.5000000        0.05342039        0.00597912
     2.6000000        0.05106521        0.00580441
     2.7000000        0.04887856        0.00527092
     2.8000000        0.04537580        0.00459100
     2.9000000        0.04118180        0.00457886
     3.0000000        0.03737684        0.00480317
     3.1000000        0.03412131        0.00484170
     3.2000000        0.03168541        0.00477542
     3.3000000        0.02957111        0.00474969
     3.4000000        0.02740727        0.00496367
     3.5000000        0.02555663        0.00531792
     3.6000000        0.02386729        0.00581275
     3.7000000        0.02235348        0.00610517
     3.8000000        0.02137072        0.00611416
     3.9000000        0.02023029        0.00651088
     4.0000000        0.01961719        0.00681723
