          11           4   2.0000000000000000                1
     0.0000000        0.33614957        0.01233917
     0.1000000        0.19334431        0.00883180
     0.2000000        0.12976572        0.00253190
     0.3000000        0.08865135        0.00368879
     0.4000000        0.06548818        0.00368444
     0.5000000        0.04956894        0.00345857
     0.6000000        0.03331145        0.00354340
     0.7000000        0.02840140        0.00606092
     0.8000000        0.02435285        0.00530462
     0.9000000        0.01709448        0.00804148
     1.0000000        0.02421324        0.01345731
