          11           4   2.0000000000000000                1
     0.0000000        0.24170268        0.02209533
     0.1000000        0.14206230        0.02150065
     0.2000000        0.09004343        0.02405541
     0.3000000        0.06254571        0.02209713
     0.4000000        0.04000612        0.02611692
     0.5000000        0.03171072        0.02713486
     0.6000000        0.01836388        0.02635865
     0.7000000        0.01283491        0.02559644
     0.8000000        0.00371131        0.01918717
     0.9000000        0.00534066        0.02077059
     1.0000000        0.00116262        0.01931387
