        1001           4   20.000000000000000                1
     0.0000000        0.25000000        0.00000000
     0.0100000        0.24437618        0.00152199
     0.0200000        0.23979543        0.00161919
     0.0300000        0.23387341        0.00142614
     0.0400000        0.22697837        0.00110692
     0.0500000        0.21988827        0.00214967
     0.0600000        0.21208305        0.00184252
     0.0700000        0.20934919        0.00070592
     0.0800000        0.20246477        0.00162724
     0.0900000        0.20007496        0.00160547
     0.1000000        0.19449425        0.00254535
     0.1100000        0.18905862        0.00462484
     0.1200000        0.18424486        0.00396649
     0.1300000        0.18106567        0.00356292
     0.1400000        0.17967428        0.00192201
     0.1500000        0.17313884        0.00274856
     0.1600000        0.17170413        0.00448700
     0.1700000        0.16641252        0.00494572
     0.1800000        0.15853725        0.00243233
     0.1900000        0.15372188        0.00538322
     0.2000000        0.14967583        0.00430822
     0.2100000        0.14659808        0.00105469
     0.2200000        0.14037866        0.00146102
     0.2300000        0.13599533        0.00360566
     0.2400000        0.13512935        0.00328477
     0.2500000        0.13052989        0.00429511
     0.2600000        0.12929185        0.00507049
     0.2700000        0.12565162        0.00514903
     0.2800000        0.12349508        0.00619912
     0.2900000        0.12229444        0.00505856
     0.3000000        0.12492153        0.00638657
     0.3100000        0.12382993        0.00647169
     0.3200000        0.11937272        0.00346648
     0.3300000        0.11475784        0.00562665
     0.3400000        0.11010808        0.00435799
     0.3500000        0.10878250        0.00300113
     0.3600000        0.10740587        0.00359386
     0.3700000        0.10450216        0.00307589
     0.3800000        0.10225622        0.00181668
     0.3900000        0.10182008        0.00548867
     0.4000000        0.10053363        0.00713533
     0.4100000        0.10073151        0.00759463
     0.4200000        0.10219266        0.01234039
     0.4300000        0.10189773        0.01331633
     0.4400000        0.10872264        0.01571898
     0.4500000        0.10651628        0.01869001
     0.4600000        0.10647026        0.01530251
     0.4700000        0.10447204        0.01714973
     0.4800000        0.10083859        0.01372331
     0.4900000        0.10174837        0.01506120
     0.5000000        0.10043413        0.01392023
     0.5100000        0.09638650        0.01422586
     0.5200000        0.09651112        0.01494047
     0.5300000        0.09526960        0.01541516
     0.5400000        0.09809364        0.01511563
     0.5500000        0.09682451        0.01677087
     0.5600000        0.09235105        0.01590750
     0.5700000        0.08451899        0.01306821
     0.5800000        0.08171639        0.01304614
     0.5900000        0.08526906        0.01644346
     0.6000000        0.08513455        0.01749321
     0.6100000        0.08395804        0.01782711
     0.6200000        0.08703386        0.01826957
     0.6300000        0.09027057        0.02138060
     0.6400000        0.09479830        0.02734159
     0.6500000        0.10720963        0.03607944
     0.6600000        0.09667989        0.03017566
     0.6700000        0.09421556        0.02952014
     0.6800000        0.08446893        0.02429770
     0.6900000        0.08521295        0.02522245
     0.7000000        0.08005151        0.02173347
     0.7100000        0.08328126        0.02277492
     0.7200000        0.08390731        0.02303233
     0.7300000        0.07721704        0.01914431
     0.7400000        0.08316498        0.02268824
     0.7500000        0.08240714        0.02165381
     0.7600000        0.07799076        0.01986420
     0.7700000        0.07713270        0.01720533
     0.7800000        0.07914198        0.01850610
     0.7900000        0.07873120        0.01874714
     0.8000000        0.07611299        0.01645874
     0.8100000        0.07453125        0.01514395
     0.8200000        0.07631547        0.01763138
     0.8300000        0.06887870        0.01556808
     0.8400000        0.07082717        0.01687055
     0.8500000        0.07163054        0.01726140
     0.8600000        0.07298800        0.01859887
     0.8700000        0.07295935        0.02036061
     0.8800000        0.07764819        0.02481840
     0.8900000        0.07307697        0.02247920
     0.9000000        0.07047545        0.02055558
     0.9100000        0.06941864        0.01925259
     0.9200000        0.07997931        0.02766736
     0.9300000        0.08019875        0.02687447
     0.9400000        0.07057183        0.01944775
     0.9500000        0.06742524        0.01840844
     0.9600000        0.06278583        0.01556548
     0.9700000        0.06724901        0.01829044
     0.9800000        0.07108868        0.02269101
     0.9900000        0.06979658        0.02131945
     1.0000000        0.06914079        0.02189687
     1.0100000        0.07828750        0.02864311
     1.0200000        0.08437758        0.03880076
     1.0300000        0.08944920        0.04571331
     1.0400000        0.09266385        0.04535165
     1.0500000        0.08765889        0.03862375
     1.0600000        0.08177190        0.03503188
     1.0700000        0.08410827        0.03509317
     1.0800000        0.08856665        0.04047772
     1.0900000        0.07996663        0.03167823
     1.1000000        0.08656787        0.03777878
     1.1100000        0.08181795        0.03377757
     1.1200000        0.07447674        0.02843998
     1.1300000        0.06908374        0.02492274
     1.1400000        0.07081528        0.02647954
     1.1500000        0.07470916        0.03096028
     1.1600000        0.07297294        0.02954151
     1.1700000        0.08168281        0.03508040
     1.1800000        0.08015321        0.03356382
     1.1900000        0.08026313        0.03468249
     1.2000000        0.06772212        0.02241046
     1.2100000        0.07189127        0.02411469
     1.2200000        0.06985625        0.02380071
     1.2300000        0.06751296        0.02271817
     1.2400000        0.07281952        0.02738505
     1.2500000        0.06563409        0.02074033
     1.2600000        0.06858597        0.02233893
     1.2700000        0.07012371        0.02250012
     1.2800000        0.07016085        0.02270850
     1.2900000        0.07621072        0.02605479
     1.3000000        0.07204960        0.02209195
     1.3100000        0.06609008        0.01828195
     1.3200000        0.06456777        0.01705321
     1.3300000        0.06600336        0.01620261
     1.3400000        0.06568986        0.01835803
     1.3500000        0.06052614        0.01803974
     1.3600000        0.06640983        0.02026273
     1.3700000        0.06898354        0.02429277
     1.3800000        0.06803724        0.02192372
     1.3900000        0.06103609        0.02021278
     1.4000000        0.05630676        0.01800331
     1.4100000        0.06391379        0.02723784
     1.4200000        0.06176637        0.02054132
     1.4300000        0.06176914        0.01710160
     1.4400000        0.05905976        0.01541486
     1.4500000        0.05764613        0.01360898
     1.4600000        0.05323625        0.01234282
     1.4700000        0.05660864        0.01505946
     1.4800000        0.05869457        0.02051075
     1.4900000        0.05894268        0.02023116
     1.5000000        0.05943843        0.01984781
     1.5100000        0.05908232        0.01698528
     1.5200000        0.06337403        0.02620957
     1.5300000        0.05791624        0.02484908
     1.5400000        0.06407875        0.03047810
     1.5500000        0.05720324        0.02418704
     1.5600000        0.05127404        0.01610985
     1.5700000        0.04980288        0.01601664
     1.5800000        0.04833410        0.01289654
     1.5900000        0.04651494        0.00933439
     1.6000000        0.04610631        0.01009322
     1.6100000        0.04377293        0.00868072
     1.6200000        0.04757763        0.01083301
     1.6300000        0.04356936        0.01082199
     1.6400000        0.04027751        0.00832600
     1.6500000        0.03878236        0.00667123
     1.6600000        0.03879901        0.00657094
     1.6700000        0.03955357        0.00515418
     1.6800000        0.03864059        0.00417778
     1.6900000        0.04168233        0.00493390
     1.7000000        0.04184905        0.00207581
     1.7100000        0.04011930        0.00185410
     1.7200000        0.04099703        0.00333805
     1.7300000        0.04116114        0.00310712
     1.7400000        0.04258091        0.00351360
     1.7500000        0.04277073        0.00255619
     1.7600000        0.04436397        0.00299895
     1.7700000        0.03971836        0.00578775
     1.7800000        0.04781899        0.00514315
     1.7900000        0.04819361        0.00538327
     1.8000000        0.04622411        0.00706240
     1.8100000        0.04653532        0.00711946
     1.8200000        0.04290963        0.00498654
     1.8300000        0.04557530        0.00578242
     1.8400000        0.04889668        0.00735749
     1.8500000        0.04698969        0.00785376
     1.8600000        0.04410689        0.00771569
     1.8700000        0.04414806        0.00669577
     1.8800000        0.04700536        0.00802423
     1.8900000        0.04714467        0.00894190
     1.9000000        0.04552743        0.01042640
     1.9100000        0.04790650        0.01397839
     1.9200000        0.04992206        0.01565460
     1.9300000        0.04916469        0.01368846
     1.9400000        0.04710152        0.01314166
     1.9500000        0.04488947        0.01040530
     1.9600000        0.04303090        0.00974412
     1.9700000        0.03906983        0.00842275
     1.9800000        0.04572033        0.00838318
     1.9900000        0.04610475        0.00871561
     2.0000000        0.04459187        0.00643375
     2.0100000        0.04565820        0.00774283
     2.0200000        0.05082040        0.01063342
     2.0300000        0.04948671        0.01015902
     2.0400000        0.05299705        0.01044458
     2.0500000        0.05210317        0.00967486
     2.0600000        0.05445508        0.01077000
     2.0700000        0.05750527        0.01213200
     2.0800000        0.06232207        0.01129498
     2.0900000        0.06631086        0.00902060
     2.1000000        0.06151137        0.00908029
     2.1100000        0.06755107        0.01421761
     2.1200000        0.06483315        0.01383237
     2.1300000        0.06554194        0.01317483
     2.1400000        0.06454484        0.01269954
     2.1500000        0.05988935        0.01091127
     2.1600000        0.06155352        0.00661584
     2.1700000        0.05794924        0.00575307
     2.1800000        0.05885491        0.00604138
     2.1900000        0.04829245        0.00666172
     2.2000000        0.05280792        0.00616538
     2.2100000        0.05347839        0.01020096
     2.2200000        0.05208637        0.00808071
     2.2300000        0.05237997        0.00798702
     2.2400000        0.05223488        0.00821163
     2.2500000        0.05158630        0.00904179
     2.2600000        0.05924535        0.01370818
     2.2700000        0.05941619        0.01254013
     2.2800000        0.06394257        0.01291797
     2.2900000        0.05701705        0.00860841
     2.3000000        0.05662729        0.01014516
     2.3100000        0.06022683        0.01298861
     2.3200000        0.06410700        0.01355961
     2.3300000        0.06236195        0.01658065
     2.3400000        0.06062669        0.01527127
     2.3500000        0.05798272        0.01131187
     2.3600000        0.05690971        0.01114759
     2.3700000        0.05741003        0.01328584
     2.3800000        0.05953619        0.01539563
     2.3900000        0.06345958        0.01759692
     2.4000000        0.06369605        0.02368890
     2.4100000        0.06583282        0.02360067
     2.4200000        0.06992329        0.03073751
     2.4300000        0.07433052        0.02992689
     2.4400000        0.07476509        0.02795634
     2.4500000        0.07176655        0.02498794
     2.4600000        0.06341294        0.02142421
     2.4700000        0.05642384        0.01521871
     2.4800000        0.06054878        0.01497837
     2.4900000        0.05855747        0.01501231
     2.5000000        0.06156343        0.01566832
     2.5100000        0.06745923        0.02040918
     2.5200000        0.06817760        0.01986223
     2.5300000        0.06563675        0.02130659
     2.5400000        0.06775595        0.02169040
     2.5500000        0.07768407        0.02827837
     2.5600000        0.08449753        0.03549732
     2.5700000        0.08683828        0.03663679
     2.5800000        0.11024499        0.05143509
     2.5900000        0.11341306        0.05840979
     2.6000000        0.12585311        0.07591402
     2.6100000        0.13660840        0.08865194
     2.6200000        0.14607546        0.10677237
     2.6300000        0.16755446        0.14119528
     2.6400000        0.14546813        0.11814763
     2.6500000        0.10091032        0.06526955
     2.6600000        0.10516752        0.06511949
     2.6700000        0.10440142        0.05979151
     2.6800000        0.09096904        0.04430671
     2.6900000        0.07785451        0.02822800
     2.7000000        0.07640668        0.02940423
     2.7100000        0.07152409        0.02154661
     2.7200000        0.06757343        0.01967409
     2.7300000        0.07217276        0.02388215
     2.7400000        0.05285334        0.01181822
     2.7500000        0.04987923        0.01006659
     2.7600000        0.04670152        0.00826591
     2.7700000        0.04808266        0.01204003
     2.7800000        0.05773604        0.02437257
     2.7900000        0.04545502        0.01135819
     2.8000000        0.04562494        0.01411776
     2.8100000        0.04357398        0.01278556
     2.8200000        0.04090648        0.00884132
     2.8300000        0.04231306        0.01080377
     2.8400000        0.04180130        0.01091450
     2.8500000        0.04717191        0.01451857
     2.8600000        0.04288308        0.01296659
     2.8700000        0.04466380        0.01430570
     2.8800000        0.04648446        0.01588683
     2.8900000        0.04277966        0.01422088
     2.9000000        0.04374091        0.01528336
     2.9100000        0.04156919        0.01424958
     2.9200000        0.04502558        0.01671036
     2.9300000        0.05158704        0.02505282
     2.9400000        0.05301184        0.02536228
     2.9500000        0.05574702        0.02858525
     2.9600000        0.04962588        0.02525491
     2.9700000        0.05661683        0.03596179
     2.9800000        0.06352668        0.04488930
     2.9900000        0.05246863        0.03249206
     3.0000000        0.04567244        0.02503443
     3.0100000        0.04576663        0.02492093
     3.0200000        0.04718637        0.02464829
     3.0300000        0.04832855        0.02523692
     3.0400000        0.04072505        0.01973993
     3.0500000        0.04475052        0.02341304
     3.0600000        0.04472303        0.02412555
     3.0700000        0.04682220        0.02612699
     3.0800000        0.04366652        0.02039405
     3.0900000        0.04941366        0.02633102
     3.1000000        0.04469995        0.02137441
     3.1100000        0.04288189        0.01915126
     3.1200000        0.04157937        0.01573106
     3.1300000        0.04263784        0.01631592
     3.1400000        0.04197442        0.01635358
     3.1500000        0.04261288        0.01684086
     3.1600000        0.04777981        0.02163040
     3.1700000        0.04985974        0.02153492
     3.1800000        0.05606128        0.02662701
     3.1900000        0.05726706        0.02717053
     3.2000000        0.04694335        0.02118508
     3.2100000        0.04401657        0.01878324
     3.2200000        0.03431522        0.01190174
     3.2300000        0.03654519        0.01344196
     3.2400000        0.04306263        0.01947973
     3.2500000        0.04247355        0.01903145
     3.2600000        0.03944562        0.01565532
     3.2700000        0.03905808        0.01428568
     3.2800000        0.03612745        0.01284103
     3.2900000        0.03551434        0.01400451
     3.3000000        0.03765353        0.01736521
     3.3100000        0.03529678        0.01456230
     3.3200000        0.03298698        0.01278663
     3.3300000        0.03769835        0.01614992
     3.3400000        0.04366149        0.02043019
     3.3500000        0.04881670        0.02328560
     3.3600000        0.04275083        0.01858242
     3.3700000        0.04913661        0.02340347
     3.3800000        0.04236439        0.01917981
     3.3900000        0.04018780        0.01890828
     3.4000000        0.05429713        0.03136462
     3.4100000        0.04522624        0.02429882
     3.4200000        0.04534557        0.02297177
     3.4300000        0.04421852        0.02633756
     3.4400000        0.04670358        0.03036172
     3.4500000        0.05126286        0.03526743
     3.4600000        0.05251837        0.03397325
     3.4700000        0.05052829        0.02843307
     3.4800000        0.05127604        0.02864040
     3.4900000        0.05028418        0.02593093
     3.5000000        0.04199771        0.01737684
     3.5100000        0.04138644        0.01613696
     3.5200000        0.04046946        0.01706929
     3.5300000        0.03769206        0.01429755
     3.5400000        0.03538874        0.01489608
     3.5500000        0.04472762        0.02329984
     3.5600000        0.03955318        0.01748216
     3.5700000        0.03660795        0.01456056
     3.5800000        0.03761570        0.01658967
     3.5900000        0.04037742        0.02151554
     3.6000000        0.03631216        0.01892896
     3.6100000        0.03411872        0.01647567
     3.6200000        0.03758248        0.02057911
     3.6300000        0.03298085        0.01553535
     3.6400000        0.03229108        0.01561580
     3.6500000        0.03548821        0.02037396
     3.6600000        0.03338855        0.01870371
     3.6700000        0.03297368        0.01842843
     3.6800000        0.03477315        0.01933464
     3.6900000        0.05039878        0.03668220
     3.7000000        0.05377385        0.03912497
     3.7100000        0.05001042        0.03473294
     3.7200000        0.04674328        0.03054975
     3.7300000        0.04121173        0.02292634
     3.7400000        0.03945818        0.01911467
     3.7500000        0.03189546        0.01487153
     3.7600000        0.03206120        0.01497312
     3.7700000        0.02751156        0.01216908
     3.7800000        0.02848226        0.01289991
     3.7900000        0.02409227        0.01041395
     3.8000000        0.02524346        0.01115733
     3.8100000        0.02314173        0.00974267
     3.8200000        0.02348552        0.00921917
     3.8300000        0.02538757        0.01111835
     3.8400000        0.02453459        0.01254314
     3.8500000        0.02287852        0.01134809
     3.8600000        0.02241858        0.01163693
     3.8700000        0.02004123        0.00931208
     3.8800000        0.02073641        0.00953197
     3.8900000        0.02360101        0.01161216
     3.9000000        0.02504639        0.01114063
     3.9100000        0.02739459        0.01221521
     3.9200000        0.02428543        0.01013284
     3.9300000        0.02415838        0.01045073
     3.9400000        0.02230829        0.01020625
     3.9500000        0.02458831        0.01330183
     3.9600000        0.02436387        0.01360427
     3.9700000        0.02249894        0.01180271
     3.9800000        0.02508074        0.01427406
     3.9900000        0.02713938        0.01664872
     4.0000000        0.03187266        0.02251224
     4.0100000        0.02792555        0.01870703
     4.0200000        0.03060009        0.02122932
     4.0300000        0.03848219        0.02941063
     4.0400000        0.04045998        0.03305750
     4.0500000        0.04192017        0.03497506
     4.0600000        0.04250676        0.03500199
     4.0700000        0.05053896        0.04406145
     4.0800000        0.03752954        0.02870329
     4.0900000        0.02844371        0.01840723
     4.1000000        0.02663983        0.01518493
     4.1100000        0.03022432        0.01842740
     4.1200000        0.03154591        0.01823945
     4.1300000        0.03858006        0.02784672
     4.1400000        0.03462037        0.02691084
     4.1500000        0.04214661        0.03445974
     4.1600000        0.05981406        0.05296199
     4.1700000        0.03973008        0.02799368
     4.1800000        0.04616419        0.03496518
     4.1900000        0.04534399        0.03213912
     4.2000000        0.05746094        0.04689865
     4.2100000        0.05332421        0.04290469
     4.2200000        0.05335233        0.04539267
     4.2300000        0.04195107        0.03424063
     4.2400000        0.04132419        0.03300562
     4.2500000        0.04506044        0.03652749
     4.2600000        0.04076940        0.03198856
     4.2700000        0.03631499        0.02515557
     4.2800000        0.04148380        0.03033726
     4.2900000        0.04942138        0.03856686
     4.3000000        0.03668756        0.02335113
     4.3100000        0.03448645        0.02231130
     4.3200000        0.02912434        0.01878917
     4.3300000        0.02436981        0.01498520
     4.3400000        0.02557105        0.01414483
     4.3500000        0.02499457        0.01354886
     4.3600000        0.02823871        0.01732593
     4.3700000        0.02545978        0.01298328
     4.3800000        0.02368851        0.01025511
     4.3900000        0.02471274        0.01245757
     4.4000000        0.02167111        0.00917433
     4.4100000        0.01974829        0.00745589
     4.4200000        0.01913875        0.00751681
     4.4300000        0.01911111        0.00870369
     4.4400000        0.01868315        0.00732246
     4.4500000        0.01851842        0.00641283
     4.4600000        0.01935964        0.00844027
     4.4700000        0.01803121        0.00781188
     4.4800000        0.01577655        0.00604071
     4.4900000        0.01603517        0.00732458
     4.5000000        0.01839858        0.01039936
     4.5100000        0.01879249        0.01015766
     4.5200000        0.01826509        0.00962403
     4.5300000        0.02461426        0.01578362
     4.5400000        0.02367330        0.01545491
     4.5500000        0.02866767        0.02025122
     4.5600000        0.02850837        0.01842080
     4.5700000        0.04664678        0.03799074
     4.5800000        0.03780849        0.02611564
     4.5900000        0.03757977        0.02501160
     4.6000000        0.03780690        0.02584321
     4.6100000        0.03331782        0.02329162
     4.6200000        0.03911365        0.02855383
     4.6300000        0.06152024        0.05271273
     4.6400000        0.04848818        0.03728752
     4.6500000        0.03150372        0.01840414
     4.6600000        0.03360031        0.02055160
     4.6700000        0.03944272        0.02641096
     4.6800000        0.03979289        0.02414988
     4.6900000        0.04778954        0.03131479
     4.7000000        0.04558831        0.03102569
     4.7100000        0.05318033        0.03511945
     4.7200000        0.05451766        0.04068751
     4.7300000        0.06564317        0.05573497
     4.7400000        0.05673245        0.04393651
     4.7500000        0.06408845        0.05394255
     4.7600000        0.06752554        0.05519667
     4.7700000        0.05147222        0.03743438
     4.7800000        0.05629841        0.04416900
     4.7900000        0.03703217        0.02288219
     4.8000000        0.03366568        0.02089147
     4.8100000        0.03126175        0.02145664
     4.8200000        0.03341039        0.02303882
     4.8300000        0.03693639        0.02416689
     4.8400000        0.04162547        0.02981736
     4.8500000        0.03657623        0.02476457
     4.8600000        0.03782874        0.02517996
     4.8700000        0.04120118        0.02757100
     4.8800000        0.05035099        0.03593646
     4.8900000        0.05614264        0.04194143
     4.9000000        0.04154642        0.02935129
     4.9100000        0.05105033        0.03938442
     4.9200000        0.05619420        0.04476325
     4.9300000        0.04981546        0.03448064
     4.9400000        0.04583739        0.02777658
     4.9500000        0.04034476        0.02259465
     4.9600000        0.03290410        0.01579253
     4.9700000        0.03016679        0.01529676
     4.9800000        0.03487297        0.01873629
     4.9900000        0.02743754        0.01259592
     5.0000000        0.02530680        0.00964627
     5.0100000        0.02876633        0.01239883
     5.0200000        0.03114619        0.01531995
     5.0300000        0.02814515        0.01403049
     5.0400000        0.02232317        0.00874659
     5.0500000        0.02265643        0.00870580
     5.0600000        0.02318210        0.00759274
     5.0700000        0.02448465        0.00841536
     5.0800000        0.02088866        0.00534485
     5.0900000        0.02112811        0.00561978
     5.1000000        0.02237232        0.00572592
     5.1100000        0.02268888        0.00591881
     5.1200000        0.02070699        0.00510799
     5.1300000        0.01856832        0.00451493
     5.1400000        0.01742823        0.00434568
     5.1500000        0.01755518        0.00494104
     5.1600000        0.01656675        0.00410727
     5.1700000        0.01635245        0.00478106
     5.1800000        0.01652850        0.00562087
     5.1900000        0.01638192        0.00473796
     5.2000000        0.01523689        0.00480591
     5.2100000        0.01573187        0.00400355
     5.2200000        0.01646198        0.00450824
     5.2300000        0.01657547        0.00489731
     5.2400000        0.01546886        0.00476252
     5.2500000        0.01679483        0.00515469
     5.2600000        0.01774353        0.00726996
     5.2700000        0.01599456        0.00641446
     5.2800000        0.01517490        0.00511791
     5.2900000        0.01422231        0.00480474
     5.3000000        0.01484967        0.00595470
     5.3100000        0.01327881        0.00491371
     5.3200000        0.01366297        0.00508315
     5.3300000        0.01532594        0.00693404
     5.3400000        0.01451300        0.00578415
     5.3500000        0.01470508        0.00614699
     5.3600000        0.01465684        0.00630347
     5.3700000        0.01453980        0.00652373
     5.3800000        0.01839012        0.01060634
     5.3900000        0.01914493        0.01063663
     5.4000000        0.01510932        0.00620798
     5.4100000        0.01333666        0.00298364
     5.4200000        0.01302342        0.00348020
     5.4300000        0.01306886        0.00353629
     5.4400000        0.01346781        0.00412401
     5.4500000        0.01489032        0.00422122
     5.4600000        0.01517016        0.00387104
     5.4700000        0.01573825        0.00590129
     5.4800000        0.01622317        0.00699163
     5.4900000        0.01597505        0.00609737
     5.5000000        0.01561229        0.00594163
     5.5100000        0.01522543        0.00594403
     5.5200000        0.01374898        0.00422826
     5.5300000        0.01212100        0.00310383
     5.5400000        0.01247348        0.00203365
     5.5500000        0.01253040        0.00268987
     5.5600000        0.01361779        0.00278109
     5.5700000        0.01378413        0.00208375
     5.5800000        0.01381272        0.00243103
     5.5900000        0.01425231        0.00371454
     5.6000000        0.01376903        0.00330179
     5.6100000        0.01318963        0.00323699
     5.6200000        0.01430131        0.00405427
     5.6300000        0.01329080        0.00367648
     5.6400000        0.01339508        0.00431301
     5.6500000        0.01518670        0.00699966
     5.6600000        0.01528166        0.00726428
     5.6700000        0.01533483        0.00718794
     5.6800000        0.01679032        0.00874582
     5.6900000        0.01675151        0.00927428
     5.7000000        0.01722509        0.00979152
     5.7100000        0.01795951        0.01111874
     5.7200000        0.02159335        0.01542103
     5.7300000        0.02081262        0.01454000
     5.7400000        0.02716747        0.02170730
     5.7500000        0.03166950        0.02637516
     5.7600000        0.03248302        0.02749000
     5.7700000        0.03847151        0.03406629
     5.7800000        0.03612070        0.03155641
     5.7900000        0.04020439        0.03603771
     5.8000000        0.03863668        0.03408375
     5.8100000        0.02749492        0.02084423
     5.8200000        0.02722668        0.02029306
     5.8300000        0.02703291        0.01998524
     5.8400000        0.02232025        0.01452473
     5.8500000        0.01996986        0.01131665
     5.8600000        0.01745551        0.00879849
     5.8700000        0.01608636        0.00683934
     5.8800000        0.01645105        0.00846305
     5.8900000        0.01681251        0.00858220
     5.9000000        0.01450899        0.00614347
     5.9100000        0.01413520        0.00545585
     5.9200000        0.01475037        0.00576438
     5.9300000        0.01553154        0.00655840
     5.9400000        0.01643193        0.00646351
     5.9500000        0.01656375        0.00652651
     5.9600000        0.01853651        0.00814793
     5.9700000        0.01703883        0.00714955
     5.9800000        0.01756069        0.00771163
     5.9900000        0.01775368        0.00824604
     6.0000000        0.01685700        0.00719381
     6.0100000        0.01743694        0.00670386
     6.0200000        0.02021516        0.00897767
     6.0300000        0.01566494        0.00536897
     6.0400000        0.01477764        0.00456746
     6.0500000        0.01648542        0.00596151
     6.0600000        0.01742914        0.00669706
     6.0700000        0.01796573        0.00712292
     6.0800000        0.01778442        0.00739852
     6.0900000        0.01588748        0.00521763
     6.1000000        0.01853629        0.00743788
     6.1100000        0.01861116        0.00635211
     6.1200000        0.01760326        0.00567600
     6.1300000        0.01751309        0.00467307
     6.1400000        0.01740398        0.00468295
     6.1500000        0.01703112        0.00456029
     6.1600000        0.01752866        0.00528664
     6.1700000        0.02062687        0.00768218
     6.1800000        0.01774704        0.00565805
     6.1900000        0.01629329        0.00486905
     6.2000000        0.01656660        0.00457438
     6.2100000        0.01941668        0.00553446
     6.2200000        0.02154893        0.00670436
     6.2300000        0.02039285        0.00548143
     6.2400000        0.02010541        0.00556870
     6.2500000        0.02340644        0.00713384
     6.2600000        0.02096183        0.00539189
     6.2700000        0.02356650        0.00645830
     6.2800000        0.02146186        0.00555777
     6.2900000        0.02212385        0.00600508
     6.3000000        0.02006575        0.00508945
     6.3100000        0.02071503        0.00529044
     6.3200000        0.02320482        0.00762751
     6.3300000        0.02417914        0.00985797
     6.3400000        0.02153423        0.00724376
     6.3500000        0.02038901        0.00671012
     6.3600000        0.02163966        0.00779398
     6.3700000        0.02191791        0.00591534
     6.3800000        0.02307164        0.00724766
     6.3900000        0.02054526        0.00612739
     6.4000000        0.02060853        0.00583924
     6.4100000        0.02049374        0.00666277
     6.4200000        0.02092199        0.00636085
     6.4300000        0.02013745        0.00584051
     6.4400000        0.01926859        0.00584945
     6.4500000        0.01830007        0.00522605
     6.4600000        0.01803315        0.00542804
     6.4700000        0.01918443        0.00570828
     6.4800000        0.01990560        0.00532467
     6.4900000        0.02026913        0.00527904
     6.5000000        0.01897552        0.00502409
     6.5100000        0.02044642        0.00553540
     6.5200000        0.02296579        0.00658373
     6.5300000        0.02562013        0.00915670
     6.5400000        0.02742733        0.00996802
     6.5500000        0.03095283        0.01206341
     6.5600000        0.03282689        0.01203892
     6.5700000        0.03194359        0.01323260
     6.5800000        0.02987319        0.01014156
     6.5900000        0.02936387        0.01328490
     6.6000000        0.02701462        0.01151612
     6.6100000        0.02418666        0.00905257
     6.6200000        0.02479525        0.00889286
     6.6300000        0.02677535        0.01064162
     6.6400000        0.02507634        0.01057642
     6.6500000        0.01945849        0.00540418
     6.6600000        0.01774104        0.00530103
     6.6700000        0.02089811        0.00831552
     6.6800000        0.01793174        0.00598691
     6.6900000        0.01696517        0.00485188
     6.7000000        0.01580632        0.00433809
     6.7100000        0.01475158        0.00410688
     6.7200000        0.01418657        0.00365763
     6.7300000        0.01532704        0.00368974
     6.7400000        0.01779233        0.00481450
     6.7500000        0.01681096        0.00478254
     6.7600000        0.01782155        0.00600437
     6.7700000        0.01702718        0.00467953
     6.7800000        0.01683051        0.00549829
     6.7900000        0.01483506        0.00409849
     6.8000000        0.01458189        0.00362806
     6.8100000        0.01452996        0.00405271
     6.8200000        0.01531156        0.00452005
     6.8300000        0.01764193        0.00471117
     6.8400000        0.01659105        0.00438265
     6.8500000        0.01627292        0.00429510
     6.8600000        0.01606420        0.00456742
     6.8700000        0.01509771        0.00359129
     6.8800000        0.01543993        0.00344245
     6.8900000        0.01461654        0.00325165
     6.9000000        0.01608748        0.00432406
     6.9100000        0.01504281        0.00508695
     6.9200000        0.01434202        0.00438741
     6.9300000        0.01545580        0.00459757
     6.9400000        0.01578664        0.00556876
     6.9500000        0.01442152        0.00462709
     6.9600000        0.01479890        0.00526601
     6.9700000        0.01482457        0.00517830
     6.9800000        0.01345640        0.00507475
     6.9900000        0.01406325        0.00452296
     7.0000000        0.01542826        0.00578837
     7.0100000        0.01491575        0.00544025
     7.0200000        0.01468994        0.00498658
     7.0300000        0.01502112        0.00515692
     7.0400000        0.01565523        0.00571987
     7.0500000        0.01750767        0.00768492
     7.0600000        0.01491256        0.00564982
     7.0700000        0.01506141        0.00593758
     7.0800000        0.01521118        0.00680400
     7.0900000        0.01716308        0.00973902
     7.1000000        0.01506388        0.00777761
     7.1100000        0.01590751        0.00850074
     7.1200000        0.01729956        0.01009420
     7.1300000        0.02026880        0.01277720
     7.1400000        0.01670356        0.01039199
     7.1500000        0.01573051        0.00918358
     7.1600000        0.01506615        0.00893894
     7.1700000        0.01568066        0.00918677
     7.1800000        0.01604927        0.00982492
     7.1900000        0.01697046        0.01077067
     7.2000000        0.01620019        0.00909252
     7.2100000        0.01799400        0.01109512
     7.2200000        0.01793390        0.01129416
     7.2300000        0.02465874        0.01859240
     7.2400000        0.02928988        0.02300291
     7.2500000        0.02648588        0.02017553
     7.2600000        0.02809512        0.02221445
     7.2700000        0.02506704        0.01851882
     7.2800000        0.02960258        0.02357511
     7.2900000        0.03752781        0.03244651
     7.3000000        0.03415799        0.02877212
     7.3100000        0.04067925        0.03464726
     7.3200000        0.02489295        0.01733682
     7.3300000        0.03030136        0.02419052
     7.3400000        0.02912858        0.02290829
     7.3500000        0.02987069        0.02250250
     7.3600000        0.02693860        0.01994256
     7.3700000        0.02098938        0.01367593
     7.3800000        0.02149433        0.01422700
     7.3900000        0.01996545        0.01254078
     7.4000000        0.01828098        0.01053269
     7.4100000        0.01903974        0.01145161
     7.4200000        0.01519991        0.00697239
     7.4300000        0.01307941        0.00524525
     7.4400000        0.01346915        0.00638429
     7.4500000        0.01285322        0.00569553
     7.4600000        0.01662090        0.00909514
     7.4700000        0.01480574        0.00727802
     7.4800000        0.01814543        0.01104264
     7.4900000        0.01679602        0.00890112
     7.5000000        0.01963122        0.01242407
     7.5100000        0.01796979        0.01064205
     7.5200000        0.01702669        0.00828578
     7.5300000        0.01642128        0.00721623
     7.5400000        0.01467380        0.00500884
     7.5500000        0.01093264        0.00251442
     7.5600000        0.01134975        0.00282259
     7.5700000        0.01079305        0.00243601
     7.5800000        0.00959848        0.00174872
     7.5900000        0.00907681        0.00159266
     7.6000000        0.01036447        0.00233163
     7.6100000        0.01122941        0.00267094
     7.6200000        0.01068660        0.00211689
     7.6300000        0.01253861        0.00283744
     7.6400000        0.01182440        0.00256201
     7.6500000        0.01251686        0.00296958
     7.6600000        0.01418005        0.00415617
     7.6700000        0.01250058        0.00293423
     7.6800000        0.01249745        0.00239046
     7.6900000        0.01407021        0.00324470
     7.7000000        0.01541337        0.00381968
     7.7100000        0.01559444        0.00448863
     7.7200000        0.01289925        0.00290181
     7.7300000        0.01535929        0.00530421
     7.7400000        0.01561531        0.00594414
     7.7500000        0.01235448        0.00369244
     7.7600000        0.01191907        0.00343777
     7.7700000        0.01228352        0.00260697
     7.7800000        0.01330850        0.00339756
     7.7900000        0.01401927        0.00540748
     7.8000000        0.01505321        0.00585039
     7.8100000        0.01507246        0.00497385
     7.8200000        0.01520049        0.00362223
     7.8300000        0.01641150        0.00518752
     7.8400000        0.01575750        0.00488746
     7.8500000        0.01600082        0.00420295
     7.8600000        0.01544618        0.00437715
     7.8700000        0.01808949        0.00659417
     7.8800000        0.01600999        0.00444674
     7.8900000        0.01617983        0.00404547
     7.9000000        0.01875270        0.00522062
     7.9100000        0.02231796        0.00639899
     7.9200000        0.02337725        0.00889597
     7.9300000        0.02309544        0.00681959
     7.9400000        0.02759610        0.00968075
     7.9500000        0.02360198        0.00872159
     7.9600000        0.02728194        0.01122502
     7.9700000        0.02378844        0.00999336
     7.9800000        0.02507779        0.01054904
     7.9900000        0.02216288        0.00998180
     8.0000000        0.02179428        0.00912312
     8.0100000        0.02737237        0.01410233
     8.0200000        0.02943383        0.01290749
     8.0300000        0.02957057        0.01449391
     8.0400000        0.03100577        0.01469511
     8.0500000        0.02980723        0.01419666
     8.0600000        0.02605191        0.01129780
     8.0700000        0.02263114        0.00945336
     8.0800000        0.02301342        0.01095186
     8.0900000        0.01806327        0.00666479
     8.1000000        0.01744032        0.00590894
     8.1100000        0.01889356        0.00588775
     8.1200000        0.02051805        0.00606102
     8.1300000        0.02050429        0.00716154
     8.1400000        0.02165627        0.00905451
     8.1500000        0.02326599        0.00786114
     8.1600000        0.02211770        0.00772067
     8.1700000        0.02111794        0.00737624
     8.1800000        0.01940190        0.00765236
     8.1900000        0.01822366        0.00720015
     8.2000000        0.01622088        0.00588977
     8.2100000        0.01887771        0.00554958
     8.2200000        0.02097736        0.00598158
     8.2300000        0.01710447        0.00492391
     8.2400000        0.01654618        0.00421647
     8.2500000        0.01820061        0.00487596
     8.2600000        0.01746532        0.00658692
     8.2700000        0.01576602        0.00585375
     8.2800000        0.01704847        0.00705693
     8.2900000        0.01605029        0.00438978
     8.3000000        0.01662635        0.00367056
     8.3100000        0.01429722        0.00410694
     8.3200000        0.01426718        0.00461865
     8.3300000        0.01398673        0.00435058
     8.3400000        0.01465537        0.00527171
     8.3500000        0.01403538        0.00509640
     8.3600000        0.01357247        0.00532776
     8.3700000        0.01451324        0.00605751
     8.3800000        0.01511537        0.00706937
     8.3900000        0.01625183        0.00822295
     8.4000000        0.01575550        0.00704583
     8.4100000        0.02109771        0.01277437
     8.4200000        0.02756681        0.02002780
     8.4300000        0.02559492        0.01838549
     8.4400000        0.02808242        0.02101072
     8.4500000        0.03434887        0.02800928
     8.4600000        0.02953517        0.02197217
     8.4700000        0.02643870        0.01783478
     8.4800000        0.02575431        0.01554069
     8.4900000        0.02413695        0.01283587
     8.5000000        0.02334429        0.01155958
     8.5100000        0.02141071        0.00949083
     8.5200000        0.01900484        0.00803716
     8.5300000        0.01846772        0.00837057
     8.5400000        0.02066676        0.01085427
     8.5500000        0.02275795        0.01074540
     8.5600000        0.02848196        0.01564379
     8.5700000        0.02766959        0.01426122
     8.5800000        0.02693818        0.01570078
     8.5900000        0.02594334        0.01465512
     8.6000000        0.03201256        0.01864027
     8.6100000        0.02566708        0.01228831
     8.6200000        0.02431084        0.01200428
     8.6300000        0.03176107        0.01851649
     8.6400000        0.03072848        0.01783439
     8.6500000        0.03430492        0.01996323
     8.6600000        0.03661659        0.01721133
     8.6700000        0.03269065        0.01562139
     8.6800000        0.02533297        0.00866177
     8.6900000        0.02294010        0.00754627
     8.7000000        0.02175596        0.00719227
     8.7100000        0.02081167        0.00692352
     8.7200000        0.01891277        0.00660991
     8.7300000        0.01786807        0.00736758
     8.7400000        0.01971740        0.00872479
     8.7500000        0.01823036        0.00741029
     8.7600000        0.01802723        0.00873366
     8.7700000        0.01837291        0.00834321
     8.7800000        0.01640830        0.00702205
     8.7900000        0.01798136        0.00787904
     8.8000000        0.01788779        0.00826474
     8.8100000        0.02004202        0.01199225
     8.8200000        0.02001585        0.01318044
     8.8300000        0.02106487        0.01349358
     8.8400000        0.02254600        0.01520257
     8.8500000        0.01884342        0.01160240
     8.8600000        0.02483013        0.01689310
     8.8700000        0.02866700        0.01936385
     8.8800000        0.02331196        0.01316220
     8.8900000        0.02125443        0.01256970
     8.9000000        0.02600104        0.01781805
     8.9100000        0.02423217        0.01613779
     8.9200000        0.02385785        0.01553578
     8.9300000        0.02739561        0.02056335
     8.9400000        0.02291505        0.01439751
     8.9500000        0.02672467        0.01771823
     8.9600000        0.02393871        0.01462180
     8.9700000        0.01991044        0.01100124
     8.9800000        0.01848285        0.01072136
     8.9900000        0.02061246        0.01143120
     9.0000000        0.02117216        0.01010579
     9.0100000        0.01959925        0.00984419
     9.0200000        0.01734637        0.00906852
     9.0300000        0.01719655        0.01021593
     9.0400000        0.01686343        0.01022592
     9.0500000        0.01862032        0.01280695
     9.0600000        0.01751262        0.01260444
     9.0700000        0.01519813        0.00983656
     9.0800000        0.01430979        0.00823028
     9.0900000        0.01362497        0.00779157
     9.1000000        0.01474718        0.00860049
     9.1100000        0.01541615        0.00943515
     9.1200000        0.01694166        0.01069287
     9.1300000        0.01887379        0.01297872
     9.1400000        0.01604193        0.00924420
     9.1500000        0.01950944        0.01197196
     9.1600000        0.01808121        0.01010413
     9.1700000        0.01808613        0.01120703
     9.1800000        0.02002733        0.01318794
     9.1900000        0.01510052        0.00853217
     9.2000000        0.01563441        0.00942111
     9.2100000        0.01711060        0.01013081
     9.2200000        0.01777379        0.01108376
     9.2300000        0.01760090        0.01162599
     9.2400000        0.02324935        0.01724537
     9.2500000        0.02917115        0.02332166
     9.2600000        0.02883801        0.02281240
     9.2700000        0.02710413        0.01991167
     9.2800000        0.03071908        0.02533895
     9.2900000        0.03058343        0.02595323
     9.3000000        0.03072093        0.02634648
     9.3100000        0.02513144        0.02025944
     9.3200000        0.02516397        0.02024729
     9.3300000        0.02977480        0.02519717
     9.3400000        0.02104165        0.01475745
     9.3500000        0.02492772        0.01743887
     9.3600000        0.02172234        0.01446880
     9.3700000        0.02221587        0.01545778
     9.3800000        0.01923583        0.01232354
     9.3900000        0.01747034        0.00964263
     9.4000000        0.01815002        0.00913682
     9.4100000        0.01981208        0.01034199
     9.4200000        0.02209524        0.01413653
     9.4300000        0.01874852        0.01087463
     9.4400000        0.02081442        0.01392234
     9.4500000        0.02363478        0.01589580
     9.4600000        0.02514254        0.01799708
     9.4700000        0.02817795        0.02150967
     9.4800000        0.03114469        0.02432863
     9.4900000        0.03083741        0.02529499
     9.5000000        0.02828816        0.02208295
     9.5100000        0.02916065        0.02306360
     9.5200000        0.02564347        0.01934817
     9.5300000        0.02702675        0.02134731
     9.5400000        0.02220019        0.01497528
     9.5500000        0.02034155        0.01306627
     9.5600000        0.02038063        0.01279540
     9.5700000        0.01863315        0.01159134
     9.5800000        0.01907296        0.01044418
     9.5900000        0.01840062        0.01183547
     9.6000000        0.01936682        0.01411354
     9.6100000        0.01689213        0.01153875
     9.6200000        0.01738220        0.01297293
     9.6300000        0.01797127        0.01280782
     9.6400000        0.01966089        0.01555613
     9.6500000        0.02748898        0.02504874
     9.6600000        0.02728659        0.02374340
     9.6700000        0.02571505        0.02225645
     9.6800000        0.02230252        0.01814219
     9.6900000        0.01939873        0.01293207
     9.7000000        0.01557275        0.00927822
     9.7100000        0.01236249        0.00709578
     9.7200000        0.01235124        0.00769585
     9.7300000        0.01353744        0.00877158
     9.7400000        0.01236518        0.00800370
     9.7500000        0.01235731        0.00799013
     9.7600000        0.01081736        0.00681314
     9.7700000        0.01080246        0.00720489
     9.7800000        0.01336273        0.00981751
     9.7900000        0.01160061        0.00721970
     9.8000000        0.01254827        0.00724963
     9.8100000        0.01315936        0.00761908
     9.8200000        0.01434532        0.00842126
     9.8300000        0.01633577        0.00885143
     9.8400000        0.01986819        0.01082882
     9.8500000        0.01998930        0.01087916
     9.8600000        0.01696028        0.00879357
     9.8700000        0.02005855        0.01066590
     9.8800000        0.02108319        0.01169540
     9.8900000        0.01996940        0.01146076
     9.9000000        0.01719951        0.00933680
     9.9100000        0.01897264        0.01043233
     9.9200000        0.01875499        0.01046722
     9.9300000        0.01968181        0.01202616
     9.9400000        0.03023216        0.02311182
     9.9500000        0.03158712        0.02297033
     9.9600000        0.02383961        0.01438764
     9.9700000        0.02131741        0.01315625
     9.9800000        0.01814794        0.01019313
     9.9900000        0.01640582        0.00859940
    10.0000000        0.01626584        0.00824086
