   -2.000000     -2.000000
  1    1        0.00053842        0.00085304        0.00000000        0.00000000
   -2.000000     -1.000000
  1    1       -0.07139837        0.00104307        0.00000000        0.00000000
   -2.000000      0.000000
  1    1       -0.00105552        0.00077145        0.00000000        0.00000000
   -2.000000      1.000000
  1    1       -0.07168054        0.00094264        0.00000000        0.00000000
   -2.000000      2.000000
  1    1        0.00094261        0.00141313       -0.00000000        0.00000000
   -2.000000      3.000000
  1    1        0.03293953        0.00126289        0.00000000        0.00000000
   -1.000000     -2.000000
  1    1       -0.06942760        0.00139278        0.00000000        0.00000000
   -1.000000     -1.000000
  1    1        0.00046158        0.00064716       -0.00000000        0.00000000
   -1.000000      0.000000
  1    1        0.33585852        0.00095271        0.00000000        0.00000000
   -1.000000      1.000000
  1    1        0.00046999        0.00056119        0.00000000        0.00000000
   -1.000000      2.000000
  1    1       -0.07050251        0.00132378       -0.00000000        0.00000000
   -1.000000      3.000000
  1    1       -0.00021052        0.00091765        0.00000000        0.00000000
    0.000000     -2.000000
  1    1        0.00100169        0.00071293        0.00000000        0.00000000
    0.000000     -1.000000
  1    1        0.33402300        0.00195192       -0.00000000        0.00000000
    0.000000      0.000000
  1    1        1.00000000        0.00000000        0.00000000        0.00000000
    0.000000      1.000000
  1    1        0.33402300        0.00195192        0.00000000        0.00000000
    0.000000      2.000000
  1    1       -0.00100169        0.00071293       -0.00000000        0.00000000
    0.000000      3.000000
  1    1        0.01279953        0.00203992        0.00000000        0.00000000
    1.000000     -2.000000
  1    1       -0.07050251        0.00132378        0.00000000        0.00000000
    1.000000     -1.000000
  1    1       -0.00046999        0.00056119        0.00000000        0.00000000
    1.000000      0.000000
  1    1        0.33585852        0.00095271       -0.00000000        0.00000000
    1.000000      1.000000
  1    1       -0.00046158        0.00064716        0.00000000        0.00000000
    1.000000      2.000000
  1    1       -0.06942760        0.00139278       -0.00000000        0.00000000
    1.000000      3.000000
  1    1        0.00021052        0.00091765        0.00000000        0.00000000
    2.000000     -2.000000
  1    1       -0.00094261        0.00141313       -0.00000000        0.00000000
    2.000000     -1.000000
  1    1       -0.07168054        0.00094264       -0.00000000        0.00000000
    2.000000      0.000000
  1    1        0.00105552        0.00077145       -0.00000000        0.00000000
    2.000000      1.000000
  1    1       -0.07139837        0.00104307       -0.00000000        0.00000000
    2.000000      2.000000
  1    1       -0.00053842        0.00085304       -0.00000000        0.00000000
    2.000000      3.000000
  1    1        0.03293953        0.00126289        0.00000000        0.00000000
    3.000000     -2.000000
  1    1        0.03299536        0.00110589        0.00000000        0.00000000
    3.000000     -1.000000
  1    1        0.00016018        0.00125015        0.00000000        0.00000000
    3.000000      0.000000
  1    1        0.01530704        0.00218644        0.00000000        0.00000000
    3.000000      1.000000
  1    1       -0.00016018        0.00125015        0.00000000        0.00000000
    3.000000      2.000000
  1    1        0.03299536        0.00110589        0.00000000        0.00000000
    3.000000      3.000000
  1    1        0.00000000        0.00000000        0.00000000        0.00000000
