 0.10000000000000000E+001          1         36
( 0.00000000000000000E+000, 0.00000000000000000E+000)
-0.20943951023931953E+001 -0.20943951023931953E+001
( 0.35897683581252376E+000, 0.27230953326533141E-016)
-0.20943951023931953E+001 -0.10471975511965976E+001
( 0.27915463949002939E+000, 0.12247410469330008E-016)
-0.20943951023931953E+001  0.00000000000000000E+000
( 0.23238828640954473E+000, 0.17024376703259033E-017)
-0.20943951023931953E+001  0.10471975511965976E+001
( 0.27142005270010905E+000,-0.14710367499972074E-016)
-0.20943951023931953E+001  0.20943951023931953E+001
( 0.35902338914566112E+000, 0.31803263726241462E-017)
-0.20943951023931953E+001  0.31415926535897931E+001
( 0.39873710653503547E+000, 0.92419509229632643E-017)
-0.10471975511965976E+001 -0.20943951023931953E+001
( 0.28219218503787580E+000, 0.40556607216617515E-017)
-0.10471975511965976E+001 -0.10471975511965976E+001
( 0.18136651808345675E+000, 0.16410308930118094E-016)
-0.10471975511965976E+001  0.00000000000000000E+000
( 0.12168776873138729E+000, 0.54130603836421846E-017)
-0.10471975511965976E+001  0.10471975511965976E+001
( 0.18307438673101231E+000,-0.65533997981346044E-017)
-0.10471975511965976E+001  0.20943951023931953E+001
( 0.28266398865521525E+000, 0.39165325383386079E-017)
-0.10471975511965976E+001  0.31415926535897931E+001
( 0.31881888390731605E+000,-0.84237434504616911E-017)
 0.00000000000000000E+000 -0.20943951023931953E+001
( 0.24719152537557443E+000,-0.14187934618657553E-017)
 0.00000000000000000E+000 -0.10471975511965976E+001
( 0.13046405956731336E+000, 0.11310484639680033E-016)
 0.00000000000000000E+000  0.00000000000000000E+000
( 0.19865319172206995E-001, 0.00000000000000000E+000)
 0.00000000000000000E+000  0.10471975511965976E+001
( 0.13046405956731336E+000,-0.11310484639680033E-016)
 0.00000000000000000E+000  0.20943951023931953E+001
( 0.24719152537557443E+000, 0.14187934618657553E-017)
 0.00000000000000000E+000  0.31415926535897931E+001
( 0.29501585159056354E+000, 0.25531192030246325E-017)
 0.10471975511965976E+001 -0.20943951023931953E+001
( 0.28266398865521525E+000,-0.39165325383386079E-017)
 0.10471975511965976E+001 -0.10471975511965976E+001
( 0.18307438673101231E+000, 0.65533997981346044E-017)
 0.10471975511965976E+001  0.00000000000000000E+000
( 0.12168776873138729E+000,-0.54130603836421846E-017)
 0.10471975511965976E+001  0.10471975511965976E+001
( 0.18136651808345675E+000,-0.16410308930118094E-016)
 0.10471975511965976E+001  0.20943951023931953E+001
( 0.28219218503787580E+000,-0.40556607216617515E-017)
 0.10471975511965976E+001  0.31415926535897931E+001
( 0.31881888390731605E+000, 0.80541945667874713E-017)
 0.20943951023931953E+001 -0.20943951023931953E+001
( 0.35902338914566112E+000,-0.31803263726241462E-017)
 0.20943951023931953E+001 -0.10471975511965976E+001
( 0.27142005270010905E+000, 0.14710367499972074E-016)
 0.20943951023931953E+001  0.00000000000000000E+000
( 0.23238828640954473E+000,-0.17024376703259033E-017)
 0.20943951023931953E+001  0.10471975511965976E+001
( 0.27915463949002939E+000,-0.12247410469330008E-016)
 0.20943951023931953E+001  0.20943951023931953E+001
( 0.35897683581252376E+000,-0.27230953326533141E-016)
 0.20943951023931953E+001  0.31415926535897931E+001
( 0.39873710653503547E+000,-0.11185366673924790E-016)
 0.31415926535897931E+001 -0.20943951023931953E+001
( 0.39372678976017061E+000, 0.98916911778142763E-017)
 0.31415926535897931E+001 -0.10471975511965976E+001
( 0.31354919130940784E+000, 0.92250491037613868E-017)
 0.31415926535897931E+001  0.00000000000000000E+000
( 0.27824903276254032E+000, 0.22645359261593883E-017)
 0.31415926535897931E+001  0.10471975511965976E+001
( 0.31354919130940784E+000,-0.96909715138787623E-017)
 0.31415926535897931E+001  0.20943951023931953E+001
( 0.39372678976017061E+000,-0.86547805561516530E-017)
 0.31415926535897931E+001  0.31415926535897931E+001
( 0.43827895447242243E+000,-0.10347418955633207E-017)
 0.10000000000000000E+001          1         36
( 0.00000000000000000E+000, 0.00000000000000000E+000)
-0.20943951023931953E+001 -0.20943951023931953E+001
( 0.33280017204592299E+000, 0.14857630271321526E-016)
-0.20943951023931953E+001 -0.10471975511965976E+001
( 0.26004191539756377E+000, 0.34417361922510831E-016)
-0.20943951023931953E+001  0.00000000000000000E+000
( 0.21733747855687116E+000, 0.16959962810106214E-016)
-0.20943951023931953E+001  0.10471975511965976E+001
( 0.26891038724720301E+000,-0.41361428715229005E-018)
-0.20943951023931953E+001  0.20943951023931953E+001
( 0.34568658687719683E+000,-0.64570262716914480E-017)
-0.20943951023931953E+001  0.31415926535897931E+001
( 0.38461243774146747E+000, 0.64068180235675394E-017)
-0.10471975511965976E+001 -0.20943951023931953E+001
( 0.26890808977320746E+000, 0.10805847943937623E-016)
-0.10471975511965976E+001 -0.10471975511965976E+001
( 0.15919127099905975E+000, 0.12584798800369605E-016)
-0.10471975511965976E+001  0.00000000000000000E+000
( 0.10659396461646255E+000, 0.99755489088112567E-017)
-0.10471975511965976E+001  0.10471975511965976E+001
( 0.16613318701400787E+000,-0.12335811384723961E-016)
-0.10471975511965976E+001  0.20943951023931953E+001
( 0.25726118986395741E+000, 0.48467965035374638E-017)
-0.10471975511965976E+001  0.31415926535897931E+001
( 0.29939033371847318E+000, 0.74518721513370399E-017)
 0.00000000000000000E+000 -0.20943951023931953E+001
( 0.22498039787589055E+000,-0.28349654305353460E-017)
 0.00000000000000000E+000 -0.10471975511965976E+001
( 0.11676747659288678E+000,-0.46540494506511518E-017)
 0.00000000000000000E+000  0.00000000000000000E+000
( 0.90568159797529985E-002, 0.00000000000000000E+000)
 0.00000000000000000E+000  0.10471975511965976E+001
( 0.11676747659288678E+000, 0.46540494506511518E-017)
 0.00000000000000000E+000  0.20943951023931953E+001
( 0.22498039787589055E+000, 0.28349654305353460E-017)
 0.00000000000000000E+000  0.31415926535897931E+001
( 0.28192957326872475E+000, 0.34563766718610857E-017)
 0.10471975511965976E+001 -0.20943951023931953E+001
( 0.25726118986395741E+000,-0.48467965035374638E-017)
 0.10471975511965976E+001 -0.10471975511965976E+001
( 0.16613318701400787E+000, 0.12335811384723961E-016)
 0.10471975511965976E+001  0.00000000000000000E+000
( 0.10659396461646255E+000,-0.99755489088112567E-017)
 0.10471975511965976E+001  0.10471975511965976E+001
( 0.15919127099905975E+000,-0.12584798800369605E-016)
 0.10471975511965976E+001  0.20943951023931953E+001
( 0.26890808977320746E+000,-0.10805847943937623E-016)
 0.10471975511965976E+001  0.31415926535897931E+001
( 0.29939033371847318E+000,-0.46330139198772029E-017)
 0.20943951023931953E+001 -0.20943951023931953E+001
( 0.34568658687719683E+000, 0.64570262716914480E-017)
 0.20943951023931953E+001 -0.10471975511965976E+001
( 0.26891038724720301E+000, 0.41361428715229005E-018)
 0.20943951023931953E+001  0.00000000000000000E+000
( 0.21733747855687116E+000,-0.16959962810106214E-016)
 0.20943951023931953E+001  0.10471975511965976E+001
( 0.26004191539756377E+000,-0.34417361922510831E-016)
 0.20943951023931953E+001  0.20943951023931953E+001
( 0.33280017204592299E+000,-0.14857630271321526E-016)
 0.20943951023931953E+001  0.31415926535897931E+001
( 0.38461243774146747E+000, 0.31101351296965825E-017)
 0.31415926535897931E+001 -0.20943951023931953E+001
( 0.38229246146980111E+000, 0.34975671333332807E-017)
 0.31415926535897931E+001 -0.10471975511965976E+001
( 0.30399645985715756E+000, 0.95811122815562616E-017)
 0.31415926535897931E+001  0.00000000000000000E+000
( 0.27535641740759703E+000, 0.27439787377960912E-017)
 0.31415926535897931E+001  0.10471975511965976E+001
( 0.30399645985715756E+000,-0.10520821581379507E-016)
 0.31415926535897931E+001  0.20943951023931953E+001
( 0.38229246146980111E+000,-0.12086284633058517E-017)
 0.31415926535897931E+001  0.31415926535897931E+001
( 0.41838623559157356E+000,-0.29115812790501625E-017)
 0.10000000000000000E+001          1         36
( 0.00000000000000000E+000, 0.00000000000000000E+000)
-0.20943951023931953E+001 -0.20943951023931953E+001
( 0.32573819529368858E+000, 0.55061283688154185E-017)
-0.20943951023931953E+001 -0.10471975511965976E+001
( 0.22368777981786195E+000,-0.37441021708389399E-017)
-0.20943951023931953E+001  0.00000000000000000E+000
( 0.18588570256781098E+000, 0.70446639241392294E-017)
-0.20943951023931953E+001  0.10471975511965976E+001
( 0.22554442317402928E+000,-0.17620261979764786E-017)
-0.20943951023931953E+001  0.20943951023931953E+001
( 0.28302400707702124E+000,-0.53969174808167325E-017)
-0.20943951023931953E+001  0.31415926535897931E+001
( 0.34509226052433750E+000, 0.21557250355472173E-017)
-0.10471975511965976E+001 -0.20943951023931953E+001
( 0.23858435752205837E+000, 0.70497327907945267E-017)
-0.10471975511965976E+001 -0.10471975511965976E+001
( 0.12099417045956305E+000, 0.27530641844077092E-017)
-0.10471975511965976E+001  0.00000000000000000E+000
( 0.87087617386666191E-001, 0.37056825211670820E-017)
-0.10471975511965976E+001  0.10471975511965976E+001
( 0.56964988011637220E-001, 0.77098821154524755E-018)
-0.10471975511965976E+001  0.20943951023931953E+001
( 0.17820626936538300E+000,-0.10573785186747482E-016)
-0.10471975511965976E+001  0.31415926535897931E+001
( 0.25647212764145366E+000, 0.19651362454078743E-017)
 0.00000000000000000E+000 -0.20943951023931953E+001
( 0.16863102840583077E+000,-0.11018768733185284E-017)
 0.00000000000000000E+000 -0.10471975511965976E+001
( 0.82790678374030549E-001,-0.79299318903384590E-017)
 0.00000000000000000E+000  0.00000000000000000E+000
(-0.49245790953263060E-002, 0.00000000000000000E+000)
 0.00000000000000000E+000  0.10471975511965976E+001
( 0.82790678374030549E-001, 0.79299318903384590E-017)
 0.00000000000000000E+000  0.20943951023931953E+001
( 0.16863102840583077E+000, 0.11018768733185284E-017)
 0.00000000000000000E+000  0.31415926535897931E+001
( 0.18362253430103889E+000, 0.10327699550533274E-017)
 0.10471975511965976E+001 -0.20943951023931953E+001
( 0.17820626936538300E+000, 0.10573785186747482E-016)
 0.10471975511965976E+001 -0.10471975511965976E+001
( 0.56964988011637220E-001,-0.77098821154524755E-018)
 0.10471975511965976E+001  0.00000000000000000E+000
( 0.87087617386666191E-001,-0.37056825211670820E-017)
 0.10471975511965976E+001  0.10471975511965976E+001
( 0.12099417045956305E+000,-0.27530641844077092E-017)
 0.10471975511965976E+001  0.20943951023931953E+001
( 0.23858435752205837E+000,-0.70497327907945267E-017)
 0.10471975511965976E+001  0.31415926535897931E+001
( 0.25647212764145372E+000,-0.73331230053363246E-017)
 0.20943951023931953E+001 -0.20943951023931953E+001
( 0.28302400707702124E+000, 0.53969174808167325E-017)
 0.20943951023931953E+001 -0.10471975511965976E+001
( 0.22554442317402928E+000, 0.17620261979764786E-017)
 0.20943951023931953E+001  0.00000000000000000E+000
( 0.18588570256781098E+000,-0.70446639241392294E-017)
 0.20943951023931953E+001  0.10471975511965976E+001
( 0.22368777981786195E+000, 0.37441021708389399E-017)
 0.20943951023931953E+001  0.20943951023931953E+001
( 0.32573819529368858E+000,-0.55061283688154185E-017)
 0.20943951023931953E+001  0.31415926535897931E+001
( 0.34509226052433745E+000,-0.64250909199343609E-017)
 0.31415926535897931E+001 -0.20943951023931953E+001
( 0.36664443766270788E+000,-0.17512679090654712E-016)
 0.31415926535897931E+001 -0.10471975511965976E+001
( 0.26352247590775474E+000,-0.50660288190434523E-017)
 0.31415926535897931E+001  0.00000000000000000E+000
( 0.27553148005255373E+000, 0.50737048789489560E-017)
 0.31415926535897931E+001  0.10471975511965976E+001
( 0.26352247590775468E+000,-0.62771165803606672E-017)
 0.31415926535897931E+001  0.20943951023931953E+001
( 0.36664443766270788E+000, 0.14207048470699124E-016)
 0.31415926535897931E+001  0.31415926535897931E+001
( 0.34556103621223877E+000,-0.92776872549567659E-017)
 0.10000000000000000E+001          1         36
( 0.00000000000000000E+000, 0.00000000000000000E+000)
-0.20943951023931953E+001 -0.20943951023931953E+001
( 0.34161660945077316E+000, 0.16306866024230351E-016)
-0.20943951023931953E+001 -0.10471975511965976E+001
( 0.25945163065330812E+000, 0.27318404621271969E-017)
-0.20943951023931953E+001  0.00000000000000000E+000
( 0.22556259464121517E+000, 0.18397548168274073E-016)
-0.20943951023931953E+001  0.10471975511965976E+001
( 0.26674212986859624E+000, 0.24763061282056831E-016)
-0.20943951023931953E+001  0.20943951023931953E+001
( 0.34991798960605935E+000, 0.25057116875220544E-016)
-0.20943951023931953E+001  0.31415926535897931E+001
( 0.38945947304216361E+000, 0.20321125135361509E-016)
-0.10471975511965976E+001 -0.20943951023931953E+001
( 0.27046237977492249E+000, 0.46111242277687374E-017)
-0.10471975511965976E+001 -0.10471975511965976E+001
( 0.17098825327213865E+000, 0.35756905060652682E-017)
-0.10471975511965976E+001  0.00000000000000000E+000
( 0.10745284660533189E+000, 0.24893360895129379E-016)
-0.10471975511965976E+001  0.10471975511965976E+001
( 0.17050087146144619E+000, 0.12094877568616070E-016)
-0.10471975511965976E+001  0.20943951023931953E+001
( 0.27820344075962833E+000, 0.20339749093340154E-016)
-0.10471975511965976E+001  0.31415926535897931E+001
( 0.31308608352281547E+000, 0.10986023965840599E-016)
 0.00000000000000000E+000 -0.20943951023931953E+001
( 0.23715463367551892E+000,-0.64953430072445274E-017)
 0.00000000000000000E+000 -0.10471975511965976E+001
( 0.11565673010444569E+000,-0.49350138342491397E-020)
 0.00000000000000000E+000  0.00000000000000000E+000
( 0.19583965359256109E-001, 0.00000000000000000E+000)
 0.00000000000000000E+000  0.10471975511965976E+001
( 0.11565673010444569E+000, 0.49350138342491397E-020)
 0.00000000000000000E+000  0.20943951023931953E+001
( 0.23715463367551892E+000, 0.64953430072445274E-017)
 0.00000000000000000E+000  0.31415926535897931E+001
( 0.27592581100456665E+000, 0.81720916670985310E-018)
 0.10471975511965976E+001 -0.20943951023931953E+001
( 0.27820344075962833E+000,-0.20339749093340154E-016)
 0.10471975511965976E+001 -0.10471975511965976E+001
( 0.17050087146144619E+000,-0.12094877568616070E-016)
 0.10471975511965976E+001  0.00000000000000000E+000
( 0.10745284660533189E+000,-0.24893360895129379E-016)
 0.10471975511965976E+001  0.10471975511965976E+001
( 0.17098825327213865E+000,-0.35756905060652682E-017)
 0.10471975511965976E+001  0.20943951023931953E+001
( 0.27046237977492249E+000,-0.46111242277687374E-017)
 0.10471975511965976E+001  0.31415926535897931E+001
( 0.31308608352281547E+000,-0.11160194338510829E-016)
 0.20943951023931953E+001 -0.20943951023931953E+001
( 0.34991798960605935E+000,-0.25057116875220544E-016)
 0.20943951023931953E+001 -0.10471975511965976E+001
( 0.26674212986859624E+000,-0.24763061282056831E-016)
 0.20943951023931953E+001  0.00000000000000000E+000
( 0.22556259464121517E+000,-0.18397548168274073E-016)
 0.20943951023931953E+001  0.10471975511965976E+001
( 0.25945163065330812E+000,-0.27318404621271969E-017)
 0.20943951023931953E+001  0.20943951023931953E+001
( 0.34161660945077316E+000,-0.16306866024230351E-016)
 0.20943951023931953E+001  0.31415926535897931E+001
( 0.38945947304216361E+000,-0.20773382684571793E-016)
 0.31415926535897931E+001 -0.20943951023931953E+001
( 0.39118229957574530E+000,-0.12619996950219178E-016)
 0.31415926535897931E+001 -0.10471975511965976E+001
( 0.30689244255565290E+000,-0.14995953389579247E-016)
 0.31415926535897931E+001  0.00000000000000000E+000
( 0.27326987051610896E+000, 0.10695090989324407E-017)
 0.31415926535897931E+001  0.10471975511965976E+001
( 0.30689244255565284E+000, 0.12846125724824321E-016)
 0.31415926535897931E+001  0.20943951023931953E+001
( 0.39118229957574530E+000, 0.15974493695513555E-016)
 0.31415926535897931E+001  0.31415926535897931E+001
( 0.43977882035107840E+000, 0.55326273206764949E-018)
 0.10000000000000000E+001          1         36
( 0.00000000000000000E+000, 0.00000000000000000E+000)
-0.20943951023931953E+001 -0.20943951023931953E+001
( 0.31306069029611350E+000,-0.24817862158595725E-016)
-0.20943951023931953E+001 -0.10471975511965976E+001
( 0.24651224800008906E+000,-0.51426776492911473E-017)
-0.20943951023931953E+001  0.00000000000000000E+000
( 0.21441402456224870E+000, 0.87065296450845268E-017)
-0.20943951023931953E+001  0.10471975511965976E+001
( 0.24714545518062303E+000, 0.24940847715874269E-017)
-0.20943951023931953E+001  0.20943951023931953E+001
( 0.30823177705459898E+000,-0.29875793197378342E-017)
-0.20943951023931953E+001  0.31415926535897931E+001
( 0.35983161965595994E+000,-0.60104364878680872E-017)
-0.10471975511965976E+001 -0.20943951023931953E+001
( 0.25782804472820664E+000,-0.13912668555618338E-016)
-0.10471975511965976E+001 -0.10471975511965976E+001
( 0.14232095221035077E+000,-0.78793753364695336E-017)
-0.10471975511965976E+001  0.00000000000000000E+000
( 0.90985964847928466E-001,-0.15243473310618887E-016)
-0.10471975511965976E+001  0.10471975511965976E+001
( 0.14787042131235728E+000, 0.96373526443155946E-017)
-0.10471975511965976E+001  0.20943951023931953E+001
( 0.26011495557925596E+000,-0.46143023533368584E-017)
-0.10471975511965976E+001  0.31415926535897931E+001
( 0.31211203192638848E+000,-0.18503518526791674E-016)
 0.00000000000000000E+000 -0.20943951023931953E+001
( 0.21236549135360150E+000, 0.17579773078460621E-017)
 0.00000000000000000E+000 -0.10471975511965976E+001
( 0.10372010662177497E+000,-0.21318444976840584E-017)
 0.00000000000000000E+000  0.00000000000000000E+000
( 0.11128776970013342E-001, 0.00000000000000000E+000)
 0.00000000000000000E+000  0.10471975511965976E+001
( 0.10372010662177497E+000, 0.21318444976840584E-017)
 0.00000000000000000E+000  0.20943951023931953E+001
( 0.21236549135360150E+000,-0.17579773078460621E-017)
 0.00000000000000000E+000  0.31415926535897931E+001
( 0.27458758880300127E+000, 0.28269772655252714E-017)
 0.10471975511965976E+001 -0.20943951023931953E+001
( 0.26011495557925596E+000, 0.46143023533368584E-017)
 0.10471975511965976E+001 -0.10471975511965976E+001
( 0.14787042131235728E+000,-0.96373526443155946E-017)
 0.10471975511965976E+001  0.00000000000000000E+000
( 0.90985964847928466E-001, 0.15243473310618887E-016)
 0.10471975511965976E+001  0.10471975511965976E+001
( 0.14232095221035077E+000, 0.78793753364695336E-017)
 0.10471975511965976E+001  0.20943951023931953E+001
( 0.25782804472820664E+000, 0.13912668555618338E-016)
 0.10471975511965976E+001  0.31415926535897931E+001
( 0.31211203192638848E+000, 0.11880357233049304E-016)
 0.20943951023931953E+001 -0.20943951023931953E+001
( 0.30823177705459898E+000, 0.29875793197378342E-017)
 0.20943951023931953E+001 -0.10471975511965976E+001
( 0.24714545518062303E+000,-0.24940847715874269E-017)
 0.20943951023931953E+001  0.00000000000000000E+000
( 0.21441402456224870E+000,-0.87065296450845268E-017)
 0.20943951023931953E+001  0.10471975511965976E+001
( 0.24651224800008906E+000, 0.51426776492911473E-017)
 0.20943951023931953E+001  0.20943951023931953E+001
( 0.31306069029611350E+000, 0.24817862158595725E-016)
 0.20943951023931953E+001  0.31415926535897931E+001
( 0.35983161965595994E+000, 0.14368321257587264E-016)
 0.31415926535897931E+001 -0.20943951023931953E+001
( 0.37769327984753109E+000,-0.85573482205377593E-018)
 0.31415926535897931E+001 -0.10471975511965976E+001
( 0.26956263134546060E+000,-0.96606064761848485E-017)
 0.31415926535897931E+001  0.00000000000000000E+000
( 0.26823453828554966E+000, 0.62760955645967239E-018)
 0.31415926535897931E+001  0.10471975511965976E+001
( 0.26956263134546060E+000, 0.73742538723844971E-017)
 0.31415926535897931E+001  0.20943951023931953E+001
( 0.37769327984753109E+000, 0.10370101909090824E-016)
 0.31415926535897931E+001  0.31415926535897931E+001
( 0.40608167808510798E+000,-0.25937555910801724E-017)
