          41           4   4.0000000000000000                1
     0.0000000        1.97272701        0.00549422
     0.1000000        1.12046639        0.00650734
     0.2000000        0.64481355        0.00464589
     0.3000000        0.37945369        0.00730661
     0.4000000        0.22631320        0.00577745
     0.5000000        0.13894131        0.00308146
     0.6000000        0.08805292        0.00214658
     0.7000000        0.05729112        0.00474175
     0.8000000        0.04010299        0.00355540
     0.9000000        0.03153888        0.00397773
     1.0000000        0.02056443        0.00470686
     1.1000000        0.01854870        0.00360533
     1.2000000        0.01420435        0.00486230
     1.3000000        0.00795817        0.00580889
     1.4000000        0.01183823        0.00460513
     1.5000000        0.00515229        0.00427009
     1.6000000        0.00619239        0.00435843
     1.7000000        0.00670968        0.00451204
     1.8000000        0.00103327        0.00478322
     1.9000000        0.00419698        0.00425771
     2.0000000        0.00552368        0.00366789
     2.1000000        0.00243354        0.00599646
     2.2000000        0.00740220        0.00988600
     2.3000000        0.00575703        0.00574947
     2.4000000        0.00205022        0.00568995
     2.5000000        0.00402968        0.00652063
     2.6000000       -0.00006363        0.00143858
     2.7000000       -0.00079138        0.00228057
     2.8000000        0.00217034        0.00386604
     2.9000000       -0.00116728        0.00289284
     3.0000000       -0.00560629        0.00303062
     3.1000000       -0.00324490        0.00642534
     3.2000000       -0.00283509        0.00365745
     3.3000000        0.00037408        0.00132082
     3.4000000        0.00076814        0.00282128
     3.5000000        0.00164586        0.00442993
     3.6000000        0.00171904        0.00277897
     3.7000000        0.00640646        0.00227477
     3.8000000        0.01204201        0.00453590
     3.9000000        0.01609956        0.00469824
     4.0000000        0.02727299        0.00549422
