   -1.570796     -1.570796        0.12298975        0.00943855       -0.00480651        0.00487866
   -1.570796      0.000000        0.11292737        0.00386092        0.00146277        0.00206985
   -1.570796      1.570796        0.12051612        0.01175183       -0.00556979        0.00547297
   -1.570796      3.141593        0.14517332        0.00768947        0.00009906        0.00276828
    0.000000     -1.570796        0.11387067        0.00739789        0.00127659        0.00279861
    0.000000      0.000000        0.04915878        0.00726335        0.00000000        0.00000000
    0.000000      1.570796        0.11387067        0.00739789       -0.00127659        0.00279861
    0.000000      3.141593        0.12812460        0.01235141        0.00000000        0.00000000
    1.570796     -1.570796        0.12051612        0.01175183        0.00556979        0.00547297
    1.570796      0.000000        0.11292737        0.00386092       -0.00146277        0.00206985
    1.570796      1.570796        0.12298975        0.00943855        0.00480651        0.00487866
    1.570796      3.141593        0.14517332        0.00768947       -0.00009906        0.00276828
    3.141593     -1.570796        0.14049367        0.00435626       -0.00106466        0.00177522
    3.141593      0.000000        0.12845687        0.00727236        0.00000000        0.00000000
    3.141593      1.570796        0.14049367        0.00435626        0.00106466        0.00177522
    3.141593      3.141593        0.15936941        0.00637333        0.00000000        0.00000000
