   -1.000000     -1.000000
  1    1       -0.00590698        0.00027324       -0.00000000        0.00000000
   -1.000000      0.000000
  1    1       -0.04499599        0.00060805       -0.00000000        0.00000000
   -1.000000      1.000000
  1    1       -0.00590921        0.00033833       -0.00000000        0.00000000
   -1.000000      2.000000
  1    1       -0.00487593        0.00026849       -0.00000000        0.00000000
    0.000000     -1.000000
  1    1       -0.04621664        0.00088664       -0.00000000        0.00000000
    0.000000      0.000000
  1    1        0.25480892        0.00368923        0.00000000        0.00000000
    0.000000      1.000000
  1    1       -0.04621664        0.00088664        0.00000000        0.00000000
    0.000000      2.000000
  1    1       -0.00554716        0.00024360        0.00000000        0.00000000
    1.000000     -1.000000
  1    1       -0.00590921        0.00033833       -0.00000000        0.00000000
    1.000000      0.000000
  1    1       -0.04499599        0.00060805        0.00000000        0.00000000
    1.000000      1.000000
  1    1       -0.00590698        0.00027324       -0.00000000        0.00000000
    1.000000      2.000000
  1    1       -0.00487593        0.00026849       -0.00000000        0.00000000
    2.000000     -1.000000
  1    1       -0.00447019        0.00023628        0.00000000        0.00000000
    2.000000      0.000000
  1    1       -0.00517287        0.00036884        0.00000000        0.00000000
    2.000000      1.000000
  1    1       -0.00447019        0.00023628       -0.00000000        0.00000000
    2.000000      2.000000
  1    1       -0.01023656        0.00031349        0.00000000        0.00000000
