   -1.570796     -1.570796        1.94410269        0.38305809        0.53572265        1.10526548
   -1.570796      0.000000        0.63262393        0.19764961       -0.20425716        0.32654175
   -1.570796      1.570796        1.58416050        0.38565058       -0.32045398        0.66307937
   -1.570796      3.141593       -0.79752119        1.44634200       -0.21706911        0.29889379
    0.000000     -1.570796        0.68413345        0.47644474       -0.94166238        0.94060159
    0.000000      0.000000        0.40912182        0.43765706        0.00000000        0.00000000
    0.000000      1.570796        0.68413345        0.47644474        0.94166238        0.94060159
    0.000000      3.141593        2.98690410        1.92293877        0.00000000        0.00000000
    1.570796     -1.570796        1.58416050        0.38565058        0.32045398        0.66307937
    1.570796      0.000000        0.63262393        0.19764961        0.20425716        0.32654175
    1.570796      1.570796        1.94410269        0.38305809       -0.53572265        1.10526548
    1.570796      3.141593       -0.79752119        1.44634200        0.21706911        0.29889379
    3.141593     -1.570796        0.83226059        0.17001183       -1.03720956        1.35123090
    3.141593      0.000000        1.86589839        0.76436306        0.00000000        0.00000000
    3.141593      1.570796        0.83226059        0.17001183        1.03720956        1.35123090
    3.141593      3.141593       11.16604767        2.38159508        0.00000000        0.00000000
