   -1.570796     -1.570796        1.73990324        0.23382797        0.39393964        0.76232494
   -1.570796      0.000000        0.62884324        0.11630858       -0.18640098        0.20457445
   -1.570796      1.570796        1.53653899        0.15976367       -0.25412377        0.46062291
   -1.570796      3.141593       -0.18362255        1.04301813       -0.13645523        0.20492205
    0.000000     -1.570796        0.64757694        0.29241254       -0.61324488        0.64834248
    0.000000      0.000000        0.64686975        0.31271245        0.00000000        0.00000000
    0.000000      1.570796        0.64757694        0.29241254        0.61324488        0.64834248
    0.000000      3.141593        2.33464274        1.22821164        0.00000000        0.00000000
    1.570796     -1.570796        1.53653899        0.15976367        0.25412377        0.46062291
    1.570796      0.000000        0.62884324        0.11630858        0.18640098        0.20457445
    1.570796      1.570796        1.73990324        0.23382797       -0.39393964        0.76232494
    1.570796      3.141593       -0.18362255        1.04301813        0.13645523        0.20492205
    3.141593     -1.570796        0.95385133        0.05706906       -0.65934901        0.90713164
    3.141593      0.000000        1.58624663        0.51112992        0.00000000        0.00000000
    3.141593      1.570796        0.95385133        0.05706906        0.65934901        0.90713164
    3.141593      3.141593       10.14662987        2.64505912        0.00000000        0.00000000
