          41           4   8.0000000000000000                1
     0.0000000        0.41633194        0.01586282
     0.1000000        0.35622387        0.01379808
     0.2000000        0.30644702        0.01179889
     0.3000000        0.26448008        0.01053435
     0.4000000        0.22921557        0.00989454
     0.5000000        0.19930347        0.00923908
     0.6000000        0.17399267        0.00882903
     0.7000000        0.15235086        0.00943732
     0.8000000        0.13276346        0.00975072
     0.9000000        0.11512798        0.00958632
     1.0000000        0.09950610        0.00928999
     1.1000000        0.08636956        0.00891276
     1.2000000        0.07460321        0.00857572
     1.3000000        0.06393007        0.00806960
     1.4000000        0.05545055        0.00751390
     1.5000000        0.04848947        0.00718397
     1.6000000        0.04188692        0.00674294
     1.7000000        0.03586466        0.00564331
     1.8000000        0.03051978        0.00428989
     1.9000000        0.02507029        0.00274192
     2.0000000        0.02051685        0.00165567
     2.1000000        0.01746825        0.00123664
     2.2000000        0.01532077        0.00113282
     2.3000000        0.01379410        0.00124764
     2.4000000        0.01264916        0.00140191
     2.5000000        0.01146225        0.00146629
     2.6000000        0.01023888        0.00167742
     2.7000000        0.00956498        0.00191564
     2.8000000        0.00921342        0.00217499
     2.9000000        0.00847641        0.00225212
     3.0000000        0.00763220        0.00218983
     3.1000000        0.00637333        0.00229322
     3.2000000        0.00475059        0.00326882
     3.3000000        0.00310495        0.00472061
     3.4000000        0.00126200        0.00607990
     3.5000000       -0.00020222        0.00731429
     3.6000000       -0.00111267        0.00864549
     3.7000000       -0.00102172        0.00944800
     3.8000000       -0.00014909        0.00991677
     3.9000000        0.00084792        0.01043293
     4.0000000        0.00143321        0.01053658
