          41           9   8.0000000000000000                1
     0.0000000        0.75327193        0.00129796
     0.1000000        0.63729773        0.00254727
     0.2000000        0.55482721        0.00300646
     0.3000000        0.50501817        0.01472270
     0.4000000        0.44355865        0.00688075
     0.5000000        0.40117235        0.00881840
     0.6000000        0.36743688        0.01424889
     0.7000000        0.32706134        0.01044403
     0.8000000        0.29915167        0.01117048
     0.9000000        0.27467487        0.00557926
     1.0000000        0.28570614        0.01541539
     1.1000000        0.25016245        0.00892337
     1.2000000        0.23690616        0.00872255
     1.3000000        0.22270789        0.00625302
     1.4000000        0.20915101        0.00607984
     1.5000000        0.20195886        0.00882527
     1.6000000        0.20422334        0.01700511
     1.7000000        0.21176839        0.03971626
     1.8000000        0.18078862        0.00608729
     1.9000000        0.17464488        0.01066981
     2.0000000        0.20892413        0.03718727
     2.1000000        0.17857087        0.01877492
     2.2000000        0.16305374        0.01166031
     2.3000000        0.16436152        0.01298251
     2.4000000        0.15421686        0.01497287
     2.5000000        0.15622972        0.01238601
     2.6000000        0.14334015        0.01500470
     2.7000000        0.16115483        0.02852970
     2.8000000        0.17438012        0.04902971
     2.9000000        0.23230698        0.10701937
     3.0000000        0.12767378        0.00868278
     3.1000000        0.12839950        0.01090001
     3.2000000        0.13946349        0.02320825
     3.3000000        0.14130284        0.01994720
     3.4000000        0.16105480        0.05053214
     3.5000000        0.12414516        0.01153595
     3.6000000        0.10954059        0.00297505
     3.7000000        0.10869503        0.00640113
     3.8000000        0.11639112        0.01053204
     3.9000000        0.10912108        0.00858433
     4.0000000        0.10595647        0.00876193
