          31           9   6.0000000000000000                1
     0.0000000        0.31278013        0.01305890
     0.1000000        0.17744638        0.00736927
     0.2000000        0.10798711        0.00657071
     0.3000000        0.05997341        0.00660166
     0.4000000        0.03709071        0.00701542
     0.5000000        0.02584497        0.00551574
     0.6000000        0.01698187        0.00603503
     0.7000000        0.01357866        0.00515390
     0.8000000        0.01171496        0.00474780
     0.9000000        0.00353976        0.00424767
     1.0000000        0.00301009        0.00491360
     1.1000000       -0.00183191        0.00378440
     1.2000000        0.00016649        0.00378927
     1.3000000        0.00342767        0.00280567
     1.4000000        0.00078255        0.00434592
     1.5000000        0.00221313        0.00476320
     1.6000000       -0.00069274        0.00414946
     1.7000000       -0.00491588        0.00408972
     1.8000000       -0.00553104        0.00311714
     1.9000000        0.00091359        0.00583742
     2.0000000        0.00018805        0.00512254
     2.1000000       -0.00526551        0.00502036
     2.2000000       -0.00509872        0.00415674
     2.3000000       -0.00034667        0.00363429
     2.4000000        0.00049831        0.00341620
     2.5000000        0.00172830        0.00545380
     2.6000000        0.00718681        0.00470251
     2.7000000        0.00561162        0.00375701
     2.8000000        0.00565140        0.00429303
     2.9000000        0.00107299        0.00336855
     3.0000000        0.00013346        0.00469648
