   -3.000000     -3.000000
  1    1       -0.00161102        0.00028911        0.00000000        0.00000000
   -3.000000     -2.000000
  1    1       -0.00345190        0.00020025       -0.00000000        0.00000000
   -3.000000     -1.000000
  1    1       -0.00280228        0.00019029        0.00000000        0.00000000
   -3.000000      0.000000
  1    1       -0.00190047        0.00023805       -0.00000000        0.00000000
   -3.000000      1.000000
  1    1       -0.00239021        0.00013338        0.00000000        0.00000000
   -3.000000      2.000000
  1    1       -0.00295012        0.00033497        0.00000000        0.00000000
   -3.000000      3.000000
  1    1       -0.00212802        0.00015746       -0.00000000        0.00000000
   -3.000000      4.000000
  1    1       -0.00207112        0.00032201        0.00000000        0.00000000
   -2.000000     -3.000000
  1    1       -0.00097084        0.00014130       -0.00000000        0.00000000
   -2.000000     -2.000000
  1    1       -0.00552665        0.00020675       -0.00000000        0.00000000
   -2.000000     -1.000000
  1    1       -0.00850274        0.00015989       -0.00000000        0.00000000
   -2.000000      0.000000
  1    1       -0.00274895        0.00026465        0.00000000        0.00000000
   -2.000000      1.000000
  1    1       -0.00846254        0.00024845       -0.00000000        0.00000000
   -2.000000      2.000000
  1    1       -0.00525848        0.00014798       -0.00000000        0.00000000
   -2.000000      3.000000
  1    1       -0.00104938        0.00017311       -0.00000000        0.00000000
   -2.000000      4.000000
  1    1       -0.00040603        0.00024788       -0.00000000        0.00000000
   -1.000000     -3.000000
  1    1        0.00045699        0.00018755        0.00000000        0.00000000
   -1.000000     -2.000000
  1    1       -0.00486823        0.00026109       -0.00000000        0.00000000
   -1.000000     -1.000000
  1    1       -0.03781065        0.00022376        0.00000000        0.00000000
   -1.000000      0.000000
  1    1       -0.08572703        0.00049918       -0.00000000        0.00000000
   -1.000000      1.000000
  1    1       -0.03814871        0.00023354        0.00000000        0.00000000
   -1.000000      2.000000
  1    1       -0.00475460        0.00028145        0.00000000        0.00000000
   -1.000000      3.000000
  1    1        0.00064341        0.00017778       -0.00000000        0.00000000
   -1.000000      4.000000
  1    1        0.00073600        0.00024310        0.00000000        0.00000000
    0.000000     -3.000000
  1    1        0.00157305        0.00023121       -0.00000000        0.00000000
    0.000000     -2.000000
  1    1        0.00819690        0.00021574        0.00000000        0.00000000
    0.000000     -1.000000
  1    1       -0.09718676        0.00063511       -0.00000000        0.00000000
    0.000000      0.000000
  1    1        0.79016757        0.00252999        0.00000000        0.00000000
    0.000000      1.000000
  1    1       -0.09718676        0.00063511        0.00000000        0.00000000
    0.000000      2.000000
  1    1        0.00819690        0.00021574       -0.00000000        0.00000000
    0.000000      3.000000
  1    1        0.00157305        0.00023121        0.00000000        0.00000000
    0.000000      4.000000
  1    1        0.00024162        0.00015536       -0.00000000        0.00000000
    1.000000     -3.000000
  1    1        0.00064341        0.00017778       -0.00000000        0.00000000
    1.000000     -2.000000
  1    1       -0.00475460        0.00028145       -0.00000000        0.00000000
    1.000000     -1.000000
  1    1       -0.03814871        0.00023354       -0.00000000        0.00000000
    1.000000      0.000000
  1    1       -0.08597876        0.00055571        0.00000000        0.00000000
    1.000000      1.000000
  1    1       -0.03781065        0.00022376       -0.00000000        0.00000000
    1.000000      2.000000
  1    1       -0.00486823        0.00026109        0.00000000        0.00000000
    1.000000      3.000000
  1    1        0.00045699        0.00018755       -0.00000000        0.00000000
    1.000000      4.000000
  1    1        0.00073600        0.00024310        0.00000000        0.00000000
    2.000000     -3.000000
  1    1       -0.00104938        0.00017311        0.00000000        0.00000000
    2.000000     -2.000000
  1    1       -0.00525848        0.00014798        0.00000000        0.00000000
    2.000000     -1.000000
  1    1       -0.00846254        0.00024845        0.00000000        0.00000000
    2.000000      0.000000
  1    1       -0.00274895        0.00026465       -0.00000000        0.00000000
    2.000000      1.000000
  1    1       -0.00850274        0.00015989        0.00000000        0.00000000
    2.000000      2.000000
  1    1       -0.00552665        0.00020675       -0.00000000        0.00000000
    2.000000      3.000000
  1    1       -0.00097084        0.00014130        0.00000000        0.00000000
    2.000000      4.000000
  1    1       -0.00040603        0.00024788       -0.00000000        0.00000000
    3.000000     -3.000000
  1    1       -0.00212802        0.00015746       -0.00000000        0.00000000
    3.000000     -2.000000
  1    1       -0.00295012        0.00033497       -0.00000000        0.00000000
    3.000000     -1.000000
  1    1       -0.00239021        0.00013338       -0.00000000        0.00000000
    3.000000      0.000000
  1    1       -0.00190047        0.00023805        0.00000000        0.00000000
    3.000000      1.000000
  1    1       -0.00280228        0.00019029       -0.00000000        0.00000000
    3.000000      2.000000
  1    1       -0.00345190        0.00020025        0.00000000        0.00000000
    3.000000      3.000000
  1    1       -0.00161102        0.00028911       -0.00000000        0.00000000
    3.000000      4.000000
  1    1       -0.00207112        0.00032201        0.00000000        0.00000000
    4.000000     -3.000000
  1    1       -0.00111300        0.00028756        0.00000000        0.00000000
    4.000000     -2.000000
  1    1       -0.00174213        0.00032385       -0.00000000        0.00000000
    4.000000     -1.000000
  1    1       -0.00151676        0.00031715        0.00000000        0.00000000
    4.000000      0.000000
  1    1       -0.00193593        0.00033353       -0.00000000        0.00000000
    4.000000      1.000000
  1    1       -0.00151676        0.00031715        0.00000000        0.00000000
    4.000000      2.000000
  1    1       -0.00174213        0.00032385       -0.00000000        0.00000000
    4.000000      3.000000
  1    1       -0.00111300        0.00028756        0.00000000        0.00000000
    4.000000      4.000000
  1    1       -0.00404104        0.00028355       -0.00000000        0.00000000
