   -2.356194     -2.356194        0.15936614        0.06404085       -0.02092758        0.02163893
   -2.356194     -1.570796        0.15199867        0.03039915       -0.01988114        0.01385934
   -2.356194     -0.785398        0.10359688        0.02137999       -0.00592074        0.01058696
   -2.356194      0.000000        0.10118197        0.01706614        0.00999891        0.01594760
   -2.356194      0.785398        0.12401579        0.01830733        0.02352636        0.01996974
   -2.356194      1.570796        0.13844068        0.02756174       -0.01396758        0.02337470
   -2.356194      2.356194        0.15557584        0.02963993       -0.02293182        0.04316489
   -2.356194      3.141593        0.14504099        0.06717264       -0.00005652        0.03446485
   -1.570796     -2.356194        0.16107687        0.03283695       -0.00011904        0.02050786
   -1.570796     -1.570796        0.12175393        0.02635301       -0.01816605        0.01708063
   -1.570796     -0.785398        0.10191312        0.01201254       -0.02684005        0.01519759
   -1.570796      0.000000        0.08306672        0.01656345        0.02556763        0.01484681
   -1.570796      0.785398        0.13262175        0.01144073       -0.00116062        0.01073893
   -1.570796      1.570796        0.12800576        0.01536650        0.05155002        0.02540762
   -1.570796      2.356194        0.13653984        0.01534784        0.06164653        0.02164713
   -1.570796      3.141593        0.15108146        0.02207359        0.02571145        0.03079547
   -0.785398     -2.356194        0.08254810        0.03072434       -0.00046839        0.00863478
   -0.785398     -1.570796        0.09190201        0.01295848        0.02728105        0.03635596
   -0.785398     -0.785398        0.09693570        0.02084678        0.01240770        0.01082178
   -0.785398      0.000000        0.05646199        0.02404578        0.00006809        0.00918209
   -0.785398      0.785398        0.10342820        0.01673655       -0.00321213        0.01501182
   -0.785398      1.570796        0.08959741        0.01743688        0.00069310        0.01560349
   -0.785398      2.356194        0.08687495        0.02870399       -0.04067085        0.01266989
   -0.785398      3.141593        0.14779624        0.02223236       -0.00084713        0.01849571
    0.000000     -2.356194        0.14000131        0.01523110        0.01856905        0.02052536
    0.000000     -1.570796        0.11707470        0.01302771        0.00845143        0.01331458
    0.000000     -0.785398        0.09604583        0.01176553        0.00025236        0.01368290
    0.000000      0.000000        0.03229320        0.02485478        0.00000000        0.00000000
    0.000000      0.785398        0.09604583        0.01176553       -0.00025236        0.01368290
    0.000000      1.570796        0.11707470        0.01302771       -0.00845143        0.01331458
    0.000000      2.356194        0.14000131        0.01523110       -0.01856905        0.02052536
    0.000000      3.141593        0.11195666        0.02868437       -0.00000000        0.00000000
    0.785398     -2.356194        0.08687495        0.02870399        0.04067085        0.01266989
    0.785398     -1.570796        0.08959741        0.01743688       -0.00069310        0.01560349
    0.785398     -0.785398        0.10342820        0.01673655        0.00321213        0.01501182
    0.785398      0.000000        0.05646199        0.02404578       -0.00006809        0.00918209
    0.785398      0.785398        0.09693570        0.02084678       -0.01240770        0.01082178
    0.785398      1.570796        0.09190201        0.01295848       -0.02728105        0.03635596
    0.785398      2.356194        0.08254810        0.03072434        0.00046839        0.00863478
    0.785398      3.141593        0.14779624        0.02223236        0.00084713        0.01849571
    1.570796     -2.356194        0.13653984        0.01534784       -0.06164653        0.02164713
    1.570796     -1.570796        0.12800576        0.01536650       -0.05155002        0.02540762
    1.570796     -0.785398        0.13262175        0.01144073        0.00116062        0.01073893
    1.570796      0.000000        0.08306672        0.01656345       -0.02556763        0.01484681
    1.570796      0.785398        0.10191312        0.01201254        0.02684005        0.01519759
    1.570796      1.570796        0.12175393        0.02635301        0.01816605        0.01708063
    1.570796      2.356194        0.16107687        0.03283695        0.00011904        0.02050786
    1.570796      3.141593        0.15108146        0.02207359       -0.02571145        0.03079547
    2.356194     -2.356194        0.15557584        0.02963993        0.02293182        0.04316489
    2.356194     -1.570796        0.13844068        0.02756174        0.01396758        0.02337470
    2.356194     -0.785398        0.12401579        0.01830733       -0.02352636        0.01996974
    2.356194      0.000000        0.10118197        0.01706614       -0.00999891        0.01594760
    2.356194      0.785398        0.10359688        0.02137999        0.00592074        0.01058696
    2.356194      1.570796        0.15199867        0.03039915        0.01988114        0.01385934
    2.356194      2.356194        0.15936614        0.06404085        0.02092758        0.02163893
    2.356194      3.141593        0.14504099        0.06717264        0.00005652        0.03446485
    3.141593     -2.356194        0.19695117        0.04646823        0.02613446        0.05035491
    3.141593     -1.570796        0.12263335        0.04100415        0.03664538        0.03358639
    3.141593     -0.785398        0.12796435        0.01990791        0.05069209        0.02047640
    3.141593      0.000000        0.15228746        0.02201961        0.00000000        0.00000000
    3.141593      0.785398        0.12796435        0.01990791       -0.05069209        0.02047640
    3.141593      1.570796        0.12263335        0.04100415       -0.03664538        0.03358639
    3.141593      2.356194        0.19695117        0.04646823       -0.02613446        0.05035491
    3.141593      3.141593        0.37050313        0.30560222        0.00000000        0.00000000
