          51           4   10.000000000000000                1
     0.0000000        0.32871456        0.01815085
     0.1000000        0.18286554        0.01392983
     0.2000000        0.10555708        0.01038084
     0.3000000        0.06275757        0.00719968
     0.4000000        0.03942547        0.00441178
     0.5000000        0.02582696        0.00291044
     0.6000000        0.01753700        0.00188547
     0.7000000        0.01173895        0.00136313
     0.8000000        0.00754996        0.00136488
     0.9000000        0.00531521        0.00127207
     1.0000000        0.00348684        0.00141859
     1.1000000        0.00209907        0.00126049
     1.2000000        0.00133653        0.00107515
     1.3000000        0.00064500        0.00115391
     1.4000000        0.00041830        0.00097404
     1.5000000        0.00058626        0.00056550
     1.6000000        0.00057941        0.00031686
     1.7000000        0.00050581        0.00027024
     1.8000000        0.00053659        0.00024193
     1.9000000        0.00058369        0.00023543
     2.0000000        0.00051962        0.00032217
     2.1000000        0.00045704        0.00038984
     2.2000000        0.00038793        0.00038512
     2.3000000        0.00023189        0.00029110
     2.4000000        0.00007604        0.00020969
     2.5000000        0.00003703        0.00016993
     2.6000000        0.00004286        0.00015281
     2.7000000        0.00003664        0.00017426
     2.8000000        0.00003542        0.00020560
     2.9000000       -0.00001384        0.00018538
     3.0000000       -0.00005354        0.00016648
     3.1000000       -0.00002780        0.00016009
     3.2000000        0.00001909        0.00018091
     3.3000000        0.00009188        0.00026722
     3.4000000        0.00012216        0.00031714
     3.5000000        0.00006964        0.00028281
     3.6000000        0.00002262        0.00023152
     3.7000000       -0.00000942        0.00019888
     3.8000000       -0.00004921        0.00013945
     3.9000000       -0.00004317        0.00008324
     4.0000000       -0.00005469        0.00006013
     4.1000000       -0.00009094        0.00006406
     4.2000000       -0.00011227        0.00006158
     4.3000000       -0.00011212        0.00005276
     4.4000000       -0.00008115        0.00004627
     4.5000000       -0.00005449        0.00004189
     4.6000000       -0.00004186        0.00003909
     4.7000000       -0.00003292        0.00003662
     4.8000000       -0.00001696        0.00003639
     4.9000000       -0.00000729        0.00003781
     5.0000000       -0.00001398        0.00004159
