         101           3   10.000000000000000                1
     0.0000000        0.14449923        0.01658072
     0.1000000        0.10602396        0.01576377
     0.2000000        0.06875307        0.01701564
     0.3000000        0.03880937        0.01940909
     0.4000000        0.02549312        0.02070239
     0.5000000        0.01279312        0.01544555
     0.6000000        0.00612814        0.01957406
     0.7000000        0.01077622        0.02061592
     0.8000000        0.00611165        0.01840843
     0.9000000        0.00224340        0.00647279
     1.0000000       -0.00082799        0.00951969
     1.1000000       -0.00820527        0.01359409
     1.2000000       -0.01511771        0.00743390
     1.3000000       -0.01525551        0.00675647
     1.4000000       -0.01538707        0.00941795
     1.5000000        0.01547066        0.01901570
     1.6000000        0.01538286        0.02197226
     1.7000000       -0.00001220        0.00418480
     1.8000000       -0.00022350        0.01270525
     1.9000000       -0.00169253        0.01443952
     2.0000000       -0.00037330        0.02664323
     2.1000000       -0.01470895        0.01959129
     2.2000000       -0.01769028        0.01125397
     2.3000000       -0.00330726        0.00244651
     2.4000000        0.00130198        0.00295830
     2.5000000        0.00197821        0.00204360
     2.6000000       -0.00106326        0.00882913
     2.7000000       -0.00420488        0.00227914
     2.8000000       -0.00836305        0.00152908
     2.9000000       -0.01318619        0.00688372
     3.0000000       -0.00686553        0.00445311
     3.1000000       -0.00361430        0.00566560
     3.2000000       -0.00402418        0.00401469
     3.3000000       -0.01392212        0.00369664
     3.4000000       -0.00689981        0.00533614
     3.5000000       -0.00359278        0.00250632
     3.6000000       -0.00792569        0.00194904
     3.7000000       -0.00654507        0.00645540
     3.8000000       -0.00790647        0.00631897
     3.9000000       -0.01017698        0.00921575
     4.0000000       -0.00990826        0.00848289
     4.1000000       -0.01316542        0.00566151
     4.2000000       -0.01880913        0.00862143
     4.3000000       -0.01420519        0.00798535
     4.4000000       -0.01144792        0.00507927
     4.5000000       -0.01629786        0.00573044
     4.6000000       -0.01251488        0.00600540
     4.7000000       -0.00721263        0.00541340
     4.8000000       -0.00651928        0.00620798
     4.9000000       -0.00869523        0.00458063
     5.0000000       -0.00938498        0.00537089
     5.1000000       -0.00551201        0.00319324
     5.2000000       -0.00675980        0.00386776
     5.3000000       -0.00667643        0.00359673
     5.4000000       -0.01248172        0.00515501
     5.5000000       -0.00842811        0.00502051
     5.6000000       -0.00334376        0.00371237
     5.7000000        0.00398729        0.00473267
     5.8000000        0.00545549        0.00321027
     5.9000000        0.00741883        0.00677015
     6.0000000        0.00094882        0.00587823
     6.1000000        0.00470620        0.00485678
     6.2000000        0.00647951        0.00324367
     6.3000000        0.00256734        0.00459174
     6.4000000        0.00144357        0.00315173
     6.5000000       -0.00610792        0.00752912
     6.6000000       -0.00681873        0.01076927
     6.7000000       -0.00542829        0.00730261
     6.8000000       -0.00771534        0.00196670
     6.9000000       -0.00631951        0.00563328
     7.0000000        0.00009417        0.00103696
     7.1000000        0.00805305        0.00765549
     7.2000000        0.00529444        0.01807084
     7.3000000        0.00334193        0.01981028
     7.4000000        0.00436304        0.01247337
     7.5000000        0.00621223        0.00685686
     7.6000000        0.00499089        0.00103882
     7.7000000        0.00563471        0.01000600
     7.8000000        0.01014551        0.00138353
     7.9000000        0.01149909        0.01106709
     8.0000000        0.02404193        0.01433520
     8.1000000        0.02949839        0.00827153
     8.2000000        0.04555912        0.01688940
     8.3000000        0.04277224        0.01397973
     8.4000000        0.06615380        0.02889650
     8.5000000        0.06760369        0.02582505
     8.6000000        0.07535300        0.01897704
     8.7000000        0.09308929        0.02148834
     8.8000000        0.11142226        0.00750974
     8.9000000        0.14151451        0.00533362
     9.0000000        0.18105240        0.00944381
     9.1000000        0.22613284        0.01531302
     9.2000000        0.28556546        0.01787463
     9.3000000        0.36227849        0.02226714
     9.4000000        0.46563712        0.01843354
     9.5000000        0.58865132        0.02573871
     9.6000000        0.74708188        0.02589524
     9.7000000        0.91677927        0.02860979
     9.8000000        1.13661090        0.02427809
     9.9000000        1.44460353        0.03048943
    10.0000000        1.85550077        0.01658072
