          51           4   10.000000000000000                1
     0.0000000        0.60912195        0.02622921
     0.1000000        0.49796631        0.02715155
     0.2000000        0.42003708        0.02781238
     0.3000000        0.36315456        0.02659638
     0.4000000        0.31863693        0.02503052
     0.5000000        0.28381760        0.02365548
     0.6000000        0.25544784        0.02213864
     0.7000000        0.23007351        0.02089651
     0.8000000        0.20775642        0.01935479
     0.9000000        0.18695572        0.01735137
     1.0000000        0.16715738        0.01615324
     1.1000000        0.15028069        0.01609249
     1.2000000        0.13584420        0.01709623
     1.3000000        0.12248801        0.01811035
     1.4000000        0.11006431        0.01827868
     1.5000000        0.09889644        0.01825003
     1.6000000        0.08933656        0.01704660
     1.7000000        0.08081959        0.01390460
     1.8000000        0.07356075        0.00950433
     1.9000000        0.06724943        0.00626802
     2.0000000        0.06153275        0.00572021
     2.1000000        0.05632496        0.00615432
     2.2000000        0.05142166        0.00662561
     2.3000000        0.04587231        0.00696113
     2.4000000        0.04055204        0.00776812
     2.5000000        0.03669703        0.00920173
     2.6000000        0.03375893        0.01025884
     2.7000000        0.03189748        0.01063500
     2.8000000        0.03088698        0.01043103
     2.9000000        0.02922467        0.01017150
     3.0000000        0.02799543        0.00931166
     3.1000000        0.02679777        0.00787704
     3.2000000        0.02426992        0.00739931
     3.3000000        0.02145471        0.00711245
     3.4000000        0.01892147        0.00706030
     3.5000000        0.01809681        0.00660661
     3.6000000        0.01780976        0.00659844
     3.7000000        0.01787844        0.00672670
     3.8000000        0.01867757        0.00604109
     3.9000000        0.01975240        0.00530207
     4.0000000        0.02025638        0.00528122
     4.1000000        0.02034091        0.00604174
     4.2000000        0.02076639        0.00744362
     4.3000000        0.02239417        0.00875538
     4.4000000        0.02330545        0.00954017
     4.5000000        0.02333664        0.00948339
     4.6000000        0.02326558        0.00912746
     4.7000000        0.02290400        0.00912533
     4.8000000        0.02387640        0.00881669
     4.9000000        0.02596422        0.00805356
     5.0000000        0.02694122        0.00763292
