          21           4   4.0000000000000000                1
     0.0000000        0.32859178        0.00805731
     0.1000000        0.29883855        0.00792532
     0.2000000        0.27357533        0.00763590
     0.3000000        0.25144398        0.00716811
     0.4000000        0.23241152        0.00662093
     0.5000000        0.21619635        0.00601323
     0.6000000        0.20191694        0.00558141
     0.7000000        0.18914421        0.00505140
     0.8000000        0.17783166        0.00449484
     0.9000000        0.16790050        0.00407861
     1.0000000        0.15922259        0.00387815
     1.1000000        0.15193884        0.00399860
     1.2000000        0.14613407        0.00436095
     1.3000000        0.14144686        0.00490050
     1.4000000        0.13753528        0.00543317
     1.5000000        0.13397121        0.00597897
     1.6000000        0.13090701        0.00666395
     1.7000000        0.12864689        0.00717997
     1.8000000        0.12722099        0.00753580
     1.9000000        0.12666524        0.00778690
     2.0000000        0.12654280        0.00784455
