 0.10000000000000000E+001          1         64
( 0.96195814469039476E+000, 0.00000000000000000E+000)
-0.23561944901923448E+001 -0.23561944901923448E+001
( 0.11411105218547282E+001,-0.25535129566378600E-014)
-0.23561944901923448E+001 -0.15707963267948966E+001
( 0.78552322024695742E+000,-0.16758252496729599E-016)
-0.23561944901923448E+001 -0.78539816339744828E+000
( 0.62243854970808110E+000,-0.44408920985006262E-015)
-0.23561944901923448E+001  0.00000000000000000E+000
( 0.57815633701885938E+000, 0.27193442964681653E-014)
-0.23561944901923448E+001  0.78539816339744828E+000
( 0.61852238214774824E+000, 0.17763568394002505E-014)
-0.23561944901923448E+001  0.15707963267948966E+001
( 0.79987560231548127E+000,-0.10065667745446359E-014)
-0.23561944901923448E+001  0.23561944901923448E+001
( 0.11260234246309546E+001, 0.38857805861880479E-014)
-0.23561944901923448E+001  0.31415926535897931E+001
( 0.13348538243056334E+001,-0.11626606414049951E-014)
-0.15707963267948966E+001 -0.23561944901923448E+001
( 0.79231971030218784E+000, 0.15543122344752192E-014)
-0.15707963267948966E+001 -0.15707963267948966E+001
( 0.64231883830514869E+000,-0.22025751185019270E-015)
-0.15707963267948966E+001 -0.78539816339744828E+000
( 0.48860572161581406E+000,-0.16653345369377348E-014)
-0.15707963267948966E+001  0.00000000000000000E+000
( 0.44874012500190452E+000,-0.42553868518207877E-014)
-0.15707963267948966E+001  0.78539816339744828E+000
( 0.50103041208970933E+000, 0.25535129566378600E-014)
-0.15707963267948966E+001  0.15707963267948966E+001
( 0.64111356609670878E+000, 0.19358720779764419E-017)
-0.15707963267948966E+001  0.23561944901923448E+001
( 0.79648730688989688E+000, 0.12212453270876722E-014)
-0.15707963267948966E+001  0.31415926535897931E+001
( 0.84255467407727913E+000, 0.34602946740128029E-015)
-0.78539816339744828E+000 -0.23561944901923448E+001
( 0.62050576911510369E+000,-0.77715611723760958E-015)
-0.78539816339744828E+000 -0.15707963267948966E+001
( 0.50252172396350270E+000, 0.21161026000999370E-014)
-0.78539816339744828E+000 -0.78539816339744828E+000
( 0.32384288168989472E+000, 0.25535129566378600E-014)
-0.78539816339744828E+000  0.00000000000000000E+000
( 0.24826913170322884E+000, 0.11284927037477532E-014)
-0.78539816339744828E+000  0.78539816339744828E+000
( 0.33507538390743496E+000,-0.22204460492503131E-014)
-0.78539816339744828E+000  0.15707963267948966E+001
( 0.49354379605907561E+000,-0.20467250889117472E-015)
-0.78539816339744828E+000  0.23561944901923448E+001
( 0.62556413102875252E+000,-0.28865798640254070E-014)
-0.78539816339744828E+000  0.31415926535897931E+001
( 0.66023879348914383E+000, 0.44674045952529987E-014)
 0.00000000000000000E+000 -0.23561944901923448E+001
( 0.57668455399221508E+000, 0.19984014443252818E-014)
 0.00000000000000000E+000 -0.15707963267948966E+001
( 0.44841554458051563E+000,-0.92485539031478533E-015)
 0.00000000000000000E+000 -0.78539816339744828E+000
( 0.24898062761195228E+000, 0.17763568394002505E-014)
 0.00000000000000000E+000  0.00000000000000000E+000
( 0.59358940756130430E+002, 0.00000000000000000E+000)
 0.00000000000000000E+000  0.78539816339744828E+000
( 0.24898062761195228E+000,-0.17763568394002505E-014)
 0.00000000000000000E+000  0.15707963267948966E+001
( 0.44841554458051563E+000, 0.92485539031478533E-015)
 0.00000000000000000E+000  0.23561944901923448E+001
( 0.57668455399221508E+000,-0.19984014443252818E-014)
 0.00000000000000000E+000  0.31415926535897931E+001
( 0.61373673149534369E+000, 0.36260676200298211E-014)
 0.78539816339744828E+000 -0.23561944901923448E+001
( 0.62556413102875252E+000, 0.28865798640254070E-014)
 0.78539816339744828E+000 -0.15707963267948966E+001
( 0.49354379605907561E+000, 0.20467250889117472E-015)
 0.78539816339744828E+000 -0.78539816339744828E+000
( 0.33507538390743496E+000, 0.22204460492503131E-014)
 0.78539816339744828E+000  0.00000000000000000E+000
( 0.24826913170322884E+000,-0.11284927037477532E-014)
 0.78539816339744828E+000  0.78539816339744828E+000
( 0.32384288168989472E+000,-0.25535129566378600E-014)
 0.78539816339744828E+000  0.15707963267948966E+001
( 0.50252172396350270E+000,-0.21161026000999370E-014)
 0.78539816339744828E+000  0.23561944901923448E+001
( 0.62050576911510358E+000, 0.77715611723760958E-015)
 0.78539816339744828E+000  0.31415926535897931E+001
( 0.66023879348914272E+000,-0.34472510685159167E-014)
 0.15707963267948966E+001 -0.23561944901923448E+001
( 0.79648730688989688E+000,-0.12212453270876722E-014)
 0.15707963267948966E+001 -0.15707963267948966E+001
( 0.64111356609670878E+000,-0.19358720779764419E-017)
 0.15707963267948966E+001 -0.78539816339744828E+000
( 0.50103041208970933E+000,-0.25535129566378600E-014)
 0.15707963267948966E+001  0.00000000000000000E+000
( 0.44874012500190452E+000, 0.42553868518207877E-014)
 0.15707963267948966E+001  0.78539816339744828E+000
( 0.48860572161581406E+000, 0.16653345369377348E-014)
 0.15707963267948966E+001  0.15707963267948966E+001
( 0.64231883830514858E+000, 0.22025751185019270E-015)
 0.15707963267948966E+001  0.23561944901923448E+001
( 0.79231971030218784E+000,-0.15543122344752192E-014)
 0.15707963267948966E+001  0.31415926535897931E+001
( 0.84255467407727735E+000,-0.25595996951320530E-015)
 0.23561944901923448E+001 -0.23561944901923448E+001
( 0.11260234246309546E+001,-0.38857805861880479E-014)
 0.23561944901923448E+001 -0.15707963267948966E+001
( 0.79987560231548116E+000, 0.10065667745446359E-014)
 0.23561944901923448E+001 -0.78539816339744828E+000
( 0.61852238214774824E+000,-0.17763568394002505E-014)
 0.23561944901923448E+001  0.00000000000000000E+000
( 0.57815633701885938E+000,-0.27193442964681653E-014)
 0.23561944901923448E+001  0.78539816339744828E+000
( 0.62243854970808099E+000, 0.44408920985006262E-015)
 0.23561944901923448E+001  0.15707963267948966E+001
( 0.78552322024695731E+000, 0.16758252496729599E-016)
 0.23561944901923448E+001  0.23561944901923448E+001
( 0.11411105218547282E+001, 0.25535129566378600E-014)
 0.23561944901923448E+001  0.31415926535897931E+001
( 0.13348538243056349E+001, 0.62850193366685801E-015)
 0.31415926535897931E+001 -0.23561944901923448E+001
( 0.13290813937045232E+001, 0.11102230246251565E-014)
 0.31415926535897931E+001 -0.15707963267948966E+001
( 0.84901740022119698E+000,-0.92026387203065417E-015)
 0.31415926535897931E+001 -0.78539816339744828E+000
( 0.67104466200470747E+000, 0.33306690738754696E-015)
 0.31415926535897931E+001  0.00000000000000000E+000
( 0.61011338380094138E+000, 0.36257923952908874E-014)
 0.31415926535897931E+001  0.78539816339744828E+000
( 0.67104466200470758E+000,-0.44408920985006262E-015)
 0.31415926535897931E+001  0.15707963267948966E+001
( 0.84901740022119687E+000, 0.11422351214229567E-014)
 0.31415926535897931E+001  0.23561944901923448E+001
( 0.13290813937045227E+001,-0.29976021664879227E-014)
 0.31415926535897931E+001  0.31415926535897931E+001
( 0.63651599340594469E+001, 0.57233113683900020E-015)
 0.10000000000000000E+001          1         64
( 0.96133133953701189E+000, 0.00000000000000000E+000)
-0.23561944901923448E+001 -0.23561944901923448E+001
( 0.10958194144419247E+001,-0.23314683517128287E-014)
-0.23561944901923448E+001 -0.15707963267948966E+001
( 0.77495795683214219E+000,-0.35072561433948842E-015)
-0.23561944901923448E+001 -0.78539816339744828E+000
( 0.60974579634143855E+000, 0.99920072216264089E-015)
-0.23561944901923448E+001  0.00000000000000000E+000
( 0.56043728716507157E+000, 0.38262418063575950E-014)
-0.23561944901923448E+001  0.78539816339744828E+000
( 0.60888748405048876E+000,-0.26645352591003757E-014)
-0.23561944901923448E+001  0.15707963267948966E+001
( 0.77395535871739918E+000,-0.55781729833911544E-015)
-0.23561944901923448E+001  0.23561944901923448E+001
( 0.11048073025367660E+001, 0.44408920985006262E-015)
-0.23561944901923448E+001  0.31415926535897931E+001
( 0.13161709697429238E+001,-0.70640660916137873E-016)
-0.15707963267948966E+001 -0.23561944901923448E+001
( 0.78425755118816065E+000, 0.18873791418627661E-014)
-0.15707963267948966E+001 -0.15707963267948966E+001
( 0.63399738651666793E+000,-0.89933833585604882E-015)
-0.15707963267948966E+001 -0.78539816339744828E+000
( 0.48607317773863701E+000,-0.19984014443252818E-014)
-0.15707963267948966E+001  0.00000000000000000E+000
( 0.43680708590885486E+000,-0.33649914222968451E-014)
-0.15707963267948966E+001  0.78539816339744828E+000
( 0.48467276742649823E+000, 0.12212453270876722E-014)
-0.15707963267948966E+001  0.15707963267948966E+001
( 0.63577627090356326E+000,-0.44130805903465160E-015)
-0.15707963267948966E+001  0.23561944901923448E+001
( 0.78736381600507732E+000, 0.66613381477509392E-015)
-0.15707963267948966E+001  0.31415926535897931E+001
( 0.83481096808826560E+000,-0.30946115749567595E-015)
-0.78539816339744828E+000 -0.23561944901923448E+001
( 0.62178580973998576E+000,-0.25535129566378600E-014)
-0.78539816339744828E+000 -0.15707963267948966E+001
( 0.49401250990192447E+000, 0.25565202018198926E-014)
-0.78539816339744828E+000 -0.78539816339744828E+000
( 0.32375035621892723E+000,-0.11102230246251565E-015)
-0.78539816339744828E+000  0.00000000000000000E+000
( 0.24636977309412567E+000, 0.44580532727113143E-014)
-0.78539816339744828E+000  0.78539816339744828E+000
( 0.32496740297679139E+000, 0.55511151231257827E-015)
-0.78539816339744828E+000  0.15707963267948966E+001
( 0.49299678507993783E+000, 0.46204937595749945E-015)
-0.78539816339744828E+000  0.23561944901923448E+001
( 0.62159587188144749E+000, 0.15543122344752192E-014)
-0.78539816339744828E+000  0.31415926535897931E+001
( 0.66139619258479909E+000, 0.11336521857575524E-014)
 0.00000000000000000E+000 -0.23561944901923448E+001
( 0.57238572434663282E+000, 0.29976021664879227E-014)
 0.00000000000000000E+000 -0.15707963267948966E+001
( 0.44757665699234311E+000,-0.20331128730053525E-014)
 0.00000000000000000E+000 -0.78539816339744828E+000
( 0.24849341171552342E+000,-0.77715611723760958E-015)
 0.00000000000000000E+000  0.00000000000000000E+000
( 0.59281590523986011E+002, 0.00000000000000000E+000)
 0.00000000000000000E+000  0.78539816339744828E+000
( 0.24849341171552342E+000, 0.77715611723760958E-015)
 0.00000000000000000E+000  0.15707963267948966E+001
( 0.44757665699234311E+000, 0.20331128730053525E-014)
 0.00000000000000000E+000  0.23561944901923448E+001
( 0.57238572434663282E+000,-0.29976021664879227E-014)
 0.00000000000000000E+000  0.31415926535897931E+001
( 0.61899317614702909E+000, 0.36221365361606408E-014)
 0.78539816339744828E+000 -0.23561944901923448E+001
( 0.62159587188144749E+000,-0.15543122344752192E-014)
 0.78539816339744828E+000 -0.15707963267948966E+001
( 0.49299678507993783E+000,-0.46204937595749945E-015)
 0.78539816339744828E+000 -0.78539816339744828E+000
( 0.32496740297679139E+000,-0.55511151231257827E-015)
 0.78539816339744828E+000  0.00000000000000000E+000
( 0.24636977309412567E+000,-0.44580532727113143E-014)
 0.78539816339744828E+000  0.78539816339744828E+000
( 0.32375035621892723E+000, 0.11102230246251565E-015)
 0.78539816339744828E+000  0.15707963267948966E+001
( 0.49401250990192447E+000,-0.25565202018198926E-014)
 0.78539816339744828E+000  0.23561944901923448E+001
( 0.62178580973998565E+000, 0.25535129566378600E-014)
 0.78539816339744828E+000  0.31415926535897931E+001
( 0.66139619258479754E+000,-0.43233931153196974E-014)
 0.15707963267948966E+001 -0.23561944901923448E+001
( 0.78736381600507732E+000,-0.66613381477509392E-015)
 0.15707963267948966E+001 -0.15707963267948966E+001
( 0.63577627090356326E+000, 0.44130805903465160E-015)
 0.15707963267948966E+001 -0.78539816339744828E+000
( 0.48467276742649823E+000,-0.12212453270876722E-014)
 0.15707963267948966E+001  0.00000000000000000E+000
( 0.43680708590885486E+000, 0.33649914222968451E-014)
 0.15707963267948966E+001  0.78539816339744828E+000
( 0.48607317773863701E+000, 0.19984014443252818E-014)
 0.15707963267948966E+001  0.15707963267948966E+001
( 0.63399738651666782E+000, 0.89933833585604882E-015)
 0.15707963267948966E+001  0.23561944901923448E+001
( 0.78425755118816065E+000,-0.18873791418627661E-014)
 0.15707963267948966E+001  0.31415926535897931E+001
( 0.83481096808826383E+000,-0.53511591742679987E-016)
 0.23561944901923448E+001 -0.23561944901923448E+001
( 0.11048073025367660E+001,-0.44408920985006262E-015)
 0.23561944901923448E+001 -0.15707963267948966E+001
( 0.77395535871739907E+000, 0.55781729833911544E-015)
 0.23561944901923448E+001 -0.78539816339744828E+000
( 0.60888748405048876E+000, 0.26645352591003757E-014)
 0.23561944901923448E+001  0.00000000000000000E+000
( 0.56043728716507157E+000,-0.38262418063575950E-014)
 0.23561944901923448E+001  0.78539816339744828E+000
( 0.60974579634143844E+000,-0.99920072216264089E-015)
 0.23561944901923448E+001  0.15707963267948966E+001
( 0.77495795683214208E+000, 0.35072561433948842E-015)
 0.23561944901923448E+001  0.23561944901923448E+001
( 0.10958194144419247E+001, 0.23314683517128287E-014)
 0.23561944901923448E+001  0.31415926535897931E+001
( 0.13161709697429240E+001,-0.23252040462059972E-015)
 0.31415926535897931E+001 -0.23561944901923448E+001
( 0.13069414675728828E+001,-0.99920072216264089E-015)
 0.31415926535897931E+001 -0.15707963267948966E+001
( 0.82349549774242747E+000, 0.42728448299152641E-015)
 0.31415926535897931E+001 -0.78539816339744828E+000
( 0.64714335391284883E+000, 0.22204460492503131E-015)
 0.31415926535897931E+001  0.00000000000000000E+000
( 0.59967984104338079E+000, 0.36213583756432502E-014)
 0.31415926535897931E+001  0.78539816339744828E+000
( 0.64714335391284872E+000,-0.66613381477509392E-015)
 0.31415926535897931E+001  0.15707963267948966E+001
( 0.82349549774242736E+000,-0.20463695975550448E-015)
 0.31415926535897931E+001  0.23561944901923448E+001
( 0.13069414675728828E+001,-0.44408920985006262E-015)
 0.31415926535897931E+001  0.31415926535897931E+001
( 0.58464928329904735E+001, 0.51220654270609023E-015)
 0.10000000000000000E+001          1         64
( 0.96011056317376353E+000, 0.00000000000000000E+000)
-0.23561944901923448E+001 -0.23561944901923448E+001
( 0.11183059739527845E+001,-0.31086244689504383E-014)
-0.23561944901923448E+001 -0.15707963267948966E+001
( 0.78877351693020048E+000, 0.20906366314913378E-014)
-0.23561944901923448E+001 -0.78539816339744828E+000
( 0.62019975588983622E+000, 0.55511151231257827E-015)
-0.23561944901923448E+001  0.00000000000000000E+000
( 0.56770235922581724E+000, 0.33758421749913056E-014)
-0.23561944901923448E+001  0.78539816339744828E+000
( 0.61835880512760955E+000,-0.55511151231257827E-015)
-0.23561944901923448E+001  0.15707963267948966E+001
( 0.78940139913954732E+000, 0.21821446463702346E-015)
-0.23561944901923448E+001  0.23561944901923448E+001
( 0.11199437106550314E+001,-0.55511151231257827E-015)
-0.23561944901923448E+001  0.31415926535897931E+001
( 0.13387956285660079E+001, 0.82341407827507887E-015)
-0.15707963267948966E+001 -0.23561944901923448E+001
( 0.79221275495739596E+000, 0.26645352591003757E-014)
-0.15707963267948966E+001 -0.15707963267948966E+001
( 0.64586074135099758E+000, 0.32176998985856188E-015)
-0.15707963267948966E+001 -0.78539816339744828E+000
( 0.49227535754441820E+000,-0.13322676295501878E-014)
-0.15707963267948966E+001  0.00000000000000000E+000
( 0.44582096076445854E+000,-0.18064722401441414E-014)
-0.15707963267948966E+001  0.78539816339744828E+000
( 0.49158618448705216E+000,-0.99920072216264089E-015)
-0.15707963267948966E+001  0.15707963267948966E+001
( 0.64260705728256307E+000, 0.10161522861987512E-014)
-0.15707963267948966E+001  0.23561944901923448E+001
( 0.79472158078484467E+000, 0.26645352591003757E-014)
-0.15707963267948966E+001  0.31415926535897931E+001
( 0.84970943629504991E+000, 0.13070915466597644E-015)
-0.78539816339744828E+000 -0.23561944901923448E+001
( 0.62782719408740684E+000,-0.23314683517128287E-014)
-0.78539816339744828E+000 -0.15707963267948966E+001
( 0.49693505428995410E+000,-0.66234757475159899E-015)
-0.78539816339744828E+000 -0.78539816339744828E+000
( 0.32961019131324931E+000, 0.22204460492503131E-015)
-0.78539816339744828E+000  0.00000000000000000E+000
( 0.25051808090682792E+000, 0.15057700371945562E-016)
-0.78539816339744828E+000  0.78539816339744828E+000
( 0.32824610524471143E+000, 0.55511151231257827E-015)
-0.78539816339744828E+000  0.15707963267948966E+001
( 0.50000364634887107E+000,-0.10914798095932095E-014)
-0.78539816339744828E+000  0.23561944901923448E+001
( 0.62870931781727935E+000,-0.33306690738754696E-015)
-0.78539816339744828E+000  0.31415926535897931E+001
( 0.67008919825762936E+000,-0.19730108073071574E-014)
 0.00000000000000000E+000 -0.23561944901923448E+001
( 0.57909817811785758E+000, 0.19984014443252818E-014)
 0.00000000000000000E+000 -0.15707963267948966E+001
( 0.45128276415971985E+000,-0.10291833664955324E-014)
 0.00000000000000000E+000 -0.78539816339744828E+000
( 0.25302065874308866E+000,-0.11102230246251565E-014)
 0.00000000000000000E+000  0.00000000000000000E+000
( 0.59136747996747033E+002, 0.00000000000000000E+000)
 0.00000000000000000E+000  0.78539816339744828E+000
( 0.25302065874308866E+000, 0.11102230246251565E-014)
 0.00000000000000000E+000  0.15707963267948966E+001
( 0.45128276415971985E+000, 0.10291833664955324E-014)
 0.00000000000000000E+000  0.23561944901923448E+001
( 0.57909817811785758E+000,-0.19984014443252818E-014)
 0.00000000000000000E+000  0.31415926535897931E+001
( 0.62444907260199400E+000, 0.36126789674662848E-014)
 0.78539816339744828E+000 -0.23561944901923448E+001
( 0.62870931781727935E+000, 0.33306690738754696E-015)
 0.78539816339744828E+000 -0.15707963267948966E+001
( 0.50000364634887107E+000, 0.10914798095932095E-014)
 0.78539816339744828E+000 -0.78539816339744828E+000
( 0.32824610524471143E+000,-0.55511151231257827E-015)
 0.78539816339744828E+000  0.00000000000000000E+000
( 0.25051808090682792E+000,-0.15057700371945562E-016)
 0.78539816339744828E+000  0.78539816339744828E+000
( 0.32961019131324931E+000,-0.22204460492503131E-015)
 0.78539816339744828E+000  0.15707963267948966E+001
( 0.49693505428995410E+000, 0.66234757475159899E-015)
 0.78539816339744828E+000  0.23561944901923448E+001
( 0.62782719408740673E+000, 0.23314683517128287E-014)
 0.78539816339744828E+000  0.31415926535897931E+001
( 0.67008919825763003E+000,-0.32854359438876706E-015)
 0.15707963267948966E+001 -0.23561944901923448E+001
( 0.79472158078484467E+000,-0.26645352591003757E-014)
 0.15707963267948966E+001 -0.15707963267948966E+001
( 0.64260705728256307E+000,-0.10161522861987512E-014)
 0.15707963267948966E+001 -0.78539816339744828E+000
( 0.49158618448705216E+000, 0.99920072216264089E-015)
 0.15707963267948966E+001  0.00000000000000000E+000
( 0.44582096076445854E+000, 0.18064722401441414E-014)
 0.15707963267948966E+001  0.78539816339744828E+000
( 0.49227535754441820E+000, 0.13322676295501878E-014)
 0.15707963267948966E+001  0.15707963267948966E+001
( 0.64586074135099747E+000,-0.32176998985856188E-015)
 0.15707963267948966E+001  0.23561944901923448E+001
( 0.79221275495739596E+000,-0.26645352591003757E-014)
 0.15707963267948966E+001  0.31415926535897931E+001
( 0.84970943629504947E+000,-0.49369001207042810E-015)
 0.23561944901923448E+001 -0.23561944901923448E+001
( 0.11199437106550314E+001, 0.55511151231257827E-015)
 0.23561944901923448E+001 -0.15707963267948966E+001
( 0.78940139913954721E+000,-0.21821446463702346E-015)
 0.23561944901923448E+001 -0.78539816339744828E+000
( 0.61835880512760955E+000, 0.55511151231257827E-015)
 0.23561944901923448E+001  0.00000000000000000E+000
( 0.56770235922581724E+000,-0.33758421749913056E-014)
 0.23561944901923448E+001  0.78539816339744828E+000
( 0.62019975588983611E+000,-0.55511151231257827E-015)
 0.23561944901923448E+001  0.15707963267948966E+001
( 0.78877351693020037E+000,-0.20906366314913378E-014)
 0.23561944901923448E+001  0.23561944901923448E+001
( 0.11183059739527845E+001, 0.31086244689504383E-014)
 0.23561944901923448E+001  0.31415926535897931E+001
( 0.13387956285660076E+001,-0.17927008504208155E-014)
 0.31415926535897931E+001 -0.23561944901923448E+001
( 0.13277146889591953E+001, 0.66613381477509392E-015)
 0.31415926535897931E+001 -0.15707963267948966E+001
( 0.83464610818785678E+000,-0.35418880441505980E-015)
 0.31415926535897931E+001 -0.78539816339744828E+000
( 0.65639774614608892E+000, 0.11102230246251565E-015)
 0.31415926535897931E+001  0.00000000000000000E+000
( 0.61191203938332883E+000, 0.36129444802882828E-014)
 0.31415926535897931E+001  0.78539816339744828E+000
( 0.65639774614608870E+000,-0.77715611723760958E-015)
 0.31415926535897931E+001  0.15707963267948966E+001
( 0.83464610818785667E+000, 0.57614560881106514E-015)
 0.31415926535897931E+001  0.23561944901923448E+001
( 0.13277146889591949E+001,-0.21094237467877974E-014)
 0.31415926535897931E+001  0.31415926535897931E+001
( 0.60017438250127615E+001, 0.52797985141475141E-015)
 0.10000000000000000E+001          1         64
( 0.96126536970616294E+000, 0.00000000000000000E+000)
-0.23561944901923448E+001 -0.23561944901923448E+001
( 0.11547421602846777E+001,-0.32196467714129540E-014)
-0.23561944901923448E+001 -0.15707963267948966E+001
( 0.80665717033808637E+000, 0.75854380168407012E-015)
-0.23561944901923448E+001 -0.78539816339744828E+000
( 0.63865473924708627E+000,-0.16653345369377348E-014)
-0.23561944901923448E+001  0.00000000000000000E+000
( 0.58732348300223713E+000,-0.17112810248366075E-015)
-0.23561944901923448E+001  0.78539816339744828E+000
( 0.62878925844522060E+000, 0.44408920985006262E-015)
-0.23561944901923448E+001  0.15707963267948966E+001
( 0.79574994392961673E+000,-0.67261366740816183E-015)
-0.23561944901923448E+001  0.23561944901923448E+001
( 0.11191201494596137E+001, 0.55511151231257827E-015)
-0.23561944901923448E+001  0.31415926535897931E+001
( 0.13807825056927674E+001, 0.38901109626130752E-015)
-0.15707963267948966E+001 -0.23561944901923448E+001
( 0.80752125686991783E+000, 0.88817841970012523E-015)
-0.15707963267948966E+001 -0.15707963267948966E+001
( 0.66415578883555559E+000,-0.10916876014090933E-015)
-0.15707963267948966E+001 -0.78539816339744828E+000
( 0.50456844190649230E+000,-0.22204460492503131E-015)
-0.15707963267948966E+001  0.00000000000000000E+000
( 0.46152563841443839E+000,-0.70007814973600776E-015)
-0.15707963267948966E+001  0.78539816339744828E+000
( 0.50096662653413071E+000, 0.13322676295501878E-014)
-0.15707963267948966E+001  0.15707963267948966E+001
( 0.64475854666233379E+000,-0.10829079699155470E-015)
-0.15707963267948966E+001  0.23561944901923448E+001
( 0.80487301423277235E+000, 0.88817841970012523E-015)
-0.15707963267948966E+001  0.31415926535897931E+001
( 0.84553424170624281E+000,-0.97140552033251499E-016)
-0.78539816339744828E+000 -0.23561944901923448E+001
( 0.62396467188512894E+000,-0.12212453270876722E-014)
-0.78539816339744828E+000 -0.15707963267948966E+001
( 0.52606868886718705E+000, 0.16698314269922007E-014)
-0.78539816339744828E+000 -0.78539816339744828E+000
( 0.35952385101152162E+000, 0.11102230246251565E-015)
-0.78539816339744828E+000  0.00000000000000000E+000
( 0.25800914590603008E+000,-0.42018753260951381E-014)
-0.78539816339744828E+000  0.78539816339744828E+000
( 0.32557277028549547E+000,-0.88817841970012523E-015)
-0.78539816339744828E+000  0.15707963267948966E+001
( 0.49335070203868536E+000, 0.14616540084636177E-014)
-0.78539816339744828E+000  0.23561944901923448E+001
( 0.62483502567275750E+000, 0.11102230246251565E-014)
-0.78539816339744828E+000  0.31415926535897931E+001
( 0.65860186300202694E+000, 0.69344842750532081E-015)
 0.00000000000000000E+000 -0.23561944901923448E+001
( 0.58218931221814119E+000, 0.38857805861880479E-014)
 0.00000000000000000E+000 -0.15707963267948966E+001
( 0.44820015814790076E+000,-0.51408982010095517E-014)
 0.00000000000000000E+000 -0.78539816339744828E+000
( 0.24766660161036119E+000, 0.16653345369377348E-014)
 0.00000000000000000E+000  0.00000000000000000E+000
( 0.59276075300219205E+002, 0.00000000000000000E+000)
 0.00000000000000000E+000  0.78539816339744828E+000
( 0.24766660161036119E+000,-0.16653345369377348E-014)
 0.00000000000000000E+000  0.15707963267948966E+001
( 0.44820015814790076E+000, 0.51408982010095517E-014)
 0.00000000000000000E+000  0.23561944901923448E+001
( 0.58218931221814119E+000,-0.38857805861880479E-014)
 0.00000000000000000E+000  0.31415926535897931E+001
( 0.61380652984722417E+000, 0.36204582542681635E-014)
 0.78539816339744828E+000 -0.23561944901923448E+001
( 0.62483502567275750E+000,-0.11102230246251565E-014)
 0.78539816339744828E+000 -0.15707963267948966E+001
( 0.49335070203868536E+000,-0.14616540084636177E-014)
 0.78539816339744828E+000 -0.78539816339744828E+000
( 0.32557277028549547E+000, 0.88817841970012523E-015)
 0.78539816339744828E+000  0.00000000000000000E+000
( 0.25800914590603008E+000, 0.42018753260951381E-014)
 0.78539816339744828E+000  0.78539816339744828E+000
( 0.35952385101152162E+000,-0.11102230246251565E-015)
 0.78539816339744828E+000  0.15707963267948966E+001
( 0.52606868886718705E+000,-0.16698314269922007E-014)
 0.78539816339744828E+000  0.23561944901923448E+001
( 0.62396467188512883E+000, 0.12212453270876722E-014)
 0.78539816339744828E+000  0.31415926535897931E+001
( 0.65860186300202761E+000,-0.32209617348262607E-014)
 0.15707963267948966E+001 -0.23561944901923448E+001
( 0.80487301423277235E+000,-0.88817841970012523E-015)
 0.15707963267948966E+001 -0.15707963267948966E+001
( 0.64475854666233379E+000, 0.10829079699155470E-015)
 0.15707963267948966E+001 -0.78539816339744828E+000
( 0.50096662653413071E+000,-0.13322676295501878E-014)
 0.15707963267948966E+001  0.00000000000000000E+000
( 0.46152563841443839E+000, 0.70007814973600776E-015)
 0.15707963267948966E+001  0.78539816339744828E+000
( 0.50456844190649230E+000, 0.22204460492503131E-015)
 0.15707963267948966E+001  0.15707963267948966E+001
( 0.66415578883555548E+000, 0.10916876014090933E-015)
 0.15707963267948966E+001  0.23561944901923448E+001
( 0.80752125686991738E+000,-0.88817841970012523E-015)
 0.15707963267948966E+001  0.31415926535897931E+001
( 0.84553424170624325E+000, 0.12923862298040035E-014)
 0.23561944901923448E+001 -0.23561944901923448E+001
( 0.11191201494596137E+001,-0.55511151231257827E-015)
 0.23561944901923448E+001 -0.15707963267948966E+001
( 0.79574994392961662E+000, 0.67261366740816183E-015)
 0.23561944901923448E+001 -0.78539816339744828E+000
( 0.62878925844522060E+000,-0.44408920985006262E-015)
 0.23561944901923448E+001  0.00000000000000000E+000
( 0.58732348300223713E+000, 0.17112810248366075E-015)
 0.23561944901923448E+001  0.78539816339744828E+000
( 0.63865473924708616E+000, 0.16653345369377348E-014)
 0.23561944901923448E+001  0.15707963267948966E+001
( 0.80665717033808626E+000,-0.75854380168407012E-015)
 0.23561944901923448E+001  0.23561944901923448E+001
( 0.11547421602846777E+001, 0.32196467714129540E-014)
 0.23561944901923448E+001  0.31415926535897931E+001
( 0.13807825056927681E+001,-0.15842567740320596E-014)
 0.31415926535897931E+001 -0.23561944901923448E+001
( 0.14048340141313989E+001,-0.16653345369377348E-014)
 0.31415926535897931E+001 -0.15707963267948966E+001
( 0.84649286717708727E+000, 0.26362301501485995E-014)
 0.31415926535897931E+001 -0.78539816339744828E+000
( 0.66235493107923515E+000,-0.15543122344752192E-014)
 0.31415926535897931E+001  0.00000000000000000E+000
( 0.62046224049411736E+000, 0.36206023487223294E-014)
 0.31415926535897931E+001  0.78539816339744828E+000
( 0.66235493107923382E+000, 0.15543122344752192E-014)
 0.31415926535897931E+001  0.15707963267948966E+001
( 0.84649286717708716E+000,-0.24164167469047963E-014)
 0.31415926535897931E+001  0.23561944901923448E+001
( 0.14048340141313991E+001, 0.00000000000000000E+000)
 0.31415926535897931E+001  0.31415926535897931E+001
( 0.63352702354074237E+001, 0.55572737835945403E-015)
 0.10000000000000000E+001          1         64
( 0.96085870374057780E+000, 0.00000000000000000E+000)
-0.23561944901923448E+001 -0.23561944901923448E+001
( 0.11215992561126868E+001,-0.29976021664879227E-014)
-0.23561944901923448E+001 -0.15707963267948966E+001
( 0.78165826379033709E+000, 0.28684908210199412E-014)
-0.23561944901923448E+001 -0.78539816339744828E+000
( 0.62077822479545386E+000,-0.11102230246251565E-015)
-0.23561944901923448E+001  0.00000000000000000E+000
( 0.56762882694637318E+000, 0.44902258940504682E-014)
-0.23561944901923448E+001  0.78539816339744828E+000
( 0.61836337255599516E+000, 0.22204460492503131E-015)
-0.23561944901923448E+001  0.15707963267948966E+001
( 0.78416820567532508E+000,-0.14473624065730613E-014)
-0.23561944901923448E+001  0.23561944901923448E+001
( 0.11149471011834575E+001, 0.44408920985006262E-015)
-0.23561944901923448E+001  0.31415926535897931E+001
( 0.13324157087574853E+001, 0.15666261860175942E-015)
-0.15707963267948966E+001 -0.23561944901923448E+001
( 0.78863481888565401E+000, 0.25535129566378600E-014)
-0.15707963267948966E+001 -0.15707963267948966E+001
( 0.64241676858328012E+000,-0.10864341979640151E-015)
-0.15707963267948966E+001 -0.78539816339744828E+000
( 0.49205726997103727E+000,-0.55511151231257827E-015)
-0.15707963267948966E+001  0.00000000000000000E+000
( 0.44472538367988257E+000,-0.38076474807587610E-014)
-0.15707963267948966E+001  0.78539816339744828E+000
( 0.48959481963230855E+000, 0.14432899320127035E-014)
-0.15707963267948966E+001  0.15707963267948966E+001
( 0.63771529404786798E+000,-0.31624428613879635E-015)
-0.15707963267948966E+001  0.23561944901923448E+001
( 0.78796457543948251E+000, 0.99920072216264089E-015)
-0.15707963267948966E+001  0.31415926535897931E+001
( 0.83907446641501338E+000, 0.57552359663597098E-015)
-0.78539816339744828E+000 -0.23561944901923448E+001
( 0.62232945070156720E+000,-0.22204460492503131E-014)
-0.78539816339744828E+000 -0.15707963267948966E+001
( 0.49327137475248994E+000,-0.26602028594587680E-014)
-0.78539816339744828E+000 -0.78539816339744828E+000
( 0.32754143578848349E+000,-0.14432899320127035E-014)
-0.78539816339744828E+000  0.00000000000000000E+000
( 0.24941302965261647E+000, 0.40132474871671776E-014)
-0.78539816339744828E+000  0.78539816339744828E+000
( 0.32698113441692056E+000, 0.55511151231257827E-015)
-0.78539816339744828E+000  0.15707963267948966E+001
( 0.49295803896570844E+000, 0.68448278286180960E-015)
-0.78539816339744828E+000  0.23561944901923448E+001
( 0.62202628404692195E+000, 0.22204460492503131E-015)
-0.78539816339744828E+000  0.31415926535897931E+001
( 0.65965881258915404E+000,-0.64157599709860725E-015)
 0.00000000000000000E+000 -0.23561944901923448E+001
( 0.57021675784702230E+000, 0.37747582837255322E-014)
 0.00000000000000000E+000 -0.15707963267948966E+001
( 0.44419314960308437E+000, 0.19658979470056061E-014)
 0.00000000000000000E+000 -0.78539816339744828E+000
( 0.25153322300576175E+000, 0.28865798640254070E-014)
 0.00000000000000000E+000  0.00000000000000000E+000
( 0.59226234878577948E+002, 0.00000000000000000E+000)
 0.00000000000000000E+000  0.78539816339744828E+000
( 0.25153322300576175E+000,-0.28865798640254070E-014)
 0.00000000000000000E+000  0.15707963267948966E+001
( 0.44419314960308437E+000,-0.19658979470056061E-014)
 0.00000000000000000E+000  0.23561944901923448E+001
( 0.57021675784702230E+000,-0.37747582837255322E-014)
 0.00000000000000000E+000  0.31415926535897931E+001
( 0.61074101487081833E+000, 0.36177206734398530E-014)
 0.78539816339744828E+000 -0.23561944901923448E+001
( 0.62202628404692195E+000,-0.22204460492503131E-015)
 0.78539816339744828E+000 -0.15707963267948966E+001
( 0.49295803896570844E+000,-0.68448278286180960E-015)
 0.78539816339744828E+000 -0.78539816339744828E+000
( 0.32698113441692056E+000,-0.55511151231257827E-015)
 0.78539816339744828E+000  0.00000000000000000E+000
( 0.24941302965261647E+000,-0.40132474871671776E-014)
 0.78539816339744828E+000  0.78539816339744828E+000
( 0.32754143578848349E+000, 0.14432899320127035E-014)
 0.78539816339744828E+000  0.15707963267948966E+001
( 0.49327137475248994E+000, 0.26602028594587680E-014)
 0.78539816339744828E+000  0.23561944901923448E+001
( 0.62232945070156709E+000, 0.22204460492503131E-014)
 0.78539816339744828E+000  0.31415926535897931E+001
( 0.65965881258915671E+000,-0.10754698324878607E-015)
 0.15707963267948966E+001 -0.23561944901923448E+001
( 0.78796457543948273E+000,-0.99920072216264089E-015)
 0.15707963267948966E+001 -0.15707963267948966E+001
( 0.63771529404786798E+000, 0.31624428613879635E-015)
 0.15707963267948966E+001 -0.78539816339744828E+000
( 0.48959481963230855E+000,-0.14432899320127035E-014)
 0.15707963267948966E+001  0.00000000000000000E+000
( 0.44472538367988257E+000, 0.38076474807587610E-014)
 0.15707963267948966E+001  0.78539816339744828E+000
( 0.49205726997103727E+000, 0.55511151231257827E-015)
 0.15707963267948966E+001  0.15707963267948966E+001
( 0.64241676858328001E+000, 0.10864341979640151E-015)
 0.15707963267948966E+001  0.23561944901923448E+001
( 0.78863481888565379E+000,-0.25535129566378600E-014)
 0.15707963267948966E+001  0.31415926535897931E+001
( 0.83907446641501382E+000, 0.17359938371142215E-015)
 0.23561944901923448E+001 -0.23561944901923448E+001
( 0.11149471011834575E+001,-0.44408920985006262E-015)
 0.23561944901923448E+001 -0.15707963267948966E+001
( 0.78416820567532497E+000, 0.14473624065730613E-014)
 0.23561944901923448E+001 -0.78539816339744828E+000
( 0.61836337255599516E+000,-0.22204460492503131E-015)
 0.23561944901923448E+001  0.00000000000000000E+000
( 0.56762882694637318E+000,-0.44902258940504682E-014)
 0.23561944901923448E+001  0.78539816339744828E+000
( 0.62077822479545375E+000, 0.11102230246251565E-015)
 0.23561944901923448E+001  0.15707963267948966E+001
( 0.78165826379033698E+000,-0.28684908210199412E-014)
 0.23561944901923448E+001  0.23561944901923448E+001
( 0.11215992561126868E+001, 0.29976021664879227E-014)
 0.23561944901923448E+001  0.31415926535897931E+001
( 0.13324157087574857E+001,-0.11278302038741842E-014)
 0.31415926535897931E+001 -0.23561944901923448E+001
( 0.13253179609484009E+001,-0.11102230246251565E-014)
 0.31415926535897931E+001 -0.15707963267948966E+001
( 0.83197556966541131E+000,-0.20194260787913772E-014)
 0.31415926535897931E+001 -0.78539816339744828E+000
( 0.65741635172215795E+000, 0.33306690738754696E-015)
 0.31415926535897931E+001  0.00000000000000000E+000
( 0.61285820689060255E+000, 0.36184920728669570E-014)
 0.31415926535897931E+001  0.78539816339744828E+000
( 0.65741635172215851E+000,-0.12212453270876722E-014)
 0.31415926535897931E+001  0.15707963267948966E+001
( 0.83197556966541120E+000, 0.22419905338789078E-014)
 0.31415926535897931E+001  0.23561944901923448E+001
( 0.13253179609484005E+001,-0.11102230246251565E-015)
 0.31415926535897931E+001  0.31415926535897931E+001
( 0.60101293422261399E+001, 0.52882332587026718E-015)
 0.10000000000000000E+001          1         64
( 0.96166430002905101E+000, 0.00000000000000000E+000)
-0.23561944901923448E+001 -0.23561944901923448E+001
( 0.11121950864524623E+001,-0.43298697960381105E-014)
-0.23561944901923448E+001 -0.15707963267948966E+001
( 0.78434312410088969E+000,-0.35023515584879366E-015)
-0.23561944901923448E+001 -0.78539816339744828E+000
( 0.61881389961054134E+000, 0.00000000000000000E+000)
-0.23561944901923448E+001  0.00000000000000000E+000
( 0.56631633911119228E+000, 0.38282892767413985E-014)
-0.23561944901923448E+001  0.78539816339744828E+000
( 0.61998146871076221E+000,-0.17763568394002505E-014)
-0.23561944901923448E+001  0.15707963267948966E+001
( 0.78949067031732212E+000,-0.33764348107687961E-015)
-0.23561944901923448E+001  0.23561944901923448E+001
( 0.11205439468732297E+001, 0.21094237467877974E-014)
-0.23561944901923448E+001  0.31415926535897931E+001
( 0.13230068909442700E+001, 0.38178714348958987E-015)
-0.15707963267948966E+001 -0.23561944901923448E+001
( 0.78707767469011491E+000, 0.32196467714129540E-014)
-0.15707963267948966E+001 -0.15707963267948966E+001
( 0.63693945020571230E+000, 0.33662901788462096E-015)
-0.15707963267948966E+001 -0.78539816339744828E+000
( 0.48938461255790122E+000,-0.19984014443252818E-014)
-0.15707963267948966E+001  0.00000000000000000E+000
( 0.44152669781384257E+000,-0.27002225877776201E-014)
-0.15707963267948966E+001  0.78539816339744828E+000
( 0.49303332222838969E+000, 0.18873791418627661E-014)
-0.15707963267948966E+001  0.15707963267948966E+001
( 0.64245753753385981E+000, 0.33668354501521351E-015)
-0.15707963267948966E+001  0.23561944901923448E+001
( 0.79092736248990858E+000, 0.00000000000000000E+000)
-0.15707963267948966E+001  0.31415926535897931E+001
( 0.83980866834937484E+000, 0.79591760599870201E-015)
-0.78539816339744828E+000 -0.23561944901923448E+001
( 0.62113189006228120E+000,-0.44408920985006262E-015)
-0.78539816339744828E+000 -0.15707963267948966E+001
( 0.49335108823725715E+000, 0.22650837933561873E-015)
-0.78539816339744828E+000 -0.78539816339744828E+000
( 0.32509793551105926E+000, 0.34416913763379853E-014)
-0.78539816339744828E+000  0.00000000000000000E+000
( 0.24821901713359185E+000, 0.17942005037388723E-014)
-0.78539816339744828E+000  0.78539816339744828E+000
( 0.32389285281453006E+000,-0.15543122344752192E-014)
-0.78539816339744828E+000  0.15707963267948966E+001
( 0.49148107152148890E+000,-0.42660007979856689E-015)
-0.78539816339744828E+000  0.23561944901923448E+001
( 0.62312373192905235E+000, 0.44408920985006262E-015)
-0.78539816339744828E+000  0.31415926535897931E+001
( 0.66092389581730182E+000,-0.21956669604120246E-014)
 0.00000000000000000E+000 -0.23561944901923448E+001
( 0.57236786877021406E+000, 0.37747582837255322E-014)
 0.00000000000000000E+000 -0.15707963267948966E+001
( 0.44441738706408856E+000, 0.63057612626438862E-015)
 0.00000000000000000E+000 -0.78539816339744828E+000
( 0.24957115987922573E+000, 0.13322676295501878E-014)
 0.00000000000000000E+000  0.00000000000000000E+000
( 0.59321814158907543E+002, 0.00000000000000000E+000)
 0.00000000000000000E+000  0.78539816339744828E+000
( 0.24957115987922573E+000,-0.13322676295501878E-014)
 0.00000000000000000E+000  0.15707963267948966E+001
( 0.44441738706408856E+000,-0.63057612626438862E-015)
 0.00000000000000000E+000  0.23561944901923448E+001
( 0.57236786877021406E+000,-0.37747582837255322E-014)
 0.00000000000000000E+000  0.31415926535897931E+001
( 0.61484880995476843E+000, 0.36238290558219115E-014)
 0.78539816339744828E+000 -0.23561944901923448E+001
( 0.62312373192905235E+000,-0.44408920985006262E-015)
 0.78539816339744828E+000 -0.15707963267948966E+001
( 0.49148107152148890E+000, 0.42660007979856689E-015)
 0.78539816339744828E+000 -0.78539816339744828E+000
( 0.32389285281453006E+000, 0.15543122344752192E-014)
 0.78539816339744828E+000  0.00000000000000000E+000
( 0.24821901713359185E+000,-0.17942005037388723E-014)
 0.78539816339744828E+000  0.78539816339744828E+000
( 0.32509793551105926E+000,-0.34416913763379853E-014)
 0.78539816339744828E+000  0.15707963267948966E+001
( 0.49335108823725715E+000,-0.22650837933561873E-015)
 0.78539816339744828E+000  0.23561944901923448E+001
( 0.62113189006228109E+000, 0.44408920985006262E-015)
 0.78539816339744828E+000  0.31415926535897931E+001
( 0.66092389581730537E+000, 0.29984401080624573E-014)
 0.15707963267948966E+001 -0.23561944901923448E+001
( 0.79092736248990902E+000, 0.00000000000000000E+000)
 0.15707963267948966E+001 -0.15707963267948966E+001
( 0.64245753753385981E+000,-0.33668354501521351E-015)
 0.15707963267948966E+001 -0.78539816339744828E+000
( 0.49303332222838969E+000,-0.18873791418627661E-014)
 0.15707963267948966E+001  0.00000000000000000E+000
( 0.44152669781384257E+000, 0.27002225877776201E-014)
 0.15707963267948966E+001  0.78539816339744828E+000
( 0.48938461255790122E+000, 0.19984014443252818E-014)
 0.15707963267948966E+001  0.15707963267948966E+001
( 0.63693945020571219E+000,-0.33662901788462096E-015)
 0.15707963267948966E+001  0.23561944901923448E+001
( 0.78707767469011491E+000,-0.32196467714129540E-014)
 0.15707963267948966E+001  0.31415926535897931E+001
( 0.83980866834937440E+000,-0.15986907536491343E-014)
 0.23561944901923448E+001 -0.23561944901923448E+001
( 0.11205439468732297E+001,-0.21094237467877974E-014)
 0.23561944901923448E+001 -0.15707963267948966E+001
( 0.78949067031732201E+000, 0.33764348107687961E-015)
 0.23561944901923448E+001 -0.78539816339744828E+000
( 0.61998146871076221E+000, 0.17763568394002505E-014)
 0.23561944901923448E+001  0.00000000000000000E+000
( 0.56631633911119228E+000,-0.38282892767413985E-014)
 0.23561944901923448E+001  0.78539816339744828E+000
( 0.61881389961054123E+000, 0.00000000000000000E+000)
 0.23561944901923448E+001  0.15707963267948966E+001
( 0.78434312410088958E+000, 0.35023515584879366E-015)
 0.23561944901923448E+001  0.23561944901923448E+001
( 0.11121950864524623E+001, 0.43298697960381105E-014)
 0.23561944901923448E+001  0.31415926535897931E+001
( 0.13230068909442714E+001,-0.11333262303143762E-014)
 0.31415926535897931E+001 -0.23561944901923448E+001
( 0.13262511276468241E+001,-0.13322676295501878E-014)
 0.31415926535897931E+001 -0.15707963267948966E+001
( 0.83655070039045631E+000,-0.91181763878694347E-015)
 0.31415926535897931E+001 -0.78539816339744828E+000
( 0.65525763289880945E+000,-0.27755575615628914E-014)
 0.31415926535897931E+001  0.00000000000000000E+000
( 0.61005721282502590E+000, 0.36240883361549898E-014)
 0.31415926535897931E+001  0.78539816339744828E+000
( 0.65525763289880989E+000, 0.14432899320127035E-014)
 0.31415926535897931E+001  0.15707963267948966E+001
( 0.83655070039045620E+000, 0.11340703260234786E-014)
 0.31415926535897931E+001  0.23561944901923448E+001
( 0.13262511276468241E+001, 0.33306690738754696E-015)
 0.31415926535897931E+001  0.31415926535897931E+001
( 0.60816362296949507E+001, 0.53945802486271084E-015)
 0.10000000000000000E+001          1         64
( 0.96170735862511159E+000, 0.00000000000000000E+000)
-0.23561944901923448E+001 -0.23561944901923448E+001
( 0.11067433941388858E+001,-0.44408920985006262E-015)
-0.23561944901923448E+001 -0.15707963267948966E+001
( 0.78323737285519934E+000, 0.42663339780772120E-015)
-0.23561944901923448E+001 -0.78539816339744828E+000
( 0.61825042187986701E+000,-0.13322676295501878E-014)
-0.23561944901923448E+001  0.00000000000000000E+000
( 0.56893784734928921E+000, 0.29405570841655444E-014)
-0.23561944901923448E+001  0.78539816339744828E+000
( 0.61911962244318619E+000,-0.11102230246251565E-015)
-0.23561944901923448E+001  0.15707963267948966E+001
( 0.78483151439493049E+000,-0.18900887852951106E-014)
-0.23561944901923448E+001  0.23561944901923448E+001
( 0.11091492606210354E+001,-0.22204460492503131E-014)
-0.23561944901923448E+001  0.31415926535897931E+001
( 0.13193324032611871E+001,-0.95927493219595467E-015)
-0.15707963267948966E+001 -0.23561944901923448E+001
( 0.78154150878912976E+000,-0.13322676295501878E-014)
-0.15707963267948966E+001 -0.15707963267948966E+001
( 0.63294113766298976E+000,-0.14403577940836917E-014)
-0.15707963267948966E+001 -0.78539816339744828E+000
( 0.49140415954985361E+000, 0.99920072216264089E-015)
-0.15707963267948966E+001  0.00000000000000000E+000
( 0.44390733685326667E+000,-0.92416323312688392E-015)
-0.15707963267948966E+001  0.78539816339744828E+000
( 0.49269112987775354E+000,-0.22204460492503131E-015)
-0.15707963267948966E+001  0.15707963267948966E+001
( 0.63387072363570096E+000, 0.55800197359592791E-015)
-0.15707963267948966E+001  0.23561944901923448E+001
( 0.77844737402622788E+000, 0.16653345369377348E-014)
-0.15707963267948966E+001  0.31415926535897931E+001
( 0.82810775879100551E+000, 0.16893131053212033E-014)
-0.78539816339744828E+000 -0.23561944901923448E+001
( 0.61595533570069894E+000, 0.15543122344752192E-014)
-0.78539816339744828E+000 -0.15707963267948966E+001
( 0.48925366890321242E+000, 0.24450562072737206E-014)
-0.78539816339744828E+000 -0.78539816339744828E+000
( 0.32352642586272595E+000,-0.11102230246251565E-014)
-0.78539816339744828E+000  0.00000000000000000E+000
( 0.24763412640872606E+000,-0.87018601298674589E-015)
-0.78539816339744828E+000  0.78539816339744828E+000
( 0.32545339386147698E+000, 0.22204460492503131E-014)
-0.78539816339744828E+000  0.15707963267948966E+001
( 0.48758593155693997E+000, 0.46140093155843554E-015)
-0.78539816339744828E+000  0.23561944901923448E+001
( 0.61232157320221303E+000, 0.11102230246251565E-015)
-0.78539816339744828E+000  0.31415926535897931E+001
( 0.65429098502624838E+000, 0.91131779542901805E-015)
 0.00000000000000000E+000 -0.23561944901923448E+001
( 0.56456269717788599E+000, 0.66613381477509392E-015)
 0.00000000000000000E+000 -0.15707963267948966E+001
( 0.44106149442500603E+000,-0.81303207639254987E-015)
 0.00000000000000000E+000 -0.78539816339744828E+000
( 0.24802233424900244E+000, 0.11102230246251565E-014)
 0.00000000000000000E+000  0.00000000000000000E+000
( 0.59326912266027058E+002, 0.00000000000000000E+000)
 0.00000000000000000E+000  0.78539816339744828E+000
( 0.24802233424900244E+000,-0.11102230246251565E-014)
 0.00000000000000000E+000  0.15707963267948966E+001
( 0.44106149442500603E+000, 0.81303207639254987E-015)
 0.00000000000000000E+000  0.23561944901923448E+001
( 0.56456269717788599E+000,-0.66613381477509392E-015)
 0.00000000000000000E+000  0.31415926535897931E+001
( 0.60815000180851797E+000, 0.36244655971103831E-014)
 0.78539816339744828E+000 -0.23561944901923448E+001
( 0.61232157320221303E+000,-0.11102230246251565E-015)
 0.78539816339744828E+000 -0.15707963267948966E+001
( 0.48758593155693997E+000,-0.46140093155843554E-015)
 0.78539816339744828E+000 -0.78539816339744828E+000
( 0.32545339386147698E+000,-0.22204460492503131E-014)
 0.78539816339744828E+000  0.00000000000000000E+000
( 0.24763412640872606E+000, 0.87018601298674589E-015)
 0.78539816339744828E+000  0.78539816339744828E+000
( 0.32352642586272595E+000, 0.11102230246251565E-014)
 0.78539816339744828E+000  0.15707963267948966E+001
( 0.48925366890321242E+000,-0.24450562072737206E-014)
 0.78539816339744828E+000  0.23561944901923448E+001
( 0.61595533570069883E+000,-0.15543122344752192E-014)
 0.78539816339744828E+000  0.31415926535897931E+001
( 0.65429098502624750E+000,-0.32671394589644755E-015)
 0.15707963267948966E+001 -0.23561944901923448E+001
( 0.77844737402622832E+000,-0.16653345369377348E-014)
 0.15707963267948966E+001 -0.15707963267948966E+001
( 0.63387072363570096E+000,-0.55800197359592791E-015)
 0.15707963267948966E+001 -0.78539816339744828E+000
( 0.49269112987775354E+000, 0.22204460492503131E-015)
 0.15707963267948966E+001  0.00000000000000000E+000
( 0.44390733685326667E+000, 0.92416323312688392E-015)
 0.15707963267948966E+001  0.78539816339744828E+000
( 0.49140415954985361E+000,-0.99920072216264089E-015)
 0.15707963267948966E+001  0.15707963267948966E+001
( 0.63294113766298965E+000, 0.14403577940836917E-014)
 0.15707963267948966E+001  0.23561944901923448E+001
( 0.78154150878912954E+000, 0.13322676295501878E-014)
 0.15707963267948966E+001  0.31415926535897931E+001
( 0.82810775879100595E+000,-0.71960472037855447E-015)
 0.23561944901923448E+001 -0.23561944901923448E+001
( 0.11091492606210354E+001, 0.22204460492503131E-014)
 0.23561944901923448E+001 -0.15707963267948966E+001
( 0.78483151439493037E+000, 0.18900887852951106E-014)
 0.23561944901923448E+001 -0.78539816339744828E+000
( 0.61911962244318619E+000, 0.11102230246251565E-015)
 0.23561944901923448E+001  0.00000000000000000E+000
( 0.56893784734928921E+000,-0.29405570841655444E-014)
 0.23561944901923448E+001  0.78539816339744828E+000
( 0.61825042187986690E+000, 0.13322676295501878E-014)
 0.23561944901923448E+001  0.15707963267948966E+001
( 0.78323737285519923E+000,-0.42663339780772120E-015)
 0.23561944901923448E+001  0.23561944901923448E+001
( 0.11067433941388858E+001, 0.44408920985006262E-015)
 0.23561944901923448E+001  0.31415926535897931E+001
( 0.13193324032611879E+001,-0.23247805767172529E-015)
 0.31415926535897931E+001 -0.23561944901923448E+001
( 0.13231313043870876E+001,-0.22204460492503131E-014)
 0.31415926535897931E+001 -0.15707963267948966E+001
( 0.83468195825405411E+000,-0.23483767373980716E-014)
 0.31415926535897931E+001 -0.78539816339744828E+000
( 0.66034633726390746E+000, 0.23314683517128287E-014)
 0.31415926535897931E+001  0.00000000000000000E+000
( 0.61398765194959770E+000, 0.36246833056540175E-014)
 0.31415926535897931E+001  0.78539816339744828E+000
( 0.66034633726390735E+000,-0.21094237467877974E-014)
 0.31415926535897931E+001  0.15707963267948966E+001
( 0.83468195825405400E+000, 0.25701331616551659E-014)
 0.31415926535897931E+001  0.23561944901923448E+001
( 0.13231313043870876E+001, 0.11102230246251565E-015)
 0.31415926535897931E+001  0.31415926535897931E+001
( 0.58574307448993119E+001, 0.51119062902819852E-015)
 0.10000000000000000E+001          1         64
( 0.96121115967563864E+000, 0.00000000000000000E+000)
-0.23561944901923448E+001 -0.23561944901923448E+001
( 0.11269462585737497E+001, 0.00000000000000000E+000)
-0.23561944901923448E+001 -0.15707963267948966E+001
( 0.79286878507771830E+000, 0.17581006184244892E-014)
-0.23561944901923448E+001 -0.78539816339744828E+000
( 0.62327089601398122E+000,-0.13322676295501878E-014)
-0.23561944901923448E+001  0.00000000000000000E+000
( 0.57456117215689462E+000, 0.22715581211594478E-014)
-0.23561944901923448E+001  0.78539816339744828E+000
( 0.62699391180983899E+000, 0.11102230246251565E-015)
-0.23561944901923448E+001  0.15707963267948966E+001
( 0.79619059904281653E+000,-0.56157208974714571E-015)
-0.23561944901923448E+001  0.23561944901923448E+001
( 0.11241203926140255E+001,-0.77715611723760958E-015)
-0.23561944901923448E+001  0.31415926535897931E+001
( 0.13410033219989796E+001,-0.49899223017147355E-015)
-0.15707963267948966E+001 -0.23561944901923448E+001
( 0.79588169153277211E+000, 0.11102230246251565E-015)
-0.15707963267948966E+001 -0.15707963267948966E+001
( 0.64463097166586303E+000,-0.44280928603808023E-015)
-0.15707963267948966E+001 -0.78539816339744828E+000
( 0.49813976027819373E+000, 0.44408920985006262E-015)
-0.15707963267948966E+001  0.00000000000000000E+000
( 0.44826360610586424E+000,-0.22545207638564034E-014)
-0.15707963267948966E+001  0.78539816339744828E+000
( 0.50039244899532076E+000, 0.77715611723760958E-015)
-0.15707963267948966E+001  0.15707963267948966E+001
( 0.64018013255294093E+000,-0.43961583454466174E-015)
-0.15707963267948966E+001  0.23561944901923448E+001
( 0.79163276780952352E+000, 0.44408920985006262E-015)
-0.15707963267948966E+001  0.31415926535897931E+001
( 0.84109445431311802E+000, 0.10132225771630998E-014)
-0.78539816339744828E+000 -0.23561944901923448E+001
( 0.62181027275253675E+000, 0.22204460492503131E-015)
-0.78539816339744828E+000 -0.15707963267948966E+001
( 0.49633766766516185E+000, 0.89362908252193354E-015)
-0.78539816339744828E+000 -0.78539816339744828E+000
( 0.33100654138951524E+000,-0.17763568394002505E-014)
-0.78539816339744828E+000  0.00000000000000000E+000
( 0.25041680547846390E+000, 0.90521577700316999E-015)
-0.78539816339744828E+000  0.78539816339744828E+000
( 0.32881197308391674E+000,-0.88817841970012523E-015)
-0.78539816339744828E+000  0.15707963267948966E+001
( 0.49446053675180834E+000,-0.16476545497057387E-014)
-0.78539816339744828E+000  0.23561944901923448E+001
( 0.62658814542164598E+000,-0.33306690738754696E-015)
-0.78539816339744828E+000  0.31415926535897931E+001
( 0.65954611774160066E+000, 0.15811715447957124E-014)
 0.00000000000000000E+000 -0.23561944901923448E+001
( 0.57431266997867580E+000, 0.27755575615628914E-014)
 0.00000000000000000E+000 -0.15707963267948966E+001
( 0.44601838044464132E+000,-0.32535064609811234E-014)
 0.00000000000000000E+000 -0.78539816339744828E+000
( 0.25113959357510174E+000, 0.99920072216264089E-015)
 0.00000000000000000E+000  0.00000000000000000E+000
( 0.59267562157753872E+002, 0.00000000000000000E+000)
 0.00000000000000000E+000  0.78539816339744828E+000
( 0.25113959357510174E+000,-0.99920072216264089E-015)
 0.00000000000000000E+000  0.15707963267948966E+001
( 0.44601838044464132E+000, 0.32535064609811234E-014)
 0.00000000000000000E+000  0.23561944901923448E+001
( 0.57431266997867580E+000,-0.27755575615628914E-014)
 0.00000000000000000E+000  0.31415926535897931E+001
( 0.61746443985195398E+000, 0.36204330579368398E-014)
 0.78539816339744828E+000 -0.23561944901923448E+001
( 0.62658814542164598E+000, 0.33306690738754696E-015)
 0.78539816339744828E+000 -0.15707963267948966E+001
( 0.49446053675180834E+000, 0.16476545497057387E-014)
 0.78539816339744828E+000 -0.78539816339744828E+000
( 0.32881197308391674E+000, 0.88817841970012523E-015)
 0.78539816339744828E+000  0.00000000000000000E+000
( 0.25041680547846390E+000,-0.90521577700316999E-015)
 0.78539816339744828E+000  0.78539816339744828E+000
( 0.33100654138951524E+000, 0.17763568394002505E-014)
 0.78539816339744828E+000  0.15707963267948966E+001
( 0.49633766766516185E+000,-0.89362908252193354E-015)
 0.78539816339744828E+000  0.23561944901923448E+001
( 0.62181027275253664E+000,-0.22204460492503131E-015)
 0.78539816339744828E+000  0.31415926535897931E+001
( 0.65954611774160199E+000,-0.21118244082879155E-014)
 0.15707963267948966E+001 -0.23561944901923448E+001
( 0.79163276780952352E+000,-0.44408920985006262E-015)
 0.15707963267948966E+001 -0.15707963267948966E+001
( 0.64018013255294093E+000, 0.43961583454466174E-015)
 0.15707963267948966E+001 -0.78539816339744828E+000
( 0.50039244899532076E+000,-0.77715611723760958E-015)
 0.15707963267948966E+001  0.00000000000000000E+000
( 0.44826360610586424E+000, 0.22545207638564034E-014)
 0.15707963267948966E+001  0.78539816339744828E+000
( 0.49813976027819373E+000,-0.44408920985006262E-015)
 0.15707963267948966E+001  0.15707963267948966E+001
( 0.64463097166586292E+000, 0.44280928603808023E-015)
 0.15707963267948966E+001  0.23561944901923448E+001
( 0.79588169153277188E+000,-0.11102230246251565E-015)
 0.15707963267948966E+001  0.31415926535897931E+001
( 0.84109445431311713E+000, 0.18356410110419742E-015)
 0.23561944901923448E+001 -0.23561944901923448E+001
( 0.11241203926140255E+001, 0.77715611723760958E-015)
 0.23561944901923448E+001 -0.15707963267948966E+001
( 0.79619059904281642E+000, 0.56157208974714571E-015)
 0.23561944901923448E+001 -0.78539816339744828E+000
( 0.62699391180983899E+000,-0.11102230246251565E-015)
 0.23561944901923448E+001  0.00000000000000000E+000
( 0.57456117215689462E+000,-0.22715581211594478E-014)
 0.23561944901923448E+001  0.78539816339744828E+000
( 0.62327089601398111E+000, 0.13322676295501878E-014)
 0.23561944901923448E+001  0.15707963267948966E+001
( 0.79286878507771819E+000,-0.17581006184244892E-014)
 0.23561944901923448E+001  0.23561944901923448E+001
( 0.11269462585737497E+001, 0.00000000000000000E+000)
 0.23561944901923448E+001  0.31415926535897931E+001
( 0.13410033219989788E+001,-0.31660633320729594E-016)
 0.31415926535897931E+001 -0.23561944901923448E+001
( 0.13440975948609619E+001,-0.77715611723760958E-015)
 0.31415926535897931E+001 -0.15707963267948966E+001
( 0.83961749268123664E+000, 0.74786221473018125E-015)
 0.31415926535897931E+001 -0.78539816339744828E+000
( 0.66462347805430100E+000, 0.88817841970012523E-015)
 0.31415926535897931E+001  0.00000000000000000E+000
( 0.61904866741509501E+000, 0.36208631080126816E-014)
 0.31415926535897931E+001  0.78539816339744828E+000
( 0.66462347805430089E+000,-0.15543122344752192E-014)
 0.31415926535897931E+001  0.15707963267948966E+001
( 0.83961749268123653E+000,-0.52697007729268060E-015)
 0.31415926535897931E+001  0.23561944901923448E+001
( 0.13440975948609619E+001,-0.66613381477509392E-015)
 0.31415926535897931E+001  0.31415926535897931E+001
( 0.62834123276596721E+001, 0.56004449101861201E-015)
 0.10000000000000000E+001          1         64
( 0.96094341276226924E+000, 0.00000000000000000E+000)
-0.23561944901923448E+001 -0.23561944901923448E+001
( 0.11157296354603099E+001,-0.88817841970012523E-015)
-0.23561944901923448E+001 -0.15707963267948966E+001
( 0.78527061761790085E+000, 0.12030525239236096E-014)
-0.23561944901923448E+001 -0.78539816339744828E+000
( 0.61916045821322363E+000,-0.11102230246251565E-014)
-0.23561944901923448E+001  0.00000000000000000E+000
( 0.57028745091465316E+000, 0.31579796985524554E-014)
-0.23561944901923448E+001  0.78539816339744828E+000
( 0.62200846857847725E+000,-0.99920072216264089E-015)
-0.23561944901923448E+001  0.15707963267948966E+001
( 0.78769041561343589E+000,-0.11145138254012552E-014)
-0.23561944901923448E+001  0.23561944901923448E+001
( 0.11166340670016552E+001,-0.13322676295501878E-014)
-0.23561944901923448E+001  0.31415926535897931E+001
( 0.13378633435392064E+001,-0.13941436699666994E-014)
-0.15707963267948966E+001 -0.23561944901923448E+001
( 0.79221632301325629E+000, 0.13322676295501878E-014)
-0.15707963267948966E+001 -0.15707963267948966E+001
( 0.64067984538472866E+000,-0.66256644073166286E-015)
-0.15707963267948966E+001 -0.78539816339744828E+000
( 0.49401820861832335E+000,-0.16653345369377348E-014)
-0.15707963267948966E+001  0.00000000000000000E+000
( 0.44551648055477355E+000,-0.26974387455017208E-014)
-0.15707963267948966E+001  0.78539816339744828E+000
( 0.49399044400759706E+000, 0.88817841970012523E-015)
-0.15707963267948966E+001  0.15707963267948966E+001
( 0.63926480132707031E+000,-0.21871828589624676E-015)
-0.15707963267948966E+001  0.23561944901923448E+001
( 0.78989112895666669E+000,-0.55511151231257827E-015)
-0.15707963267948966E+001  0.31415926535897931E+001
( 0.84073616442272159E+000, 0.14614029077506372E-014)
-0.78539816339744828E+000 -0.23561944901923448E+001
( 0.62184317630355213E+000, 0.12212453270876722E-014)
-0.78539816339744828E+000 -0.15707963267948966E+001
( 0.49466752524468538E+000,-0.18830431402549762E-014)
-0.78539816339744828E+000 -0.78539816339744828E+000
( 0.32728747859050233E+000, 0.22204460492503131E-015)
-0.78539816339744828E+000  0.00000000000000000E+000
( 0.25024632066175290E+000, 0.17928085826009228E-014)
-0.78539816339744828E+000  0.78539816339744828E+000
( 0.32688936847011218E+000, 0.11102230246251565E-015)
-0.78539816339744828E+000  0.15707963267948966E+001
( 0.49413238466936182E+000,-0.98096271816688681E-015)
-0.78539816339744828E+000  0.23561944901923448E+001
( 0.62325493296617229E+000, 0.33306690738754696E-015)
-0.78539816339744828E+000  0.31415926535897931E+001
( 0.66288424942404811E+000, 0.24769469386567524E-015)
 0.00000000000000000E+000 -0.23561944901923448E+001
( 0.57423206042223762E+000, 0.11102230246251565E-014)
 0.00000000000000000E+000 -0.15707963267948966E+001
( 0.44632790032191577E+000,-0.47696499616988669E-015)
 0.00000000000000000E+000 -0.78539816339744828E+000
( 0.25064417281680196E+000, 0.13322676295501878E-014)
 0.00000000000000000E+000  0.00000000000000000E+000
( 0.59235672347653207E+002, 0.00000000000000000E+000)
 0.00000000000000000E+000  0.78539816339744828E+000
( 0.25064417281680196E+000,-0.13322676295501878E-014)
 0.00000000000000000E+000  0.15707963267948966E+001
( 0.44632790032191577E+000, 0.47696499616988669E-015)
 0.00000000000000000E+000  0.23561944901923448E+001
( 0.57423206042223762E+000,-0.11102230246251565E-014)
 0.00000000000000000E+000  0.31415926535897931E+001
( 0.61544643067038152E+000, 0.36184652514401507E-014)
 0.78539816339744828E+000 -0.23561944901923448E+001
( 0.62325493296617229E+000,-0.33306690738754696E-015)
 0.78539816339744828E+000 -0.15707963267948966E+001
( 0.49413238466936182E+000, 0.98096271816688681E-015)
 0.78539816339744828E+000 -0.78539816339744828E+000
( 0.32688936847011218E+000,-0.11102230246251565E-015)
 0.78539816339744828E+000  0.00000000000000000E+000
( 0.25024632066175290E+000,-0.17928085826009228E-014)
 0.78539816339744828E+000  0.78539816339744828E+000
( 0.32728747859050233E+000,-0.22204460492503131E-015)
 0.78539816339744828E+000  0.15707963267948966E+001
( 0.49466752524468538E+000, 0.18830431402549762E-014)
 0.78539816339744828E+000  0.23561944901923448E+001
( 0.62184317630355201E+000,-0.12212453270876722E-014)
 0.78539816339744828E+000  0.31415926535897931E+001
( 0.66288424942405078E+000,-0.32174928555776706E-014)
 0.15707963267948966E+001 -0.23561944901923448E+001
( 0.78989112895666669E+000, 0.55511151231257827E-015)
 0.15707963267948966E+001 -0.15707963267948966E+001
( 0.63926480132707031E+000, 0.21871828589624676E-015)
 0.15707963267948966E+001 -0.78539816339744828E+000
( 0.49399044400759706E+000,-0.88817841970012523E-015)
 0.15707963267948966E+001  0.00000000000000000E+000
( 0.44551648055477355E+000, 0.26974387455017208E-014)
 0.15707963267948966E+001  0.78539816339744828E+000
( 0.49401820861832335E+000, 0.16653345369377348E-014)
 0.15707963267948966E+001  0.15707963267948966E+001
( 0.64067984538472855E+000, 0.66256644073166286E-015)
 0.15707963267948966E+001  0.23561944901923448E+001
( 0.79221632301325606E+000,-0.13322676295501878E-014)
 0.15707963267948966E+001  0.31415926535897931E+001
( 0.84073616442272159E+000,-0.13781846100640494E-014)
 0.23561944901923448E+001 -0.23561944901923448E+001
( 0.11166340670016552E+001, 0.13322676295501878E-014)
 0.23561944901923448E+001 -0.15707963267948966E+001
( 0.78769041561343578E+000, 0.11145138254012552E-014)
 0.23561944901923448E+001 -0.78539816339744828E+000
( 0.62200846857847725E+000, 0.99920072216264089E-015)
 0.23561944901923448E+001  0.00000000000000000E+000
( 0.57028745091465316E+000,-0.31579796985524554E-014)
 0.23561944901923448E+001  0.78539816339744828E+000
( 0.61916045821322352E+000, 0.11102230246251565E-014)
 0.23561944901923448E+001  0.15707963267948966E+001
( 0.78527061761790073E+000,-0.12030525239236096E-014)
 0.23561944901923448E+001  0.23561944901923448E+001
( 0.11157296354603099E+001, 0.88817841970012523E-015)
 0.23561944901923448E+001  0.31415926535897931E+001
( 0.13378633435392073E+001,-0.21342257270076486E-016)
 0.31415926535897931E+001 -0.23561944901923448E+001
( 0.13370234900481135E+001, 0.22204460492503131E-015)
 0.31415926535897931E+001 -0.15707963267948966E+001
( 0.83622658171297692E+000,-0.11335829844514826E-014)
 0.31415926535897931E+001 -0.78539816339744828E+000
( 0.65762220103299174E+000, 0.99920072216264089E-015)
 0.31415926535897931E+001  0.00000000000000000E+000
( 0.60928910020221627E+000, 0.36185206516031903E-014)
 0.31415926535897931E+001  0.78539816339744828E+000
( 0.65762220103299196E+000,-0.55511151231257827E-015)
 0.31415926535897931E+001  0.15707963267948966E+001
( 0.83622658171297681E+000, 0.13557179910398966E-014)
 0.31415926535897931E+001  0.23561944901923448E+001
( 0.13370234900481135E+001,-0.21094237467877974E-014)
 0.31415926535897931E+001  0.31415926535897931E+001
( 0.60982832702625718E+001, 0.53789187737681839E-015)
 0.10000000000000000E+001          1         64
( 0.96154774447363445E+000, 0.00000000000000000E+000)
-0.23561944901923448E+001 -0.23561944901923448E+001
( 0.11114899158304139E+001,-0.41078251911130792E-014)
-0.23561944901923448E+001 -0.15707963267948966E+001
( 0.78662598987898358E+000, 0.25360033097973026E-014)
-0.23561944901923448E+001 -0.78539816339744828E+000
( 0.62253466260545465E+000,-0.16653345369377348E-014)
-0.23561944901923448E+001  0.00000000000000000E+000
( 0.57263106211525705E+000, 0.22730921200416034E-014)
-0.23561944901923448E+001  0.78539816339744828E+000
( 0.62060143196999407E+000, 0.22204460492503131E-015)
-0.23561944901923448E+001  0.15707963267948966E+001
( 0.78402369442326492E+000,-0.22244948241830114E-014)
-0.23561944901923448E+001  0.23561944901923448E+001
( 0.11071405757561816E+001, 0.33306690738754696E-015)
-0.23561944901923448E+001  0.31415926535897931E+001
( 0.13181558649138940E+001,-0.64484524301755338E-016)
-0.15707963267948966E+001 -0.23561944901923448E+001
( 0.78472938217335675E+000, 0.66613381477509392E-015)
-0.15707963267948966E+001 -0.15707963267948966E+001
( 0.63754062643385956E+000,-0.44047707145271215E-015)
-0.15707963267948966E+001 -0.78539816339744828E+000
( 0.49229794182375830E+000, 0.55511151231257827E-015)
-0.15707963267948966E+001  0.00000000000000000E+000
( 0.44337464250161207E+000,-0.22555434297778399E-014)
-0.15707963267948966E+001  0.78539816339744828E+000
( 0.49159659624532726E+000, 0.00000000000000000E+000)
-0.15707963267948966E+001  0.15707963267948966E+001
( 0.63803285359182749E+000, 0.44756261053396954E-015)
-0.15707963267948966E+001  0.23561944901923448E+001
( 0.78105820443084084E+000, 0.77715611723760958E-015)
-0.15707963267948966E+001  0.31415926535897931E+001
( 0.83408021302482616E+000,-0.97920171367450966E-015)
-0.78539816339744828E+000 -0.23561944901923448E+001
( 0.62005289253624729E+000, 0.66613381477509392E-015)
-0.78539816339744828E+000 -0.15707963267948966E+001
( 0.49195002914447872E+000, 0.33719943010454817E-015)
-0.78539816339744828E+000 -0.78539816339744828E+000
( 0.32506006911384455E+000,-0.11102230246251565E-015)
-0.78539816339744828E+000  0.00000000000000000E+000
( 0.24952768938677772E+000, 0.17548690263763432E-016)
-0.78539816339744828E+000  0.78539816339744828E+000
( 0.32386931221727600E+000, 0.33306690738754696E-015)
-0.78539816339744828E+000  0.15707963267948966E+001
( 0.49180534416339050E+000,-0.31547351276268657E-015)
-0.78539816339744828E+000  0.23561944901923448E+001
( 0.61857844811128704E+000,-0.15543122344752192E-014)
-0.78539816339744828E+000  0.31415926535897931E+001
( 0.65769980795171379E+000,-0.41960270252456977E-015)
 0.00000000000000000E+000 -0.23561944901923448E+001
( 0.56981679267983110E+000, 0.25535129566378600E-014)
 0.00000000000000000E+000 -0.15707963267948966E+001
( 0.44336077324181783E+000,-0.14784746609953063E-014)
 0.00000000000000000E+000 -0.78539816339744828E+000
( 0.24878436318091457E+000, 0.55511151231257827E-015)
 0.00000000000000000E+000  0.00000000000000000E+000
( 0.59308264256179299E+002, 0.00000000000000000E+000)
 0.00000000000000000E+000  0.78539816339744828E+000
( 0.24878436318091457E+000,-0.55511151231257827E-015)
 0.00000000000000000E+000  0.15707963267948966E+001
( 0.44336077324181783E+000, 0.14784746609953063E-014)
 0.00000000000000000E+000  0.23561944901923448E+001
( 0.56981679267983110E+000,-0.25535129566378600E-014)
 0.00000000000000000E+000  0.31415926535897931E+001
( 0.61165441210516391E+000, 0.36230831367657065E-014)
 0.78539816339744828E+000 -0.23561944901923448E+001
( 0.61857844811128704E+000, 0.15543122344752192E-014)
 0.78539816339744828E+000 -0.15707963267948966E+001
( 0.49180534416339050E+000, 0.31547351276268657E-015)
 0.78539816339744828E+000 -0.78539816339744828E+000
( 0.32386931221727600E+000,-0.33306690738754696E-015)
 0.78539816339744828E+000  0.00000000000000000E+000
( 0.24952768938677772E+000,-0.17548690263763432E-016)
 0.78539816339744828E+000  0.78539816339744828E+000
( 0.32506006911384455E+000, 0.11102230246251565E-015)
 0.78539816339744828E+000  0.15707963267948966E+001
( 0.49195002914447872E+000,-0.33719943010454817E-015)
 0.78539816339744828E+000  0.23561944901923448E+001
( 0.62005289253624718E+000,-0.66613381477509392E-015)
 0.78539816339744828E+000  0.31415926535897931E+001
( 0.65769980795171334E+000, 0.55754674880280334E-015)
 0.15707963267948966E+001 -0.23561944901923448E+001
( 0.78105820443084129E+000,-0.77715611723760958E-015)
 0.15707963267948966E+001 -0.15707963267948966E+001
( 0.63803285359182749E+000,-0.44756261053396954E-015)
 0.15707963267948966E+001 -0.78539816339744828E+000
( 0.49159659624532726E+000, 0.00000000000000000E+000)
 0.15707963267948966E+001  0.00000000000000000E+000
( 0.44337464250161207E+000, 0.22555434297778399E-014)
 0.15707963267948966E+001  0.78539816339744828E+000
( 0.49229794182375830E+000,-0.55511151231257827E-015)
 0.15707963267948966E+001  0.15707963267948966E+001
( 0.63754062643385945E+000, 0.44047707145271215E-015)
 0.15707963267948966E+001  0.23561944901923448E+001
( 0.78472938217335653E+000,-0.66613381477509392E-015)
 0.15707963267948966E+001  0.31415926535897931E+001
( 0.83408021302482527E+000, 0.15073914821713700E-014)
 0.23561944901923448E+001 -0.23561944901923448E+001
( 0.11071405757561816E+001,-0.33306690738754696E-015)
 0.23561944901923448E+001 -0.15707963267948966E+001
( 0.78402369442326481E+000, 0.22244948241830114E-014)
 0.23561944901923448E+001 -0.78539816339744828E+000
( 0.62060143196999407E+000,-0.22204460492503131E-015)
 0.23561944901923448E+001  0.00000000000000000E+000
( 0.57263106211525705E+000,-0.22730921200416034E-014)
 0.23561944901923448E+001  0.78539816339744828E+000
( 0.62253466260545454E+000, 0.16653345369377348E-014)
 0.23561944901923448E+001  0.15707963267948966E+001
( 0.78662598987898347E+000,-0.25360033097973026E-014)
 0.23561944901923448E+001  0.23561944901923448E+001
( 0.11114899158304139E+001, 0.41078251911130792E-014)
 0.23561944901923448E+001  0.31415926535897931E+001
( 0.13181558649138936E+001,-0.15739282688202615E-014)
 0.31415926535897931E+001 -0.23561944901923448E+001
( 0.13212645242342125E+001,-0.33306690738754696E-015)
 0.31415926535897931E+001 -0.15707963267948966E+001
( 0.83683850945335581E+000,-0.19092739246444352E-014)
 0.31415926535897931E+001 -0.78539816339744828E+000
( 0.66065460166293122E+000, 0.88817841970012523E-015)
 0.31415926535897931E+001  0.00000000000000000E+000
( 0.61588884781420994E+000, 0.36229084398555547E-014)
 0.31415926535897931E+001  0.78539816339744828E+000
( 0.66065460166293100E+000,-0.88817841970012523E-015)
 0.31415926535897931E+001  0.15707963267948966E+001
( 0.83683850945335569E+000, 0.21314860251380721E-014)
 0.31415926535897931E+001  0.23561944901923448E+001
( 0.13212645242342123E+001,-0.88817841970012523E-015)
 0.31415926535897931E+001  0.31415926535897931E+001
( 0.60184092617985598E+001, 0.53214881265254065E-015)
