   -2.356194     -2.356194        0.14635108        0.00603807       -0.00865398        0.00417585
   -2.356194     -1.570796        0.12380852        0.00600628       -0.00341480        0.00975194
   -2.356194     -0.785398        0.11706089        0.00764138        0.00224493        0.00606183
   -2.356194      0.000000        0.12291437        0.00559046        0.00046036        0.00561551
   -2.356194      0.785398        0.12841278        0.01278953       -0.00133682        0.01137502
   -2.356194      1.570796        0.13387438        0.00810728        0.00207519        0.01342897
   -2.356194      2.356194        0.15345061        0.00916154        0.00974390        0.01152133
   -2.356194      3.141593        0.16181294        0.00512621       -0.01086569        0.00892540
   -1.570796     -2.356194        0.12824978        0.01091822        0.00795637        0.00796217
   -1.570796     -1.570796        0.11893378        0.00590415        0.00805792        0.00468762
   -1.570796     -0.785398        0.09857404        0.00833402       -0.00749501        0.01097345
   -1.570796      0.000000        0.10612879        0.00781311       -0.01263367        0.00982653
   -1.570796      0.785398        0.11530230        0.00886664       -0.00205020        0.00647808
   -1.570796      1.570796        0.13777229        0.00807170       -0.00814576        0.00325197
   -1.570796      2.356194        0.13912994        0.00598787        0.01076845        0.00699964
   -1.570796      3.141593        0.13221888        0.00666892        0.00198757        0.00778207
   -0.785398     -2.356194        0.12661010        0.00795238        0.00664672        0.00682383
   -0.785398     -1.570796        0.10286465        0.01313397       -0.00524677        0.00896608
   -0.785398     -0.785398        0.09057076        0.00781278       -0.00173354        0.00389437
   -0.785398      0.000000        0.08193784        0.01139260       -0.01165016        0.00467750
   -0.785398      0.785398        0.09693061        0.00785479       -0.01788071        0.01098813
   -0.785398      1.570796        0.10922001        0.00642166       -0.00806792        0.00552798
   -0.785398      2.356194        0.10935556        0.00580927        0.00751024        0.00469832
   -0.785398      3.141593        0.12335274        0.01056927        0.01208180        0.00701690
    0.000000     -2.356194        0.11872665        0.01051762        0.00827251        0.00603025
    0.000000     -1.570796        0.11364954        0.00598029        0.00239104        0.00852602
    0.000000     -0.785398        0.07528331        0.01347058       -0.00134616        0.01099885
    0.000000      0.000000        0.05684435        0.02293299        0.00000000        0.00000000
    0.000000      0.785398        0.07528331        0.01347058        0.00134616        0.01099885
    0.000000      1.570796        0.11364954        0.00598029       -0.00239104        0.00852602
    0.000000      2.356194        0.11872665        0.01051762       -0.00827251        0.00603025
    0.000000      3.141593        0.12711497        0.01544016       -0.00000000        0.00000000
    0.785398     -2.356194        0.10935556        0.00580927       -0.00751024        0.00469832
    0.785398     -1.570796        0.10922001        0.00642166        0.00806792        0.00552798
    0.785398     -0.785398        0.09693061        0.00785479        0.01788071        0.01098813
    0.785398      0.000000        0.08193784        0.01139260        0.01165016        0.00467750
    0.785398      0.785398        0.09057076        0.00781278        0.00173354        0.00389437
    0.785398      1.570796        0.10286465        0.01313397        0.00524677        0.00896608
    0.785398      2.356194        0.12661010        0.00795238       -0.00664672        0.00682383
    0.785398      3.141593        0.12335274        0.01056927       -0.01208180        0.00701690
    1.570796     -2.356194        0.13912994        0.00598787       -0.01076845        0.00699964
    1.570796     -1.570796        0.13777229        0.00807170        0.00814576        0.00325197
    1.570796     -0.785398        0.11530230        0.00886664        0.00205020        0.00647808
    1.570796      0.000000        0.10612879        0.00781311        0.01263367        0.00982653
    1.570796      0.785398        0.09857404        0.00833402        0.00749501        0.01097345
    1.570796      1.570796        0.11893378        0.00590415       -0.00805792        0.00468762
    1.570796      2.356194        0.12824978        0.01091822       -0.00795637        0.00796217
    1.570796      3.141593        0.13221888        0.00666892       -0.00198757        0.00778207
    2.356194     -2.356194        0.15345061        0.00916154       -0.00974390        0.01152133
    2.356194     -1.570796        0.13387438        0.00810728       -0.00207519        0.01342897
    2.356194     -0.785398        0.12841278        0.01278953        0.00133682        0.01137502
    2.356194      0.000000        0.12291437        0.00559046       -0.00046036        0.00561551
    2.356194      0.785398        0.11706089        0.00764138       -0.00224493        0.00606183
    2.356194      1.570796        0.12380852        0.00600628        0.00341480        0.00975194
    2.356194      2.356194        0.14635108        0.00603807        0.00865398        0.00417585
    2.356194      3.141593        0.16181294        0.00512621        0.01086569        0.00892540
    3.141593     -2.356194        0.14814912        0.01626073       -0.00360812        0.00933182
    3.141593     -1.570796        0.14266449        0.00327524        0.00407323        0.00452474
    3.141593     -0.785398        0.11412328        0.00833543       -0.00159392        0.00431263
    3.141593      0.000000        0.11386169        0.01565641       -0.00000000        0.00000000
    3.141593      0.785398        0.11412328        0.00833543        0.00159392        0.00431263
    3.141593      1.570796        0.14266449        0.00327524       -0.00407323        0.00452474
    3.141593      2.356194        0.14814912        0.01626073        0.00360812        0.00933182
    3.141593      3.141593        0.15227941        0.01542849        0.00000000        0.00000000
