          51           4   10.000000000000000                1
     0.0000000        0.86676948        0.09235564
     0.1000000        0.54788361        0.06154288
     0.2000000        0.37541881        0.02711836
     0.3000000        0.22350478        0.03404369
     0.4000000        0.12969618        0.05480562
     0.5000000        0.12721038        0.01371028
     0.6000000        0.11222906        0.00982245
     0.7000000        0.07621870        0.00703839
     0.8000000        0.07500764        0.01424151
     0.9000000        0.04924424        0.03395515
     1.0000000        0.03516310        0.01176833
     1.1000000        0.01765015        0.01999650
     1.2000000        0.05646677        0.02315890
     1.3000000        0.04954408        0.03085935
     1.4000000        0.02044882        0.01804222
     1.5000000        0.02132196        0.01919802
     1.6000000        0.01488668        0.02448347
     1.7000000        0.00515421        0.01269080
     1.8000000        0.00768549        0.02143850
     1.9000000        0.01001958        0.03320080
     2.0000000       -0.00620704        0.00924030
     2.1000000       -0.00439168        0.01850673
     2.2000000        0.01730987        0.02573926
     2.3000000        0.00336471        0.02079381
     2.4000000        0.00949510        0.02076303
     2.5000000        0.02597093        0.01673261
     2.6000000        0.02495570        0.01540588
     2.7000000        0.00710387        0.00786655
     2.8000000        0.00523606        0.01865809
     2.9000000       -0.01528336        0.02219665
     3.0000000       -0.01799859        0.01365326
     3.1000000       -0.00912772        0.00974241
     3.2000000        0.01467296        0.01674602
     3.3000000       -0.02215849        0.02442801
     3.4000000       -0.01344645        0.01635468
     3.5000000       -0.00361217        0.01764082
     3.6000000       -0.02672158        0.03057463
     3.7000000       -0.01119868        0.01994918
     3.8000000       -0.00775617        0.01096734
     3.9000000       -0.02787126        0.02821130
     4.0000000       -0.02725939        0.02877960
     4.1000000       -0.00774432        0.01771685
     4.2000000       -0.00976156        0.01707016
     4.3000000       -0.01630660        0.01879481
     4.4000000        0.01038846        0.03438218
     4.5000000        0.01972893        0.03634744
     4.6000000        0.00699380        0.02310879
     4.7000000       -0.00499900        0.02901034
     4.8000000        0.01299638        0.03960812
     4.9000000        0.02800862        0.04462444
     5.0000000        0.02670486        0.04818776
