          41           9   8.0000000000000000                1
     0.0000000        0.35117103        0.02915735
     0.1000000        0.20952245        0.02813091
     0.2000000        0.13005734        0.02565086
     0.3000000        0.08355924        0.02301310
     0.4000000        0.05329349        0.02008517
     0.5000000        0.03307548        0.01734656
     0.6000000        0.02167302        0.01618264
     0.7000000        0.01717709        0.01529054
     0.8000000        0.01600945        0.01416407
     0.9000000        0.01570256        0.01404332
     1.0000000        0.01361355        0.01390877
     1.1000000        0.00897337        0.01286397
     1.2000000        0.00214325        0.01180930
     1.3000000       -0.00261818        0.01175642
     1.4000000       -0.00220827        0.01140282
     1.5000000       -0.00024917        0.00974742
     1.6000000       -0.00060353        0.00791193
     1.7000000       -0.00354223        0.00779360
     1.8000000       -0.00655204        0.00940177
     1.9000000       -0.00776340        0.01126910
     2.0000000       -0.00742734        0.01142388
     2.1000000       -0.00545481        0.00969645
     2.2000000       -0.00388703        0.00840841
     2.3000000       -0.00253703        0.00822193
     2.4000000        0.00028793        0.00834302
     2.5000000        0.00309443        0.00899343
     2.6000000        0.00336722        0.00993823
     2.7000000        0.00129032        0.01008094
     2.8000000       -0.00017204        0.00991223
     2.9000000        0.00144474        0.00888883
     3.0000000        0.00252571        0.00838764
     3.1000000        0.00274643        0.00869926
     3.2000000        0.00335200        0.00887515
     3.3000000        0.00457487        0.00900718
     3.4000000        0.00432004        0.00928491
     3.5000000        0.00450845        0.00886995
     3.6000000        0.00502306        0.00742458
     3.7000000        0.00394859        0.00775762
     3.8000000        0.00575984        0.00938345
     3.9000000        0.00857040        0.01088729
     4.0000000        0.00944844        0.01147921
