          21           9   2.0000000000000000                1
     0.0000000        1.06719178        0.00239324
     0.1000000        0.95815024        0.00241884
     0.2000000        0.88109575        0.00293400
     0.3000000        0.82566132        0.00251556
     0.4000000        0.77705547        0.00346724
     0.5000000        0.74174370        0.00370530
     0.6000000        0.71365608        0.00356103
     0.7000000        0.69167788        0.00399795
     0.8000000        0.67680152        0.00433446
     0.9000000        0.66642120        0.00315806
     1.0000000        0.66076796        0.00306201
     1.1000000        0.65698348        0.00357773
     1.2000000        0.65879404        0.00286129
     1.3000000        0.66656156        0.00341325
     1.4000000        0.67494146        0.00339687
     1.5000000        0.69053968        0.00434793
     1.6000000        0.71253303        0.00294652
     1.7000000        0.74695124        0.00261191
     1.8000000        0.79124159        0.00369965
     1.9000000        0.85058922        0.00243945
     2.0000000        0.93280822        0.00239324
