           9           4   2.0000000000000000                1
     0.0000000        0.28024989        0.00130200
     0.1250000        0.16251961        0.00118403
     0.2500000        0.10023840        0.00082287
     0.3750000        0.06618298        0.00043425
     0.5000000        0.04708901        0.00020236
     0.6250000        0.03628267        0.00010768
     0.7500000        0.03012785        0.00013600
     0.8750000        0.02683729        0.00011497
     1.0000000        0.02579708        0.00014905
