   -2.094395     -2.094395        0.11948493        0.00093012       -0.00062712        0.00065144
   -2.094395     -1.047198        0.10767064        0.00123741       -0.00024623        0.00065556
   -2.094395      0.000000        0.09973364        0.00120019       -0.00018892        0.00084154
   -2.094395      1.047198        0.10580591        0.00222521        0.00075084        0.00145378
   -2.094395      2.094395        0.12050326        0.00137446       -0.00089612        0.00061135
   -2.094395      3.141593        0.13304479        0.00124277        0.00036657        0.00071171
   -1.047198     -2.094395        0.10764901        0.00103896       -0.00068514        0.00061576
   -1.047198     -1.047198        0.08018491        0.00169473        0.00048546        0.00235288
   -1.047198      0.000000        0.06696996        0.00114967       -0.00007031        0.00093175
   -1.047198      1.047198        0.08081720        0.00101007        0.00072474        0.00119154
   -1.047198      2.094395        0.10862083        0.00076554        0.00052130        0.00112114
   -1.047198      3.141593        0.11458225        0.00103215       -0.00001957        0.00066368
    0.000000     -2.094395        0.09900474        0.00113804        0.00053528        0.00056906
    0.000000     -1.047198        0.06714399        0.00150743       -0.00100513        0.00078010
    0.000000      0.000000       -0.00097351        0.00335571        0.00000000        0.00000000
    0.000000      1.047198        0.06714399        0.00150743        0.00100513        0.00078010
    0.000000      2.094395        0.09900474        0.00113804       -0.00053528        0.00056906
    0.000000      3.141593        0.11183748        0.00131781       -0.00000000        0.00000000
    1.047198     -2.094395        0.10862083        0.00076554       -0.00052130        0.00112114
    1.047198     -1.047198        0.08081720        0.00101007       -0.00072474        0.00119154
    1.047198      0.000000        0.06696996        0.00114967        0.00007031        0.00093175
    1.047198      1.047198        0.08018491        0.00169473       -0.00048546        0.00235288
    1.047198      2.094395        0.10764901        0.00103896        0.00068514        0.00061576
    1.047198      3.141593        0.11458225        0.00103215        0.00001957        0.00066368
    2.094395     -2.094395        0.12050326        0.00137446        0.00089612        0.00061135
    2.094395     -1.047198        0.10580591        0.00222521       -0.00075084        0.00145378
    2.094395      0.000000        0.09973364        0.00120019        0.00018892        0.00084154
    2.094395      1.047198        0.10767064        0.00123741        0.00024623        0.00065556
    2.094395      2.094395        0.11948493        0.00093012        0.00062712        0.00065144
    2.094395      3.141593        0.13304479        0.00124277       -0.00036657        0.00071171
    3.141593     -2.094395        0.13356489        0.00089805        0.00023288        0.00086458
    3.141593     -1.047198        0.11203564        0.00090839        0.00000858        0.00130811
    3.141593      0.000000        0.11184358        0.00135582       -0.00000000        0.00000000
    3.141593      1.047198        0.11203564        0.00090839       -0.00000858        0.00130811
    3.141593      2.094395        0.13356489        0.00089805       -0.00023288        0.00086458
    3.141593      3.141593        0.14167374        0.00121012       -0.00000000        0.00000000
