          11           9   2.0000000000000000                1
     0.0000000        0.31552003        0.00124248
     0.1000000        0.19433521        0.00090124
     0.2000000        0.12443661        0.00065997
     0.3000000        0.08314712        0.00049070
     0.4000000        0.05812149        0.00036890
     0.5000000        0.04267434        0.00026453
     0.6000000        0.03306794        0.00020392
     0.7000000        0.02711362        0.00017331
     0.8000000        0.02353866        0.00016236
     0.9000000        0.02163002        0.00016558
     1.0000000        0.02103135        0.00017057
