           9           4   2.0000000000000000                1
     0.0000000        0.81383388        0.01247588
     0.1250000        0.54753508        0.00282632
     0.2500000        0.39012298        0.00619078
     0.3750000        0.30193277        0.00733873
     0.5000000        0.24203280        0.00698019
     0.6250000        0.20224650        0.00446553
     0.7500000        0.17929114        0.00346719
     0.8750000        0.16190225        0.00411327
     1.0000000        0.15516167        0.00501940
