          21           4   4.0000000000000000                1
     0.0000000        0.25138655        0.00599291
     0.1000000        0.15507190        0.00621122
     0.2000000        0.09946374        0.00636900
     0.3000000        0.06901023        0.00499203
     0.4000000        0.04666093        0.00489281
     0.5000000        0.03623504        0.00310488
     0.6000000        0.02924603        0.00290901
     0.7000000        0.02247889        0.00418724
     0.8000000        0.01704837        0.00446230
     0.9000000        0.01596860        0.00453059
     1.0000000        0.01333840        0.00491802
     1.1000000        0.01209954        0.00382959
     1.2000000        0.01309419        0.00490161
     1.3000000        0.01170215        0.00413613
     1.4000000        0.01045748        0.00244365
     1.5000000        0.00725933        0.00291774
     1.6000000        0.00825046        0.00240024
     1.7000000        0.00719076        0.00263269
     1.8000000        0.00655368        0.00254699
     1.9000000        0.00544545        0.00282864
     2.0000000        0.00486503        0.00302374
