          61           9   12.000000000000000                1
     0.0000000        0.50487235        0.03137354
     0.1000000        0.31333422        0.03161728
     0.2000000        0.20726878        0.03091495
     0.3000000        0.14833368        0.02917549
     0.4000000        0.11455675        0.02825674
     0.5000000        0.09064468        0.02825360
     0.6000000        0.06817129        0.02895369
     0.7000000        0.05290115        0.02987248
     0.8000000        0.04581896        0.02882949
     0.9000000        0.04213949        0.02570971
     1.0000000        0.03870117        0.02293051
     1.1000000        0.03232782        0.02117245
     1.2000000        0.02553291        0.02085531
     1.3000000        0.01779233        0.02128828
     1.4000000        0.00843661        0.02088965
     1.5000000        0.00292499        0.01772120
     1.6000000        0.00287478        0.01446683
     1.7000000        0.00482367        0.01219089
     1.8000000        0.00997510        0.01116429
     1.9000000        0.01800942        0.01236658
     2.0000000        0.02345505        0.01385146
     2.1000000        0.02627928        0.01510186
     2.2000000        0.02708131        0.01496358
     2.3000000        0.02512904        0.01375418
     2.4000000        0.02214003        0.01352355
     2.5000000        0.01496356        0.01522808
     2.6000000        0.00635405        0.01720413
     2.7000000        0.00453512        0.01819063
     2.8000000        0.00240157        0.02008577
     2.9000000       -0.00299034        0.02258729
     3.0000000       -0.00589818        0.02259034
     3.1000000       -0.00508969        0.02119953
     3.2000000       -0.00666280        0.01989977
     3.3000000       -0.00559067        0.01950602
     3.4000000       -0.00171609        0.02022824
     3.5000000       -0.00469724        0.02078554
     3.6000000       -0.00913772        0.02051944
     3.7000000       -0.01298138        0.02012052
     3.8000000       -0.01384161        0.02040872
     3.9000000       -0.01230181        0.01939210
     4.0000000       -0.01312850        0.01802550
     4.1000000       -0.01610012        0.01716764
     4.2000000       -0.01774324        0.01673925
     4.3000000       -0.01645168        0.01734311
     4.4000000       -0.01316764        0.01853340
     4.5000000       -0.00836626        0.01915699
     4.6000000       -0.00138450        0.01924775
     4.7000000        0.00350933        0.01985183
     4.8000000        0.01019639        0.02098415
     4.9000000        0.01808331        0.02314015
     5.0000000        0.01921158        0.02477020
     5.1000000        0.02105345        0.02562379
     5.2000000        0.02518025        0.02658324
     5.3000000        0.02668598        0.02630674
     5.4000000        0.02644817        0.02641821
     5.5000000        0.02233423        0.02802583
     5.6000000        0.01640842        0.02807963
     5.7000000        0.01432561        0.02835387
     5.8000000        0.01169670        0.02912323
     5.9000000        0.00842353        0.02810241
     6.0000000        0.00708716        0.02731272
