          11           9   2.0000000000000000                1
     0.0000000        0.23416305        0.03555089
     0.1000000        0.16385259        0.01083489
     0.2000000        0.09466375        0.02445701
     0.3000000        0.06597711        0.01815091
     0.4000000        0.04421598        0.02017422
     0.5000000        0.03330146        0.01382907
     0.6000000        0.02464257        0.01473042
     0.7000000        0.01465770        0.01934487
     0.8000000        0.01558740        0.01350589
     0.9000000        0.02176999        0.00522515
     1.0000000        0.02860121        0.00496034
