          41           9   4.0000000000000000                1
     0.0000000        1.94306998        0.00541224
     0.1000000        1.22876895        0.00442529
     0.2000000        0.77352970        0.00536707
     0.3000000        0.49668875        0.00569161
     0.4000000        0.31866402        0.00503901
     0.5000000        0.21647321        0.00458853
     0.6000000        0.13925800        0.00394745
     0.7000000        0.09684807        0.00392079
     0.8000000        0.06751620        0.00318773
     0.9000000        0.05152251        0.00200346
     1.0000000        0.03381738        0.00460526
     1.1000000        0.02365170        0.00320988
     1.2000000        0.01016052        0.00265204
     1.3000000        0.01358657        0.00409465
     1.4000000        0.01481818        0.00607692
     1.5000000        0.01268202        0.00431459
     1.6000000        0.00966869        0.00406107
     1.7000000        0.00458501        0.00453697
     1.8000000        0.00559921        0.00412308
     1.9000000        0.00869536        0.00274436
     2.0000000        0.00623345        0.00399735
     2.1000000        0.00097870        0.00197666
     2.2000000       -0.00237364        0.00306638
     2.3000000       -0.00144323        0.00381617
     2.4000000       -0.00073433        0.00446976
     2.5000000       -0.00393141        0.00552145
     2.6000000       -0.00354740        0.00395251
     2.7000000       -0.00195933        0.00313041
     2.8000000        0.00351890        0.00383876
     2.9000000        0.00552936        0.00262917
     3.0000000        0.00089751        0.00345739
     3.1000000       -0.00168541        0.00495199
     3.2000000       -0.00354343        0.00443959
     3.3000000        0.00123108        0.00498554
     3.4000000        0.00807342        0.00272913
     3.5000000        0.01010808        0.00314350
     3.6000000        0.01373648        0.00543178
     3.7000000        0.02162045        0.00325905
     3.8000000        0.02863812        0.00547658
     3.9000000        0.03582527        0.00612111
     4.0000000        0.05693002        0.00541224
