          51           4   10.000000000000000                1
     0.0000000        0.91324808        0.13191073
     0.1000000        0.74466264        0.12810810
     0.2000000        0.60824621        0.10507454
     0.3000000        0.49189400        0.07173482
     0.4000000        0.39390860        0.03990155
     0.5000000        0.31990572        0.02051977
     0.6000000        0.27476591        0.01898259
     0.7000000        0.24375740        0.02432993
     0.8000000        0.21735378        0.03074390
     0.9000000        0.19836950        0.04104749
     1.0000000        0.17914314        0.04625916
     1.1000000        0.15850904        0.04570571
     1.2000000        0.14423192        0.04904146
     1.3000000        0.12816863        0.04633699
     1.4000000        0.11523107        0.04378724
     1.5000000        0.10615222        0.04449654
     1.6000000        0.09310786        0.04033112
     1.7000000        0.08732867        0.04328161
     1.8000000        0.08725157        0.05175638
     1.9000000        0.08630130        0.05731931
     2.0000000        0.08514494        0.06036329
     2.1000000        0.08747562        0.06726412
     2.2000000        0.09713097        0.08202126
     2.3000000        0.11021895        0.09917593
     2.4000000        0.11993866        0.11254908
     2.5000000        0.12694737        0.12448521
     2.6000000        0.13064120        0.13216765
     2.7000000        0.13381154        0.13855319
     2.8000000        0.14049625        0.14853189
     2.9000000        0.14566271        0.15638142
     3.0000000        0.15299176        0.16623670
     3.1000000        0.15267616        0.16702208
     3.2000000        0.14774044        0.16238659
     3.3000000        0.15129461        0.16831615
     3.4000000        0.16600391        0.18814239
     3.5000000        0.19006283        0.21809606
     3.6000000        0.19707186        0.22801728
     3.7000000        0.16817007        0.19567769
     3.8000000        0.12277052        0.14405464
     3.9000000        0.09175687        0.10887694
     4.0000000        0.07408262        0.08812030
     4.1000000        0.06383019        0.07581539
     4.2000000        0.07617966        0.08987940
     4.3000000        0.08924672        0.10460541
     4.4000000        0.09910767        0.11456885
     4.5000000        0.12489347        0.14249782
     4.6000000        0.14154004        0.16075818
     4.7000000        0.14268892        0.16108134
     4.8000000        0.14283466        0.15972883
     4.9000000        0.14514541        0.16005775
     5.0000000        0.15114221        0.16515681
