          11           4   2.0000000000000000                1
     0.0000000        1.53286224        0.09718823
     0.1000000        1.32485297        0.04084270
     0.2000000        1.18893464        0.06676186
     0.3000000        0.85776877        0.05570297
     0.4000000        1.10554140        0.18254425
     0.5000000        0.83705042        0.13398563
     0.6000000        0.80571318        0.36226828
     0.7000000        0.59400341        0.22654881
     0.8000000        1.13102725        0.46709333
     0.9000000        2.27125720        2.11610583
     1.0000000        1.31258507        1.04883797
