 0.10000000000000000E+001          1         64
( 0.00000000000000000E+000, 0.00000000000000000E+000)
-0.23561944901923448E+001 -0.23561944901923448E+001
( 0.37586078304876158E+000,-0.95409791178724390E-017)
-0.23561944901923448E+001 -0.15707963267948966E+001
( 0.32975685778792407E+000, 0.62334042892274206E-017)
-0.23561944901923448E+001 -0.78539816339744828E+000
( 0.26890848439430254E+000, 0.28839777788114418E-016)
-0.23561944901923448E+001  0.00000000000000000E+000
( 0.25814558420172823E+000, 0.48379989490641572E-016)
-0.23561944901923448E+001  0.78539816339744828E+000
( 0.27779748377589264E+000, 0.32580275283189408E-016)
-0.23561944901923448E+001  0.15707963267948966E+001
( 0.31450815796468334E+000, 0.31945840277245847E-016)
-0.23561944901923448E+001  0.23561944901923448E+001
( 0.37826149661669156E+000, 0.11113072267976420E-016)
-0.23561944901923448E+001  0.31415926535897931E+001
( 0.39440342232003905E+000,-0.17955735145218357E-016)
-0.15707963267948966E+001 -0.23561944901923448E+001
( 0.32469703646203213E+000, 0.91072982488782372E-017)
-0.15707963267948966E+001 -0.15707963267948966E+001
( 0.26812196709458358E+000, 0.19446671844968197E-016)
-0.15707963267948966E+001 -0.78539816339744828E+000
( 0.20593100853056995E+000, 0.46945954068622342E-016)
-0.15707963267948966E+001  0.00000000000000000E+000
( 0.18111882899920007E+000, 0.37903589250821804E-016)
-0.15707963267948966E+001  0.78539816339744828E+000
( 0.20278804028690181E+000, 0.24231918555051024E-016)
-0.15707963267948966E+001  0.15707963267948966E+001
( 0.25935119492810443E+000, 0.91841168148682058E-017)
-0.15707963267948966E+001  0.23561944901923448E+001
( 0.32205689830827344E+000,-0.13010426069826053E-017)
-0.15707963267948966E+001  0.31415926535897931E+001
( 0.34058438781275113E+000,-0.15153717477948626E-017)
-0.78539816339744828E+000 -0.23561944901923448E+001
( 0.28840907898871876E+000, 0.22930875948068419E-016)
-0.78539816339744828E+000 -0.15707963267948966E+001
( 0.20919889685446574E+000, 0.22690097909804492E-016)
-0.78539816339744828E+000 -0.78539816339744828E+000
( 0.12366676053808835E+000, 0.13986208025063007E-016)
-0.78539816339744828E+000  0.00000000000000000E+000
( 0.86488124797762023E-001, 0.12855986609882584E-016)
-0.78539816339744828E+000  0.78539816339744828E+000
( 0.12372284954494568E+000, 0.39573379295720912E-017)
-0.78539816339744828E+000  0.15707963267948966E+001
( 0.21228102398118140E+000, 0.19833806652829879E-016)
-0.78539816339744828E+000  0.23561944901923448E+001
( 0.27708101646156835E+000, 0.11926223897340549E-016)
-0.78539816339744828E+000  0.31415926535897931E+001
( 0.30858744510731700E+000, 0.16920720493987434E-016)
 0.00000000000000000E+000 -0.23561944901923448E+001
( 0.26648116330203114E+000, 0.52583805365546965E-017)
 0.00000000000000000E+000 -0.15707963267948966E+001
( 0.19547507052527197E+000,-0.11186006299025290E-016)
 0.00000000000000000E+000 -0.78539816339744828E+000
( 0.82736867922748508E-001,-0.91072982488782372E-017)
 0.00000000000000000E+000  0.00000000000000000E+000
( 0.11282006689941809E-001, 0.00000000000000000E+000)
 0.00000000000000000E+000  0.78539816339744828E+000
( 0.82736867922748508E-001, 0.91072982488782372E-017)
 0.00000000000000000E+000  0.15707963267948966E+001
( 0.19547507052527197E+000, 0.11186006299025290E-016)
 0.00000000000000000E+000  0.23561944901923448E+001
( 0.26648116330203114E+000,-0.52583805365546965E-017)
 0.00000000000000000E+000  0.31415926535897931E+001
( 0.28442102879628650E+000,-0.72149367589066731E-018)
 0.78539816339744828E+000 -0.23561944901923448E+001
( 0.27708101646156835E+000,-0.11926223897340549E-016)
 0.78539816339744828E+000 -0.15707963267948966E+001
( 0.21228102398118140E+000,-0.19833806652829879E-016)
 0.78539816339744828E+000 -0.78539816339744828E+000
( 0.12372284954494568E+000,-0.39573379295720912E-017)
 0.78539816339744828E+000  0.00000000000000000E+000
( 0.86488124797762023E-001,-0.12855986609882584E-016)
 0.78539816339744828E+000  0.78539816339744828E+000
( 0.12366676053808835E+000,-0.13986208025063007E-016)
 0.78539816339744828E+000  0.15707963267948966E+001
( 0.20919889685446574E+000,-0.22690097909804492E-016)
 0.78539816339744828E+000  0.23561944901923448E+001
( 0.28840907898871876E+000,-0.22930875948068419E-016)
 0.78539816339744828E+000  0.31415926535897931E+001
( 0.30858744510731700E+000,-0.89452505803071618E-017)
 0.15707963267948966E+001 -0.23561944901923448E+001
( 0.32205689830827344E+000, 0.13010426069826053E-017)
 0.15707963267948966E+001 -0.15707963267948966E+001
( 0.25935119492810443E+000,-0.91841168148682058E-017)
 0.15707963267948966E+001 -0.78539816339744828E+000
( 0.20278804028690181E+000,-0.24231918555051024E-016)
 0.15707963267948966E+001  0.00000000000000000E+000
( 0.18111882899920007E+000,-0.37903589250821804E-016)
 0.15707963267948966E+001  0.78539816339744828E+000
( 0.20593100853056995E+000,-0.46945954068622342E-016)
 0.15707963267948966E+001  0.15707963267948966E+001
( 0.26812196709458358E+000,-0.19446671844968197E-016)
 0.15707963267948966E+001  0.23561944901923448E+001
( 0.32469703646203213E+000,-0.91072982488782372E-017)
 0.15707963267948966E+001  0.31415926535897931E+001
( 0.34058438781275113E+000, 0.89084676290966138E-017)
 0.23561944901923448E+001 -0.23561944901923448E+001
( 0.37826149661669156E+000,-0.11113072267976420E-016)
 0.23561944901923448E+001 -0.15707963267948966E+001
( 0.31450815796468334E+000,-0.31945840277245847E-016)
 0.23561944901923448E+001 -0.78539816339744828E+000
( 0.27779748377589264E+000,-0.32580275283189408E-016)
 0.23561944901923448E+001  0.00000000000000000E+000
( 0.25814558420172823E+000,-0.48379989490641572E-016)
 0.23561944901923448E+001  0.78539816339744828E+000
( 0.26890848439430254E+000,-0.28839777788114418E-016)
 0.23561944901923448E+001  0.15707963267948966E+001
( 0.32975685778792407E+000,-0.62334042892274206E-017)
 0.23561944901923448E+001  0.23561944901923448E+001
( 0.37586078304876158E+000, 0.95409791178724390E-017)
 0.23561944901923448E+001  0.31415926535897931E+001
( 0.39440342232003900E+000, 0.14167611487430902E-016)
 0.31415926535897931E+001 -0.23561944901923448E+001
( 0.40043270429747951E+000,-0.13877787807814457E-016)
 0.31415926535897931E+001 -0.15707963267948966E+001
( 0.34532443725711259E+000,-0.26686904631386569E-016)
 0.31415926535897931E+001 -0.78539816339744828E+000
( 0.30508121753639689E+000,-0.19840899756484731E-016)
 0.31415926535897931E+001  0.00000000000000000E+000
( 0.27732881786919422E+000,-0.23524813157506932E-017)
 0.31415926535897931E+001  0.78539816339744828E+000
( 0.30508121753639689E+000, 0.15558301175166989E-016)
 0.31415926535897931E+001  0.15707963267948966E+001
( 0.34532443725711259E+000, 0.31387481469260339E-016)
 0.31415926535897931E+001  0.23561944901923448E+001
( 0.40043270429747951E+000, 0.10570971181733668E-016)
 0.31415926535897931E+001  0.31415926535897931E+001
( 0.42205335704407415E+000,-0.24085966030136022E-017)
 0.10000000000000000E+001          1         64
( 0.00000000000000000E+000, 0.00000000000000000E+000)
-0.23561944901923448E+001 -0.23561944901923448E+001
( 0.38940606796002314E+000,-0.21060627200530924E-016)
-0.23561944901923448E+001 -0.15707963267948966E+001
( 0.33964380157013691E+000,-0.22883173634025426E-016)
-0.23561944901923448E+001 -0.78539816339744828E+000
( 0.28767928223429240E+000,-0.28514517136368767E-016)
-0.23561944901923448E+001  0.00000000000000000E+000
( 0.26443667960799550E+000,-0.40605109778832566E-016)
-0.23561944901923448E+001  0.78539816339744828E+000
( 0.29454431951931848E+000,-0.32119489359883069E-016)
-0.23561944901923448E+001  0.15707963267948966E+001
( 0.33668920709871625E+000,-0.34817760558235849E-016)
-0.23561944901923448E+001  0.23561944901923448E+001
( 0.39382010560634062E+000,-0.48409627001477773E-016)
-0.23561944901923448E+001  0.31415926535897931E+001
( 0.41025083435565973E+000,-0.35965820196446940E-016)
-0.15707963267948966E+001 -0.23561944901923448E+001
( 0.33710861472776765E+000,-0.48463837110102048E-016)
-0.15707963267948966E+001 -0.15707963267948966E+001
( 0.28344613075389202E+000,-0.54988692998365985E-016)
-0.15707963267948966E+001 -0.78539816339744828E+000
( 0.21415907515642446E+000,-0.56974824164113258E-016)
-0.15707963267948966E+001  0.00000000000000000E+000
( 0.20119112824268981E+000,-0.42102025418686811E-016)
-0.15707963267948966E+001  0.78539816339744828E+000
( 0.22697834882544882E+000,-0.37919970982680518E-016)
-0.15707963267948966E+001  0.15707963267948966E+001
( 0.28328849455417815E+000,-0.46808156096386616E-016)
-0.15707963267948966E+001  0.23561944901923448E+001
( 0.33984793505131727E+000,-0.61040582310933900E-016)
-0.15707963267948966E+001  0.31415926535897931E+001
( 0.36027887184833807E+000,-0.46908750904422647E-016)
-0.78539816339744828E+000 -0.23561944901923448E+001
( 0.28908391397004390E+000,-0.31658703436576729E-016)
-0.78539816339744828E+000 -0.15707963267948966E+001
( 0.22195357615871800E+000,-0.39229430197004301E-016)
-0.78539816339744828E+000 -0.78539816339744828E+000
( 0.13710390036419634E+000,-0.30682921481339775E-016)
-0.78539816339744828E+000  0.00000000000000000E+000
( 0.93470541953491817E-001,-0.31424372438955012E-016)
-0.78539816339744828E+000  0.78539816339744828E+000
( 0.13294756272341918E+000,-0.29571614254542133E-016)
-0.78539816339744828E+000  0.15707963267948966E+001
( 0.22093446888684626E+000,-0.28449981607643406E-016)
-0.78539816339744828E+000  0.23561944901923448E+001
( 0.28913888216250405E+000,-0.26481638062958446E-016)
-0.78539816339744828E+000  0.31415926535897931E+001
( 0.31414754664386119E+000,-0.48893196020318897E-016)
 0.00000000000000000E+000 -0.23561944901923448E+001
( 0.26966555911942458E+000,-0.42554935270056049E-017)
 0.00000000000000000E+000 -0.15707963267948966E+001
( 0.19917256584901730E+000,-0.67811635116878570E-018)
 0.00000000000000000E+000 -0.78539816339744828E+000
( 0.10357861756182335E+000,-0.52583805365546965E-017)
 0.00000000000000000E+000  0.00000000000000000E+000
( 0.29519957626913923E-001, 0.00000000000000000E+000)
 0.00000000000000000E+000  0.78539816339744828E+000
( 0.10357861756182335E+000, 0.52583805365546965E-017)
 0.00000000000000000E+000  0.15707963267948966E+001
( 0.19917256584901730E+000, 0.67811635116878570E-018)
 0.00000000000000000E+000  0.23561944901923448E+001
( 0.26966555911942458E+000, 0.42554935270056049E-017)
 0.00000000000000000E+000  0.31415926535897931E+001
( 0.29650631195276522E+000,-0.13542727288761876E-017)
 0.78539816339744828E+000 -0.23561944901923448E+001
( 0.28913888216250405E+000, 0.26481638062958446E-016)
 0.78539816339744828E+000 -0.15707963267948966E+001
( 0.22093446888684626E+000, 0.28449981607643406E-016)
 0.78539816339744828E+000 -0.78539816339744828E+000
( 0.13294756272341918E+000, 0.29571614254542133E-016)
 0.78539816339744828E+000  0.00000000000000000E+000
( 0.93470541953491817E-001, 0.31424372438955012E-016)
 0.78539816339744828E+000  0.78539816339744828E+000
( 0.13710390036419634E+000, 0.30682921481339775E-016)
 0.78539816339744828E+000  0.15707963267948966E+001
( 0.22195357615871800E+000, 0.39229430197004301E-016)
 0.78539816339744828E+000  0.23561944901923448E+001
( 0.28908391397004390E+000, 0.31658703436576729E-016)
 0.78539816339744828E+000  0.31415926535897931E+001
( 0.31414754664386113E+000, 0.41612315410926270E-016)
 0.15707963267948966E+001 -0.23561944901923448E+001
( 0.33984793505131727E+000, 0.61040582310933900E-016)
 0.15707963267948966E+001 -0.15707963267948966E+001
( 0.28328849455417815E+000, 0.46808156096386616E-016)
 0.15707963267948966E+001 -0.78539816339744828E+000
( 0.22697834882544882E+000, 0.37919970982680518E-016)
 0.15707963267948966E+001  0.00000000000000000E+000
( 0.20119112824268981E+000, 0.42102025418686811E-016)
 0.15707963267948966E+001  0.78539816339744828E+000
( 0.21415907515642446E+000, 0.56974824164113258E-016)
 0.15707963267948966E+001  0.15707963267948966E+001
( 0.28344613075389202E+000, 0.54988692998365985E-016)
 0.15707963267948966E+001  0.23561944901923448E+001
( 0.33710861472776765E+000, 0.48463837110102048E-016)
 0.15707963267948966E+001  0.31415926535897931E+001
( 0.36027887184833807E+000, 0.46383375871919648E-016)
 0.23561944901923448E+001 -0.23561944901923448E+001
( 0.39382010560634062E+000, 0.48409627001477773E-016)
 0.23561944901923448E+001 -0.15707963267948966E+001
( 0.33668920709871625E+000, 0.34817760558235849E-016)
 0.23561944901923448E+001 -0.78539816339744828E+000
( 0.29454431951931848E+000, 0.32119489359883069E-016)
 0.23561944901923448E+001  0.00000000000000000E+000
( 0.26443667960799550E+000, 0.40605109778832566E-016)
 0.23561944901923448E+001  0.78539816339744828E+000
( 0.28767928223429240E+000, 0.28514517136368767E-016)
 0.23561944901923448E+001  0.15707963267948966E+001
( 0.33964380157013691E+000, 0.22883173634025426E-016)
 0.23561944901923448E+001  0.23561944901923448E+001
( 0.38940606796002314E+000, 0.21060627200530924E-016)
 0.23561944901923448E+001  0.31415926535897931E+001
( 0.41025083435565973E+000, 0.37792237835932544E-016)
 0.31415926535897931E+001 -0.23561944901923448E+001
( 0.42209452941305869E+000, 0.37947076036992655E-018)
 0.31415926535897931E+001 -0.15707963267948966E+001
( 0.36665598300304103E+000, 0.80317767972942305E-017)
 0.31415926535897931E+001 -0.78539816339744828E+000
( 0.31584340549429357E+000, 0.93241386833753381E-017)
 0.31415926535897931E+001  0.00000000000000000E+000
( 0.29921989145081451E+000, 0.93732399048688083E-018)
 0.31415926535897931E+001  0.78539816339744828E+000
( 0.31584340549429357E+000,-0.81586213479534209E-017)
 0.31415926535897931E+001  0.15707963267948966E+001
( 0.36665598300304103E+000,-0.91083437187401149E-017)
 0.31415926535897931E+001  0.23561944901923448E+001
( 0.42209452941305869E+000, 0.17618285302889447E-017)
 0.31415926535897931E+001  0.31415926535897931E+001
( 0.42902007945956422E+000,-0.10431884206599599E-017)
 0.10000000000000000E+001          1         64
( 0.00000000000000000E+000, 0.00000000000000000E+000)
-0.23561944901923448E+001 -0.23561944901923448E+001
( 0.39055986836955692E+000,-0.27728470561316776E-016)
-0.23561944901923448E+001 -0.15707963267948966E+001
( 0.33881986219841631E+000,-0.16848534669005927E-016)
-0.23561944901923448E+001 -0.78539816339744828E+000
( 0.28003874519357214E+000,-0.85651971626354850E-017)
-0.23561944901923448E+001  0.00000000000000000E+000
( 0.27312970233910028E+000,-0.17979866134387838E-016)
-0.23561944901923448E+001  0.78539816339744828E+000
( 0.28759686370997983E+000,-0.80230960763927328E-017)
-0.23561944901923448E+001  0.15707963267948966E+001
( 0.34633748328254577E+000, 0.12158670530573034E-016)
-0.23561944901923448E+001  0.23561944901923448E+001
( 0.40015684106333371E+000, 0.17265919596831658E-016)
-0.23561944901923448E+001  0.31415926535897931E+001
( 0.40811152659158256E+000,-0.40436964970575994E-017)
-0.15707963267948966E+001 -0.23561944901923448E+001
( 0.33552104408083960E+000,-0.38462072068923270E-016)
-0.15707963267948966E+001 -0.15707963267948966E+001
( 0.27402030762276219E+000,-0.95835257514524463E-017)
-0.15707963267948966E+001 -0.78539816339744828E+000
( 0.22813687290112186E+000,-0.14257258568184383E-016)
-0.15707963267948966E+001  0.00000000000000000E+000
( 0.19977527661292926E+000,-0.60834587851665176E-017)
-0.15707963267948966E+001  0.78539816339744828E+000
( 0.22601338951053307E+000, 0.91615083575025125E-017)
-0.15707963267948966E+001  0.15707963267948966E+001
( 0.28795169240039853E+000, 0.23805104075509372E-016)
-0.15707963267948966E+001  0.23561944901923448E+001
( 0.34012316805280179E+000,-0.42012834183813297E-017)
-0.15707963267948966E+001  0.31415926535897931E+001
( 0.35999391066229514E+000,-0.22414116674968979E-016)
-0.78539816339744828E+000 -0.23561944901923448E+001
( 0.28791353193778774E+000,-0.33908422944484151E-016)
-0.78539816339744828E+000 -0.15707963267948966E+001
( 0.22821571700271023E+000,-0.99003758328502914E-017)
-0.78539816339744828E+000 -0.78539816339744828E+000
( 0.14384684544462623E+000, 0.28189256484623115E-017)
-0.78539816339744828E+000  0.00000000000000000E+000
( 0.99726287256601071E-001, 0.17895299155634670E-016)
-0.78539816339744828E+000  0.78539816339744828E+000
( 0.13934002501838499E+000, 0.27430314963883262E-016)
-0.78539816339744828E+000  0.15707963267948966E+001
( 0.22388471577513883E+000, 0.11842674811075792E-016)
-0.78539816339744828E+000  0.23561944901923448E+001
( 0.28867336251131742E+000, 0.48789097761847700E-018)
-0.78539816339744828E+000  0.31415926535897931E+001
( 0.31846206001916627E+000,-0.29326151843521445E-016)
 0.00000000000000000E+000 -0.23561944901923448E+001
( 0.27332199530920681E+000,-0.17482760031328759E-016)
 0.00000000000000000E+000 -0.15707963267948966E+001
( 0.20339099603134936E+000,-0.13547343664255029E-016)
 0.00000000000000000E+000 -0.78539816339744828E+000
( 0.10814971956581822E+000,-0.49060148304969076E-017)
 0.00000000000000000E+000  0.00000000000000000E+000
( 0.37911631624010622E-001, 0.00000000000000000E+000)
 0.00000000000000000E+000  0.78539816339744828E+000
( 0.10814971956581822E+000, 0.49060148304969076E-017)
 0.00000000000000000E+000  0.15707963267948966E+001
( 0.20339099603134936E+000, 0.13547343664255029E-016)
 0.00000000000000000E+000  0.23561944901923448E+001
( 0.27332199530920681E+000, 0.17482760031328759E-016)
 0.00000000000000000E+000  0.31415926535897931E+001
( 0.30037413518623335E+000,-0.10945691561130533E-017)
 0.78539816339744828E+000 -0.23561944901923448E+001
( 0.28867336251131742E+000,-0.48789097761847700E-018)
 0.78539816339744828E+000 -0.15707963267948966E+001
( 0.22388471577513883E+000,-0.11842674811075792E-016)
 0.78539816339744828E+000 -0.78539816339744828E+000
( 0.13934002501838499E+000,-0.27430314963883262E-016)
 0.78539816339744828E+000  0.00000000000000000E+000
( 0.99726287256601071E-001,-0.17895299155634670E-016)
 0.78539816339744828E+000  0.78539816339744828E+000
( 0.14384684544462623E+000,-0.28189256484623115E-017)
 0.78539816339744828E+000  0.15707963267948966E+001
( 0.22821571700271023E+000, 0.99003758328502914E-017)
 0.78539816339744828E+000  0.23561944901923448E+001
( 0.28791353193778774E+000, 0.33908422944484151E-016)
 0.78539816339744828E+000  0.31415926535897931E+001
( 0.31846206001916627E+000, 0.28874960091398542E-016)
 0.15707963267948966E+001 -0.23561944901923448E+001
( 0.34012316805280179E+000, 0.42012834183813297E-017)
 0.15707963267948966E+001 -0.15707963267948966E+001
( 0.28795169240039853E+000,-0.23805104075509372E-016)
 0.15707963267948966E+001 -0.78539816339744828E+000
( 0.22601338951053307E+000,-0.91615083575025125E-017)
 0.15707963267948966E+001  0.00000000000000000E+000
( 0.19977527661292926E+000, 0.60834587851665176E-017)
 0.15707963267948966E+001  0.78539816339744828E+000
( 0.22813687290112186E+000, 0.14257258568184383E-016)
 0.15707963267948966E+001  0.15707963267948966E+001
( 0.27402030762276219E+000, 0.95835257514524463E-017)
 0.15707963267948966E+001  0.23561944901923448E+001
( 0.33552104408083960E+000, 0.38462072068923270E-016)
 0.15707963267948966E+001  0.31415926535897931E+001
( 0.35999391066229514E+000, 0.21754001200294241E-016)
 0.23561944901923448E+001 -0.23561944901923448E+001
( 0.40015684106333371E+000,-0.17265919596831658E-016)
 0.23561944901923448E+001 -0.15707963267948966E+001
( 0.34633748328254577E+000,-0.12158670530573034E-016)
 0.23561944901923448E+001 -0.78539816339744828E+000
( 0.28759686370997983E+000, 0.80230960763927328E-017)
 0.23561944901923448E+001  0.00000000000000000E+000
( 0.27312970233910028E+000, 0.17979866134387838E-016)
 0.23561944901923448E+001  0.78539816339744828E+000
( 0.28003874519357214E+000, 0.85651971626354850E-017)
 0.23561944901923448E+001  0.15707963267948966E+001
( 0.33881986219841631E+000, 0.16848534669005927E-016)
 0.23561944901923448E+001  0.23561944901923448E+001
( 0.39055986836955692E+000, 0.27728470561316776E-016)
 0.23561944901923448E+001  0.31415926535897931E+001
( 0.40811152659158256E+000,-0.13677201941864861E-017)
 0.31415926535897931E+001 -0.23561944901923448E+001
( 0.41515924135527615E+000,-0.11492543028346347E-016)
 0.31415926535897931E+001 -0.15707963267948966E+001
( 0.35565643788451778E+000,-0.14173562711058386E-017)
 0.31415926535897931E+001 -0.78539816339744828E+000
( 0.31127604614443954E+000, 0.17780915628762273E-016)
 0.31415926535897931E+001  0.00000000000000000E+000
( 0.27853852647235444E+000,-0.18192904547299744E-017)
 0.31415926535897931E+001  0.78539816339744828E+000
( 0.31127604614443954E+000,-0.13362791775883842E-016)
 0.31415926535897931E+001  0.15707963267948966E+001
( 0.35565643788451778E+000,-0.14386291063501053E-017)
 0.31415926535897931E+001  0.23561944901923448E+001
( 0.41515924135527615E+000, 0.15070410197548512E-016)
 0.31415926535897931E+001  0.31415926535897931E+001
( 0.42017648454727030E+000,-0.33954202234704092E-017)
 0.10000000000000000E+001          1         64
( 0.00000000000000000E+000, 0.00000000000000000E+000)
-0.23561944901923448E+001 -0.23561944901923448E+001
( 0.39690207478637501E+000,-0.12847795743953228E-016)
-0.23561944901923448E+001 -0.15707963267948966E+001
( 0.34181895410639374E+000,-0.20902288966478937E-016)
-0.23561944901923448E+001 -0.78539816339744828E+000
( 0.28931403776281861E+000,-0.24719809532669501E-016)
-0.23561944901923448E+001  0.00000000000000000E+000
( 0.27390060506319169E+000,-0.90211333419399004E-017)
-0.23561944901923448E+001  0.78539816339744828E+000
( 0.28714332895416539E+000, 0.72641545556528797E-017)
-0.23561944901923448E+001  0.15707963267948966E+001
( 0.34434525140831185E+000, 0.23944113856518938E-016)
-0.23561944901923448E+001  0.23561944901923448E+001
( 0.38473824831404319E+000, 0.44994390158148434E-017)
-0.23561944901923448E+001  0.31415926535897931E+001
( 0.43830425714921750E+000,-0.12519223227595589E-017)
-0.15707963267948966E+001 -0.23561944901923448E+001
( 0.34764365695447108E+000, 0.27105054312137611E-018)
-0.15707963267948966E+001 -0.15707963267948966E+001
( 0.28659654541420931E+000, 0.23001964914285876E-017)
-0.15707963267948966E+001 -0.78539816339744828E+000
( 0.22974676206951611E+000,-0.34748679628160417E-016)
-0.15707963267948966E+001  0.00000000000000000E+000
( 0.19891066483595191E+000,-0.24426880507603337E-017)
-0.15707963267948966E+001  0.78539816339744828E+000
( 0.22581114457522464E+000, 0.32526065174565133E-018)
-0.15707963267948966E+001  0.15707963267948966E+001
( 0.28869088584721309E+000, 0.24565908145283439E-016)
-0.15707963267948966E+001  0.23561944901923448E+001
( 0.34279042606264482E+000, 0.30357660829594124E-017)
-0.15707963267948966E+001  0.31415926535897931E+001
( 0.37367043110180009E+000,-0.72428922896360621E-018)
-0.78539816339744828E+000 -0.23561944901923448E+001
( 0.29369080500987682E+000,-0.11004652050727870E-016)
-0.78539816339744828E+000 -0.15707963267948966E+001
( 0.23179138208411273E+000,-0.20211207313832642E-017)
-0.78539816339744828E+000 -0.78539816339744828E+000
( 0.14240128587427775E+000,-0.12793585635328952E-016)
-0.78539816339744828E+000  0.00000000000000000E+000
( 0.10823541449884529E+000,-0.79698581602438494E-019)
-0.78539816339744828E+000  0.78539816339744828E+000
( 0.14318589907223767E+000, 0.66136332521615770E-017)
-0.78539816339744828E+000  0.15707963267948966E+001
( 0.21495199281099486E+000, 0.17617581581326632E-016)
-0.78539816339744828E+000  0.23561944901923448E+001
( 0.30130317990941569E+000, 0.28135046375998840E-016)
-0.78539816339744828E+000  0.31415926535897931E+001
( 0.31722631211287700E+000,-0.13110472575095955E-017)
 0.00000000000000000E+000 -0.23561944901923448E+001
( 0.27205619615623844E+000,-0.24611389315420951E-016)
 0.00000000000000000E+000 -0.15707963267948966E+001
( 0.20193960414820211E+000,-0.20318021250001712E-017)
 0.00000000000000000E+000 -0.78539816339744828E+000
( 0.97415001171429316E-001,-0.16913553890773869E-016)
 0.00000000000000000E+000  0.00000000000000000E+000
( 0.30293050675312350E-001, 0.00000000000000000E+000)
 0.00000000000000000E+000  0.78539816339744828E+000
( 0.97415001171429316E-001, 0.16913553890773869E-016)
 0.00000000000000000E+000  0.15707963267948966E+001
( 0.20193960414820211E+000, 0.20318021250001712E-017)
 0.00000000000000000E+000  0.23561944901923448E+001
( 0.27205619615623844E+000, 0.24611389315420951E-016)
 0.00000000000000000E+000  0.31415926535897931E+001
( 0.28437263991507206E+000,-0.12489863951786217E-017)
 0.78539816339744828E+000 -0.23561944901923448E+001
( 0.30130317990941569E+000,-0.28135046375998840E-016)
 0.78539816339744828E+000 -0.15707963267948966E+001
( 0.21495199281099486E+000,-0.17617581581326632E-016)
 0.78539816339744828E+000 -0.78539816339744828E+000
( 0.14318589907223767E+000,-0.66136332521615770E-017)
 0.78539816339744828E+000  0.00000000000000000E+000
( 0.10823541449884529E+000, 0.79698581602438494E-019)
 0.78539816339744828E+000  0.78539816339744828E+000
( 0.14240128587427775E+000, 0.12793585635328952E-016)
 0.78539816339744828E+000  0.15707963267948966E+001
( 0.23179138208411273E+000, 0.20211207313832642E-017)
 0.78539816339744828E+000  0.23561944901923448E+001
( 0.29369080500987682E+000, 0.11004652050727870E-016)
 0.78539816339744828E+000  0.31415926535897931E+001
( 0.31722631211287705E+000,-0.88228121464115537E-018)
 0.15707963267948966E+001 -0.23561944901923448E+001
( 0.34279042606264482E+000,-0.30357660829594124E-017)
 0.15707963267948966E+001 -0.15707963267948966E+001
( 0.28869088584721309E+000,-0.24565908145283439E-016)
 0.15707963267948966E+001 -0.78539816339744828E+000
( 0.22581114457522464E+000,-0.32526065174565133E-018)
 0.15707963267948966E+001  0.00000000000000000E+000
( 0.19891066483595191E+000, 0.24426880507603337E-017)
 0.15707963267948966E+001  0.78539816339744828E+000
( 0.22974676206951611E+000, 0.34748679628160417E-016)
 0.15707963267948966E+001  0.15707963267948966E+001
( 0.28659654541420931E+000,-0.23001964914285876E-017)
 0.15707963267948966E+001  0.23561944901923448E+001
( 0.34764365695447108E+000,-0.27105054312137611E-018)
 0.15707963267948966E+001  0.31415926535897931E+001
( 0.37367043110180020E+000,-0.63938273220780098E-019)
 0.23561944901923448E+001 -0.23561944901923448E+001
( 0.38473824831404319E+000,-0.44994390158148434E-017)
 0.23561944901923448E+001 -0.15707963267948966E+001
( 0.34434525140831185E+000,-0.23944113856518938E-016)
 0.23561944901923448E+001 -0.78539816339744828E+000
( 0.28714332895416539E+000,-0.72641545556528797E-017)
 0.23561944901923448E+001  0.00000000000000000E+000
( 0.27390060506319169E+000, 0.90211333419399004E-017)
 0.23561944901923448E+001  0.78539816339744828E+000
( 0.28931403776281861E+000, 0.24719809532669501E-016)
 0.23561944901923448E+001  0.15707963267948966E+001
( 0.34181895410639374E+000, 0.20902288966478937E-016)
 0.23561944901923448E+001  0.23561944901923448E+001
( 0.39690207478637501E+000, 0.12847795743953228E-016)
 0.23561944901923448E+001  0.31415926535897931E+001
( 0.43830425714921750E+000, 0.45338148216606059E-017)
 0.31415926535897931E+001 -0.23561944901923448E+001
( 0.42859573023698094E+000,-0.12305694657710475E-016)
 0.31415926535897931E+001 -0.15707963267948966E+001
( 0.36223884412084939E+000,-0.19078645103076764E-016)
 0.31415926535897931E+001 -0.78539816339744828E+000
( 0.31466231670821165E+000,-0.24719809532669501E-016)
 0.31415926535897931E+001  0.00000000000000000E+000
( 0.28845607588114297E+000,-0.29208795403749623E-017)
 0.31415926535897931E+001  0.78539816339744828E+000
( 0.31466231670821165E+000, 0.24828229749918052E-016)
 0.31415926535897931E+001  0.15707963267948966E+001
( 0.36223884412084939E+000, 0.17442350217581201E-016)
 0.31415926535897931E+001  0.23561944901923448E+001
( 0.42859573023698094E+000, 0.11058862159352145E-016)
 0.31415926535897931E+001  0.31415926535897931E+001
( 0.45294861903002215E+000,-0.28799239969386005E-017)
 0.10000000000000000E+001          1         64
( 0.00000000000000000E+000, 0.00000000000000000E+000)
-0.23561944901923448E+001 -0.23561944901923448E+001
( 0.39800963294548053E+000, 0.11113072267976420E-016)
-0.23561944901923448E+001 -0.15707963267948966E+001
( 0.34131910759459955E+000, 0.94971926438470670E-017)
-0.23561944901923448E+001 -0.78539816339744828E+000
( 0.28865212472827695E+000, 0.22063514210080015E-016)
-0.23561944901923448E+001  0.00000000000000000E+000
( 0.27913660747599051E+000, 0.14010723662114764E-016)
-0.23561944901923448E+001  0.78539816339744828E+000
( 0.29011144243600884E+000,-0.29707139526102821E-016)
-0.23561944901923448E+001  0.15707963267948966E+001
( 0.33835031898595819E+000,-0.26034349167373875E-016)
-0.23561944901923448E+001  0.23561944901923448E+001
( 0.38922000914308397E+000,-0.18214596497756474E-016)
-0.23561944901923448E+001  0.31415926535897931E+001
( 0.42027131934312306E+000, 0.92760225072262706E-017)
-0.15707963267948966E+001 -0.23561944901923448E+001
( 0.34719037580109469E+000, 0.13552527156068805E-016)
-0.15707963267948966E+001 -0.15707963267948966E+001
( 0.27970475603970379E+000, 0.28801736867016231E-016)
-0.15707963267948966E+001 -0.78539816339744828E+000
( 0.22045923101104592E+000, 0.33501847129802087E-016)
-0.15707963267948966E+001  0.00000000000000000E+000
( 0.20140093421051281E+000, 0.23072645006854717E-016)
-0.15707963267948966E+001  0.78539816339744828E+000
( 0.22101779341459712E+000,-0.14636729328554310E-016)
-0.15707963267948966E+001  0.15707963267948966E+001
( 0.28182331785804404E+000,-0.19312918929019494E-016)
-0.15707963267948966E+001  0.23561944901923448E+001
( 0.34041702139325025E+000,-0.40115480381963664E-017)
-0.15707963267948966E+001  0.31415926535897931E+001
( 0.35493736788356717E+000, 0.10281244025808930E-016)
-0.78539816339744828E+000 -0.23561944901923448E+001
( 0.29581890547744416E+000, 0.23852447794681098E-016)
-0.78539816339744828E+000 -0.15707963267948966E+001
( 0.22093675106021179E+000, 0.15895009925885833E-016)
-0.78539816339744828E+000 -0.78539816339744828E+000
( 0.14394506011686081E+000, 0.32526065174565133E-016)
-0.78539816339744828E+000  0.00000000000000000E+000
( 0.10537775528442435E+000, 0.12092508593178604E-016)
-0.78539816339744828E+000  0.78539816339744828E+000
( 0.13970375120660808E+000,-0.54210108624275222E-017)
-0.78539816339744828E+000  0.15707963267948966E+001
( 0.22524447354482069E+000,-0.38071801670467445E-017)
-0.78539816339744828E+000  0.23561944901923448E+001
( 0.28956449034793480E+000,-0.58546917314217239E-017)
-0.78539816339744828E+000  0.31415926535897931E+001
( 0.31290446366426977E+000, 0.91521100691658225E-017)
 0.00000000000000000E+000 -0.23561944901923448E+001
( 0.27390379302832152E+000, 0.13281476612947429E-016)
 0.00000000000000000E+000 -0.15707963267948966E+001
( 0.20108147675025076E+000, 0.25854770590360660E-016)
 0.00000000000000000E+000 -0.78539816339744828E+000
( 0.96589111123145319E-001,-0.23310346708438345E-017)
 0.00000000000000000E+000  0.00000000000000000E+000
( 0.44307530125357319E-001, 0.00000000000000000E+000)
 0.00000000000000000E+000  0.78539816339744828E+000
( 0.96589111123145319E-001, 0.23310346708438345E-017)
 0.00000000000000000E+000  0.15707963267948966E+001
( 0.20108147675025076E+000,-0.25854770590360660E-016)
 0.00000000000000000E+000  0.23561944901923448E+001
( 0.27390379302832152E+000,-0.13281476612947429E-016)
 0.00000000000000000E+000  0.31415926535897931E+001
( 0.29639868670710812E+000, 0.11532266408578914E-018)
 0.78539816339744828E+000 -0.23561944901923448E+001
( 0.28956449034793480E+000, 0.58546917314217239E-017)
 0.78539816339744828E+000 -0.15707963267948966E+001
( 0.22524447354482069E+000, 0.38071801670467445E-017)
 0.78539816339744828E+000 -0.78539816339744828E+000
( 0.13970375120660808E+000, 0.54210108624275222E-017)
 0.78539816339744828E+000  0.00000000000000000E+000
( 0.10537775528442435E+000,-0.12092508593178604E-016)
 0.78539816339744828E+000  0.78539816339744828E+000
( 0.14394506011686081E+000,-0.32526065174565133E-016)
 0.78539816339744828E+000  0.15707963267948966E+001
( 0.22093675106021179E+000,-0.15895009925885833E-016)
 0.78539816339744828E+000  0.23561944901923448E+001
( 0.29581890547744416E+000,-0.23852447794681098E-016)
 0.78539816339744828E+000  0.31415926535897931E+001
( 0.31290446366426977E+000,-0.72619400104893313E-017)
 0.15707963267948966E+001 -0.23561944901923448E+001
( 0.34041702139325025E+000, 0.40115480381963664E-017)
 0.15707963267948966E+001 -0.15707963267948966E+001
( 0.28182331785804404E+000, 0.19312918929019494E-016)
 0.15707963267948966E+001 -0.78539816339744828E+000
( 0.22101779341459712E+000, 0.14636729328554310E-016)
 0.15707963267948966E+001  0.00000000000000000E+000
( 0.20140093421051281E+000,-0.23072645006854717E-016)
 0.15707963267948966E+001  0.78539816339744828E+000
( 0.22045923101104592E+000,-0.33501847129802087E-016)
 0.15707963267948966E+001  0.15707963267948966E+001
( 0.27970475603970379E+000,-0.28801736867016231E-016)
 0.15707963267948966E+001  0.23561944901923448E+001
( 0.34719037580109469E+000,-0.13552527156068805E-016)
 0.15707963267948966E+001  0.31415926535897931E+001
( 0.35493736788356717E+000,-0.11751285742647288E-016)
 0.23561944901923448E+001 -0.23561944901923448E+001
( 0.38922000914308397E+000, 0.18214596497756474E-016)
 0.23561944901923448E+001 -0.15707963267948966E+001
( 0.33835031898595819E+000, 0.26034349167373875E-016)
 0.23561944901923448E+001 -0.78539816339744828E+000
( 0.29011144243600884E+000, 0.29707139526102821E-016)
 0.23561944901923448E+001  0.00000000000000000E+000
( 0.27913660747599051E+000,-0.14010723662114764E-016)
 0.23561944901923448E+001  0.78539816339744828E+000
( 0.28865212472827695E+000,-0.22063514210080015E-016)
 0.23561944901923448E+001  0.15707963267948966E+001
( 0.34131910759459955E+000,-0.94971926438470670E-017)
 0.23561944901923448E+001  0.23561944901923448E+001
( 0.39800963294548053E+000,-0.11113072267976420E-016)
 0.23561944901923448E+001  0.31415926535897931E+001
( 0.42027131934312306E+000,-0.73858524485497794E-017)
 0.31415926535897931E+001 -0.23561944901923448E+001
( 0.41789638032823828E+000, 0.14365678785432934E-016)
 0.31415926535897931E+001 -0.15707963267948966E+001
( 0.36497827551039241E+000, 0.34530277585664504E-016)
 0.31415926535897931E+001 -0.78539816339744828E+000
( 0.31035210220586362E+000, 0.76978354246470815E-017)
 0.31415926535897931E+001  0.00000000000000000E+000
( 0.29648381901692894E+000,-0.15574756702430678E-017)
 0.31415926535897931E+001  0.78539816339744828E+000
( 0.31035210220586362E+000,-0.60715321659188248E-017)
 0.31415926535897931E+001  0.15707963267948966E+001
( 0.36497827551039241E+000,-0.29980726318722537E-016)
 0.31415926535897931E+001  0.23561944901923448E+001
( 0.41789638032823828E+000,-0.13173056395698879E-016)
 0.31415926535897931E+001  0.31415926535897931E+001
( 0.44951767963160444E+000, 0.54500583205488370E-018)
