          21           9   4.0000000000000000                1
     0.0000000        0.63646485        0.00323339
     0.1000000        0.52184637        0.00290708
     0.2000000        0.43636426        0.00248916
     0.3000000        0.37106909        0.00223312
     0.4000000        0.32016880        0.00212121
     0.5000000        0.27987768        0.00200114
     0.6000000        0.24758992        0.00182797
     0.7000000        0.22132787        0.00164375
     0.8000000        0.19956342        0.00162271
     0.9000000        0.18172569        0.00180981
     1.0000000        0.16706170        0.00200256
     1.1000000        0.15474926        0.00215871
     1.2000000        0.14466547        0.00218856
     1.3000000        0.13639951        0.00224364
     1.4000000        0.12935400        0.00235003
     1.5000000        0.12362170        0.00236787
     1.6000000        0.11906112        0.00245813
     1.7000000        0.11537863        0.00258316
     1.8000000        0.11270563        0.00271186
     1.9000000        0.11098802        0.00286050
     2.0000000        0.11032538        0.00292158
