         101           4   10.000000000000000                1
     0.0000000        1.85056692        0.01967377
     0.1000000        1.47707759        0.01210937
     0.2000000        1.18688910        0.01440272
     0.3000000        0.97434678        0.00935598
     0.4000000        0.82309630        0.01876316
     0.5000000        0.68550892        0.01397538
     0.6000000        0.57699503        0.02049629
     0.7000000        0.48696423        0.02044685
     0.8000000        0.37440812        0.01373817
     0.9000000        0.33563540        0.01702560
     1.0000000        0.27432546        0.01431408
     1.1000000        0.22514202        0.03123354
     1.2000000        0.18709839        0.02283681
     1.3000000        0.15816529        0.02742616
     1.4000000        0.14583890        0.02740984
     1.5000000        0.11019610        0.02078852
     1.6000000        0.08531661        0.02503378
     1.7000000        0.06395079        0.02883520
     1.8000000        0.05531253        0.02377676
     1.9000000        0.02698905        0.02036390
     2.0000000        0.03110558        0.02861338
     2.1000000        0.03241995        0.01865559
     2.2000000        0.03429850        0.02372109
     2.3000000        0.04623417        0.01855890
     2.4000000        0.02282009        0.01942159
     2.5000000       -0.00549960        0.03269386
     2.6000000        0.00253398        0.02704701
     2.7000000       -0.00109109        0.03329397
     2.8000000       -0.01361342        0.02300019
     2.9000000       -0.02300016        0.01861339
     3.0000000       -0.02612832        0.01898558
     3.1000000       -0.04418415        0.02318194
     3.2000000       -0.01966725        0.01875478
     3.3000000       -0.00824554        0.01855490
     3.4000000        0.00833123        0.00832240
     3.5000000        0.00660803        0.01342698
     3.6000000        0.00731782        0.01600807
     3.7000000        0.01081239        0.00882083
     3.8000000        0.03428602        0.01812312
     3.9000000        0.00541805        0.02918432
     4.0000000       -0.00856057        0.00907192
     4.1000000       -0.00823289        0.01610313
     4.2000000       -0.03551409        0.02152575
     4.3000000       -0.02501238        0.02021048
     4.4000000       -0.01831299        0.01880330
     4.5000000       -0.00122004        0.01254918
     4.6000000       -0.00124245        0.02321374
     4.7000000       -0.00934365        0.02733810
     4.8000000       -0.01034122        0.02063661
     4.9000000       -0.01297647        0.01514404
     5.0000000       -0.01010329        0.02342261
     5.1000000       -0.01560452        0.02300530
     5.2000000       -0.02066518        0.02869359
     5.3000000       -0.01483151        0.03253653
     5.4000000       -0.00773340        0.01779898
     5.5000000       -0.00291143        0.02209429
     5.6000000       -0.00014921        0.01549874
     5.7000000        0.01207340        0.02343665
     5.8000000        0.00507036        0.02000617
     5.9000000        0.01451004        0.01411391
     6.0000000        0.02312733        0.02275822
     6.1000000        0.02773724        0.02611478
     6.2000000        0.01799153        0.01170367
     6.3000000        0.01873457        0.01358410
     6.4000000       -0.00668740        0.01683690
     6.5000000       -0.00106601        0.01183048
     6.6000000        0.00529559        0.01824274
     6.7000000        0.01009122        0.01132910
     6.8000000        0.03116851        0.01750505
     6.9000000        0.03252417        0.01636740
     7.0000000        0.02792418        0.02591420
     7.1000000        0.00564935        0.02238741
     7.2000000        0.02704364        0.02644611
     7.3000000        0.02846291        0.02515456
     7.4000000        0.00289272        0.01338816
     7.5000000        0.01882862        0.01313139
     7.6000000        0.00327974        0.00965888
     7.7000000        0.01420427        0.01954025
     7.8000000       -0.00185525        0.00923090
     7.9000000        0.03365045        0.01815627
     8.0000000        0.02504656        0.01831804
     8.1000000        0.01547211        0.02056449
     8.2000000       -0.01103470        0.01031669
     8.3000000        0.00338590        0.02393836
     8.4000000        0.01065721        0.01671550
     8.5000000        0.00506584        0.00713560
     8.6000000       -0.02014141        0.01070062
     8.7000000       -0.01895509        0.01357165
     8.8000000        0.00319374        0.01043229
     8.9000000        0.03294149        0.01864185
     9.0000000        0.03350370        0.01636752
     9.1000000        0.01025957        0.01984693
     9.2000000        0.02493354        0.03138300
     9.3000000        0.03089315        0.02183523
     9.4000000        0.04632787        0.03626190
     9.5000000        0.03294910        0.01694574
     9.6000000        0.02666558        0.02706301
     9.7000000        0.05153629        0.02285788
     9.8000000        0.08012722        0.01109417
     9.9000000        0.11454687        0.01496741
    10.0000000        0.14943308        0.01967377
