          51           3   10.000000000000000                1
     0.0000000        0.62708719        0.15493135
     0.1000000        0.51229046        0.14941427
     0.2000000        0.42474781        0.13942955
     0.3000000        0.35340992        0.13394754
     0.4000000        0.29494838        0.13463738
     0.5000000        0.25194151        0.13892621
     0.6000000        0.22038032        0.13848281
     0.7000000        0.19305814        0.13291096
     0.8000000        0.16979539        0.12637399
     0.9000000        0.15161475        0.11625629
     1.0000000        0.13624621        0.10562108
     1.1000000        0.12259041        0.09692697
     1.2000000        0.11292818        0.09019779
     1.3000000        0.10530510        0.08414802
     1.4000000        0.09929879        0.07797546
     1.5000000        0.09518448        0.07362025
     1.6000000        0.08699692        0.07362894
     1.7000000        0.07745797        0.07193555
     1.8000000        0.07029073        0.06987845
     1.9000000        0.06081870        0.06715200
     2.0000000        0.05140708        0.06182536
     2.1000000        0.04735914        0.05975467
     2.2000000        0.04684382        0.06298836
     2.3000000        0.04762945        0.06815457
     2.4000000        0.04442720        0.06832491
     2.5000000        0.04160825        0.06300349
     2.6000000        0.04344004        0.05781350
     2.7000000        0.04419865        0.05514367
     2.8000000        0.04398316        0.05449975
     2.9000000        0.04184562        0.05112060
     3.0000000        0.03730358        0.04208248
     3.1000000        0.02985596        0.03491682
     3.2000000        0.02210043        0.03089153
     3.3000000        0.01846116        0.02570416
     3.4000000        0.01917800        0.02378433
     3.5000000        0.02139875        0.02339425
     3.6000000        0.02376347        0.02074112
     3.7000000        0.02504132        0.01628875
     3.8000000        0.02631132        0.01391292
     3.9000000        0.02519926        0.01336651
     4.0000000        0.02405326        0.01458390
     4.1000000        0.02549904        0.01379878
     4.2000000        0.03130255        0.01331699
     4.3000000        0.03967035        0.01622424
     4.4000000        0.04325147        0.01506242
     4.5000000        0.04435978        0.01277456
     4.6000000        0.04704595        0.01249316
     4.7000000        0.05099541        0.01306220
     4.8000000        0.05520447        0.01544051
     4.9000000        0.05993166        0.01724597
     5.0000000        0.06245893        0.01731521
