          41           4   8.0000000000000000                1
     0.0000000        0.28525183        0.07463429
     0.1000000        0.21427732        0.19635424
     0.2000000        0.03684333        0.31852739
     0.3000000        0.15816517        0.05681693
     0.4000000       -0.52074001        0.69671569
     0.5000000       -0.18718515        0.25895675
     0.6000000       -0.94210722        0.81730249
     0.7000000        0.39207420        0.23010205
     0.8000000        0.29084594        0.12386893
     0.9000000        0.39583135        0.34659730
     1.0000000        0.06094108        0.11461992
     1.1000000        0.06852689        0.07828668
     1.2000000        0.07075317        0.01132487
     1.3000000       -0.02915131        0.19958930
     1.4000000       -0.05470223        0.11309482
     1.5000000        0.10884327        0.07719647
     1.6000000        0.19180957        0.25446393
     1.7000000        0.12889086        0.20310137
     1.8000000       -0.28759588        0.48196232
     1.9000000       -0.00341342        0.16566446
     2.0000000        0.17277622        0.10581520
     2.1000000        0.16733670        0.13651867
     2.2000000        0.34387876        0.32350904
     2.3000000        0.31409489        0.23355593
     2.4000000        0.22554286        0.18163203
     2.5000000        0.65609124        0.67486320
     2.6000000        0.99822062        1.12017215
     2.7000000       -0.01655637        0.13049309
     2.8000000        0.19555211        0.27825627
     2.9000000        0.07526330        0.07613524
     3.0000000       -0.03512267        0.14743882
     3.1000000        0.05970893        0.03922991
     3.2000000        0.05594970        0.03467696
     3.3000000        0.05295639        0.03786264
     3.4000000        0.08229397        0.04900705
     3.5000000        0.10311404        0.06539641
     3.6000000        0.05202426        0.03674879
     3.7000000        0.05094743        0.03994974
     3.8000000        0.04950278        0.03662185
     3.9000000        0.04626785        0.04316811
     4.0000000        0.05555402        0.04068342
