          41           4   8.0000000000000000                1
     0.0000000        0.38061468        0.05547430
     0.1000000        0.29957754        0.03518753
     0.2000000        0.20327712        0.02261166
     0.3000000        0.15526312        0.00579035
     0.4000000        0.12105478        0.01788696
     0.5000000        0.08698848        0.01625217
     0.6000000        0.06506808        0.01537393
     0.7000000        0.04858781        0.01554835
     0.8000000        0.02494643        0.03529774
     0.9000000        0.03737781        0.00655449
     1.0000000        0.04682303        0.01706492
     1.1000000        0.04042700        0.01455477
     1.2000000        0.05130550        0.00286184
     1.3000000        0.03355283        0.00675524
     1.4000000        0.02016425        0.01081229
     1.5000000        0.01546174        0.00950168
     1.6000000        0.01530644        0.01967431
     1.7000000        0.03199002        0.00657490
     1.8000000        0.01285991        0.00975845
     1.9000000        0.02288958        0.01624650
     2.0000000        0.00450715        0.01513128
     2.1000000       -0.00431330        0.02174090
     2.2000000       -0.00215879        0.02404067
     2.3000000       -0.00524645        0.02628132
     2.4000000       -0.01006837        0.02296995
     2.5000000        0.00425689        0.02699183
     2.6000000       -0.00174960        0.01676227
     2.7000000       -0.01457466        0.02144107
     2.8000000       -0.00289068        0.01590509
     2.9000000        0.00308722        0.02135720
     3.0000000        0.00587575        0.02537144
     3.1000000        0.00239916        0.02273648
     3.2000000       -0.00399216        0.02037782
     3.3000000       -0.01537954        0.02934882
     3.4000000       -0.00046238        0.02290009
     3.5000000       -0.01153326        0.02309061
     3.6000000       -0.01735059        0.02253716
     3.7000000       -0.00634816        0.02538172
     3.8000000       -0.01991658        0.02139016
     3.9000000        0.02015004        0.02118865
     4.0000000        0.03817612        0.01177738
