          51           9   10.000000000000000                1
     0.0000000        0.32152492        0.00239730
     0.1000000        0.18132696        0.00157043
     0.2000000        0.10451803        0.00111231
     0.3000000        0.06159394        0.00083755
     0.4000000        0.03724547        0.00065076
     0.5000000        0.02320287        0.00057187
     0.6000000        0.01480552        0.00052558
     0.7000000        0.00963726        0.00047004
     0.8000000        0.00649220        0.00042087
     0.9000000        0.00452691        0.00033000
     1.0000000        0.00336736        0.00019965
     1.1000000        0.00256625        0.00013913
     1.2000000        0.00183026        0.00014377
     1.3000000        0.00129419        0.00019936
     1.4000000        0.00091962        0.00027686
     1.5000000        0.00060634        0.00027925
     1.6000000        0.00041506        0.00024453
     1.7000000        0.00031459        0.00024531
     1.8000000        0.00016933        0.00029004
     1.9000000        0.00004361        0.00032509
     2.0000000       -0.00004188        0.00030234
     2.1000000       -0.00009179        0.00024456
     2.2000000       -0.00015876        0.00021412
     2.3000000       -0.00013359        0.00019805
     2.4000000       -0.00003708        0.00014721
     2.5000000        0.00000307        0.00012987
     2.6000000        0.00000068        0.00015616
     2.7000000       -0.00004302        0.00013577
     2.8000000       -0.00009340        0.00011314
     2.9000000       -0.00017907        0.00014307
     3.0000000       -0.00025462        0.00021453
     3.1000000       -0.00024916        0.00022794
     3.2000000       -0.00023080        0.00022143
     3.3000000       -0.00030045        0.00023651
     3.4000000       -0.00039144        0.00029062
     3.5000000       -0.00034928        0.00026181
     3.6000000       -0.00028135        0.00025138
     3.7000000       -0.00020643        0.00026120
     3.8000000       -0.00017419        0.00025638
     3.9000000       -0.00011370        0.00022860
     4.0000000       -0.00004851        0.00020388
     4.1000000        0.00004246        0.00019619
     4.2000000        0.00009128        0.00019759
     4.3000000       -0.00004981        0.00017136
     4.4000000       -0.00023769        0.00020662
     4.5000000       -0.00032489        0.00021284
     4.6000000       -0.00029631        0.00015571
     4.7000000       -0.00027488        0.00012404
     4.8000000       -0.00022544        0.00017159
     4.9000000       -0.00027421        0.00024164
     5.0000000       -0.00037110        0.00025062
