         201           3   20.000000000000000                1
     0.0000000        0.50000000        0.00000000
     0.1000000        0.31140454        0.01076635
     0.2000000        0.22179572        0.02291286
     0.3000000        0.14717966        0.01602522
     0.4000000        0.09647613        0.01510156
     0.5000000        0.07611275        0.00811391
     0.6000000        0.05057378        0.00747660
     0.7000000        0.02779823        0.02624584
     0.8000000        0.02126382        0.03248493
     0.9000000        0.01590761        0.02289041
     1.0000000        0.02440004        0.01089637
     1.1000000        0.02189857        0.01011830
     1.2000000        0.00937946        0.00309883
     1.3000000        0.01089615        0.00347120
     1.4000000        0.00316682        0.00803487
     1.5000000        0.00312475        0.00605197
     1.6000000       -0.00122433        0.00547419
     1.7000000       -0.00200900        0.00947242
     1.8000000       -0.00476649        0.00800980
     1.9000000       -0.00673459        0.00539335
     2.0000000       -0.00491640        0.00330655
     2.1000000       -0.00455415        0.00323083
     2.2000000        0.00371164        0.00460450
     2.3000000        0.01162201        0.01171424
     2.4000000        0.01922439        0.02111310
     2.5000000        0.01564795        0.01470805
     2.6000000        0.02405662        0.02866452
     2.7000000        0.01196951        0.01247351
     2.8000000        0.02259573        0.02493620
     2.9000000        0.01434879        0.01598368
     3.0000000        0.00571436        0.00656913
     3.1000000        0.00046072        0.00368711
     3.2000000        0.00219439        0.00323820
     3.3000000        0.00442038        0.00330000
     3.4000000        0.00491162        0.00350325
     3.5000000        0.00379832        0.00405326
     3.6000000        0.00439782        0.00618004
     3.7000000        0.00367908        0.00336777
     3.8000000        0.00204425        0.00038904
     3.9000000        0.00270510        0.00286431
     4.0000000        0.00223653        0.00335249
     4.1000000        0.00479304        0.00669759
     4.2000000        0.00031242        0.00117208
     4.3000000        0.00000808        0.00075545
     4.4000000        0.00069152        0.00084193
     4.5000000        0.00120634        0.00164101
     4.6000000        0.00072189        0.00100154
     4.7000000        0.00053433        0.00093140
     4.8000000        0.00079737        0.00068142
     4.9000000       -0.00010209        0.00059526
     5.0000000       -0.00007357        0.00026804
     5.1000000       -0.00053379        0.00033606
     5.2000000       -0.00029343        0.00036827
     5.3000000        0.00038239        0.00031741
     5.4000000        0.00027771        0.00015960
     5.5000000        0.00005277        0.00019157
     5.6000000        0.00016978        0.00020602
     5.7000000        0.00015202        0.00035533
     5.8000000       -0.00000701        0.00031374
     5.9000000       -0.00005219        0.00019664
     6.0000000       -0.00006253        0.00026822
     6.1000000       -0.00002959        0.00008348
     6.2000000       -0.00005559        0.00007253
     6.3000000       -0.00007210        0.00008858
     6.4000000       -0.00007827        0.00007336
     6.5000000        0.00008134        0.00005415
     6.6000000        0.00015009        0.00002187
     6.7000000        0.00008759        0.00003936
     6.8000000       -0.00001752        0.00003403
     6.9000000       -0.00001721        0.00005413
     7.0000000       -0.00007836        0.00004111
     7.1000000       -0.00006236        0.00018685
     7.2000000       -0.00001116        0.00002896
     7.3000000       -0.00004869        0.00008067
     7.4000000       -0.00006636        0.00007279
     7.5000000       -0.00016829        0.00017176
     7.6000000        0.00000028        0.00002188
     7.7000000        0.00004748        0.00003173
     7.8000000        0.00000123        0.00001981
     7.9000000       -0.00004018        0.00005226
     8.0000000        0.00006374        0.00007482
     8.1000000        0.00003814        0.00003950
     8.2000000        0.00001336        0.00009183
     8.3000000       -0.00003592        0.00018252
     8.4000000        0.00003955        0.00003267
     8.5000000        0.00009936        0.00000875
     8.6000000        0.00004679        0.00001378
     8.7000000        0.00002830        0.00001267
     8.8000000       -0.00001197        0.00002750
     8.9000000       -0.00001855        0.00005193
     9.0000000       -0.00001551        0.00002935
     9.1000000        0.00001447        0.00001445
     9.2000000        0.00000286        0.00000381
     9.3000000       -0.00002634        0.00001372
     9.4000000       -0.00002449        0.00001510
     9.5000000       -0.00002778        0.00001977
     9.6000000       -0.00002599        0.00002075
     9.7000000       -0.00004589        0.00005227
     9.8000000       -0.00003192        0.00004154
     9.9000000       -0.00002908        0.00005087
    10.0000000       -0.00003197        0.00004992
    10.1000000        0.00000373        0.00004468
    10.2000000        0.00000462        0.00006002
    10.3000000       -0.00001337        0.00002733
    10.4000000       -0.00007645        0.00011237
    10.5000000       -0.00007325        0.00010189
    10.6000000       -0.00007119        0.00007591
    10.7000000       -0.00007798        0.00008030
    10.8000000       -0.00005839        0.00008113
    10.9000000       -0.00008845        0.00010691
    11.0000000       -0.00003555        0.00005460
    11.1000000       -0.00000576        0.00002133
    11.2000000       -0.00009307        0.00013804
    11.3000000       -0.00009325        0.00012444
    11.4000000       -0.00004768        0.00009660
    11.5000000       -0.00004189        0.00006722
    11.6000000       -0.00002755        0.00006736
    11.7000000       -0.00005281        0.00007078
    11.8000000        0.00004580        0.00001446
    11.9000000        0.00004766        0.00002083
    12.0000000        0.00027065        0.00023537
    12.1000000        0.00003464        0.00002504
    12.2000000       -0.00008160        0.00010590
    12.3000000       -0.00000107        0.00002048
    12.4000000       -0.00007140        0.00006524
    12.5000000       -0.00001559        0.00004099
    12.6000000       -0.00064520        0.00080189
    12.7000000       -0.00022552        0.00035131
    12.8000000        0.00008833        0.00008346
    12.9000000        0.00008377        0.00014047
    13.0000000       -0.00013047        0.00024989
    13.1000000       -0.00049175        0.00074273
    13.2000000       -0.00007438        0.00023879
    13.3000000        0.00032077        0.00012160
    13.4000000        0.00029272        0.00009422
    13.5000000        0.00015493        0.00024238
    13.6000000       -0.00004602        0.00011103
    13.7000000       -0.00001302        0.00022667
    13.8000000       -0.00008622        0.00030039
    13.9000000       -0.00027569        0.00047231
    14.0000000        0.00037533        0.00079380
    14.1000000        0.00023126        0.00069321
    14.2000000        0.00100174        0.00114593
    14.3000000        0.00007033        0.00116349
    14.4000000       -0.00021405        0.00203292
    14.5000000       -0.00028792        0.00134238
    14.6000000        0.00001760        0.00046776
    14.7000000       -0.00060104        0.00081946
    14.8000000        0.00100491        0.00095746
    14.9000000        0.00108414        0.00064587
    15.0000000        0.00128511        0.00100241
    15.1000000        0.00126682        0.00163828
    15.2000000        0.00199882        0.00158536
    15.3000000        0.00142372        0.00190487
    15.4000000        0.00101750        0.00089511
    15.5000000        0.00133768        0.00141270
    15.6000000        0.00129170        0.00232291
    15.7000000        0.00176532        0.00172205
    15.8000000        0.00012245        0.00076131
    15.9000000       -0.00003971        0.00080539
    16.0000000       -0.00174163        0.00188579
    16.1000000        0.00043280        0.00170546
    16.2000000       -0.00000238        0.00015940
    16.3000000        0.00046416        0.00004713
    16.4000000        0.00143795        0.00113233
    16.5000000        0.00180351        0.00053622
    16.6000000        0.00320344        0.00108155
    16.7000000        0.00300376        0.00147193
    16.8000000        0.00348866        0.00162992
    16.9000000        0.00424018        0.00319319
    17.0000000        0.00235725        0.00185901
    17.1000000        0.00038257        0.00320083
    17.2000000        0.00156568        0.00178811
    17.3000000       -0.00131035        0.00145679
    17.4000000       -0.00345811        0.00320086
    17.5000000       -0.00162455        0.00127115
    17.6000000       -0.00104138        0.00159187
    17.7000000       -0.00013754        0.00146129
    17.8000000       -0.00015428        0.00135939
    17.9000000       -0.00055756        0.00211817
    18.0000000        0.00026322        0.00296353
    18.1000000       -0.00025382        0.00368784
    18.2000000       -0.00105064        0.00172977
    18.3000000        0.00164141        0.00214892
    18.4000000       -0.00022753        0.00569974
    18.5000000       -0.00484351        0.01029090
    18.6000000       -0.00139276        0.00855892
    18.7000000        0.01070588        0.00062467
    18.8000000        0.02058928        0.00398780
    18.9000000        0.02465221        0.01065077
    19.0000000        0.02653408        0.01310636
    19.1000000        0.01741029        0.01425774
    19.2000000        0.02507092        0.00773104
    19.3000000        0.03955029        0.00786860
    19.4000000        0.04681544        0.00929190
    19.5000000        0.07471270        0.01056422
    19.6000000        0.10977088        0.00551092
    19.7000000        0.14908017        0.01339192
    19.8000000        0.21337865        0.01107669
    19.9000000        0.32494367        0.02437046
    20.0000000        0.50000000        0.00000000
