          41           4   10.000000000000000                1
     0.0000000        0.43292558        0.00764904
     0.1250000        0.19648730        0.00560888
     0.2500000        0.09341459        0.00392773
     0.3750000        0.04755612        0.00303744
     0.5000000        0.02652662        0.00281985
     0.6250000        0.01500386        0.00221455
     0.7500000        0.00915395        0.00148865
     0.8750000        0.00664819        0.00137580
     1.0000000        0.00498843        0.00187106
     1.1250000        0.00364357        0.00228338
     1.2500000        0.00267326        0.00236115
     1.3750000        0.00197874        0.00241439
     1.5000000        0.00131891        0.00216912
     1.6250000        0.00099945        0.00194234
     1.7500000        0.00086889        0.00153618
     1.8750000        0.00003700        0.00061136
     2.0000000       -0.00045427        0.00103075
     2.1250000       -0.00058088        0.00135747
     2.2500000       -0.00057747        0.00099216
     2.3750000       -0.00060930        0.00068280
     2.5000000       -0.00068300        0.00058149
     2.6250000       -0.00054170        0.00044669
     2.7500000       -0.00025543        0.00030495
     2.8750000        0.00008013        0.00029539
     3.0000000        0.00055157        0.00051720
     3.1250000        0.00077686        0.00043224
     3.2500000        0.00039592        0.00052925
     3.3750000       -0.00037463        0.00046426
     3.5000000       -0.00076291        0.00058961
     3.6250000       -0.00114589        0.00094810
     3.7500000       -0.00148691        0.00137024
     3.8750000       -0.00126542        0.00126359
     4.0000000       -0.00025602        0.00066049
     4.1250000        0.00019819        0.00026048
     4.2500000       -0.00019200        0.00121644
     4.3750000       -0.00020395        0.00166520
     4.5000000        0.00011820        0.00094241
     4.6250000        0.00042925        0.00048442
     4.7500000        0.00051138        0.00045930
     4.8750000        0.00082594        0.00085193
     5.0000000        0.00115638        0.00119549
