          11           9   2.0000000000000000                1
     0.0000000        1.12033300        0.00715393
     0.1000000        0.76507340        0.00677486
     0.2000000        0.55505924        0.00512113
     0.3000000        0.41817030        0.00291945
     0.4000000        0.33055360        0.00348101
     0.5000000        0.26607199        0.00266701
     0.6000000        0.22788198        0.00261896
     0.7000000        0.20206061        0.00204702
     0.8000000        0.18315401        0.00189603
     0.9000000        0.17029276        0.00382298
     1.0000000        0.16612657        0.00433999
