          51           4   10.000000000000000                1
     0.0000000        0.16707184        0.00598106
     0.1000000        0.11302796        0.00435909
     0.2000000        0.07723721        0.00338247
     0.3000000        0.05273893        0.00297530
     0.4000000        0.03602996        0.00257796
     0.5000000        0.02463357        0.00204509
     0.6000000        0.01677488        0.00169181
     0.7000000        0.01134527        0.00124609
     0.8000000        0.00772770        0.00083083
     0.9000000        0.00540789        0.00061113
     1.0000000        0.00380756        0.00046176
     1.1000000        0.00260891        0.00040198
     1.2000000        0.00176395        0.00036821
     1.3000000        0.00125582        0.00034541
     1.4000000        0.00105798        0.00029209
     1.5000000        0.00088225        0.00021868
     1.6000000        0.00067144        0.00018798
     1.7000000        0.00058444        0.00018548
     1.8000000        0.00046784        0.00015897
     1.9000000        0.00034117        0.00012779
     2.0000000        0.00026290        0.00008259
     2.1000000        0.00021457        0.00005114
     2.2000000        0.00016178        0.00004923
     2.3000000        0.00009744        0.00005739
     2.4000000        0.00006939        0.00006827
     2.5000000        0.00006248        0.00007375
     2.6000000        0.00003651        0.00008133
     2.7000000       -0.00000613        0.00007591
     2.8000000       -0.00003616        0.00006653
     2.9000000       -0.00006957        0.00005014
     3.0000000       -0.00010328        0.00004306
     3.1000000       -0.00008220        0.00003033
     3.2000000       -0.00004240        0.00002356
     3.3000000       -0.00001078        0.00002998
     3.4000000        0.00001330        0.00005247
     3.5000000        0.00000546        0.00005664
     3.6000000       -0.00001612        0.00004391
     3.7000000       -0.00002239        0.00003146
     3.8000000       -0.00001851        0.00002687
     3.9000000       -0.00000613        0.00003399
     4.0000000        0.00000661        0.00003541
     4.1000000        0.00000558        0.00002916
     4.2000000       -0.00000436        0.00002436
     4.3000000       -0.00001599        0.00002629
     4.4000000       -0.00002217        0.00002335
     4.5000000       -0.00002229        0.00001775
     4.6000000       -0.00001801        0.00001521
     4.7000000       -0.00001173        0.00001586
     4.8000000       -0.00000247        0.00002292
     4.9000000        0.00000931        0.00003238
     5.0000000        0.00001520        0.00003622
