          51           9   10.000000000000000                1
     0.0000000        0.30924441        0.01026297
     0.1000000        0.17661044        0.00479049
     0.2000000        0.10170205        0.00485672
     0.3000000        0.06211824        0.00391411
     0.4000000        0.03816156        0.00174503
     0.5000000        0.01937974        0.00226593
     0.6000000        0.00858051        0.00338650
     0.7000000        0.00366893        0.00217348
     0.8000000        0.00188933        0.00169435
     0.9000000        0.00077774        0.00311699
     1.0000000       -0.00012765        0.00515459
     1.1000000        0.00259524        0.00247131
     1.2000000       -0.00074530        0.00261971
     1.3000000        0.00076061        0.00178613
     1.4000000       -0.00011421        0.00229789
     1.5000000        0.00265517        0.00237032
     1.6000000       -0.00239509        0.00206091
     1.7000000        0.00109436        0.00199484
     1.8000000        0.00125599        0.00230754
     1.9000000        0.00068589        0.00275347
     2.0000000       -0.00020394        0.00163655
     2.1000000       -0.00151836        0.00283535
     2.2000000       -0.00190152        0.00172202
     2.3000000        0.00083126        0.00436299
     2.4000000        0.00149681        0.00260430
     2.5000000        0.00094650        0.00342360
     2.6000000        0.00154848        0.00265266
     2.7000000       -0.00430358        0.00316463
     2.8000000        0.00039056        0.00199963
     2.9000000       -0.00373196        0.00365910
     3.0000000        0.00269483        0.00273012
     3.1000000        0.00190790        0.00270327
     3.2000000        0.00236776        0.00258466
     3.3000000        0.00562702        0.00217817
     3.4000000        0.00553043        0.00261507
     3.5000000        0.00048741        0.00252425
     3.6000000        0.00033003        0.00184795
     3.7000000       -0.00059485        0.00210412
     3.8000000       -0.00191675        0.00252761
     3.9000000       -0.00199996        0.00349645
     4.0000000        0.00212097        0.00158402
     4.1000000       -0.00039549        0.00134590
     4.2000000       -0.00330594        0.00375019
     4.3000000        0.00163212        0.00203201
     4.4000000        0.00182482        0.00262539
     4.5000000        0.00045548        0.00150550
     4.6000000        0.00066967        0.00188984
     4.7000000        0.00292276        0.00097945
     4.8000000        0.00008578        0.00199031
     4.9000000       -0.00259001        0.00314448
     5.0000000       -0.00107587        0.00417353
