   -1.570796     -1.570796        1.14150748        0.76321099        0.78829076        0.68452843
   -1.570796      0.000000       -0.35919124        0.80908059       -0.34490090        0.21282982
   -1.570796      1.570796       -0.06358295        0.48691185       -0.10992345        0.57495094
   -1.570796      3.141593        0.88596924        0.49827103        0.11429088        0.67846091
    0.000000     -1.570796        1.09187849        1.09644722        0.61955217        0.63081766
    0.000000      0.000000        1.01444972        0.35807202        0.00000000        0.00000000
    0.000000      1.570796        1.09187849        1.09644722       -0.61955217        0.63081766
    0.000000      3.141593        1.00076311        0.42684302       -0.00000000        0.00000000
    1.570796     -1.570796       -0.06358295        0.48691185        0.10992345        0.57495094
    1.570796      0.000000       -0.35919124        0.80908059        0.34490090        0.21282982
    1.570796      1.570796        1.14150748        0.76321099       -0.78829076        0.68452843
    1.570796      3.141593        0.88596924        0.49827103       -0.11429088        0.67846091
    3.141593     -1.570796        0.69429155        0.29759628        0.03076024        0.31796366
    3.141593      0.000000        0.82440260        0.44663424        0.00000000        0.00000000
    3.141593      1.570796        0.69429155        0.29759628       -0.03076024        0.31796366
    3.141593      3.141593       13.42072632        2.80548934        0.00000000        0.00000000
