          41           4   10.000000000000000                1
     0.0000000        2.09433013        0.32106671
     0.1250000        0.93363942        0.04017301
     0.2500000        0.45628384        0.01352195
     0.3750000        0.22336220        0.03367274
     0.5000000        0.11570419        0.02117531
     0.6250000        0.03980023        0.01374855
     0.7500000        0.02232450        0.00651844
     0.8750000       -0.00215675        0.01780138
     1.0000000       -0.00735603        0.00771499
     1.1250000        0.03365302        0.03064414
     1.2500000       -0.00349401        0.00489603
     1.3750000       -0.00095356        0.00230610
     1.5000000        0.00073514        0.00529466
     1.6250000        0.00383155        0.00445731
     1.7500000        0.00331421        0.00363107
     1.8750000       -0.00203138        0.00323690
     2.0000000        0.00534168        0.00719165
     2.1250000        0.00625302        0.00674100
     2.2500000       -0.03316231        0.03715878
     2.3750000       -0.00122398        0.00178753
     2.5000000        0.01011618        0.01340082
     2.6250000        0.00523364        0.00512265
     2.7500000       -0.01142071        0.01370325
     2.8750000       -0.00220126        0.00292638
     3.0000000       -0.00752525        0.00870721
     3.1250000        0.01297763        0.01570145
     3.2500000        0.01209026        0.01475685
     3.3750000       -0.00780782        0.00967484
     3.5000000       -0.06318205        0.07298111
     3.6250000       -0.00095063        0.00206173
     3.7500000       -0.00078201        0.00087132
     3.8750000       -0.01351849        0.01568580
     4.0000000       -0.02103728        0.02448854
     4.1250000        0.00232984        0.00259122
     4.2500000        0.00748495        0.00936683
     4.3750000        0.00862376        0.00999557
     4.5000000        0.03547211        0.04098362
     4.6250000        0.01001648        0.01157575
     4.7500000        0.01713625        0.01982416
     4.8750000       -0.00213091        0.00256599
     5.0000000       -0.01669422        0.01948531
