          31           4   6.0000000000000000                1
     0.0000000        0.61607512        0.01378084
     0.1000000        0.44811856        0.00947042
     0.2000000        0.33694210        0.00645730
     0.3000000        0.26162206        0.01302626
     0.4000000        0.20888727        0.00719239
     0.5000000        0.16474745        0.00721519
     0.6000000        0.14044604        0.00439170
     0.7000000        0.11549762        0.01333589
     0.8000000        0.10447838        0.01039748
     0.9000000        0.08611792        0.00644934
     1.0000000        0.07387367        0.00362019
     1.1000000        0.06538598        0.00163642
     1.2000000        0.05809145        0.00709508
     1.3000000        0.04977874        0.01110010
     1.4000000        0.04774521        0.01067722
     1.5000000        0.04400765        0.00243950
     1.6000000        0.03624299        0.00262950
     1.7000000        0.02577235        0.00418970
     1.8000000        0.02709639        0.00730296
     1.9000000        0.02740091        0.00896350
     2.0000000        0.02474989        0.01308471
     2.1000000        0.02362763        0.01085584
     2.2000000        0.01642599        0.00688372
     2.3000000        0.01356027        0.00938867
     2.4000000        0.01587738        0.00932465
     2.5000000        0.02181879        0.00964065
     2.6000000        0.02665194        0.00610648
     2.7000000        0.03400416        0.00853972
     2.8000000        0.02025184        0.00705332
     2.9000000        0.00709733        0.01327681
     3.0000000        0.01299690        0.01547279
