          31           9   6.0000000000000000                1
     0.0000000        0.00933781        0.01187681
     0.1000000        0.00534100        0.00843932
     0.2000000        0.01276145        0.00784936
     0.3000000        0.01529224        0.00494255
     0.4000000        0.00885511        0.00450150
     0.5000000        0.01412892        0.00540361
     0.6000000        0.01563525        0.00489635
     0.7000000        0.00721256        0.00401230
     0.8000000        0.00954407        0.00685857
     0.9000000        0.00326051        0.00598749
     1.0000000        0.00615590        0.00588569
     1.1000000        0.00237883        0.00508082
     1.2000000        0.00641042        0.00631853
     1.3000000       -0.00035061        0.00724997
     1.4000000        0.00348841        0.00566662
     1.5000000        0.00360106        0.00361505
     1.6000000        0.00267304        0.00764005
     1.7000000        0.00127272        0.00592856
     1.8000000        0.00814201        0.00685587
     1.9000000        0.00976521        0.00741494
     2.0000000        0.00565652        0.00481718
     2.1000000        0.00405458        0.00603554
     2.2000000        0.00267471        0.00628035
     2.3000000        0.00612999        0.00511465
     2.4000000        0.00372639        0.00427191
     2.5000000        0.00559552        0.00481881
     2.6000000       -0.00331324        0.00644112
     2.7000000        0.00014819        0.00656945
     2.8000000        0.00553484        0.00897119
     2.9000000        0.01108473        0.00885007
     3.0000000        0.00485913        0.00670333
