 0.10000000000000000E+001          1         36
( 0.00000000000000000E+000, 0.00000000000000000E+000)
-0.20943951023931953E+001 -0.20943951023931953E+001
( 0.34229150784528745E+000,-0.23327610801879526E-016)
-0.20943951023931953E+001 -0.10471975511965976E+001
( 0.26225682981259318E+000,-0.41772112621196546E-018)
-0.20943951023931953E+001  0.00000000000000000E+000
( 0.22375280916205220E+000,-0.90210714585922779E-017)
-0.20943951023931953E+001  0.10471975511965976E+001
( 0.26099220067984114E+000,-0.14225837490511950E-016)
-0.20943951023931953E+001  0.20943951023931953E+001
( 0.34485081186971855E+000,-0.29008431459389939E-016)
-0.20943951023931953E+001  0.31415926535897931E+001
( 0.39513611255567016E+000,-0.29420527496819044E-016)
-0.10471975511965976E+001 -0.20943951023931953E+001
( 0.26601795414182450E+000,-0.21860830759814163E-016)
-0.10471975511965976E+001 -0.10471975511965976E+001
( 0.16090355628485523E+000,-0.73029033293869573E-017)
-0.10471975511965976E+001  0.00000000000000000E+000
( 0.10872655078556656E+000,-0.14282301927119269E-016)
-0.10471975511965976E+001  0.10471975511965976E+001
( 0.16073078036970007E+000,-0.34212601887320360E-017)
-0.10471975511965976E+001  0.20943951023931953E+001
( 0.26941665849575375E+000,-0.14638033679213257E-016)
-0.10471975511965976E+001  0.31415926535897931E+001
( 0.30604868286314496E+000,-0.19542545030741300E-016)
 0.00000000000000000E+000 -0.20943951023931953E+001
( 0.22419947655041367E+000,-0.72065298029438002E-017)
 0.00000000000000000E+000 -0.10471975511965976E+001
( 0.10861449667848022E+000,-0.22755202115606120E-017)
 0.00000000000000000E+000  0.00000000000000000E+000
( 0.32915798610634166E-003, 0.00000000000000000E+000)
 0.00000000000000000E+000  0.10471975511965976E+001
( 0.10861449667848022E+000, 0.22755202115606120E-017)
 0.00000000000000000E+000  0.20943951023931953E+001
( 0.22419947655041367E+000, 0.72065298029438002E-017)
 0.00000000000000000E+000  0.31415926535897931E+001
( 0.27667777034988755E+000, 0.27663946160383933E-017)
 0.10471975511965976E+001 -0.20943951023931953E+001
( 0.26941665849575375E+000, 0.14638033679213257E-016)
 0.10471975511965976E+001 -0.10471975511965976E+001
( 0.16073078036970007E+000, 0.34212601887320360E-017)
 0.10471975511965976E+001  0.00000000000000000E+000
( 0.10872655078556656E+000, 0.14282301927119269E-016)
 0.10471975511965976E+001  0.10471975511965976E+001
( 0.16090355628485523E+000, 0.73029033293869573E-017)
 0.10471975511965976E+001  0.20943951023931953E+001
( 0.26601795414182450E+000, 0.21860830759814163E-016)
 0.10471975511965976E+001  0.31415926535897931E+001
( 0.30604868286314496E+000, 0.24971381997122503E-016)
 0.20943951023931953E+001 -0.20943951023931953E+001
( 0.34485081186971855E+000, 0.29008431459389939E-016)
 0.20943951023931953E+001 -0.10471975511965976E+001
( 0.26099220067984114E+000, 0.14225837490511950E-016)
 0.20943951023931953E+001  0.00000000000000000E+000
( 0.22375280916205220E+000, 0.90210714585922779E-017)
 0.20943951023931953E+001  0.10471975511965976E+001
( 0.26225682981259318E+000, 0.41772112621196546E-018)
 0.20943951023931953E+001  0.20943951023931953E+001
( 0.34229150784528745E+000, 0.23327610801879526E-016)
 0.20943951023931953E+001  0.31415926535897931E+001
( 0.39513611255567016E+000, 0.23798943477551524E-016)
 0.31415926535897931E+001 -0.20943951023931953E+001
( 0.38406237295362455E+000, 0.87325464832520608E-017)
 0.31415926535897931E+001 -0.10471975511965976E+001
( 0.30559749552197901E+000, 0.45080710625354347E-017)
 0.31415926535897931E+001  0.00000000000000000E+000
( 0.27853050974920385E+000, 0.29482658338912497E-017)
 0.31415926535897931E+001  0.10471975511965976E+001
( 0.30559749552197901E+000,-0.10981364611883988E-016)
 0.31415926535897931E+001  0.20943951023931953E+001
( 0.38406237295362455E+000,-0.56805131226355426E-017)
 0.31415926535897931E+001  0.31415926535897931E+001
( 0.42626174523653293E+000,-0.23139336248215137E-017)
 0.10000000000000000E+001          1         36
( 0.00000000000000000E+000, 0.00000000000000000E+000)
-0.20943951023931953E+001 -0.20943951023931953E+001
( 0.32726823236466707E+000,-0.91403891429078009E-018)
-0.20943951023931953E+001 -0.10471975511965976E+001
( 0.25165638701814796E+000,-0.15047449006127124E-016)
-0.20943951023931953E+001  0.00000000000000000E+000
( 0.20894713850465249E+000,-0.90291195248250456E-017)
-0.20943951023931953E+001  0.10471975511965976E+001
( 0.24566687152896605E+000,-0.42201157491860759E-018)
-0.20943951023931953E+001  0.20943951023931953E+001
( 0.31919792771630512E+000, 0.70352674303503840E-017)
-0.20943951023931953E+001  0.31415926535897931E+001
( 0.36660965159526793E+000,-0.36615097709515776E-018)
-0.10471975511965976E+001 -0.20943951023931953E+001
( 0.25381518509928802E+000,-0.17745907746535490E-016)
-0.10471975511965976E+001 -0.10471975511965976E+001
( 0.14639333948992866E+000,-0.24791334884042265E-016)
-0.10471975511965976E+001  0.00000000000000000E+000
( 0.98052962195988080E-001,-0.24012004064761640E-016)
-0.10471975511965976E+001  0.10471975511965976E+001
( 0.14647914723994673E+000,-0.13974161334257612E-016)
-0.10471975511965976E+001  0.20943951023931953E+001
( 0.25132875539110822E+000,-0.82516058049654274E-017)
-0.10471975511965976E+001  0.31415926535897931E+001
( 0.28836669759597344E+000,-0.19821020688904675E-016)
 0.00000000000000000E+000 -0.20943951023931953E+001
( 0.20945020804633599E+000,-0.47456413838658298E-017)
 0.00000000000000000E+000 -0.10471975511965976E+001
( 0.97588479033224138E-001,-0.12950570012528880E-016)
 0.00000000000000000E+000  0.00000000000000000E+000
(-0.10283958256062958E-001, 0.00000000000000000E+000)
 0.00000000000000000E+000  0.10471975511965976E+001
( 0.97588479033224138E-001, 0.12950570012528880E-016)
 0.00000000000000000E+000  0.20943951023931953E+001
( 0.20945020804633599E+000, 0.47456413838658298E-017)
 0.00000000000000000E+000  0.31415926535897931E+001
( 0.26415603979093000E+000, 0.31054924200131773E-017)
 0.10471975511965976E+001 -0.20943951023931953E+001
( 0.25132875539110822E+000, 0.82516058049654274E-017)
 0.10471975511965976E+001 -0.10471975511965976E+001
( 0.14647914723994673E+000, 0.13974161334257612E-016)
 0.10471975511965976E+001  0.00000000000000000E+000
( 0.98052962195988080E-001, 0.24012004064761640E-016)
 0.10471975511965976E+001  0.10471975511965976E+001
( 0.14639333948992866E+000, 0.24791334884042265E-016)
 0.10471975511965976E+001  0.20943951023931953E+001
( 0.25381518509928802E+000, 0.17745907746535490E-016)
 0.10471975511965976E+001  0.31415926535897931E+001
( 0.28836669759597344E+000, 0.19216421768256154E-016)
 0.20943951023931953E+001 -0.20943951023931953E+001
( 0.31919792771630512E+000,-0.70352674303503840E-017)
 0.20943951023931953E+001 -0.10471975511965976E+001
( 0.24566687152896605E+000, 0.42201157491860759E-018)
 0.20943951023931953E+001  0.00000000000000000E+000
( 0.20894713850465249E+000, 0.90291195248250456E-017)
 0.20943951023931953E+001  0.10471975511965976E+001
( 0.25165638701814796E+000, 0.15047449006127124E-016)
 0.20943951023931953E+001  0.20943951023931953E+001
( 0.32726823236466707E+000, 0.91403891429078009E-018)
 0.20943951023931953E+001  0.31415926535897931E+001
( 0.36660965159526793E+000, 0.50184380083562335E-017)
 0.31415926535897931E+001 -0.20943951023931953E+001
( 0.36517148369800301E+000,-0.30474353770350065E-017)
 0.31415926535897931E+001 -0.10471975511965976E+001
( 0.28421301926175263E+000,-0.16150113613824626E-017)
 0.31415926535897931E+001  0.00000000000000000E+000
( 0.25473437964446149E+000, 0.26470731552126321E-017)
 0.31415926535897931E+001  0.10471975511965976E+001
( 0.28421301926175263E+000, 0.23942422918868857E-018)
 0.31415926535897931E+001  0.20943951023931953E+001
( 0.36517148369800295E+000, 0.52903842472171841E-017)
 0.31415926535897931E+001  0.31415926535897931E+001
( 0.40426701165565210E+000,-0.17609951316738330E-017)
 0.10000000000000000E+001          1         36
( 0.00000000000000000E+000, 0.00000000000000000E+000)
-0.20943951023931953E+001 -0.20943951023931953E+001
( 0.32715450252800371E+000, 0.16746148814959603E-016)
-0.20943951023931953E+001 -0.10471975511965976E+001
( 0.24527848192794438E+000, 0.13413053765210826E-016)
-0.20943951023931953E+001  0.00000000000000000E+000
( 0.21155956312231172E+000, 0.14274942836723866E-016)
-0.20943951023931953E+001  0.10471975511965976E+001
( 0.24959211115211472E+000,-0.13004714873288669E-016)
-0.20943951023931953E+001  0.20943951023931953E+001
( 0.32475171280952053E+000,-0.12528558437610272E-016)
-0.20943951023931953E+001  0.31415926535897931E+001
( 0.36571185517116761E+000, 0.16526300772811987E-016)
-0.10471975511965976E+001 -0.20943951023931953E+001
( 0.25995050232741379E+000, 0.12449318500779267E-016)
-0.10471975511965976E+001 -0.10471975511965976E+001
( 0.14844294302760375E+000, 0.16950318260920680E-016)
-0.10471975511965976E+001  0.00000000000000000E+000
( 0.10093985923950370E+000, 0.15992174927995490E-016)
-0.10471975511965976E+001  0.10471975511965976E+001
( 0.15078229185548903E+000, 0.13492293702041831E-017)
-0.10471975511965976E+001  0.20943951023931953E+001
( 0.25065828791093275E+000,-0.10208472298053893E-018)
-0.10471975511965976E+001  0.31415926535897931E+001
( 0.29228754328827955E+000, 0.86589702991739490E-017)
 0.00000000000000000E+000 -0.20943951023931953E+001
( 0.21563226834321991E+000, 0.95231287135679344E-018)
 0.00000000000000000E+000 -0.10471975511965976E+001
( 0.10268988016098504E+000, 0.47280139922520238E-017)
 0.00000000000000000E+000  0.00000000000000000E+000
(-0.78616708798158862E-002, 0.00000000000000000E+000)
 0.00000000000000000E+000  0.10471975511965976E+001
( 0.10268988016098504E+000,-0.47280139922520238E-017)
 0.00000000000000000E+000  0.20943951023931953E+001
( 0.21563226834321991E+000,-0.95231287135679344E-018)
 0.00000000000000000E+000  0.31415926535897931E+001
( 0.26410846172124541E+000, 0.28219142001353637E-017)
 0.10471975511965976E+001 -0.20943951023931953E+001
( 0.25065828791093275E+000, 0.10208472298053893E-018)
 0.10471975511965976E+001 -0.10471975511965976E+001
( 0.15078229185548903E+000,-0.13492293702041831E-017)
 0.10471975511965976E+001  0.00000000000000000E+000
( 0.10093985923950370E+000,-0.15992174927995490E-016)
 0.10471975511965976E+001  0.10471975511965976E+001
( 0.14844294302760375E+000,-0.16950318260920680E-016)
 0.10471975511965976E+001  0.20943951023931953E+001
( 0.25995050232741379E+000,-0.12449318500779267E-016)
 0.10471975511965976E+001  0.31415926535897931E+001
( 0.29228754328827955E+000,-0.97811854372675222E-017)
 0.20943951023931953E+001 -0.20943951023931953E+001
( 0.32475171280952053E+000, 0.12528558437610272E-016)
 0.20943951023931953E+001 -0.10471975511965976E+001
( 0.24959211115211472E+000, 0.13004714873288669E-016)
 0.20943951023931953E+001  0.00000000000000000E+000
( 0.21155956312231172E+000,-0.14274942836723866E-016)
 0.20943951023931953E+001  0.10471975511965976E+001
( 0.24527848192794438E+000,-0.13413053765210826E-016)
 0.20943951023931953E+001  0.20943951023931953E+001
( 0.32715450252800371E+000,-0.16746148814959603E-016)
 0.20943951023931953E+001  0.31415926535897931E+001
( 0.36571185517116767E+000,-0.19451773745330962E-016)
 0.31415926535897931E+001 -0.20943951023931953E+001
( 0.36510286840894313E+000,-0.37642787278204646E-017)
 0.31415926535897931E+001 -0.10471975511965976E+001
( 0.28546451475432838E+000, 0.11679047103926374E-017)
 0.31415926535897931E+001  0.00000000000000000E+000
( 0.26088036670567982E+000, 0.29086971779998559E-017)
 0.31415926535897931E+001  0.10471975511965976E+001
( 0.28546451475432838E+000,-0.44103374302356411E-017)
 0.31415926535897931E+001  0.20943951023931953E+001
( 0.36510286840894313E+000, 0.37300115485961667E-017)
 0.31415926535897931E+001  0.31415926535897931E+001
( 0.41723583607149806E+000, 0.20558835544884827E-018)
 0.10000000000000000E+001          1         36
( 0.00000000000000000E+000, 0.00000000000000000E+000)
-0.20943951023931953E+001 -0.20943951023931953E+001
( 0.34732485604712215E+000,-0.49692135297002819E-017)
-0.20943951023931953E+001 -0.10471975511965976E+001
( 0.26461360133594691E+000,-0.13379390796384968E-016)
-0.20943951023931953E+001  0.00000000000000000E+000
( 0.22519883440755281E+000, 0.17046667274235069E-016)
-0.20943951023931953E+001  0.10471975511965976E+001
( 0.26130030175015689E+000, 0.15796107249761161E-017)
-0.20943951023931953E+001  0.20943951023931953E+001
( 0.33869081347929053E+000,-0.63606527452482924E-017)
-0.20943951023931953E+001  0.31415926535897931E+001
( 0.38058883841640795E+000,-0.43793787416302890E-017)
-0.10471975511965976E+001 -0.20943951023931953E+001
( 0.25407192750054974E+000, 0.22331204874062941E-017)
-0.10471975511965976E+001 -0.10471975511965976E+001
( 0.16088768349369442E+000, 0.39724195068413079E-017)
-0.10471975511965976E+001  0.00000000000000000E+000
( 0.11182641291854176E+000,-0.56321278438228553E-017)
-0.10471975511965976E+001  0.10471975511965976E+001
( 0.16205386518462511E+000, 0.30839528461809902E-017)
-0.10471975511965976E+001  0.20943951023931953E+001
( 0.25637625429035016E+000, 0.94069712895436619E-017)
-0.10471975511965976E+001  0.31415926535897931E+001
( 0.29691377075046216E+000,-0.11053405825511943E-016)
 0.00000000000000000E+000 -0.20943951023931953E+001
( 0.21407604425134877E+000, 0.62853841414770494E-017)
 0.00000000000000000E+000 -0.10471975511965976E+001
( 0.10192959690319581E+000, 0.42780694653844829E-017)
 0.00000000000000000E+000  0.00000000000000000E+000
(-0.83058507545117448E-002, 0.00000000000000000E+000)
 0.00000000000000000E+000  0.10471975511965976E+001
( 0.10192959690319581E+000,-0.42780694653844829E-017)
 0.00000000000000000E+000  0.20943951023931953E+001
( 0.21407604425134877E+000,-0.62853841414770494E-017)
 0.00000000000000000E+000  0.31415926535897931E+001
( 0.26429142962232244E+000, 0.29577905654218964E-017)
 0.10471975511965976E+001 -0.20943951023931953E+001
( 0.25637625429035016E+000,-0.94069712895436619E-017)
 0.10471975511965976E+001 -0.10471975511965976E+001
( 0.16205386518462511E+000,-0.30839528461809902E-017)
 0.10471975511965976E+001  0.00000000000000000E+000
( 0.11182641291854176E+000, 0.56321278438228553E-017)
 0.10471975511965976E+001  0.10471975511965976E+001
( 0.16088768349369442E+000,-0.39724195068413079E-017)
 0.10471975511965976E+001  0.20943951023931953E+001
( 0.25407192750054974E+000,-0.22331204874062941E-017)
 0.10471975511965976E+001  0.31415926535897931E+001
( 0.29691377075046205E+000, 0.60750412088952515E-017)
 0.20943951023931953E+001 -0.20943951023931953E+001
( 0.33869081347929053E+000, 0.63606527452482924E-017)
 0.20943951023931953E+001 -0.10471975511965976E+001
( 0.26130030175015689E+000,-0.15796107249761161E-017)
 0.20943951023931953E+001  0.00000000000000000E+000
( 0.22519883440755281E+000,-0.17046667274235069E-016)
 0.20943951023931953E+001  0.10471975511965976E+001
( 0.26461360133594691E+000, 0.13379390796384968E-016)
 0.20943951023931953E+001  0.20943951023931953E+001
( 0.34732485604712215E+000, 0.49692135297002819E-017)
 0.20943951023931953E+001  0.31415926535897931E+001
( 0.38058883841640784E+000, 0.26115965072260662E-017)
 0.31415926535897931E+001 -0.20943951023931953E+001
( 0.37760956889791003E+000,-0.10013695663171807E-017)
 0.31415926535897931E+001 -0.10471975511965976E+001
( 0.30920209117908565E+000, 0.79778977721100306E-017)
 0.31415926535897931E+001  0.00000000000000000E+000
( 0.27717979626296535E+000, 0.35968368823130436E-017)
 0.31415926535897931E+001  0.10471975511965976E+001
( 0.30920209117908565E+000,-0.50536332203879359E-017)
 0.31415926535897931E+001  0.20943951023931953E+001
( 0.37760956889790992E+000,-0.55850889902448386E-017)
 0.31415926535897931E+001  0.31415926535897931E+001
( 0.41211686073970766E+000,-0.13105309837508333E-017)
 0.10000000000000000E+001          1         36
( 0.00000000000000000E+000, 0.00000000000000000E+000)
-0.20943951023931953E+001 -0.20943951023931953E+001
( 0.33083555370536921E+000, 0.16656109335504567E-016)
-0.20943951023931953E+001 -0.10471975511965976E+001
( 0.25016763153528521E+000, 0.80836658939853689E-017)
-0.20943951023931953E+001  0.00000000000000000E+000
( 0.21408387284928013E+000, 0.12479152178107489E-016)
-0.20943951023931953E+001  0.10471975511965976E+001
( 0.26004872318204336E+000, 0.15737105876635561E-016)
-0.20943951023931953E+001  0.20943951023931953E+001
( 0.32463803243010375E+000, 0.50114233750441093E-017)
-0.20943951023931953E+001  0.31415926535897931E+001
( 0.37135788768230615E+000, 0.18414016234816521E-016)
-0.10471975511965976E+001 -0.20943951023931953E+001
( 0.25456619722694157E+000, 0.18299259696959900E-016)
-0.10471975511965976E+001 -0.10471975511965976E+001
( 0.15217872177165750E+000, 0.12664863357694301E-016)
-0.10471975511965976E+001  0.00000000000000000E+000
( 0.10128804275874456E+000, 0.21853306869126215E-016)
-0.10471975511965976E+001  0.10471975511965976E+001
( 0.15916169773841657E+000, 0.35850951836854009E-016)
-0.10471975511965976E+001  0.20943951023931953E+001
( 0.25997511118707334E+000, 0.15873410796719589E-016)
-0.10471975511965976E+001  0.31415926535897931E+001
( 0.29599158011311349E+000, 0.17145296201175021E-016)
 0.00000000000000000E+000 -0.20943951023931953E+001
( 0.21793931006859260E+000, 0.12472116304807990E-016)
 0.00000000000000000E+000 -0.10471975511965976E+001
( 0.10071053320346851E+000,-0.77780345754944900E-017)
 0.00000000000000000E+000  0.00000000000000000E+000
(-0.39067236175418778E-002, 0.00000000000000000E+000)
 0.00000000000000000E+000  0.10471975511965976E+001
( 0.10071053320346851E+000, 0.77780345754944900E-017)
 0.00000000000000000E+000  0.20943951023931953E+001
( 0.21793931006859260E+000,-0.12472116304807990E-016)
 0.00000000000000000E+000  0.31415926535897931E+001
( 0.26245835317028571E+000, 0.19537722990592489E-017)
 0.10471975511965976E+001 -0.20943951023931953E+001
( 0.25997511118707334E+000,-0.15873410796719589E-016)
 0.10471975511965976E+001 -0.10471975511965976E+001
( 0.15916169773841657E+000,-0.35850951836854009E-016)
 0.10471975511965976E+001  0.00000000000000000E+000
( 0.10128804275874456E+000,-0.21853306869126215E-016)
 0.10471975511965976E+001  0.10471975511965976E+001
( 0.15217872177165750E+000,-0.12664863357694301E-016)
 0.10471975511965976E+001  0.20943951023931953E+001
( 0.25456619722694157E+000,-0.18299259696959900E-016)
 0.10471975511965976E+001  0.31415926535897931E+001
( 0.29599158011311349E+000,-0.17650584487870262E-016)
 0.20943951023931953E+001 -0.20943951023931953E+001
( 0.32463803243010375E+000,-0.50114233750441093E-017)
 0.20943951023931953E+001 -0.10471975511965976E+001
( 0.26004872318204336E+000,-0.15737105876635561E-016)
 0.20943951023931953E+001  0.00000000000000000E+000
( 0.21408387284928013E+000,-0.12479152178107489E-016)
 0.20943951023931953E+001  0.10471975511965976E+001
( 0.25016763153528521E+000,-0.80836658939853689E-017)
 0.20943951023931953E+001  0.20943951023931953E+001
( 0.33083555370536921E+000,-0.16656109335504567E-016)
 0.20943951023931953E+001  0.31415926535897931E+001
( 0.37135788768230615E+000,-0.17715980895234972E-016)
 0.31415926535897931E+001 -0.20943951023931953E+001
( 0.36721303344190431E+000, 0.85490227870397379E-017)
 0.31415926535897931E+001 -0.10471975511965976E+001
( 0.29146521922567437E+000, 0.19839126616654029E-017)
 0.31415926535897931E+001  0.00000000000000000E+000
( 0.26533076352745860E+000, 0.26725361143757647E-017)
 0.31415926535897931E+001  0.10471975511965976E+001
( 0.29146521922567442E+000,-0.47057920565532288E-017)
 0.31415926535897931E+001  0.20943951023931953E+001
( 0.36721303344190431E+000,-0.67908786565834712E-017)
 0.31415926535897931E+001  0.31415926535897931E+001
( 0.41306756187664073E+000,-0.23771842610020837E-018)
