        1001           4   20.000000000000000                1
     0.0000000        0.02450024        0.00111197
     0.0100000        0.02444066        0.00104756
     0.0200000        0.02427279        0.00114141
     0.0300000        0.02425751        0.00101200
     0.0400000        0.02420755        0.00092843
     0.0500000        0.02399810        0.00095392
     0.0600000        0.02376932        0.00102082
     0.0700000        0.02375149        0.00095810
     0.0800000        0.02358263        0.00094575
     0.0900000        0.02341639        0.00096578
     0.1000000        0.02326633        0.00094688
     0.1100000        0.02315534        0.00099216
     0.1200000        0.02301299        0.00093529
     0.1300000        0.02293496        0.00093169
     0.1400000        0.02262467        0.00104219
     0.1500000        0.02253947        0.00093563
     0.1600000        0.02237360        0.00096166
     0.1700000        0.02223082        0.00090091
     0.1800000        0.02203887        0.00088664
     0.1900000        0.02194629        0.00095546
     0.2000000        0.02176953        0.00098989
     0.2100000        0.02160382        0.00107876
     0.2200000        0.02144939        0.00105702
     0.2300000        0.02112653        0.00106398
     0.2400000        0.02098387        0.00108991
     0.2500000        0.02078056        0.00109450
     0.2600000        0.02062983        0.00113341
     0.2700000        0.02047044        0.00111637
     0.2800000        0.02032295        0.00113392
     0.2900000        0.02030903        0.00115369
     0.3000000        0.02030343        0.00111409
     0.3100000        0.02017705        0.00115511
     0.3200000        0.01997406        0.00120587
     0.3300000        0.01977113        0.00117998
     0.3400000        0.01973084        0.00108607
     0.3500000        0.01968166        0.00108663
     0.3600000        0.01956591        0.00110356
     0.3700000        0.01942435        0.00105960
     0.3800000        0.01925216        0.00104734
     0.3900000        0.01912379        0.00109060
     0.4000000        0.01906778        0.00109720
     0.4100000        0.01880877        0.00121262
     0.4200000        0.01877734        0.00113436
     0.4300000        0.01857934        0.00125429
     0.4400000        0.01841068        0.00126347
     0.4500000        0.01836492        0.00118687
     0.4600000        0.01819584        0.00123693
     0.4700000        0.01784743        0.00145215
     0.4800000        0.01763223        0.00156114
     0.4900000        0.01764101        0.00140801
     0.5000000        0.01735766        0.00149969
     0.5100000        0.01748456        0.00134905
     0.5200000        0.01734999        0.00145114
     0.5300000        0.01712782        0.00157867
     0.5400000        0.01742335        0.00120362
     0.5500000        0.01738548        0.00113486
     0.5600000        0.01738390        0.00111417
     0.5700000        0.01732534        0.00106982
     0.5800000        0.01718995        0.00103448
     0.5900000        0.01708304        0.00103597
     0.6000000        0.01700658        0.00092668
     0.6100000        0.01682722        0.00095054
     0.6200000        0.01677658        0.00088525
     0.6300000        0.01671805        0.00085666
     0.6400000        0.01642312        0.00102360
     0.6500000        0.01640131        0.00094503
     0.6600000        0.01633839        0.00085753
     0.6700000        0.01629117        0.00077127
     0.6800000        0.01622176        0.00076745
     0.6900000        0.01613192        0.00075787
     0.7000000        0.01616647        0.00069417
     0.7100000        0.01612537        0.00066063
     0.7200000        0.01593951        0.00063707
     0.7300000        0.01582159        0.00061416
     0.7400000        0.01573103        0.00060390
     0.7500000        0.01562784        0.00060783
     0.7600000        0.01547547        0.00066329
     0.7700000        0.01544619        0.00064289
     0.7800000        0.01543578        0.00062510
     0.7900000        0.01538570        0.00058914
     0.8000000        0.01534761        0.00060223
     0.8100000        0.01524252        0.00061855
     0.8200000        0.01517803        0.00063825
     0.8300000        0.01506728        0.00068755
     0.8400000        0.01498166        0.00064555
     0.8500000        0.01490019        0.00063018
     0.8600000        0.01480268        0.00058743
     0.8700000        0.01470739        0.00060454
     0.8800000        0.01461066        0.00057969
     0.8900000        0.01455114        0.00050055
     0.9000000        0.01441966        0.00049907
     0.9100000        0.01433867        0.00048797
     0.9200000        0.01422631        0.00045386
     0.9300000        0.01413808        0.00044113
     0.9400000        0.01402645        0.00043563
     0.9500000        0.01399314        0.00042670
     0.9600000        0.01387644        0.00042758
     0.9700000        0.01382345        0.00043300
     0.9800000        0.01379023        0.00041257
     0.9900000        0.01372327        0.00041914
     1.0000000        0.01354776        0.00039747
     1.0100000        0.01344264        0.00040062
     1.0200000        0.01332046        0.00039645
     1.0300000        0.01321646        0.00040759
     1.0400000        0.01315046        0.00036050
     1.0500000        0.01310752        0.00030292
     1.0600000        0.01305884        0.00031633
     1.0700000        0.01299182        0.00034940
     1.0800000        0.01287108        0.00031862
     1.0900000        0.01282663        0.00025864
     1.1000000        0.01270643        0.00027306
     1.1100000        0.01260801        0.00028877
     1.1200000        0.01254712        0.00028530
     1.1300000        0.01254563        0.00030941
     1.1400000        0.01246778        0.00035055
     1.1500000        0.01231991        0.00040712
     1.1600000        0.01228394        0.00040599
     1.1700000        0.01224419        0.00045187
     1.1800000        0.01225114        0.00047291
     1.1900000        0.01218742        0.00046160
     1.2000000        0.01218492        0.00047904
     1.2100000        0.01212134        0.00047585
     1.2200000        0.01200214        0.00046503
     1.2300000        0.01185269        0.00045438
     1.2400000        0.01177924        0.00043420
     1.2500000        0.01172886        0.00037904
     1.2600000        0.01169289        0.00036389
     1.2700000        0.01163630        0.00039968
     1.2800000        0.01160396        0.00041746
     1.2900000        0.01156242        0.00041543
     1.3000000        0.01148795        0.00039648
     1.3100000        0.01134015        0.00041208
     1.3200000        0.01126433        0.00038552
     1.3300000        0.01118764        0.00041206
     1.3400000        0.01110485        0.00041424
     1.3500000        0.01107602        0.00038640
     1.3600000        0.01107393        0.00036808
     1.3700000        0.01103272        0.00030631
     1.3800000        0.01102118        0.00027694
     1.3900000        0.01102348        0.00027911
     1.4000000        0.01091382        0.00026357
     1.4100000        0.01090046        0.00028905
     1.4200000        0.01082135        0.00029384
     1.4300000        0.01076376        0.00033580
     1.4400000        0.01067242        0.00035409
     1.4500000        0.01068806        0.00034401
     1.4600000        0.01062028        0.00031698
     1.4700000        0.01060976        0.00032651
     1.4800000        0.01054394        0.00030493
     1.4900000        0.01048131        0.00027768
     1.5000000        0.01034918        0.00025923
     1.5100000        0.01031920        0.00024725
     1.5200000        0.01026674        0.00024351
     1.5300000        0.01015936        0.00027193
     1.5400000        0.01006817        0.00028334
     1.5500000        0.01006320        0.00031338
     1.5600000        0.01003768        0.00034306
     1.5700000        0.00998232        0.00032194
     1.5800000        0.00994154        0.00032068
     1.5900000        0.00982374        0.00030680
     1.6000000        0.00978135        0.00034659
     1.6100000        0.00974090        0.00036068
     1.6200000        0.00967239        0.00033767
     1.6300000        0.00960741        0.00037806
     1.6400000        0.00953386        0.00035674
     1.6500000        0.00945606        0.00035657
     1.6600000        0.00949244        0.00037292
     1.6700000        0.00943986        0.00041424
     1.6800000        0.00938244        0.00039193
     1.6900000        0.00930395        0.00037358
     1.7000000        0.00929314        0.00039199
     1.7100000        0.00913423        0.00033567
     1.7200000        0.00902466        0.00030852
     1.7300000        0.00890352        0.00023330
     1.7400000        0.00873208        0.00022193
     1.7500000        0.00878630        0.00019203
     1.7600000        0.00874046        0.00021194
     1.7700000        0.00878976        0.00023315
     1.7800000        0.00870457        0.00020379
     1.7900000        0.00868096        0.00020392
     1.8000000        0.00872671        0.00022849
     1.8100000        0.00870457        0.00024680
     1.8200000        0.00866951        0.00023740
     1.8300000        0.00872102        0.00029225
     1.8400000        0.00872125        0.00039229
     1.8500000        0.00874007        0.00037509
     1.8600000        0.00869122        0.00049041
     1.8700000        0.00860068        0.00047586
     1.8800000        0.00858081        0.00046544
     1.8900000        0.00859177        0.00045722
     1.9000000        0.00858254        0.00049083
     1.9100000        0.00851941        0.00046139
     1.9200000        0.00849445        0.00045385
     1.9300000        0.00846725        0.00048215
     1.9400000        0.00848465        0.00049334
     1.9500000        0.00842442        0.00046253
     1.9600000        0.00848205        0.00048433
     1.9700000        0.00843942        0.00043636
     1.9800000        0.00838609        0.00041858
     1.9900000        0.00837637        0.00043738
     2.0000000        0.00835650        0.00047114
     2.0100000        0.00835781        0.00048812
     2.0200000        0.00836136        0.00051056
     2.0300000        0.00840618        0.00055249
     2.0400000        0.00839397        0.00059772
     2.0500000        0.00834613        0.00056638
     2.0600000        0.00834587        0.00057825
     2.0700000        0.00829926        0.00058126
     2.0800000        0.00830075        0.00059089
     2.0900000        0.00830644        0.00059718
     2.1000000        0.00823274        0.00061179
     2.1100000        0.00819353        0.00058930
     2.1200000        0.00815725        0.00057903
     2.1300000        0.00812473        0.00056466
     2.1400000        0.00810191        0.00058021
     2.1500000        0.00809783        0.00061008
     2.1600000        0.00806092        0.00066333
     2.1700000        0.00798256        0.00064477
     2.1800000        0.00796442        0.00065193
     2.1900000        0.00794967        0.00064569
     2.2000000        0.00790452        0.00069238
     2.2100000        0.00783336        0.00068588
     2.2200000        0.00781799        0.00069895
     2.2300000        0.00785682        0.00074964
     2.2400000        0.00784868        0.00079925
     2.2500000        0.00773510        0.00078463
     2.2600000        0.00766770        0.00075418
     2.2700000        0.00761327        0.00075992
     2.2800000        0.00757900        0.00072623
     2.2900000        0.00756192        0.00074790
     2.3000000        0.00753209        0.00079764
     2.3100000        0.00751080        0.00077882
     2.3200000        0.00748286        0.00078120
     2.3300000        0.00751133        0.00079443
     2.3400000        0.00753880        0.00081708
     2.3500000        0.00751011        0.00076711
     2.3600000        0.00758497        0.00077942
     2.3700000        0.00764224        0.00075123
     2.3800000        0.00755555        0.00077707
     2.3900000        0.00745405        0.00072143
     2.4000000        0.00746413        0.00067132
     2.4100000        0.00739946        0.00068071
     2.4200000        0.00737630        0.00069773
     2.4300000        0.00725180        0.00064640
     2.4400000        0.00719109        0.00061983
     2.4500000        0.00711571        0.00059355
     2.4600000        0.00701927        0.00052097
     2.4700000        0.00692352        0.00049380
     2.4800000        0.00677294        0.00040493
     2.4900000        0.00679214        0.00051120
     2.5000000        0.00677215        0.00053401
     2.5100000        0.00671734        0.00052306
     2.5200000        0.00665625        0.00051201
     2.5300000        0.00664160        0.00051459
     2.5400000        0.00661728        0.00052780
     2.5500000        0.00656280        0.00048848
     2.5600000        0.00651095        0.00047704
     2.5700000        0.00651955        0.00052207
     2.5800000        0.00647298        0.00051484
     2.5900000        0.00644154        0.00054063
     2.6000000        0.00637126        0.00053595
     2.6100000        0.00631852        0.00052705
     2.6200000        0.00620052        0.00050305
     2.6300000        0.00615340        0.00047016
     2.6400000        0.00611084        0.00046708
     2.6500000        0.00612933        0.00044313
     2.6600000        0.00600505        0.00039070
     2.6700000        0.00597008        0.00037161
     2.6800000        0.00590078        0.00036891
     2.6900000        0.00581038        0.00036096
     2.7000000        0.00571952        0.00040672
     2.7100000        0.00566130        0.00041989
     2.7200000        0.00557748        0.00042622
     2.7300000        0.00555385        0.00043369
     2.7400000        0.00551520        0.00041981
     2.7500000        0.00548610        0.00041051
     2.7600000        0.00545736        0.00044329
     2.7700000        0.00545999        0.00044959
     2.7800000        0.00541663        0.00047979
     2.7900000        0.00533824        0.00045996
     2.8000000        0.00534166        0.00044839
     2.8100000        0.00526364        0.00042862
     2.8200000        0.00519914        0.00040822
     2.8300000        0.00516870        0.00040025
     2.8400000        0.00515275        0.00039676
     2.8500000        0.00513131        0.00040802
     2.8600000        0.00505887        0.00041924
     2.8700000        0.00502925        0.00039588
     2.8800000        0.00496067        0.00038022
     2.8900000        0.00490124        0.00036241
     2.9000000        0.00483672        0.00037416
     2.9100000        0.00481730        0.00038004
     2.9200000        0.00478512        0.00038224
     2.9300000        0.00476608        0.00038994
     2.9400000        0.00470152        0.00040692
     2.9500000        0.00469863        0.00038818
     2.9600000        0.00468248        0.00040028
     2.9700000        0.00463943        0.00040357
     2.9800000        0.00460986        0.00038022
     2.9900000        0.00456093        0.00041376
     3.0000000        0.00448707        0.00042082
     3.0100000        0.00447057        0.00043764
     3.0200000        0.00445293        0.00040375
     3.0300000        0.00437706        0.00041253
     3.0400000        0.00438845        0.00040074
     3.0500000        0.00433811        0.00040564
     3.0600000        0.00432579        0.00038327
     3.0700000        0.00432372        0.00038388
     3.0800000        0.00427814        0.00037525
     3.0900000        0.00418542        0.00041664
     3.1000000        0.00415989        0.00042177
     3.1100000        0.00410963        0.00045142
     3.1200000        0.00406045        0.00048358
     3.1300000        0.00403594        0.00048906
     3.1400000        0.00405299        0.00047766
     3.1500000        0.00396291        0.00053493
     3.1600000        0.00393933        0.00052185
     3.1700000        0.00387396        0.00053881
     3.1800000        0.00383397        0.00054846
     3.1900000        0.00382287        0.00056206
     3.2000000        0.00381308        0.00058683
     3.2100000        0.00382741        0.00057425
     3.2200000        0.00380157        0.00057918
     3.2300000        0.00380262        0.00059483
     3.2400000        0.00373593        0.00060137
     3.2500000        0.00367624        0.00063580
     3.2600000        0.00361914        0.00065234
     3.2700000        0.00363053        0.00066889
     3.2800000        0.00358399        0.00066943
     3.2900000        0.00355901        0.00067854
     3.3000000        0.00351352        0.00073068
     3.3100000        0.00346475        0.00073475
     3.3200000        0.00351208        0.00070615
     3.3300000        0.00349621        0.00070849
     3.3400000        0.00343795        0.00072167
     3.3500000        0.00331326        0.00073774
     3.3600000        0.00335460        0.00078727
     3.3700000        0.00335032        0.00080764
     3.3800000        0.00333148        0.00084212
     3.3900000        0.00328636        0.00085589
     3.4000000        0.00327331        0.00081753
     3.4100000        0.00325185        0.00087524
     3.4200000        0.00324374        0.00088943
     3.4300000        0.00320770        0.00091935
     3.4400000        0.00316781        0.00093061
     3.4500000        0.00312459        0.00091076
     3.4600000        0.00317432        0.00094008
     3.4700000        0.00312045        0.00099227
     3.4800000        0.00308038        0.00099885
     3.4900000        0.00308961        0.00094611
     3.5000000        0.00304845        0.00091427
     3.5100000        0.00311001        0.00093462
     3.5200000        0.00314956        0.00090179
     3.5300000        0.00316740        0.00089930
     3.5400000        0.00320618        0.00089740
     3.5500000        0.00323555        0.00090592
     3.5600000        0.00323984        0.00092477
     3.5700000        0.00325364        0.00093372
     3.5800000        0.00324795        0.00092631
     3.5900000        0.00327807        0.00090580
     3.6000000        0.00317469        0.00088629
     3.6100000        0.00317987        0.00087845
     3.6200000        0.00323601        0.00090101
     3.6300000        0.00324787        0.00092832
     3.6400000        0.00325857        0.00094026
     3.6500000        0.00320559        0.00096443
     3.6600000        0.00323480        0.00100869
     3.6700000        0.00320431        0.00102721
     3.6800000        0.00335329        0.00119916
     3.6900000        0.00314533        0.00104738
     3.7000000        0.00320503        0.00111030
     3.7100000        0.00311908        0.00105924
     3.7200000        0.00303428        0.00101445
     3.7300000        0.00295001        0.00098330
     3.7400000        0.00287548        0.00096951
     3.7500000        0.00298028        0.00103937
     3.7600000        0.00303266        0.00106216
     3.7700000        0.00300893        0.00105633
     3.7800000        0.00304160        0.00106446
     3.7900000        0.00301301        0.00107298
     3.8000000        0.00296972        0.00106854
     3.8100000        0.00299115        0.00109466
     3.8200000        0.00297416        0.00106454
     3.8300000        0.00291959        0.00105634
     3.8400000        0.00292455        0.00108285
     3.8500000        0.00285798        0.00105205
     3.8600000        0.00285678        0.00103004
     3.8700000        0.00282004        0.00102801
     3.8800000        0.00276931        0.00101967
     3.8900000        0.00275103        0.00102284
     3.9000000        0.00272305        0.00103163
     3.9100000        0.00268331        0.00102270
     3.9200000        0.00267938        0.00103602
     3.9300000        0.00267866        0.00099812
     3.9400000        0.00266166        0.00100840
     3.9500000        0.00264363        0.00102157
     3.9600000        0.00262993        0.00106544
     3.9700000        0.00262664        0.00104792
     3.9800000        0.00258691        0.00103457
     3.9900000        0.00256875        0.00102247
     4.0000000        0.00253819        0.00101886
     4.0100000        0.00248340        0.00101750
     4.0200000        0.00246511        0.00104233
     4.0300000        0.00249879        0.00109880
     4.0400000        0.00249862        0.00110609
     4.0500000        0.00248038        0.00109886
     4.0600000        0.00244694        0.00114745
     4.0700000        0.00238736        0.00119165
     4.0800000        0.00232595        0.00117941
     4.0900000        0.00221143        0.00116488
     4.1000000        0.00213255        0.00116868
     4.1100000        0.00215231        0.00117100
     4.1200000        0.00219616        0.00118141
     4.1300000        0.00221850        0.00120443
     4.1400000        0.00219087        0.00119630
     4.1500000        0.00217932        0.00120389
     4.1600000        0.00211023        0.00120540
     4.1700000        0.00207225        0.00119509
     4.1800000        0.00202774        0.00120584
     4.1900000        0.00196340        0.00124062
     4.2000000        0.00201028        0.00122968
     4.2100000        0.00198382        0.00124454
     4.2200000        0.00201544        0.00124777
     4.2300000        0.00194735        0.00122051
     4.2400000        0.00190463        0.00123171
     4.2500000        0.00189396        0.00121649
     4.2600000        0.00185757        0.00121585
     4.2700000        0.00187577        0.00122707
     4.2800000        0.00185068        0.00121858
     4.2900000        0.00184511        0.00123406
     4.3000000        0.00184522        0.00123169
     4.3100000        0.00180993        0.00123599
     4.3200000        0.00178379        0.00124843
     4.3300000        0.00180251        0.00129579
     4.3400000        0.00179127        0.00127340
     4.3500000        0.00181851        0.00128625
     4.3600000        0.00180422        0.00124835
     4.3700000        0.00187092        0.00128411
     4.3800000        0.00191638        0.00130806
     4.3900000        0.00185521        0.00126810
     4.4000000        0.00177308        0.00127984
     4.4100000        0.00173929        0.00130258
     4.4200000        0.00172747        0.00131022
     4.4300000        0.00170087        0.00133892
     4.4400000        0.00171954        0.00137414
     4.4500000        0.00170112        0.00137356
     4.4600000        0.00170862        0.00137420
     4.4700000        0.00170410        0.00135225
     4.4800000        0.00172643        0.00136515
     4.4900000        0.00174511        0.00134769
     4.5000000        0.00172882        0.00133161
     4.5100000        0.00170776        0.00129902
     4.5200000        0.00169064        0.00130001
     4.5300000        0.00173470        0.00128938
     4.5400000        0.00170084        0.00129240
     4.5500000        0.00169549        0.00132831
     4.5600000        0.00168280        0.00134093
     4.5700000        0.00167842        0.00135244
     4.5800000        0.00167278        0.00134399
     4.5900000        0.00170302        0.00135914
     4.6000000        0.00167574        0.00135927
     4.6100000        0.00166529        0.00134670
     4.6200000        0.00165474        0.00138377
     4.6300000        0.00168715        0.00138078
     4.6400000        0.00165758        0.00138500
     4.6500000        0.00166686        0.00136822
     4.6600000        0.00169135        0.00137088
     4.6700000        0.00167687        0.00134872
     4.6800000        0.00165484        0.00135913
     4.6900000        0.00162577        0.00133824
     4.7000000        0.00160691        0.00134493
     4.7100000        0.00160347        0.00135985
     4.7200000        0.00158987        0.00136803
     4.7300000        0.00157468        0.00137458
     4.7400000        0.00156782        0.00136990
     4.7500000        0.00156744        0.00133451
     4.7600000        0.00159327        0.00132023
     4.7700000        0.00160504        0.00136425
     4.7800000        0.00157490        0.00136219
     4.7900000        0.00158238        0.00138076
     4.8000000        0.00156890        0.00139414
     4.8100000        0.00157005        0.00138815
     4.8200000        0.00152097        0.00137070
     4.8300000        0.00147409        0.00138990
     4.8400000        0.00142721        0.00139986
     4.8500000        0.00143748        0.00136660
     4.8600000        0.00151017        0.00131013
     4.8700000        0.00148666        0.00129361
     4.8800000        0.00146766        0.00128770
     4.8900000        0.00145343        0.00126783
     4.9000000        0.00137525        0.00129659
     4.9100000        0.00135699        0.00131943
     4.9200000        0.00132492        0.00132518
     4.9300000        0.00129553        0.00130429
     4.9400000        0.00133767        0.00131164
     4.9500000        0.00131337        0.00130453
     4.9600000        0.00130619        0.00131059
     4.9700000        0.00129871        0.00131117
     4.9800000        0.00132022        0.00128512
     4.9900000        0.00128102        0.00129221
     5.0000000        0.00124662        0.00132072
     5.0100000        0.00131663        0.00132456
     5.0200000        0.00132863        0.00130132
     5.0300000        0.00131032        0.00131185
     5.0400000        0.00128640        0.00130773
     5.0500000        0.00125929        0.00134856
     5.0600000        0.00127235        0.00136159
     5.0700000        0.00123154        0.00136623
     5.0800000        0.00123416        0.00137758
     5.0900000        0.00119573        0.00137863
     5.1000000        0.00117274        0.00136606
     5.1100000        0.00118062        0.00135249
     5.1200000        0.00113859        0.00132862
     5.1300000        0.00113837        0.00135100
     5.1400000        0.00113870        0.00134540
     5.1500000        0.00116689        0.00136797
     5.1600000        0.00114955        0.00137765
     5.1700000        0.00110482        0.00137972
     5.1800000        0.00110610        0.00138561
     5.1900000        0.00110040        0.00137667
     5.2000000        0.00110083        0.00135651
     5.2100000        0.00108953        0.00137553
     5.2200000        0.00106969        0.00135708
     5.2300000        0.00103332        0.00135220
     5.2400000        0.00100407        0.00136366
     5.2500000        0.00101531        0.00134039
     5.2600000        0.00101685        0.00136622
     5.2700000        0.00101092        0.00136833
     5.2800000        0.00097822        0.00133043
     5.2900000        0.00095723        0.00131693
     5.3000000        0.00097896        0.00133861
     5.3100000        0.00094421        0.00131434
     5.3200000        0.00098091        0.00134498
     5.3300000        0.00094237        0.00132664
     5.3400000        0.00093225        0.00129662
     5.3500000        0.00089089        0.00128719
     5.3600000        0.00098254        0.00135856
     5.3700000        0.00098198        0.00136221
     5.3800000        0.00095577        0.00134064
     5.3900000        0.00087262        0.00131068
     5.4000000        0.00089881        0.00135468
     5.4100000        0.00085413        0.00131653
     5.4200000        0.00087709        0.00134176
     5.4300000        0.00085432        0.00131260
     5.4400000        0.00092626        0.00134585
     5.4500000        0.00093083        0.00134980
     5.4600000        0.00086786        0.00124341
     5.4700000        0.00088381        0.00122324
     5.4800000        0.00082952        0.00117461
     5.4900000        0.00094610        0.00129481
     5.5000000        0.00090930        0.00128477
     5.5100000        0.00095382        0.00135597
     5.5200000        0.00088150        0.00128894
     5.5300000        0.00090133        0.00129215
     5.5400000        0.00092119        0.00130124
     5.5500000        0.00094596        0.00130601
     5.5600000        0.00093671        0.00124388
     5.5700000        0.00089060        0.00121714
     5.5800000        0.00080448        0.00114399
     5.5900000        0.00079701        0.00110746
     5.6000000        0.00078587        0.00109423
     5.6100000        0.00077519        0.00108069
     5.6200000        0.00075378        0.00108966
     5.6300000        0.00077340        0.00109103
     5.6400000        0.00074662        0.00104596
     5.6500000        0.00073790        0.00104695
     5.6600000        0.00074519        0.00104731
     5.6700000        0.00075248        0.00104256
     5.6800000        0.00073075        0.00102651
     5.6900000        0.00074153        0.00104792
     5.7000000        0.00076814        0.00106845
     5.7100000        0.00076685        0.00105679
     5.7200000        0.00077491        0.00105803
     5.7300000        0.00082110        0.00110157
     5.7400000        0.00077012        0.00105736
     5.7500000        0.00073951        0.00102509
     5.7600000        0.00071319        0.00101197
     5.7700000        0.00070445        0.00103738
     5.7800000        0.00070022        0.00106838
     5.7900000        0.00074529        0.00109254
     5.8000000        0.00073835        0.00111558
     5.8100000        0.00077414        0.00112588
     5.8200000        0.00075224        0.00107288
     5.8300000        0.00072516        0.00102816
     5.8400000        0.00069490        0.00101678
     5.8500000        0.00070363        0.00101460
     5.8600000        0.00070617        0.00101506
     5.8700000        0.00070289        0.00101857
     5.8800000        0.00068861        0.00099305
     5.8900000        0.00068369        0.00098052
     5.9000000        0.00071811        0.00095090
     5.9100000        0.00067704        0.00096943
     5.9200000        0.00067399        0.00095325
     5.9300000        0.00064958        0.00098373
     5.9400000        0.00066055        0.00094821
     5.9500000        0.00063983        0.00095993
     5.9600000        0.00062047        0.00095664
     5.9700000        0.00062548        0.00091271
     5.9800000        0.00061355        0.00090784
     5.9900000        0.00066508        0.00089986
     6.0000000        0.00063029        0.00089253
     6.0100000        0.00063432        0.00089525
     6.0200000        0.00062765        0.00087288
     6.0300000        0.00060914        0.00086943
     6.0400000        0.00058996        0.00086434
     6.0500000        0.00061187        0.00087642
     6.0600000        0.00061147        0.00090314
     6.0700000        0.00061896        0.00088726
     6.0800000        0.00060260        0.00087194
     6.0900000        0.00064994        0.00083068
     6.1000000        0.00063694        0.00086044
     6.1100000        0.00058032        0.00087491
     6.1200000        0.00057545        0.00086380
     6.1300000        0.00063702        0.00084517
     6.1400000        0.00065763        0.00082557
     6.1500000        0.00065876        0.00086014
     6.1600000        0.00063485        0.00082322
     6.1700000        0.00059682        0.00084538
     6.1800000        0.00054717        0.00086581
     6.1900000        0.00049290        0.00087957
     6.2000000        0.00053878        0.00086884
     6.2100000        0.00056354        0.00083131
     6.2200000        0.00062664        0.00079083
     6.2300000        0.00061476        0.00079565
     6.2400000        0.00058769        0.00077630
     6.2500000        0.00060506        0.00074774
     6.2600000        0.00060038        0.00074041
     6.2700000        0.00060932        0.00072968
     6.2800000        0.00056267        0.00077718
     6.2900000        0.00057735        0.00074415
     6.3000000        0.00057764        0.00072457
     6.3100000        0.00057032        0.00077722
     6.3200000        0.00056773        0.00073890
     6.3300000        0.00061248        0.00071533
     6.3400000        0.00060993        0.00069902
     6.3500000        0.00058482        0.00065318
     6.3600000        0.00058928        0.00063044
     6.3700000        0.00054137        0.00068027
     6.3800000        0.00056978        0.00066924
     6.3900000        0.00062942        0.00062596
     6.4000000        0.00066122        0.00060471
     6.4100000        0.00063861        0.00061219
     6.4200000        0.00067253        0.00062318
     6.4300000        0.00068347        0.00062309
     6.4400000        0.00065440        0.00063365
     6.4500000        0.00067088        0.00060119
     6.4600000        0.00069076        0.00056483
     6.4700000        0.00064097        0.00061148
     6.4800000        0.00061524        0.00065505
     6.4900000        0.00057518        0.00068340
     6.5000000        0.00061571        0.00063043
     6.5100000        0.00057930        0.00065569
     6.5200000        0.00058025        0.00064599
     6.5300000        0.00061527        0.00061822
     6.5400000        0.00056719        0.00062293
     6.5500000        0.00062582        0.00058694
     6.5600000        0.00056794        0.00062668
     6.5700000        0.00061391        0.00058700
     6.5800000        0.00066093        0.00054784
     6.5900000        0.00058362        0.00058015
     6.6000000        0.00050174        0.00061857
     6.6100000        0.00055500        0.00060623
     6.6200000        0.00059686        0.00057691
     6.6300000        0.00059220        0.00057622
     6.6400000        0.00062216        0.00052689
     6.6500000        0.00065522        0.00050700
     6.6600000        0.00058355        0.00055263
     6.6700000        0.00056059        0.00053113
     6.6800000        0.00054881        0.00053481
     6.6900000        0.00055669        0.00050671
     6.7000000        0.00058827        0.00052508
     6.7100000        0.00062352        0.00048306
     6.7200000        0.00069421        0.00043636
     6.7300000        0.00068225        0.00042799
     6.7400000        0.00069427        0.00043765
     6.7500000        0.00071947        0.00041656
     6.7600000        0.00069852        0.00040047
     6.7700000        0.00071993        0.00039072
     6.7800000        0.00072175        0.00038692
     6.7900000        0.00070775        0.00039358
     6.8000000        0.00066843        0.00038916
     6.8100000        0.00066508        0.00038509
     6.8200000        0.00067468        0.00037492
     6.8300000        0.00063223        0.00036262
     6.8400000        0.00061406        0.00035690
     6.8500000        0.00062615        0.00036372
     6.8600000        0.00066421        0.00037575
     6.8700000        0.00070219        0.00037346
     6.8800000        0.00072565        0.00035646
     6.8900000        0.00070629        0.00035780
     6.9000000        0.00067604        0.00033695
     6.9100000        0.00066297        0.00035456
     6.9200000        0.00067158        0.00033636
     6.9300000        0.00071048        0.00032041
     6.9400000        0.00072509        0.00032208
     6.9500000        0.00075318        0.00030733
     6.9600000        0.00073096        0.00030054
     6.9700000        0.00076283        0.00029650
     6.9800000        0.00076278        0.00029005
     6.9900000        0.00077710        0.00030075
     7.0000000        0.00074716        0.00029399
     7.0100000        0.00072689        0.00031475
     7.0200000        0.00072861        0.00031689
     7.0300000        0.00072029        0.00029515
     7.0400000        0.00075260        0.00026699
     7.0500000        0.00072726        0.00026894
     7.0600000        0.00070285        0.00025326
     7.0700000        0.00072145        0.00024332
     7.0800000        0.00072498        0.00025928
     7.0900000        0.00070615        0.00025282
     7.1000000        0.00070645        0.00022761
     7.1100000        0.00072071        0.00023017
     7.1200000        0.00071676        0.00021463
     7.1300000        0.00076508        0.00020838
     7.1400000        0.00076480        0.00019144
     7.1500000        0.00076446        0.00020147
     7.1600000        0.00076935        0.00021568
     7.1700000        0.00079451        0.00021172
     7.1800000        0.00079853        0.00019492
     7.1900000        0.00078730        0.00020018
     7.2000000        0.00077068        0.00020323
     7.2100000        0.00076874        0.00020006
     7.2200000        0.00078248        0.00019670
     7.2300000        0.00077824        0.00019842
     7.2400000        0.00076678        0.00020567
     7.2500000        0.00073536        0.00018559
     7.2600000        0.00069728        0.00018965
     7.2700000        0.00067731        0.00017318
     7.2800000        0.00064730        0.00016691
     7.2900000        0.00060874        0.00015546
     7.3000000        0.00062504        0.00014946
     7.3100000        0.00063866        0.00014344
     7.3200000        0.00065057        0.00013997
     7.3300000        0.00063099        0.00012478
     7.3400000        0.00062939        0.00013070
     7.3500000        0.00063800        0.00013051
     7.3600000        0.00063935        0.00015202
     7.3700000        0.00063919        0.00016561
     7.3800000        0.00064109        0.00017096
     7.3900000        0.00062668        0.00017215
     7.4000000        0.00062636        0.00017914
     7.4100000        0.00062895        0.00018474
     7.4200000        0.00063726        0.00017124
     7.4300000        0.00061845        0.00015884
     7.4400000        0.00065543        0.00017949
     7.4500000        0.00065790        0.00017122
     7.4600000        0.00068652        0.00016990
     7.4700000        0.00066754        0.00016390
     7.4800000        0.00065693        0.00013249
     7.4900000        0.00067970        0.00012242
     7.5000000        0.00068194        0.00011786
     7.5100000        0.00069655        0.00011560
     7.5200000        0.00068128        0.00010291
     7.5300000        0.00068232        0.00011233
     7.5400000        0.00067733        0.00011603
     7.5500000        0.00072917        0.00012545
     7.5600000        0.00073038        0.00013833
     7.5700000        0.00069688        0.00015101
     7.5800000        0.00067702        0.00011059
     7.5900000        0.00066834        0.00012570
     7.6000000        0.00071438        0.00010467
     7.6100000        0.00071532        0.00010461
     7.6200000        0.00074244        0.00007422
     7.6300000        0.00069138        0.00009493
     7.6400000        0.00065984        0.00011745
     7.6500000        0.00065824        0.00010009
     7.6600000        0.00065218        0.00012569
     7.6700000        0.00065868        0.00010748
     7.6800000        0.00069081        0.00008525
     7.6900000        0.00069299        0.00007911
     7.7000000        0.00067539        0.00007972
     7.7100000        0.00070669        0.00007163
     7.7200000        0.00068291        0.00008642
     7.7300000        0.00068027        0.00008991
     7.7400000        0.00068949        0.00008274
     7.7500000        0.00076086        0.00008214
     7.7600000        0.00073430        0.00008276
     7.7700000        0.00071234        0.00009106
     7.7800000        0.00072507        0.00009415
     7.7900000        0.00068392        0.00010514
     7.8000000        0.00071890        0.00013682
     7.8100000        0.00073383        0.00014007
     7.8200000        0.00074142        0.00015204
     7.8300000        0.00071394        0.00012965
     7.8400000        0.00076001        0.00015718
     7.8500000        0.00070926        0.00015947
     7.8600000        0.00066406        0.00015239
     7.8700000        0.00069824        0.00018736
     7.8800000        0.00072294        0.00019890
     7.8900000        0.00073607        0.00020244
     7.9000000        0.00072830        0.00022511
     7.9100000        0.00072433        0.00022374
     7.9200000        0.00073381        0.00021660
     7.9300000        0.00072695        0.00018566
     7.9400000        0.00070929        0.00017412
     7.9500000        0.00066905        0.00016281
     7.9600000        0.00065671        0.00013879
     7.9700000        0.00063898        0.00011578
     7.9800000        0.00063085        0.00012170
     7.9900000        0.00059889        0.00017175
     8.0000000        0.00060460        0.00016281
     8.0100000        0.00061785        0.00015461
     8.0200000        0.00061479        0.00016622
     8.0300000        0.00065502        0.00014293
     8.0400000        0.00073610        0.00008354
     8.0500000        0.00081764        0.00009709
     8.0600000        0.00075390        0.00011058
     8.0700000        0.00075702        0.00009423
     8.0800000        0.00081677        0.00012559
     8.0900000        0.00083591        0.00014452
     8.1000000        0.00084344        0.00014534
     8.1100000        0.00084774        0.00013506
     8.1200000        0.00084985        0.00014020
     8.1300000        0.00083273        0.00014399
     8.1400000        0.00082042        0.00022251
     8.1500000        0.00084296        0.00017899
     8.1600000        0.00084591        0.00017082
     8.1700000        0.00085678        0.00020298
     8.1800000        0.00083414        0.00022031
     8.1900000        0.00084081        0.00016708
     8.2000000        0.00081888        0.00016487
     8.2100000        0.00082152        0.00013835
     8.2200000        0.00081871        0.00012698
     8.2300000        0.00080638        0.00012922
     8.2400000        0.00081725        0.00012810
     8.2500000        0.00081517        0.00012616
     8.2600000        0.00083957        0.00011666
     8.2700000        0.00082326        0.00009427
     8.2800000        0.00080120        0.00007087
     8.2900000        0.00078482        0.00007349
     8.3000000        0.00076717        0.00005955
     8.3100000        0.00078640        0.00005113
     8.3200000        0.00078564        0.00005297
     8.3300000        0.00076211        0.00004340
     8.3400000        0.00076728        0.00002763
     8.3500000        0.00080285        0.00004744
     8.3600000        0.00082548        0.00006920
     8.3700000        0.00084279        0.00011257
     8.3800000        0.00087655        0.00013633
     8.3900000        0.00084163        0.00013042
     8.4000000        0.00083525        0.00013073
     8.4100000        0.00085130        0.00015527
     8.4200000        0.00083510        0.00014711
     8.4300000        0.00086873        0.00017406
     8.4400000        0.00085100        0.00016568
     8.4500000        0.00084290        0.00017129
     8.4600000        0.00085485        0.00020563
     8.4700000        0.00082325        0.00018229
     8.4800000        0.00081733        0.00017891
     8.4900000        0.00082519        0.00021561
     8.5000000        0.00086173        0.00024420
     8.5100000        0.00088816        0.00027357
     8.5200000        0.00091473        0.00031559
     8.5300000        0.00086124        0.00028225
     8.5400000        0.00083205        0.00029414
     8.5500000        0.00080537        0.00030488
     8.5600000        0.00078129        0.00031533
     8.5700000        0.00075340        0.00028514
     8.5800000        0.00074555        0.00030021
     8.5900000        0.00074524        0.00032440
     8.6000000        0.00070143        0.00033934
     8.6100000        0.00070576        0.00037517
     8.6200000        0.00072178        0.00038782
     8.6300000        0.00069105        0.00041278
     8.6400000        0.00071763        0.00044437
     8.6500000        0.00066724        0.00039210
     8.6600000        0.00065508        0.00038545
     8.6700000        0.00067366        0.00041425
     8.6800000        0.00060085        0.00035901
     8.6900000        0.00059660        0.00036171
     8.7000000        0.00056202        0.00035381
     8.7100000        0.00050882        0.00030131
     8.7200000        0.00046979        0.00026433
     8.7300000        0.00050437        0.00030759
     8.7400000        0.00050315        0.00032668
     8.7500000        0.00052342        0.00037478
     8.7600000        0.00046256        0.00037409
     8.7700000        0.00042852        0.00038176
     8.7800000        0.00046533        0.00039059
     8.7900000        0.00041752        0.00038040
     8.8000000        0.00043778        0.00037423
     8.8100000        0.00044888        0.00037041
     8.8200000        0.00044537        0.00038161
     8.8300000        0.00043369        0.00040078
     8.8400000        0.00040739        0.00047616
     8.8500000        0.00040258        0.00048951
     8.8600000        0.00036598        0.00052556
     8.8700000        0.00030973        0.00051202
     8.8800000        0.00025234        0.00056878
     8.8900000        0.00026985        0.00052516
     8.9000000        0.00024524        0.00056140
     8.9100000        0.00028687        0.00057650
     8.9200000        0.00029850        0.00057247
     8.9300000        0.00033241        0.00055055
     8.9400000        0.00030053        0.00055433
     8.9500000        0.00025665        0.00056869
     8.9600000        0.00024651        0.00061663
     8.9700000        0.00026671        0.00063308
     8.9800000        0.00027733        0.00057318
     8.9900000        0.00026127        0.00053598
     9.0000000        0.00019279        0.00061546
     9.0100000        0.00015849        0.00061328
     9.0200000        0.00017565        0.00058677
     9.0300000        0.00018261        0.00058738
     9.0400000        0.00016672        0.00052533
     9.0500000        0.00017135        0.00048790
     9.0600000        0.00023286        0.00047249
     9.0700000        0.00021643        0.00048100
     9.0800000        0.00018902        0.00047669
     9.0900000        0.00019708        0.00042848
     9.1000000        0.00020260        0.00043331
     9.1100000        0.00019944        0.00040744
     9.1200000        0.00015877        0.00042455
     9.1300000        0.00020294        0.00043075
     9.1400000        0.00018555        0.00045261
     9.1500000        0.00017904        0.00044951
     9.1600000        0.00021292        0.00041954
     9.1700000        0.00023935        0.00037585
     9.1800000        0.00025712        0.00036743
     9.1900000        0.00025947        0.00033710
     9.2000000        0.00025183        0.00035285
     9.2100000        0.00022228        0.00035504
     9.2200000        0.00027671        0.00036753
     9.2300000        0.00029182        0.00033778
     9.2400000        0.00033331        0.00029472
     9.2500000        0.00034374        0.00030127
     9.2600000        0.00034295        0.00030101
     9.2700000        0.00034235        0.00027648
     9.2800000        0.00033550        0.00025791
     9.2900000        0.00033821        0.00027139
     9.3000000        0.00031813        0.00026934
     9.3100000        0.00029091        0.00025219
     9.3200000        0.00030831        0.00027173
     9.3300000        0.00036423        0.00025642
     9.3400000        0.00037881        0.00028245
     9.3500000        0.00033545        0.00031769
     9.3600000        0.00031482        0.00032631
     9.3700000        0.00034055        0.00032942
     9.3800000        0.00032480        0.00034400
     9.3900000        0.00031284        0.00032854
     9.4000000        0.00036935        0.00032183
     9.4100000        0.00035755        0.00033977
     9.4200000        0.00040469        0.00034219
     9.4300000        0.00045261        0.00033024
     9.4400000        0.00043879        0.00033384
     9.4500000        0.00049281        0.00031023
     9.4600000        0.00047123        0.00033334
     9.4700000        0.00046962        0.00031949
     9.4800000        0.00045012        0.00032350
     9.4900000        0.00047021        0.00033981
     9.5000000        0.00041878        0.00034013
     9.5100000        0.00044678        0.00033656
     9.5200000        0.00048129        0.00034002
     9.5300000        0.00049025        0.00032126
     9.5400000        0.00048702        0.00033831
     9.5500000        0.00046602        0.00033617
     9.5600000        0.00044690        0.00034540
     9.5700000        0.00045974        0.00032071
     9.5800000        0.00047619        0.00030348
     9.5900000        0.00049512        0.00031011
     9.6000000        0.00047289        0.00029256
     9.6100000        0.00046911        0.00029150
     9.6200000        0.00047778        0.00031342
     9.6300000        0.00045903        0.00032322
     9.6400000        0.00047878        0.00032121
     9.6500000        0.00044399        0.00034968
     9.6600000        0.00044508        0.00036313
     9.6700000        0.00045608        0.00037526
     9.6800000        0.00047528        0.00039788
     9.6900000        0.00049231        0.00041549
     9.7000000        0.00048398        0.00041935
     9.7100000        0.00045219        0.00040482
     9.7200000        0.00042972        0.00040598
     9.7300000        0.00043596        0.00038436
     9.7400000        0.00041828        0.00036975
     9.7500000        0.00040804        0.00038618
     9.7600000        0.00037641        0.00040601
     9.7700000        0.00046542        0.00036322
     9.7800000        0.00039865        0.00039820
     9.7900000        0.00039481        0.00040555
     9.8000000        0.00041496        0.00037058
     9.8100000        0.00040567        0.00040080
     9.8200000        0.00029953        0.00044738
     9.8300000        0.00035435        0.00041766
     9.8400000        0.00029652        0.00047654
     9.8500000        0.00031786        0.00047850
     9.8600000        0.00032936        0.00047728
     9.8700000        0.00030825        0.00049559
     9.8800000        0.00027735        0.00051569
     9.8900000        0.00025938        0.00055545
     9.9000000        0.00026753        0.00055558
     9.9100000        0.00028450        0.00055489
     9.9200000        0.00030942        0.00051885
     9.9300000        0.00032679        0.00049336
     9.9400000        0.00035042        0.00048158
     9.9500000        0.00036429        0.00046832
     9.9600000        0.00036933        0.00046038
     9.9700000        0.00036355        0.00045673
     9.9800000        0.00041840        0.00043991
     9.9900000        0.00043018        0.00045253
    10.0000000        0.00047775        0.00044906
