          21           9   2.0000000000000000                1
     0.0000000        1.35735561        0.00406034
     0.1000000        1.18530728        0.00458875
     0.2000000        1.05056879        0.00366775
     0.3000000        0.94760008        0.00522455
     0.4000000        0.86675825        0.00486977
     0.5000000        0.79490960        0.00597518
     0.6000000        0.73454885        0.00568591
     0.7000000        0.68722665        0.00590058
     0.8000000        0.64869125        0.00575198
     0.9000000        0.61677765        0.00484629
     1.0000000        0.58708497        0.00440447
     1.1000000        0.56556897        0.00460099
     1.2000000        0.54551131        0.00501107
     1.3000000        0.53293875        0.00450235
     1.4000000        0.52330117        0.00395916
     1.5000000        0.52083191        0.00315292
     1.6000000        0.52755241        0.00257065
     1.7000000        0.53592143        0.00109728
     1.8000000        0.55365313        0.00204320
     1.9000000        0.58702457        0.00405485
     2.0000000        0.64264439        0.00406034
