          41           4   8.0000000000000000                1
     0.0000000        0.33320282        0.02122130
     0.1000000        0.18484593        0.02024059
     0.2000000        0.10525516        0.01842170
     0.3000000        0.06495410        0.01722155
     0.4000000        0.04571382        0.01737118
     0.5000000        0.03371852        0.01574768
     0.6000000        0.02463019        0.01295911
     0.7000000        0.01617928        0.01249886
     0.8000000        0.00863228        0.01290311
     0.9000000        0.00183280        0.01390718
     1.0000000       -0.00346914        0.01363419
     1.1000000       -0.00726540        0.01303646
     1.2000000       -0.00963685        0.01453667
     1.3000000       -0.01048139        0.01570449
     1.4000000       -0.01159633        0.01462625
     1.5000000       -0.01052080        0.01084321
     1.6000000       -0.00739440        0.00842396
     1.7000000       -0.00743818        0.00710589
     1.8000000       -0.00803840        0.00659922
     1.9000000       -0.00534159        0.00921153
     2.0000000       -0.00388348        0.01154790
     2.1000000       -0.00371546        0.01061499
     2.2000000       -0.00394253        0.00887668
     2.3000000       -0.00250870        0.00653968
     2.4000000        0.00059025        0.00453606
     2.5000000        0.00512222        0.00232184
     2.6000000        0.00823931        0.00315390
     2.7000000        0.00996021        0.00624957
     2.8000000        0.00913280        0.00805255
     2.9000000        0.00439068        0.00878513
     3.0000000        0.00262406        0.00879282
     3.1000000        0.00365190        0.00869651
     3.2000000        0.00489125        0.00921201
     3.3000000        0.00484277        0.01129335
     3.4000000        0.00245310        0.01469030
     3.5000000        0.00017165        0.01800724
     3.6000000       -0.00101981        0.01924508
     3.7000000       -0.00408637        0.01827831
     3.8000000       -0.00698563        0.01609007
     3.9000000       -0.00598129        0.01583656
     4.0000000       -0.00450768        0.01675119
