 0.10000000000000000E+001          1         64
( 0.00000000000000000E+000,-0.15125544773141782E-003)
-0.23561944901923448E+001 -0.23561944901923448E+001
( 0.11995173219957034E+001,-0.88238704236080073E-003)
-0.23561944901923448E+001 -0.15707963267948966E+001
( 0.10729905676470786E+001,-0.88238704236078642E-003)
-0.23561944901923448E+001 -0.78539816339744828E+000
( 0.96789783002620355E+000,-0.88238704236079531E-003)
-0.23561944901923448E+001  0.00000000000000000E+000
( 0.93134679047879354E+000,-0.88238704236080767E-003)
-0.23561944901923448E+001  0.78539816339744828E+000
( 0.96942469581194834E+000,-0.88238704236080995E-003)
-0.23561944901923448E+001  0.15707963267948966E+001
( 0.10730030014755059E+001,-0.88238704236077927E-003)
-0.23561944901923448E+001  0.23561944901923448E+001
( 0.11988341873986834E+001,-0.88238704236077851E-003)
-0.23561944901923448E+001  0.31415926535897931E+001
( 0.12577173381005204E+001,-0.88238704236079293E-003)
-0.15707963267948966E+001 -0.23561944901923448E+001
( 0.11371222025367351E+001,-0.12478837225689200E-002)
-0.15707963267948966E+001 -0.15707963267948966E+001
( 0.99099813907247736E+000,-0.12478837225689172E-002)
-0.15707963267948966E+001 -0.78539816339744828E+000
( 0.85710144662705079E+000,-0.12478837225689153E-002)
-0.15707963267948966E+001  0.00000000000000000E+000
( 0.80746662484388254E+000,-0.12478837225689291E-002)
-0.15707963267948966E+001  0.78539816339744828E+000
( 0.85829061809520191E+000,-0.12478837225689049E-002)
-0.15707963267948966E+001  0.15707963267948966E+001
( 0.99111085894041295E+000,-0.12478837225688838E-002)
-0.15707963267948966E+001  0.23561944901923448E+001
( 0.11370737326533129E+001,-0.12478837225688986E-002)
-0.15707963267948966E+001  0.31415926535897931E+001
( 0.12013412653364528E+001,-0.12478837225689166E-002)
-0.78539816339744828E+000 -0.23561944901923448E+001
( 0.10815030579212890E+001,-0.88238704236081092E-003)
-0.78539816339744828E+000 -0.15707963267948966E+001
( 0.90910907738502345E+000,-0.88238704236081255E-003)
-0.78539816339744828E+000 -0.78539816339744828E+000
( 0.73090135620969032E+000,-0.88238704236079325E-003)
-0.78539816339744828E+000  0.00000000000000000E+000
( 0.65520124026408133E+000,-0.88238704236080138E-003)
-0.78539816339744828E+000  0.78539816339744828E+000
( 0.73171192052885337E+000,-0.88238704236078989E-003)
-0.78539816339744828E+000  0.15707963267948966E+001
( 0.91027850081578821E+000,-0.88238704236076354E-003)
-0.78539816339744828E+000  0.23561944901923448E+001
( 0.10813942153467546E+001,-0.88238704236077081E-003)
-0.78539816339744828E+000  0.31415926535897931E+001
( 0.11504848462037092E+001,-0.88238704236079824E-003)
 0.00000000000000000E+000 -0.23561944901923448E+001
( 0.10624631046227775E+001,-0.14365678785432934E-016)
 0.00000000000000000E+000 -0.15707963267948966E+001
( 0.87707703426864514E+000,-0.24354540587151720E-016)
 0.00000000000000000E+000 -0.78539816339744828E+000
( 0.67371349323415808E+000,-0.74674424629939118E-017)
 0.00000000000000000E+000  0.00000000000000000E+000
( 0.58050264831559928E+000,-0.34673390037872359E-019)
 0.00000000000000000E+000  0.78539816339744828E+000
( 0.67371349323415808E+000, 0.74674424629939118E-017)
 0.00000000000000000E+000  0.15707963267948966E+001
( 0.87707703426864514E+000, 0.24336198220384906E-016)
 0.00000000000000000E+000  0.23561944901923448E+001
( 0.10624631046227775E+001, 0.14365678785432934E-016)
 0.00000000000000000E+000  0.31415926535897931E+001
( 0.11355368313235321E+001,-0.10577730707980141E-018)
 0.78539816339744828E+000 -0.23561944901923448E+001
( 0.10813942153467546E+001, 0.88238704236077081E-003)
 0.78539816339744828E+000 -0.15707963267948966E+001
( 0.91027850081578821E+000, 0.88238704236076354E-003)
 0.78539816339744828E+000 -0.78539816339744828E+000
( 0.73171192052885337E+000, 0.88238704236078989E-003)
 0.78539816339744828E+000  0.00000000000000000E+000
( 0.65520124026408133E+000, 0.88238704236080138E-003)
 0.78539816339744828E+000  0.78539816339744828E+000
( 0.73090135620969032E+000, 0.88238704236079325E-003)
 0.78539816339744828E+000  0.15707963267948966E+001
( 0.90910907738502345E+000, 0.88238704236081255E-003)
 0.78539816339744828E+000  0.23561944901923448E+001
( 0.10815030579212890E+001, 0.88238704236081092E-003)
 0.78539816339744828E+000  0.31415926535897931E+001
( 0.11504848462037092E+001, 0.88238704236080041E-003)
 0.15707963267948966E+001 -0.23561944901923448E+001
( 0.11370737326533129E+001, 0.12478837225688986E-002)
 0.15707963267948966E+001 -0.15707963267948966E+001
( 0.99111085894041295E+000, 0.12478837225688840E-002)
 0.15707963267948966E+001 -0.78539816339744828E+000
( 0.85829061809520191E+000, 0.12478837225689049E-002)
 0.15707963267948966E+001  0.00000000000000000E+000
( 0.80746662484388254E+000, 0.12478837225689291E-002)
 0.15707963267948966E+001  0.78539816339744828E+000
( 0.85710144662705079E+000, 0.12478837225689153E-002)
 0.15707963267948966E+001  0.15707963267948966E+001
( 0.99099813907247736E+000, 0.12478837225689172E-002)
 0.15707963267948966E+001  0.23561944901923448E+001
( 0.11371222025367351E+001, 0.12478837225689200E-002)
 0.15707963267948966E+001  0.31415926535897931E+001
( 0.12013412653364528E+001, 0.12478837225689159E-002)
 0.23561944901923448E+001 -0.23561944901923448E+001
( 0.11988341873986834E+001, 0.88238704236077851E-003)
 0.23561944901923448E+001 -0.15707963267948966E+001
( 0.10730030014755059E+001, 0.88238704236077927E-003)
 0.23561944901923448E+001 -0.78539816339744828E+000
( 0.96942469581194834E+000, 0.88238704236080995E-003)
 0.23561944901923448E+001  0.00000000000000000E+000
( 0.93134679047879354E+000, 0.88238704236080767E-003)
 0.23561944901923448E+001  0.78539816339744828E+000
( 0.96789783002620355E+000, 0.88238704236079531E-003)
 0.23561944901923448E+001  0.15707963267948966E+001
( 0.10729905676470786E+001, 0.88238704236078642E-003)
 0.23561944901923448E+001  0.23561944901923448E+001
( 0.11995173219957034E+001, 0.88238704236080073E-003)
 0.23561944901923448E+001  0.31415926535897931E+001
( 0.12577173381005204E+001, 0.88238704236078848E-003)
 0.31415926535897931E+001 -0.23561944901923448E+001
( 0.12243610458163126E+001,-0.17889335846010823E-017)
 0.31415926535897931E+001 -0.15707963267948966E+001
( 0.11044965742288635E+001,-0.64357453342623789E-017)
 0.31415926535897931E+001 -0.78539816339744828E+000
( 0.10105441242147462E+001, 0.31712913545201005E-017)
 0.31415926535897931E+001  0.00000000000000000E+000
( 0.98050219291125840E+000, 0.34492452825342413E-018)
 0.31415926535897931E+001  0.78539816339744828E+000
( 0.10105441242147464E+001,-0.11438332919722072E-016)
 0.31415926535897931E+001  0.15707963267948966E+001
( 0.11044965742288635E+001, 0.21495260458602554E-017)
 0.31415926535897931E+001  0.23561944901923448E+001
( 0.12243610458163126E+001, 0.15382118322138094E-017)
 0.31415926535897931E+001  0.31415926535897931E+001
( 0.12827454664095952E+001, 0.57139115316680363E-018)
 0.10000000000000000E+001          1         64
( 0.00000000000000000E+000,-0.73710606664087155E-004)
-0.23561944901923448E+001 -0.23561944901923448E+001
( 0.12011946485735250E+001,-0.11944360889135932E-003)
-0.23561944901923448E+001 -0.15707963267948966E+001
( 0.10725569296993607E+001,-0.11944360889135040E-003)
-0.23561944901923448E+001 -0.78539816339744828E+000
( 0.96759509962251899E+000,-0.11944360889133938E-003)
-0.23561944901923448E+001  0.00000000000000000E+000
( 0.93155332236847688E+000,-0.11944360889133689E-003)
-0.23561944901923448E+001  0.78539816339744828E+000
( 0.96770697104220216E+000,-0.11944360889135101E-003)
-0.23561944901923448E+001  0.15707963267948966E+001
( 0.10715494653226592E+001,-0.11944360889134461E-003)
-0.23561944901923448E+001  0.23561944901923448E+001
( 0.11998424711377285E+001,-0.11944360889136525E-003)
-0.23561944901923448E+001  0.31415926535897931E+001
( 0.12609048615319258E+001,-0.11944360889137176E-003)
-0.15707963267948966E+001 -0.23561944901923448E+001
( 0.11391679429689885E+001,-0.16891877163295084E-003)
-0.15707963267948966E+001 -0.15707963267948966E+001
( 0.98990685522639166E+000,-0.16891877163294490E-003)
-0.15707963267948966E+001 -0.78539816339744828E+000
( 0.85556291042634769E+000,-0.16891877163292506E-003)
-0.15707963267948966E+001  0.00000000000000000E+000
( 0.80594231613998035E+000,-0.16891877163291837E-003)
-0.15707963267948966E+001  0.78539816339744828E+000
( 0.85578018244225418E+000,-0.16891877163292571E-003)
-0.15707963267948966E+001  0.15707963267948966E+001
( 0.98969044039714849E+000,-0.16891877163293636E-003)
-0.15707963267948966E+001  0.23561944901923448E+001
( 0.11388651239485443E+001,-0.16891877163295008E-003)
-0.15707963267948966E+001  0.31415926535897931E+001
( 0.12052870817625476E+001,-0.16891877163295474E-003)
-0.78539816339744828E+000 -0.23561944901923448E+001
( 0.10838787505618295E+001,-0.11944360889136948E-003)
-0.78539816339744828E+000 -0.15707963267948966E+001
( 0.90986369021646984E+000,-0.11944360889134502E-003)
-0.78539816339744828E+000 -0.78539816339744828E+000
( 0.72876792540408486E+000,-0.11944360889134772E-003)
-0.78539816339744828E+000  0.00000000000000000E+000
( 0.65065588256760343E+000,-0.11944360889133269E-003)
-0.78539816339744828E+000  0.78539816339744828E+000
( 0.72771715620716892E+000,-0.11944360889134106E-003)
-0.78539816339744828E+000  0.15707963267948966E+001
( 0.90990239887177515E+000,-0.11944360889135020E-003)
-0.78539816339744828E+000  0.23561944901923448E+001
( 0.10848940525110817E+001,-0.11944360889135712E-003)
-0.78539816339744828E+000  0.31415926535897931E+001
( 0.11554211423634864E+001,-0.11944360889135968E-003)
 0.00000000000000000E+000 -0.23561944901923448E+001
( 0.10660120804412336E+001,-0.56920614055488983E-018)
 0.00000000000000000E+000 -0.15707963267948966E+001
( 0.87710953983488560E+000,-0.43948719773833442E-017)
 0.00000000000000000E+000 -0.78539816339744828E+000
( 0.67032010887763205E+000, 0.78198081690517007E-017)
 0.00000000000000000E+000  0.00000000000000000E+000
( 0.57468590781346685E+000, 0.87194893303020408E-020)
 0.00000000000000000E+000  0.78539816339744828E+000
( 0.67032010887763205E+000,-0.78198081690517007E-017)
 0.00000000000000000E+000  0.15707963267948966E+001
( 0.87710953983488560E+000, 0.43970574621827719E-017)
 0.00000000000000000E+000  0.23561944901923448E+001
( 0.10660120804412336E+001, 0.56920614055488983E-018)
 0.00000000000000000E+000  0.31415926535897931E+001
( 0.11414863119878293E+001,-0.14854461488316838E-018)
 0.78539816339744828E+000 -0.23561944901923448E+001
( 0.10848940525110817E+001, 0.11944360889135712E-003)
 0.78539816339744828E+000 -0.15707963267948966E+001
( 0.90990239887177515E+000, 0.11944360889135021E-003)
 0.78539816339744828E+000 -0.78539816339744828E+000
( 0.72771715620716892E+000, 0.11944360889134106E-003)
 0.78539816339744828E+000  0.00000000000000000E+000
( 0.65065588256760343E+000, 0.11944360889133269E-003)
 0.78539816339744828E+000  0.78539816339744828E+000
( 0.72876792540408486E+000, 0.11944360889134772E-003)
 0.78539816339744828E+000  0.15707963267948966E+001
( 0.90986369021646984E+000, 0.11944360889134502E-003)
 0.78539816339744828E+000  0.23561944901923448E+001
( 0.10838787505618295E+001, 0.11944360889136948E-003)
 0.78539816339744828E+000  0.31415926535897931E+001
( 0.11554211423634864E+001, 0.11944360889136921E-003)
 0.15707963267948966E+001 -0.23561944901923448E+001
( 0.11388651239485443E+001, 0.16891877163295008E-003)
 0.15707963267948966E+001 -0.15707963267948966E+001
( 0.98969044039714849E+000, 0.16891877163293636E-003)
 0.15707963267948966E+001 -0.78539816339744828E+000
( 0.85578018244225418E+000, 0.16891877163292571E-003)
 0.15707963267948966E+001  0.00000000000000000E+000
( 0.80594231613998035E+000, 0.16891877163291848E-003)
 0.15707963267948966E+001  0.78539816339744828E+000
( 0.85556291042634769E+000, 0.16891877163292506E-003)
 0.15707963267948966E+001  0.15707963267948966E+001
( 0.98990685522639166E+000, 0.16891877163294490E-003)
 0.15707963267948966E+001  0.23561944901923448E+001
( 0.11391679429689885E+001, 0.16891877163295084E-003)
 0.15707963267948966E+001  0.31415926535897931E+001
( 0.12052870817625476E+001, 0.16891877163295461E-003)
 0.23561944901923448E+001 -0.23561944901923448E+001
( 0.11998424711377285E+001, 0.11944360889136525E-003)
 0.23561944901923448E+001 -0.15707963267948966E+001
( 0.10715494653226592E+001, 0.11944360889134464E-003)
 0.23561944901923448E+001 -0.78539816339744828E+000
( 0.96770697104220216E+000, 0.11944360889135101E-003)
 0.23561944901923448E+001  0.00000000000000000E+000
( 0.93155332236847688E+000, 0.11944360889133690E-003)
 0.23561944901923448E+001  0.78539816339744828E+000
( 0.96759509962251899E+000, 0.11944360889133938E-003)
 0.23561944901923448E+001  0.15707963267948966E+001
( 0.10725569296993607E+001, 0.11944360889135040E-003)
 0.23561944901923448E+001  0.23561944901923448E+001
( 0.12011946485735250E+001, 0.11944360889135932E-003)
 0.23561944901923448E+001  0.31415926535897931E+001
( 0.12609048615319258E+001, 0.11944360889136043E-003)
 0.31415926535897931E+001 -0.23561944901923448E+001
( 0.12263971557749205E+001, 0.22971533529536625E-017)
 0.31415926535897931E+001 -0.15707963267948966E+001
( 0.11041844579165065E+001, 0.12984704348490541E-016)
 0.31415926535897931E+001 -0.78539816339744828E+000
( 0.10106214665071831E+001, 0.53532482266471781E-018)
 0.31415926535897931E+001  0.00000000000000000E+000
( 0.98135175631861427E+000, 0.23235392884958807E-018)
 0.31415926535897931E+001  0.78539816339744828E+000
( 0.10106214665071831E+001, 0.60240983208725840E-017)
 0.31415926535897931E+001  0.15707963267948966E+001
( 0.11041844579165065E+001,-0.37738934379622301E-017)
 0.31415926535897931E+001  0.23561944901923448E+001
( 0.12263971557749205E+001,-0.17821573210230479E-017)
 0.31415926535897931E+001  0.31415926535897931E+001
( 0.12861832089470069E+001, 0.48175566057101136E-018)
 0.10000000000000000E+001          1         64
( 0.00000000000000000E+000, 0.39263075978769049E-003)
-0.23561944901923448E+001 -0.23561944901923448E+001
( 0.11970699252923167E+001,-0.62858049263947566E-003)
-0.23561944901923448E+001 -0.15707963267948966E+001
( 0.10686631223549989E+001,-0.62858049263949604E-003)
-0.23561944901923448E+001 -0.78539816339744828E+000
( 0.96246182414284220E+000,-0.62858049263948888E-003)
-0.23561944901923448E+001  0.00000000000000000E+000
( 0.92640053413296253E+000,-0.62858049263948986E-003)
-0.23561944901923448E+001  0.78539816339744828E+000
( 0.96249462134748520E+000,-0.62858049263948173E-003)
-0.23561944901923448E+001  0.15707963267948966E+001
( 0.10676878638508644E+001,-0.62858049263948129E-003)
-0.23561944901923448E+001  0.23561944901923448E+001
( 0.11963409351314342E+001,-0.62858049263947219E-003)
-0.23561944901923448E+001  0.31415926535897931E+001
( 0.12559960372892047E+001,-0.62858049263947230E-003)
-0.15707963267948966E+001 -0.23561944901923448E+001
( 0.11374228518135943E+001,-0.88894705773390290E-003)
-0.15707963267948966E+001 -0.15707963267948966E+001
( 0.98837334182628378E+000,-0.88894705773391483E-003)
-0.15707963267948966E+001 -0.78539816339744828E+000
( 0.85336119078297301E+000,-0.88894705773392307E-003)
-0.15707963267948966E+001  0.00000000000000000E+000
( 0.80267574887659598E+000,-0.88894705773392090E-003)
-0.15707963267948966E+001  0.78539816339744828E+000
( 0.85164635888529272E+000,-0.88894705773392480E-003)
-0.15707963267948966E+001  0.15707963267948966E+001
( 0.98633028400856804E+000,-0.88894705773392101E-003)
-0.15707963267948966E+001  0.23561944901923448E+001
( 0.11353654665385038E+001,-0.88894705773391028E-003)
-0.15707963267948966E+001  0.31415926535897931E+001
( 0.12017409423897183E+001,-0.88894705773389260E-003)
-0.78539816339744828E+000 -0.23561944901923448E+001
( 0.10837520785860033E+001,-0.62858049263947446E-003)
-0.78539816339744828E+000 -0.15707963267948966E+001
( 0.90972835186916612E+000,-0.62858049263947793E-003)
-0.78539816339744828E+000 -0.78539816339744828E+000
( 0.72844142156217873E+000,-0.62858049263949084E-003)
-0.78539816339744828E+000  0.00000000000000000E+000
( 0.64929227104150211E+000,-0.62858049263949420E-003)
-0.78539816339744828E+000  0.78539816339744828E+000
( 0.72633199632480772E+000,-0.62858049263949636E-003)
-0.78539816339744828E+000  0.15707963267948966E+001
( 0.90818084627832052E+000,-0.62858049263949246E-003)
-0.78539816339744828E+000  0.23561944901923448E+001
( 0.10820597043962457E+001,-0.62858049263947468E-003)
-0.78539816339744828E+000  0.31415926535897931E+001
( 0.11533807937481917E+001,-0.62858049263947793E-003)
 0.00000000000000000E+000 -0.23561944901923448E+001
( 0.10652063181791676E+001, 0.10042422622646985E-016)
 0.00000000000000000E+000 -0.15707963267948966E+001
( 0.87728941597127941E+000, 0.12299307318141713E-016)
 0.00000000000000000E+000 -0.78539816339744828E+000
( 0.67036899309411047E+000, 0.11153729849444627E-016)
 0.00000000000000000E+000  0.00000000000000000E+000
( 0.57339699679202005E+000, 0.33107871465425453E-019)
 0.00000000000000000E+000  0.78539816339744828E+000
( 0.67036899309411047E+000,-0.11153729849444627E-016)
 0.00000000000000000E+000  0.15707963267948966E+001
( 0.87728941597127941E+000,-0.12237867014389254E-016)
 0.00000000000000000E+000  0.23561944901923448E+001
( 0.10652063181791676E+001,-0.10042422622646985E-016)
 0.00000000000000000E+000  0.31415926535897931E+001
( 0.11399602251646175E+001,-0.16215397224872347E-018)
 0.78539816339744828E+000 -0.23561944901923448E+001
( 0.10820597043962457E+001, 0.62858049263947468E-003)
 0.78539816339744828E+000 -0.15707963267948966E+001
( 0.90818084627832052E+000, 0.62858049263949246E-003)
 0.78539816339744828E+000 -0.78539816339744828E+000
( 0.72633199632480772E+000, 0.62858049263949636E-003)
 0.78539816339744828E+000  0.00000000000000000E+000
( 0.64929227104150211E+000, 0.62858049263949420E-003)
 0.78539816339744828E+000  0.78539816339744828E+000
( 0.72844142156217873E+000, 0.62858049263949084E-003)
 0.78539816339744828E+000  0.15707963267948966E+001
( 0.90972835186916612E+000, 0.62858049263947793E-003)
 0.78539816339744828E+000  0.23561944901923448E+001
( 0.10837520785860033E+001, 0.62858049263947446E-003)
 0.78539816339744828E+000  0.31415926535897931E+001
( 0.11533807937481917E+001, 0.62858049263947349E-003)
 0.15707963267948966E+001 -0.23561944901923448E+001
( 0.11353654665385038E+001, 0.88894705773391028E-003)
 0.15707963267948966E+001 -0.15707963267948966E+001
( 0.98633028400856804E+000, 0.88894705773392101E-003)
 0.15707963267948966E+001 -0.78539816339744828E+000
( 0.85164635888529272E+000, 0.88894705773392480E-003)
 0.15707963267948966E+001  0.00000000000000000E+000
( 0.80267574887659598E+000, 0.88894705773392090E-003)
 0.15707963267948966E+001  0.78539816339744828E+000
( 0.85336119078297301E+000, 0.88894705773392307E-003)
 0.15707963267948966E+001  0.15707963267948966E+001
( 0.98837334182628378E+000, 0.88894705773391483E-003)
 0.15707963267948966E+001  0.23561944901923448E+001
( 0.11374228518135943E+001, 0.88894705773390290E-003)
 0.15707963267948966E+001  0.31415926535897931E+001
( 0.12017409423897183E+001, 0.88894705773389325E-003)
 0.23561944901923448E+001 -0.23561944901923448E+001
( 0.11963409351314342E+001, 0.62858049263947219E-003)
 0.23561944901923448E+001 -0.15707963267948966E+001
( 0.10676878638508644E+001, 0.62858049263948119E-003)
 0.23561944901923448E+001 -0.78539816339744828E+000
( 0.96249462134748520E+000, 0.62858049263948173E-003)
 0.23561944901923448E+001  0.00000000000000000E+000
( 0.92640053413296253E+000, 0.62858049263948986E-003)
 0.23561944901923448E+001  0.78539816339744828E+000
( 0.96246182414284220E+000, 0.62858049263948888E-003)
 0.23561944901923448E+001  0.15707963267948966E+001
( 0.10686631223549989E+001, 0.62858049263949604E-003)
 0.23561944901923448E+001  0.23561944901923448E+001
( 0.11970699252923167E+001, 0.62858049263947566E-003)
 0.23561944901923448E+001  0.31415926535897931E+001
( 0.12559960372892047E+001, 0.62858049263947522E-003)
 0.31415926535897931E+001 -0.23561944901923448E+001
( 0.12210145829887962E+001, 0.29951085014912060E-017)
 0.31415926535897931E+001 -0.15707963267948966E+001
( 0.10993492655173747E+001,-0.82070617935472619E-017)
 0.31415926535897931E+001 -0.78539816339744828E+000
( 0.10053752565556331E+001,-0.14758702072958929E-016)
 0.31415926535897931E+001  0.00000000000000000E+000
( 0.97571986175487391E+000, 0.36271509464198348E-018)
 0.31415926535897931E+001  0.78539816339744828E+000
( 0.10053752565556331E+001, 0.83619092552944529E-017)
 0.31415926535897931E+001  0.15707963267948966E+001
( 0.10993492655173747E+001, 0.14260716832827225E-016)
 0.31415926535897931E+001  0.23561944901923448E+001
( 0.12210145829887962E+001,-0.22361669807513529E-017)
 0.31415926535897931E+001  0.31415926535897931E+001
( 0.12814221522064968E+001, 0.72525263578296554E-018)
 0.10000000000000000E+001          1         64
( 0.00000000000000000E+000,-0.31789361114380410E-003)
-0.23561944901923448E+001 -0.23561944901923448E+001
( 0.12014103032753050E+001,-0.65010477401002283E-003)
-0.23561944901923448E+001 -0.15707963267948966E+001
( 0.10742858539197231E+001,-0.65010477401000982E-003)
-0.23561944901923448E+001 -0.78539816339744828E+000
( 0.96943786370081531E+000,-0.65010477401001307E-003)
-0.23561944901923448E+001  0.00000000000000000E+000
( 0.93160545558611707E+000,-0.65010477401000928E-003)
-0.23561944901923448E+001  0.78539816339744828E+000
( 0.96712002566651323E+000,-0.65010477401002890E-003)
-0.23561944901923448E+001  0.15707963267948966E+001
( 0.10704195568929169E+001,-0.65010477401004408E-003)
-0.23561944901923448E+001  0.23561944901923448E+001
( 0.11987528575801196E+001,-0.65010477401002706E-003)
-0.23561944901923448E+001  0.31415926535897931E+001
( 0.12591454823483126E+001,-0.65010477401002164E-003)
-0.15707963267948966E+001 -0.23561944901923448E+001
( 0.11395983335721218E+001,-0.91938698836846304E-003)
-0.15707963267948966E+001 -0.15707963267948966E+001
( 0.99172838612564895E+000,-0.91938698836844146E-003)
-0.15707963267948966E+001 -0.78539816339744828E+000
( 0.85577310363157255E+000,-0.91938698836844265E-003)
-0.15707963267948966E+001  0.00000000000000000E+000
( 0.80390216675597215E+000,-0.91938698836842856E-003)
-0.15707963267948966E+001  0.78539816339744828E+000
( 0.85277620027186007E+000,-0.91938698836847561E-003)
-0.15707963267948966E+001  0.15707963267948966E+001
( 0.98616720428177529E+000,-0.91938698836848819E-003)
-0.15707963267948966E+001  0.23561944901923448E+001
( 0.11361523419508739E+001,-0.91938698836847019E-003)
-0.15707963267948966E+001  0.31415926535897931E+001
( 0.12033974827297143E+001,-0.91938698836845154E-003)
-0.78539816339744828E+000 -0.23561944901923448E+001
( 0.10846902892051324E+001,-0.65010477401000527E-003)
-0.78539816339744828E+000 -0.15707963267948966E+001
( 0.91024464512333658E+000,-0.65010477400999171E-003)
-0.78539816339744828E+000 -0.78539816339744828E+000
( 0.72678252631720097E+000,-0.65010477400999106E-003)
-0.78539816339744828E+000  0.00000000000000000E+000
( 0.64676948498908027E+000,-0.65010477401000744E-003)
-0.78539816339744828E+000  0.78539816339744828E+000
( 0.72341341307950091E+000,-0.65010477401003519E-003)
-0.78539816339744828E+000  0.15707963267948966E+001
( 0.90618491273776192E+000,-0.65010477401006728E-003)
-0.78539816339744828E+000  0.23561944901923448E+001
( 0.10818115527460590E+001,-0.65010477401005102E-003)
-0.78539816339744828E+000  0.31415926535897931E+001
( 0.11535541037882817E+001,-0.65010477401003313E-003)
 0.00000000000000000E+000 -0.23561944901923448E+001
( 0.10642477062770288E+001, 0.28470471423111543E-016)
 0.00000000000000000E+000 -0.15707963267948966E+001
( 0.87620773150449527E+000, 0.37690788701908218E-016)
 0.00000000000000000E+000 -0.78539816339744828E+000
( 0.66647887818938534E+000, 0.26115719829744588E-016)
 0.00000000000000000E+000  0.00000000000000000E+000
( 0.56916719325109022E+000, 0.16512103065790323E-019)
 0.00000000000000000E+000  0.78539816339744828E+000
( 0.66647887818938534E+000,-0.26115719829744588E-016)
 0.00000000000000000E+000  0.15707963267948966E+001
( 0.87620773150449527E+000,-0.37687506037784850E-016)
 0.00000000000000000E+000  0.23561944901923448E+001
( 0.10642477062770288E+001,-0.28470471423111543E-016)
 0.00000000000000000E+000  0.31415926535897931E+001
( 0.11394419196781178E+001,-0.30549846943782104E-019)
 0.78539816339744828E+000 -0.23561944901923448E+001
( 0.10818115527460590E+001, 0.65010477401005102E-003)
 0.78539816339744828E+000 -0.15707963267948966E+001
( 0.90618491273776192E+000, 0.65010477401006728E-003)
 0.78539816339744828E+000 -0.78539816339744828E+000
( 0.72341341307950091E+000, 0.65010477401003519E-003)
 0.78539816339744828E+000  0.00000000000000000E+000
( 0.64676948498908027E+000, 0.65010477401000744E-003)
 0.78539816339744828E+000  0.78539816339744828E+000
( 0.72678252631720097E+000, 0.65010477400999106E-003)
 0.78539816339744828E+000  0.15707963267948966E+001
( 0.91024464512333658E+000, 0.65010477400999171E-003)
 0.78539816339744828E+000  0.23561944901923448E+001
( 0.10846902892051324E+001, 0.65010477401000527E-003)
 0.78539816339744828E+000  0.31415926535897931E+001
( 0.11535541037882817E+001, 0.65010477401002500E-003)
 0.15707963267948966E+001 -0.23561944901923448E+001
( 0.11361523419508739E+001, 0.91938698836847019E-003)
 0.15707963267948966E+001 -0.15707963267948966E+001
( 0.98616720428177529E+000, 0.91938698836848841E-003)
 0.15707963267948966E+001 -0.78539816339744828E+000
( 0.85277620027186007E+000, 0.91938698836847561E-003)
 0.15707963267948966E+001  0.00000000000000000E+000
( 0.80390216675597215E+000, 0.91938698836842856E-003)
 0.15707963267948966E+001  0.78539816339744828E+000
( 0.85577310363157255E+000, 0.91938698836844265E-003)
 0.15707963267948966E+001  0.15707963267948966E+001
( 0.99172838612564895E+000, 0.91938698836844146E-003)
 0.15707963267948966E+001  0.23561944901923448E+001
( 0.11395983335721218E+001, 0.91938698836846304E-003)
 0.15707963267948966E+001  0.31415926535897931E+001
( 0.12033974827297143E+001, 0.91938698836845783E-003)
 0.23561944901923448E+001 -0.23561944901923448E+001
( 0.11987528575801196E+001, 0.65010477401002706E-003)
 0.23561944901923448E+001 -0.15707963267948966E+001
( 0.10704195568929169E+001, 0.65010477401004408E-003)
 0.23561944901923448E+001 -0.78539816339744828E+000
( 0.96712002566651323E+000, 0.65010477401002890E-003)
 0.23561944901923448E+001  0.00000000000000000E+000
( 0.93160545558611707E+000, 0.65010477401000928E-003)
 0.23561944901923448E+001  0.78539816339744828E+000
( 0.96943786370081531E+000, 0.65010477401001307E-003)
 0.23561944901923448E+001  0.15707963267948966E+001
( 0.10742858539197231E+001, 0.65010477401000982E-003)
 0.23561944901923448E+001  0.23561944901923448E+001
( 0.12014103032753050E+001, 0.65010477401002283E-003)
 0.23561944901923448E+001  0.31415926535897931E+001
( 0.12591454823483126E+001, 0.65010477401002793E-003)
 0.31415926535897931E+001 -0.23561944901923448E+001
( 0.12254408098977765E+001,-0.15890338090490674E-017)
 0.31415926535897931E+001 -0.15707963267948966E+001
( 0.11045720220667010E+001, 0.90711668614802242E-017)
 0.31415926535897931E+001 -0.78539816339744828E+000
( 0.10126465392383912E+001, 0.66339620428956803E-017)
 0.31415926535897931E+001  0.00000000000000000E+000
( 0.98393790094141431E+000, 0.38514651892067859E-018)
 0.31415926535897931E+001  0.78539816339744828E+000
( 0.10126465392383912E+001,-0.57259427234390703E-018)
 0.31415926535897931E+001  0.15707963267948966E+001
( 0.11045720220667010E+001,-0.16984580209280609E-016)
 0.31415926535897931E+001  0.23561944901923448E+001
( 0.12254408098977765E+001, 0.13112070023496569E-017)
 0.31415926535897931E+001  0.31415926535897931E+001
( 0.12838508531143276E+001, 0.45762929739067063E-018)
 0.10000000000000000E+001          1         64
( 0.00000000000000000E+000,-0.14454172562957705E-003)
-0.23561944901923448E+001 -0.23561944901923448E+001
( 0.11929577415489321E+001,-0.32653588165047065E-003)
-0.23561944901923448E+001 -0.15707963267948966E+001
( 0.10681218265965857E+001,-0.32653588165046810E-003)
-0.23561944901923448E+001 -0.78539816339744828E+000
( 0.96556909055096363E+000,-0.32653588165047661E-003)
-0.23561944901923448E+001  0.00000000000000000E+000
( 0.92896769322338679E+000,-0.32653588165046604E-003)
-0.23561944901923448E+001  0.78539816339744828E+000
( 0.96396033797965341E+000,-0.32653588165046572E-003)
-0.23561944901923448E+001  0.15707963267948966E+001
( 0.10659287857685900E+001,-0.32653588165045298E-003)
-0.23561944901923448E+001  0.23561944901923448E+001
( 0.11905477001187614E+001,-0.32653588165044658E-003)
-0.23561944901923448E+001  0.31415926535897931E+001
( 0.12505034461393771E+001,-0.32653588165045526E-003)
-0.15707963267948966E+001 -0.23561944901923448E+001
( 0.11333210790556651E+001,-0.46179147243153988E-003)
-0.15707963267948966E+001 -0.15707963267948966E+001
( 0.98717016951533754E+000,-0.46179147243156666E-003)
-0.15707963267948966E+001 -0.78539816339744828E+000
( 0.85455386988416193E+000,-0.46179147243155706E-003)
-0.15707963267948966E+001  0.00000000000000000E+000
( 0.80458544555733047E+000,-0.46179147243155983E-003)
-0.15707963267948966E+001  0.78539816339744828E+000
( 0.85291637571087575E+000,-0.46179147243153586E-003)
-0.15707963267948966E+001  0.15707963267948966E+001
( 0.98467530161503325E+000,-0.46179147243153277E-003)
-0.15707963267948966E+001  0.23561944901923448E+001
( 0.11315460413070957E+001,-0.46179147243153109E-003)
-0.15707963267948966E+001  0.31415926535897931E+001
( 0.11969392617290988E+001,-0.46179147243153456E-003)
-0.78539816339744828E+000 -0.23561944901923448E+001
( 0.10801942907111366E+001,-0.32653588165046794E-003)
-0.78539816339744828E+000 -0.15707963267948966E+001
( 0.90720575111276913E+000,-0.32653588165047689E-003)
-0.78539816339744828E+000 -0.78539816339744828E+000
( 0.72600710034500571E+000,-0.32653588165050074E-003)
-0.78539816339744828E+000  0.00000000000000000E+000
( 0.64908528669699039E+000,-0.32653588165046968E-003)
-0.78539816339744828E+000  0.78539816339744828E+000
( 0.72660238815000078E+000,-0.32653588165045732E-003)
-0.78539816339744828E+000  0.15707963267948966E+001
( 0.90657855160261891E+000,-0.32653588165044268E-003)
-0.78539816339744828E+000  0.23561944901923448E+001
( 0.10788702528873806E+001,-0.32653588165043612E-003)
-0.78539816339744828E+000  0.31415926535897931E+001
( 0.11492960572765925E+001,-0.32653588165045298E-003)
 0.00000000000000000E+000 -0.23561944901923448E+001
( 0.10611728888196701E+001,-0.27321894746634712E-016)
 0.00000000000000000E+000 -0.15707963267948966E+001
( 0.87416928948026429E+000,-0.19991450440523660E-016)
 0.00000000000000000E+000 -0.78539816339744828E+000
( 0.66816612519870233E+000,-0.25211088642076995E-016)
 0.00000000000000000E+000  0.00000000000000000E+000
( 0.57292391459044745E+000,-0.22812372747622565E-019)
 0.00000000000000000E+000  0.78539816339744828E+000
( 0.66816612519870233E+000, 0.25211088642076995E-016)
 0.00000000000000000E+000  0.15707963267948966E+001
( 0.87416928948026429E+000, 0.19967299113637822E-016)
 0.00000000000000000E+000  0.23561944901923448E+001
( 0.10611728888196701E+001, 0.27321894746634712E-016)
 0.00000000000000000E+000  0.31415926535897931E+001
( 0.11352985849525596E+001,-0.12546892189185071E-018)
 0.78539816339744828E+000 -0.23561944901923448E+001
( 0.10788702528873806E+001, 0.32653588165043612E-003)
 0.78539816339744828E+000 -0.15707963267948966E+001
( 0.90657855160261891E+000, 0.32653588165044268E-003)
 0.78539816339744828E+000 -0.78539816339744828E+000
( 0.72660238815000078E+000, 0.32653588165045732E-003)
 0.78539816339744828E+000  0.00000000000000000E+000
( 0.64908528669699039E+000, 0.32653588165046968E-003)
 0.78539816339744828E+000  0.78539816339744828E+000
( 0.72600710034500571E+000, 0.32653588165050074E-003)
 0.78539816339744828E+000  0.15707963267948966E+001
( 0.90720575111276913E+000, 0.32653588165047689E-003)
 0.78539816339744828E+000  0.23561944901923448E+001
( 0.10801942907111366E+001, 0.32653588165046794E-003)
 0.78539816339744828E+000  0.31415926535897931E+001
( 0.11492960572765925E+001, 0.32653588165045835E-003)
 0.15707963267948966E+001 -0.23561944901923448E+001
( 0.11315460413070957E+001, 0.46179147243153109E-003)
 0.15707963267948966E+001 -0.15707963267948966E+001
( 0.98467530161503325E+000, 0.46179147243153277E-003)
 0.15707963267948966E+001 -0.78539816339744828E+000
( 0.85291637571087575E+000, 0.46179147243153586E-003)
 0.15707963267948966E+001  0.00000000000000000E+000
( 0.80458544555733047E+000, 0.46179147243155983E-003)
 0.15707963267948966E+001  0.78539816339744828E+000
( 0.85455386988416193E+000, 0.46179147243155706E-003)
 0.15707963267948966E+001  0.15707963267948966E+001
( 0.98717016951533754E+000, 0.46179147243156666E-003)
 0.15707963267948966E+001  0.23561944901923448E+001
( 0.11333210790556651E+001, 0.46179147243153988E-003)
 0.15707963267948966E+001  0.31415926535897931E+001
( 0.11969392617290988E+001, 0.46179147243153429E-003)
 0.23561944901923448E+001 -0.23561944901923448E+001
( 0.11905477001187614E+001, 0.32653588165044658E-003)
 0.23561944901923448E+001 -0.15707963267948966E+001
( 0.10659287857685900E+001, 0.32653588165045298E-003)
 0.23561944901923448E+001 -0.78539816339744828E+000
( 0.96396033797965341E+000, 0.32653588165046572E-003)
 0.23561944901923448E+001  0.00000000000000000E+000
( 0.92896769322338679E+000, 0.32653588165046604E-003)
 0.23561944901923448E+001  0.78539816339744828E+000
( 0.96556909055096363E+000, 0.32653588165047661E-003)
 0.23561944901923448E+001  0.15707963267948966E+001
( 0.10681218265965857E+001, 0.32653588165046810E-003)
 0.23561944901923448E+001  0.23561944901923448E+001
( 0.11929577415489321E+001, 0.32653588165047065E-003)
 0.23561944901923448E+001  0.31415926535897931E+001
( 0.12505034461393771E+001, 0.32653588165045135E-003)
 0.31415926535897931E+001 -0.23561944901923448E+001
( 0.12172231692299404E+001,-0.10426975580700437E-016)
 0.31415926535897931E+001 -0.15707963267948966E+001
( 0.10990779727231483E+001,-0.53180235944941617E-017)
 0.31415926535897931E+001 -0.78539816339744828E+000
( 0.10081317020122837E+001,-0.72404376331297593E-017)
 0.31415926535897931E+001  0.00000000000000000E+000
( 0.97918927867078087E+000, 0.38756854622026638E-018)
 0.31415926535897931E+001  0.78539816339744828E+000
( 0.10081317020122837E+001, 0.14287751754285538E-016)
 0.31415926535897931E+001  0.15707963267948966E+001
( 0.10990779727231483E+001, 0.11116927193158476E-016)
 0.31415926535897931E+001  0.23561944901923448E+001
( 0.12172231692299404E+001, 0.11589104784333337E-016)
 0.31415926535897931E+001  0.31415926535897931E+001
( 0.12757294965171313E+001, 0.52505031387983318E-018)
 0.10000000000000000E+001          1         64
( 0.00000000000000000E+000, 0.11843852943068774E-004)
-0.23561944901923448E+001 -0.23561944901923448E+001
( 0.11987217234736773E+001, 0.40216558228725098E-003)
-0.23561944901923448E+001 -0.15707963267948966E+001
( 0.10731042408630036E+001, 0.40216558228724805E-003)
-0.23561944901923448E+001 -0.78539816339744828E+000
( 0.97002969858236099E+000, 0.40216558228723965E-003)
-0.23561944901923448E+001  0.00000000000000000E+000
( 0.93352330971305730E+000, 0.40216558228723406E-003)
-0.23561944901923448E+001  0.78539816339744828E+000
( 0.96883319449865535E+000, 0.40216558228723791E-003)
-0.23561944901923448E+001  0.15707963267948966E+001
( 0.10720962236058278E+001, 0.40216558228724290E-003)
-0.23561944901923448E+001  0.23561944901923448E+001
( 0.11984862370270442E+001, 0.40216558228723992E-003)
-0.23561944901923448E+001  0.31415926535897931E+001
( 0.12578329743002061E+001, 0.40216558228725716E-003)
-0.15707963267948966E+001 -0.23561944901923448E+001
( 0.11378712230786270E+001, 0.56874802079028963E-003)
-0.15707963267948966E+001 -0.15707963267948966E+001
( 0.99096589909698474E+000, 0.56874802079029797E-003)
-0.15707963267948966E+001 -0.78539816339744828E+000
( 0.85729940440210850E+000, 0.56874802079029060E-003)
-0.15707963267948966E+001  0.00000000000000000E+000
( 0.80706329758156015E+000, 0.56874802079029808E-003)
-0.15707963267948966E+001  0.78539816339744828E+000
( 0.85595141324831969E+000, 0.56874802079029288E-003)
-0.15707963267948966E+001  0.15707963267948966E+001
( 0.98908872280957927E+000, 0.56874802079029732E-003)
-0.15707963267948966E+001  0.23561944901923448E+001
( 0.11365820261377404E+001, 0.56874802079029288E-003)
-0.15707963267948966E+001  0.31415926535897931E+001
( 0.12017019428698581E+001, 0.56874802079031044E-003)
-0.78539816339744828E+000 -0.23561944901923448E+001
( 0.10830129789575191E+001, 0.40216558228723932E-003)
-0.78539816339744828E+000 -0.15707963267948966E+001
( 0.90999394904419739E+000, 0.40216558228724062E-003)
-0.78539816339744828E+000 -0.78539816339744828E+000
( 0.72888355446557473E+000, 0.40216558228724377E-003)
-0.78539816339744828E+000  0.00000000000000000E+000
( 0.65053469243113016E+000, 0.40216558228723591E-003)
-0.78539816339744828E+000  0.78539816339744828E+000
( 0.72754250539791343E+000, 0.40216558228723255E-003)
-0.78539816339744828E+000  0.15707963267948966E+001
( 0.90845130561954812E+000, 0.40216558228724599E-003)
-0.78539816339744828E+000  0.23561944901923448E+001
( 0.10820698084905762E+001, 0.40216558228724957E-003)
-0.78539816339744828E+000  0.31415926535897931E+001
( 0.11523807411783373E+001, 0.40216558228724187E-003)
 0.00000000000000000E+000 -0.23561944901923448E+001
( 0.10636381038009401E+001,-0.12298918394132441E-017)
 0.00000000000000000E+000 -0.15707963267948966E+001
( 0.87612594468154481E+000,-0.15600295755518744E-017)
 0.00000000000000000E+000 -0.78539816339744828E+000
( 0.66956248032259014E+000,-0.13078188705606397E-017)
 0.00000000000000000E+000  0.00000000000000000E+000
( 0.57408959115928848E+000,-0.33811244490884965E-021)
 0.00000000000000000E+000  0.78539816339744828E+000
( 0.66956248032259014E+000, 0.13078188705606397E-017)
 0.00000000000000000E+000  0.15707963267948966E+001
( 0.87612594468154481E+000, 0.15747717312964074E-017)
 0.00000000000000000E+000  0.23561944901923448E+001
( 0.10636381038009401E+001, 0.12298918394132441E-017)
 0.00000000000000000E+000  0.31415926535897931E+001
( 0.11374717939387062E+001,-0.13546427377777207E-018)
 0.78539816339744828E+000 -0.23561944901923448E+001
( 0.10820698084905762E+001,-0.40216558228724957E-003)
 0.78539816339744828E+000 -0.15707963267948966E+001
( 0.90845130561954812E+000,-0.40216558228724599E-003)
 0.78539816339744828E+000 -0.78539816339744828E+000
( 0.72754250539791343E+000,-0.40216558228723255E-003)
 0.78539816339744828E+000  0.00000000000000000E+000
( 0.65053469243113016E+000,-0.40216558228723591E-003)
 0.78539816339744828E+000  0.78539816339744828E+000
( 0.72888355446557473E+000,-0.40216558228724377E-003)
 0.78539816339744828E+000  0.15707963267948966E+001
( 0.90999394904419739E+000,-0.40216558228724062E-003)
 0.78539816339744828E+000  0.23561944901923448E+001
( 0.10830129789575191E+001,-0.40216558228723932E-003)
 0.78539816339744828E+000  0.31415926535897931E+001
( 0.11523807411783373E+001,-0.40216558228724295E-003)
 0.15707963267948966E+001 -0.23561944901923448E+001
( 0.11365820261377404E+001,-0.56874802079029288E-003)
 0.15707963267948966E+001 -0.15707963267948966E+001
( 0.98908872280957927E+000,-0.56874802079029732E-003)
 0.15707963267948966E+001 -0.78539816339744828E+000
( 0.85595141324831969E+000,-0.56874802079029288E-003)
 0.15707963267948966E+001  0.00000000000000000E+000
( 0.80706329758156015E+000,-0.56874802079029808E-003)
 0.15707963267948966E+001  0.78539816339744828E+000
( 0.85729940440210850E+000,-0.56874802079029060E-003)
 0.15707963267948966E+001  0.15707963267948966E+001
( 0.99096589909698474E+000,-0.56874802079029797E-003)
 0.15707963267948966E+001  0.23561944901923448E+001
( 0.11378712230786270E+001,-0.56874802079028963E-003)
 0.15707963267948966E+001  0.31415926535897931E+001
( 0.12017019428698581E+001,-0.56874802079031088E-003)
 0.23561944901923448E+001 -0.23561944901923448E+001
( 0.11984862370270442E+001,-0.40216558228723992E-003)
 0.23561944901923448E+001 -0.15707963267948966E+001
( 0.10720962236058278E+001,-0.40216558228724290E-003)
 0.23561944901923448E+001 -0.78539816339744828E+000
( 0.96883319449865535E+000,-0.40216558228723791E-003)
 0.23561944901923448E+001  0.00000000000000000E+000
( 0.93352330971305730E+000,-0.40216558228723406E-003)
 0.23561944901923448E+001  0.78539816339744828E+000
( 0.97002969858236099E+000,-0.40216558228723965E-003)
 0.23561944901923448E+001  0.15707963267948966E+001
( 0.10731042408630036E+001,-0.40216558228724805E-003)
 0.23561944901923448E+001  0.23561944901923448E+001
( 0.11987217234736773E+001,-0.40216558228725098E-003)
 0.23561944901923448E+001  0.31415926535897931E+001
( 0.12578329743002061E+001,-0.40216558228724713E-003)
 0.31415926535897931E+001 -0.23561944901923448E+001
( 0.12243215644495040E+001, 0.44384526436125338E-017)
 0.31415926535897931E+001 -0.15707963267948966E+001
( 0.11045426690505882E+001, 0.42795315489581371E-017)
 0.31415926535897931E+001 -0.78539816339744828E+000
( 0.10131851628898290E+001, 0.79790503631355092E-017)
 0.31415926535897931E+001  0.00000000000000000E+000
( 0.98342000874698954E+000, 0.17388318409505261E-018)
 0.31415926535897931E+001  0.78539816339744828E+000
( 0.10131851628898290E+001,-0.15687050183149642E-017)
 0.31415926535897931E+001  0.15707963267948966E+001
( 0.11045426690505882E+001,-0.12131977100347776E-016)
 0.31415926535897931E+001  0.23561944901923448E+001
( 0.12243215644495040E+001,-0.41131919918668824E-017)
 0.31415926535897931E+001  0.31415926535897931E+001
( 0.12838459123254267E+001, 0.31599621520121004E-018)
 0.10000000000000000E+001          1         64
( 0.00000000000000000E+000, 0.37988092950607896E-003)
-0.23561944901923448E+001 -0.23561944901923448E+001
( 0.11976219947124236E+001, 0.29321055734375255E-003)
-0.23561944901923448E+001 -0.15707963267948966E+001
( 0.10722893330573326E+001, 0.29321055734373596E-003)
-0.23561944901923448E+001 -0.78539816339744828E+000
( 0.96788561316873811E+000, 0.29321055734375147E-003)
-0.23561944901923448E+001  0.00000000000000000E+000
( 0.93156125292537184E+000, 0.29321055734374675E-003)
-0.23561944901923448E+001  0.78539816339744828E+000
( 0.96807563559346488E+000, 0.29321055734375602E-003)
-0.23561944901923448E+001  0.15707963267948966E+001
( 0.10718178815543513E+001, 0.29321055734376009E-003)
-0.23561944901923448E+001  0.23561944901923448E+001
( 0.11984900704477652E+001, 0.29321055734375049E-003)
-0.23561944901923448E+001  0.31415926535897931E+001
( 0.12575118255600317E+001, 0.29321055734375174E-003)
-0.15707963267948966E+001 -0.23561944901923448E+001
( 0.11360416634815766E+001, 0.41466234682650431E-003)
-0.15707963267948966E+001 -0.15707963267948966E+001
( 0.98938404887004094E+000, 0.41466234682650398E-003)
-0.15707963267948966E+001 -0.78539816339744828E+000
( 0.85575594027136226E+000, 0.41466234682650707E-003)
-0.15707963267948966E+001  0.00000000000000000E+000
( 0.80629011103721404E+000, 0.41466234682649173E-003)
-0.15707963267948966E+001  0.78539816339744828E+000
( 0.85570265572872029E+000, 0.41466234682650577E-003)
-0.15707963267948966E+001  0.15707963267948966E+001
( 0.98984429292946774E+000, 0.41466234682650203E-003)
-0.15707963267948966E+001  0.23561944901923448E+001
( 0.11373338218489262E+001, 0.41466234682651509E-003)
-0.15707963267948966E+001  0.31415926535897931E+001
( 0.12007000326206911E+001, 0.41466234682649243E-003)
-0.78539816339744828E+000 -0.23561944901923448E+001
( 0.10817641416101140E+001, 0.29321055734376074E-003)
-0.78539816339744828E+000 -0.15707963267948966E+001
( 0.90823019338690492E+000, 0.29321055734375808E-003)
-0.78539816339744828E+000 -0.78539816339744828E+000
( 0.72812739442192242E+000, 0.29321055734375537E-003)
-0.78539816339744828E+000  0.00000000000000000E+000
( 0.65128269741931810E+000, 0.29321055734374626E-003)
-0.78539816339744828E+000  0.78539816339744828E+000
( 0.72865137720763284E+000, 0.29321055734375396E-003)
-0.78539816339744828E+000  0.15707963267948966E+001
( 0.90925698221413265E+000, 0.29321055734373450E-003)
-0.78539816339744828E+000  0.23561944901923448E+001
( 0.10820309523105442E+001, 0.29321055734374155E-003)
-0.78539816339744828E+000  0.31415926535897931E+001
( 0.11515936791850585E+001, 0.29321055734373835E-003)
 0.00000000000000000E+000 -0.23561944901923448E+001
( 0.10624960022599153E+001, 0.14609624274242172E-016)
 0.00000000000000000E+000 -0.15707963267948966E+001
( 0.87537103991375875E+000, 0.74291205123560023E-018)
 0.00000000000000000E+000 -0.78539816339744828E+000
( 0.66935781157436169E+000, 0.82128314565776961E-017)
 0.00000000000000000E+000  0.00000000000000000E+000
( 0.57393771255135140E+000,-0.19572039998067374E-019)
 0.00000000000000000E+000  0.78539816339744828E+000
( 0.66935781157436169E+000,-0.82128314565776961E-017)
 0.00000000000000000E+000  0.15707963267948966E+001
( 0.87537103991375875E+000,-0.78354484006935117E-018)
 0.00000000000000000E+000  0.23561944901923448E+001
( 0.10624960022599153E+001,-0.14609624274242172E-016)
 0.00000000000000000E+000  0.31415926535897931E+001
( 0.11373385067422261E+001,-0.12988516016039309E-018)
 0.78539816339744828E+000 -0.23561944901923448E+001
( 0.10820309523105442E+001,-0.29321055734374155E-003)
 0.78539816339744828E+000 -0.15707963267948966E+001
( 0.90925698221413265E+000,-0.29321055734373450E-003)
 0.78539816339744828E+000 -0.78539816339744828E+000
( 0.72865137720763284E+000,-0.29321055734375396E-003)
 0.78539816339744828E+000  0.00000000000000000E+000
( 0.65128269741931810E+000,-0.29321055734374626E-003)
 0.78539816339744828E+000  0.78539816339744828E+000
( 0.72812739442192242E+000,-0.29321055734375537E-003)
 0.78539816339744828E+000  0.15707963267948966E+001
( 0.90823019338690492E+000,-0.29321055734375808E-003)
 0.78539816339744828E+000  0.23561944901923448E+001
( 0.10817641416101140E+001,-0.29321055734376074E-003)
 0.78539816339744828E+000  0.31415926535897931E+001
( 0.11515936791850585E+001,-0.29321055734374594E-003)
 0.15707963267948966E+001 -0.23561944901923448E+001
( 0.11373338218489262E+001,-0.41466234682651509E-003)
 0.15707963267948966E+001 -0.15707963267948966E+001
( 0.98984429292946774E+000,-0.41466234682650203E-003)
 0.15707963267948966E+001 -0.78539816339744828E+000
( 0.85570265572872029E+000,-0.41466234682650577E-003)
 0.15707963267948966E+001  0.00000000000000000E+000
( 0.80629011103721404E+000,-0.41466234682649167E-003)
 0.15707963267948966E+001  0.78539816339744828E+000
( 0.85575594027136226E+000,-0.41466234682650707E-003)
 0.15707963267948966E+001  0.15707963267948966E+001
( 0.98938404887004094E+000,-0.41466234682650398E-003)
 0.15707963267948966E+001  0.23561944901923448E+001
( 0.11360416634815766E+001,-0.41466234682650431E-003)
 0.15707963267948966E+001  0.31415926535897931E+001
( 0.12007000326206911E+001,-0.41466234682649341E-003)
 0.23561944901923448E+001 -0.23561944901923448E+001
( 0.11984900704477652E+001,-0.29321055734375049E-003)
 0.23561944901923448E+001 -0.15707963267948966E+001
( 0.10718178815543513E+001,-0.29321055734376009E-003)
 0.23561944901923448E+001 -0.78539816339744828E+000
( 0.96807563559346488E+000,-0.29321055734375602E-003)
 0.23561944901923448E+001  0.00000000000000000E+000
( 0.93156125292537184E+000,-0.29321055734374675E-003)
 0.23561944901923448E+001  0.78539816339744828E+000
( 0.96788561316873811E+000,-0.29321055734375147E-003)
 0.23561944901923448E+001  0.15707963267948966E+001
( 0.10722893330573326E+001,-0.29321055734373596E-003)
 0.23561944901923448E+001  0.23561944901923448E+001
( 0.11976219947124236E+001,-0.29321055734375255E-003)
 0.23561944901923448E+001  0.31415926535897931E+001
( 0.12575118255600317E+001,-0.29321055734374745E-003)
 0.31415926535897931E+001 -0.23561944901923448E+001
( 0.12241610659423006E+001,-0.14928108662409789E-016)
 0.31415926535897931E+001 -0.15707963267948966E+001
( 0.11040247540997130E+001,-0.60601853185490215E-017)
 0.31415926535897931E+001 -0.78539816339744828E+000
( 0.10112864015057870E+001,-0.62206099646355817E-017)
 0.31415926535897931E+001  0.00000000000000000E+000
( 0.98147777661516855E+000, 0.57356107429462553E-019)
 0.31415926535897931E+001  0.78539816339744828E+000
( 0.10112864015057870E+001,-0.16466320494623599E-017)
 0.31415926535897931E+001  0.15707963267948966E+001
( 0.11040247540997130E+001, 0.11521991944561513E-016)
 0.31415926535897931E+001  0.23561944901923448E+001
( 0.12241610659423006E+001, 0.14968766243877996E-016)
 0.31415926535897931E+001  0.31415926535897931E+001
( 0.12834339158192947E+001, 0.31035059601233049E-018)
 0.10000000000000000E+001          1         64
( 0.00000000000000000E+000, 0.13286610990178132E-003)
-0.23561944901923448E+001 -0.23561944901923448E+001
( 0.12006076150238560E+001, 0.57144652066022162E-003)
-0.23561944901923448E+001 -0.15707963267948966E+001
( 0.10752999807848425E+001, 0.57144652066024081E-003)
-0.23561944901923448E+001 -0.78539816339744828E+000
( 0.97182445436142650E+000, 0.57144652066022953E-003)
-0.23561944901923448E+001  0.00000000000000000E+000
( 0.93500723894965709E+000, 0.57144652066021370E-003)
-0.23561944901923448E+001  0.78539816339744828E+000
( 0.97145578906653174E+000, 0.57144652066020210E-003)
-0.23561944901923448E+001  0.15707963267948966E+001
( 0.10747833153985247E+001, 0.57144652066018009E-003)
-0.23561944901923448E+001  0.23561944901923448E+001
( 0.12010544717019020E+001, 0.57144652066020189E-003)
-0.23561944901923448E+001  0.31415926535897931E+001
( 0.12593319507549303E+001, 0.57144652066020091E-003)
-0.15707963267948966E+001 -0.23561944901923448E+001
( 0.11391830442807263E+001, 0.80814741968857995E-003)
-0.15707963267948966E+001 -0.15707963267948966E+001
( 0.99312379362265812E+000, 0.80814741968862278E-003)
-0.15707963267948966E+001 -0.78539816339744828E+000
( 0.86024033448987169E+000, 0.80814741968859762E-003)
-0.15707963267948966E+001  0.00000000000000000E+000
( 0.81030279907987501E+000, 0.80814741968858136E-003)
-0.15707963267948966E+001  0.78539816339744828E+000
( 0.85963806479466331E+000, 0.80814741968856314E-003)
-0.15707963267948966E+001  0.15707963267948966E+001
( 0.99265280923365695E+000, 0.80814741968855360E-003)
-0.15707963267948966E+001  0.23561944901923448E+001
( 0.11399500955869071E+001, 0.80814741968855610E-003)
-0.15707963267948966E+001  0.31415926535897931E+001
( 0.12040126963845281E+001, 0.80814741968856824E-003)
-0.78539816339744828E+000 -0.23561944901923448E+001
( 0.10847127010678563E+001, 0.57144652066021923E-003)
-0.78539816339744828E+000 -0.15707963267948966E+001
( 0.91221401150618120E+000, 0.57144652066023853E-003)
-0.78539816339744828E+000 -0.78539816339744828E+000
( 0.73271658061814304E+000, 0.57144652066022834E-003)
-0.78539816339744828E+000  0.00000000000000000E+000
( 0.65559683282491887E+000, 0.57144652066020611E-003)
-0.78539816339744828E+000  0.78539816339744828E+000
( 0.73210904671280796E+000, 0.57144652066020731E-003)
-0.78539816339744828E+000  0.15707963267948966E+001
( 0.91214158749513097E+000, 0.57144652066018823E-003)
-0.78539816339744828E+000  0.23561944901923448E+001
( 0.10851291434990862E+001, 0.57144652066019614E-003)
-0.78539816339744828E+000  0.31415926535897931E+001
( 0.11548292457641880E+001, 0.57144652066019788E-003)
 0.00000000000000000E+000 -0.23561944901923448E+001
( 0.10657100801445201E+001, 0.25527878964350104E-016)
 0.00000000000000000E+000 -0.15707963267948966E+001
( 0.87872843810173018E+000, 0.21049226613539506E-016)
 0.00000000000000000E+000 -0.78539816339744828E+000
( 0.67364040092901978E+000, 0.15903890617646743E-016)
 0.00000000000000000E+000  0.00000000000000000E+000
( 0.57878724421971994E+000, 0.10194887867481013E-019)
 0.00000000000000000E+000  0.78539816339744828E+000
( 0.67364040092901978E+000,-0.15903890617646743E-016)
 0.00000000000000000E+000  0.15707963267948966E+001
( 0.87872843810173018E+000,-0.21078355886400378E-016)
 0.00000000000000000E+000  0.23561944901923448E+001
( 0.10657100801445201E+001,-0.25527878964350104E-016)
 0.00000000000000000E+000  0.31415926535897931E+001
( 0.11398082060309671E+001,-0.17368076656447533E-018)
 0.78539816339744828E+000 -0.23561944901923448E+001
( 0.10851291434990862E+001,-0.57144652066019614E-003)
 0.78539816339744828E+000 -0.15707963267948966E+001
( 0.91214158749513097E+000,-0.57144652066018823E-003)
 0.78539816339744828E+000 -0.78539816339744828E+000
( 0.73210904671280796E+000,-0.57144652066020731E-003)
 0.78539816339744828E+000  0.00000000000000000E+000
( 0.65559683282491887E+000,-0.57144652066020611E-003)
 0.78539816339744828E+000  0.78539816339744828E+000
( 0.73271658061814304E+000,-0.57144652066022834E-003)
 0.78539816339744828E+000  0.15707963267948966E+001
( 0.91221401150618120E+000,-0.57144652066023853E-003)
 0.78539816339744828E+000  0.23561944901923448E+001
( 0.10847127010678563E+001,-0.57144652066021923E-003)
 0.78539816339744828E+000  0.31415926535897931E+001
( 0.11548292457641880E+001,-0.57144652066019918E-003)
 0.15707963267948966E+001 -0.23561944901923448E+001
( 0.11399500955869071E+001,-0.80814741968855610E-003)
 0.15707963267948966E+001 -0.15707963267948966E+001
( 0.99265280923365695E+000,-0.80814741968855360E-003)
 0.15707963267948966E+001 -0.78539816339744828E+000
( 0.85963806479466331E+000,-0.80814741968856314E-003)
 0.15707963267948966E+001  0.00000000000000000E+000
( 0.81030279907987501E+000,-0.80814741968858136E-003)
 0.15707963267948966E+001  0.78539816339744828E+000
( 0.86024033448987169E+000,-0.80814741968859762E-003)
 0.15707963267948966E+001  0.15707963267948966E+001
( 0.99312379362265812E+000,-0.80814741968862278E-003)
 0.15707963267948966E+001  0.23561944901923448E+001
( 0.11391830442807263E+001,-0.80814741968857995E-003)
 0.15707963267948966E+001  0.31415926535897931E+001
( 0.12040126963845281E+001,-0.80814741968858255E-003)
 0.23561944901923448E+001 -0.23561944901923448E+001
( 0.12010544717019020E+001,-0.57144652066020189E-003)
 0.23561944901923448E+001 -0.15707963267948966E+001
( 0.10747833153985247E+001,-0.57144652066018009E-003)
 0.23561944901923448E+001 -0.78539816339744828E+000
( 0.97145578906653174E+000,-0.57144652066020210E-003)
 0.23561944901923448E+001  0.00000000000000000E+000
( 0.93500723894965709E+000,-0.57144652066021370E-003)
 0.23561944901923448E+001  0.78539816339744828E+000
( 0.97182445436142650E+000,-0.57144652066022953E-003)
 0.23561944901923448E+001  0.15707963267948966E+001
( 0.10752999807848425E+001,-0.57144652066024081E-003)
 0.23561944901923448E+001  0.23561944901923448E+001
( 0.12006076150238560E+001,-0.57144652066022162E-003)
 0.23561944901923448E+001  0.31415926535897931E+001
( 0.12593319507549303E+001,-0.57144652066020481E-003)
 0.31415926535897931E+001 -0.23561944901923448E+001
( 0.12262297638468183E+001, 0.14953519650827418E-016)
 0.31415926535897931E+001 -0.15707963267948966E+001
( 0.11071251625944309E+001, 0.23589149515852924E-016)
 0.31415926535897931E+001 -0.78539816339744828E+000
( 0.10146744002923318E+001, 0.13047695519505242E-016)
 0.31415926535897931E+001  0.00000000000000000E+000
( 0.98467174111618716E+000, 0.45567798374534241E-019)
 0.31415926535897931E+001  0.78539816339744828E+000
( 0.10146744002923320E+001,-0.67796517098234199E-017)
 0.31415926535897931E+001  0.15707963267948966E+001
( 0.11071251625944309E+001,-0.31976256557783795E-016)
 0.31415926535897931E+001  0.23561944901923448E+001
( 0.12262297638468183E+001,-0.14658752185182922E-016)
 0.31415926535897931E+001  0.31415926535897931E+001
( 0.12838815144573181E+001, 0.13750359303547158E-018)
 0.10000000000000000E+001          1         64
( 0.00000000000000000E+000,-0.12823417032552416E-003)
-0.23561944901923448E+001 -0.23561944901923448E+001
( 0.12058158852001881E+001,-0.13900949893483035E-003)
-0.23561944901923448E+001 -0.15707963267948966E+001
( 0.10775285560937224E+001,-0.13900949893482878E-003)
-0.23561944901923448E+001 -0.78539816339744828E+000
( 0.97377759165897104E+000,-0.13900949893482314E-003)
-0.23561944901923448E+001  0.00000000000000000E+000
( 0.93756436111912334E+000,-0.13900949893482276E-003)
-0.23561944901923448E+001  0.78539816339744828E+000
( 0.97365203746846607E+000,-0.13900949893483412E-003)
-0.23561944901923448E+001  0.15707963267948966E+001
( 0.10781175905476770E+001,-0.13900949893484783E-003)
-0.23561944901923448E+001  0.23561944901923448E+001
( 0.12061195382042913E+001,-0.13900949893484431E-003)
-0.23561944901923448E+001  0.31415926535897931E+001
( 0.12662826667971545E+001,-0.13900949893483184E-003)
-0.15707963267948966E+001 -0.23561944901923448E+001
( 0.11430085694254750E+001,-0.19658911869234076E-003)
-0.15707963267948966E+001 -0.15707963267948966E+001
( 0.99458640766028295E+000,-0.19658911869233726E-003)
-0.15707963267948966E+001 -0.78539816339744828E+000
( 0.86068185004960762E+000,-0.19658911869232945E-003)
-0.15707963267948966E+001  0.00000000000000000E+000
( 0.81082576037434650E+000,-0.19658911869233298E-003)
-0.15707963267948966E+001  0.78539816339744828E+000
( 0.86098092095124390E+000,-0.19658911869233347E-003)
-0.15707963267948966E+001  0.15707963267948966E+001
( 0.99526620579988234E+000,-0.19658911869233431E-003)
-0.15707963267948966E+001  0.23561944901923448E+001
( 0.11436620217334807E+001,-0.19658911869232428E-003)
-0.15707963267948966E+001  0.31415926535897931E+001
( 0.12098300015540548E+001,-0.19658911869233767E-003)
-0.78539816339744828E+000 -0.23561944901923448E+001
( 0.10880719301489863E+001,-0.13900949893484366E-003)
-0.78539816339744828E+000 -0.15707963267948966E+001
( 0.91412455946472893E+000,-0.13900949893484333E-003)
-0.78539816339744828E+000 -0.78539816339744828E+000
( 0.73129285157613544E+000,-0.13900949893484222E-003)
-0.78539816339744828E+000  0.00000000000000000E+000
( 0.65275577101726534E+000,-0.13900949893482507E-003)
-0.78539816339744828E+000  0.78539816339744828E+000
( 0.73170602030896670E+000,-0.13900949893483924E-003)
-0.78539816339744828E+000  0.15707963267948966E+001
( 0.91408969405715679E+000,-0.13900949893483049E-003)
-0.78539816339744828E+000  0.23561944901923448E+001
( 0.10888413794507041E+001,-0.13900949893482244E-003)
-0.78539816339744828E+000  0.31415926535897931E+001
( 0.11590227082120423E+001,-0.13900949893482694E-003)
 0.00000000000000000E+000 -0.23561944901923448E+001
( 0.10701612189458423E+001,-0.13940468245911275E-016)
 0.00000000000000000E+000 -0.15707963267948966E+001
( 0.88098873258175037E+000,-0.82979722855324462E-017)
 0.00000000000000000E+000 -0.78539816339744828E+000
( 0.67213649718251245E+000,-0.11882178184083325E-016)
 0.00000000000000000E+000  0.00000000000000000E+000
( 0.57601446775036658E+000, 0.11485093080675097E-019)
 0.00000000000000000E+000  0.78539816339744828E+000
( 0.67213649718251245E+000, 0.11882178184083325E-016)
 0.00000000000000000E+000  0.15707963267948966E+001
( 0.88098873258175037E+000, 0.83443923721295421E-017)
 0.00000000000000000E+000  0.23561944901923448E+001
( 0.10701612189458423E+001, 0.13940468245911275E-016)
 0.00000000000000000E+000  0.31415926535897931E+001
( 0.11447199330623863E+001,-0.99937529893170887E-019)
 0.78539816339744828E+000 -0.23561944901923448E+001
( 0.10888413794507041E+001, 0.13900949893482244E-003)
 0.78539816339744828E+000 -0.15707963267948966E+001
( 0.91408969405715679E+000, 0.13900949893483046E-003)
 0.78539816339744828E+000 -0.78539816339744828E+000
( 0.73170602030896670E+000, 0.13900949893483924E-003)
 0.78539816339744828E+000  0.00000000000000000E+000
( 0.65275577101726534E+000, 0.13900949893482507E-003)
 0.78539816339744828E+000  0.78539816339744828E+000
( 0.73129285157613544E+000, 0.13900949893484222E-003)
 0.78539816339744828E+000  0.15707963267948966E+001
( 0.91412455946472893E+000, 0.13900949893484333E-003)
 0.78539816339744828E+000  0.23561944901923448E+001
( 0.10880719301489863E+001, 0.13900949893484366E-003)
 0.78539816339744828E+000  0.31415926535897931E+001
( 0.11590227082120421E+001, 0.13900949893483658E-003)
 0.15707963267948966E+001 -0.23561944901923448E+001
( 0.11436620217334807E+001, 0.19658911869232428E-003)
 0.15707963267948966E+001 -0.15707963267948966E+001
( 0.99526620579988234E+000, 0.19658911869233431E-003)
 0.15707963267948966E+001 -0.78539816339744828E+000
( 0.86098092095124390E+000, 0.19658911869233347E-003)
 0.15707963267948966E+001  0.00000000000000000E+000
( 0.81082576037434650E+000, 0.19658911869233298E-003)
 0.15707963267948966E+001  0.78539816339744828E+000
( 0.86068185004960762E+000, 0.19658911869232945E-003)
 0.15707963267948966E+001  0.15707963267948966E+001
( 0.99458640766028295E+000, 0.19658911869233723E-003)
 0.15707963267948966E+001  0.23561944901923448E+001
( 0.11430085694254750E+001, 0.19658911869234076E-003)
 0.15707963267948966E+001  0.31415926535897931E+001
( 0.12098300015540548E+001, 0.19658911869233740E-003)
 0.23561944901923448E+001 -0.23561944901923448E+001
( 0.12061195382042913E+001, 0.13900949893484431E-003)
 0.23561944901923448E+001 -0.15707963267948966E+001
( 0.10781175905476770E+001, 0.13900949893484783E-003)
 0.23561944901923448E+001 -0.78539816339744828E+000
( 0.97365203746846607E+000, 0.13900949893483412E-003)
 0.23561944901923448E+001  0.00000000000000000E+000
( 0.93756436111912334E+000, 0.13900949893482273E-003)
 0.23561944901923448E+001  0.78539816339744828E+000
( 0.97377759165897104E+000, 0.13900949893482314E-003)
 0.23561944901923448E+001  0.15707963267948966E+001
( 0.10775285560937224E+001, 0.13900949893482878E-003)
 0.23561944901923448E+001  0.23561944901923448E+001
( 0.12058158852001881E+001, 0.13900949893483035E-003)
 0.23561944901923448E+001  0.31415926535897931E+001
( 0.12662826667971545E+001, 0.13900949893482780E-003)
 0.31415926535897931E+001 -0.23561944901923448E+001
( 0.12323254226939102E+001, 0.14682469107706042E-016)
 0.31415926535897931E+001 -0.15707963267948966E+001
( 0.11106295940639512E+001, 0.78713373717373598E-017)
 0.31415926535897931E+001 -0.78539816339744828E+000
( 0.10173444665184153E+001, 0.12419197072642552E-016)
 0.31415926535897931E+001  0.00000000000000000E+000
( 0.98826683608276533E+000, 0.31830372695562953E-018)
 0.31415926535897931E+001  0.78539816339744828E+000
( 0.10173444665184153E+001,-0.64272860037656310E-017)
 0.31415926535897931E+001  0.15707963267948966E+001
( 0.11106295940639512E+001,-0.15996283408875173E-016)
 0.31415926535897931E+001  0.23561944901923448E+001
( 0.12323254226939102E+001,-0.13977737695590464E-016)
 0.31415926535897931E+001  0.31415926535897931E+001
( 0.12921112505445380E+001, 0.48980758723470706E-018)
 0.10000000000000000E+001          1         64
( 0.00000000000000000E+000, 0.53896644607963145E-003)
-0.23561944901923448E+001 -0.23561944901923448E+001
( 0.11989041672312473E+001,-0.12125046057164589E-002)
-0.23561944901923448E+001 -0.15707963267948966E+001
( 0.10699838424960404E+001,-0.12125046057164606E-002)
-0.23561944901923448E+001 -0.78539816339744828E+000
( 0.96423553488968694E+000,-0.12125046057164543E-002)
-0.23561944901923448E+001  0.00000000000000000E+000
( 0.92806156708316045E+000,-0.12125046057164766E-002)
-0.23561944901923448E+001  0.78539816339744828E+000
( 0.96340836657373030E+000,-0.12125046057164723E-002)
-0.23561944901923448E+001  0.15707963267948966E+001
( 0.10697452636229678E+001,-0.12125046057164818E-002)
-0.23561944901923448E+001  0.23561944901923448E+001
( 0.11992836004507186E+001,-0.12125046057164749E-002)
-0.23561944901923448E+001  0.31415926535897931E+001
( 0.12601027682127475E+001,-0.12125046057164651E-002)
-0.15707963267948966E+001 -0.23561944901923448E+001
( 0.11390342434580738E+001,-0.17147404578440645E-002)
-0.15707963267948966E+001 -0.15707963267948966E+001
( 0.98915648948087054E+000,-0.17147404578440612E-002)
-0.15707963267948966E+001 -0.78539816339744828E+000
( 0.85258780810925949E+000,-0.17147404578440706E-002)
-0.15707963267948966E+001  0.00000000000000000E+000
( 0.80199216166531118E+000,-0.17147404578440643E-002)
-0.15707963267948966E+001  0.78539816339744828E+000
( 0.85197927792931727E+000,-0.17147404578440727E-002)
-0.15707963267948966E+001  0.15707963267948966E+001
( 0.98876615428921133E+000,-0.17147404578440714E-002)
-0.15707963267948966E+001  0.23561944901923448E+001
( 0.11388337942971185E+001,-0.17147404578440684E-002)
-0.15707963267948966E+001  0.31415926535897931E+001
( 0.12059745483195812E+001,-0.17147404578440560E-002)
-0.78539816339744828E+000 -0.23561944901923448E+001
( 0.10864477463653857E+001,-0.12125046057164751E-002)
-0.78539816339744828E+000 -0.15707963267948966E+001
( 0.91052426257989938E+000,-0.12125046057164784E-002)
-0.78539816339744828E+000 -0.78539816339744828E+000
( 0.72551491765944864E+000,-0.12125046057164636E-002)
-0.78539816339744828E+000  0.00000000000000000E+000
( 0.64576578241770877E+000,-0.12125046057164710E-002)
-0.78539816339744828E+000  0.78539816339744828E+000
( 0.72501119028324856E+000,-0.12125046057164560E-002)
-0.78539816339744828E+000  0.15707963267948966E+001
( 0.91020185921072216E+000,-0.12125046057164502E-002)
-0.78539816339744828E+000  0.23561944901923448E+001
( 0.10868026147324112E+001,-0.12125046057164524E-002)
-0.78539816339744828E+000  0.31415926535897931E+001
( 0.11581277940507060E+001,-0.12125046057164641E-002)
 0.00000000000000000E+000 -0.23561944901923448E+001
( 0.10695025633509538E+001,-0.13362791775883842E-016)
 0.00000000000000000E+000 -0.15707963267948966E+001
( 0.87836750408734643E+000,-0.15305560040467202E-017)
 0.00000000000000000E+000 -0.78539816339744828E+000
( 0.66720473840107153E+000,-0.54074583352714534E-017)
 0.00000000000000000E+000  0.00000000000000000E+000
( 0.56831327340152571E+000, 0.37062096734236660E-019)
 0.00000000000000000E+000  0.78539816339744828E+000
( 0.66720473840107153E+000, 0.54074583352714534E-017)
 0.00000000000000000E+000  0.15707963267948966E+001
( 0.87836750408734643E+000, 0.15975302906549254E-017)
 0.00000000000000000E+000  0.23561944901923448E+001
( 0.10695025633509538E+001, 0.13362791775883842E-016)
 0.00000000000000000E+000  0.31415926535897931E+001
( 0.11450047749767513E+001,-0.17829634534578470E-018)
 0.78539816339744828E+000 -0.23561944901923448E+001
( 0.10868026147324112E+001, 0.12125046057164524E-002)
 0.78539816339744828E+000 -0.15707963267948966E+001
( 0.91020185921072216E+000, 0.12125046057164502E-002)
 0.78539816339744828E+000 -0.78539816339744828E+000
( 0.72501119028324856E+000, 0.12125046057164560E-002)
 0.78539816339744828E+000  0.00000000000000000E+000
( 0.64576578241770877E+000, 0.12125046057164710E-002)
 0.78539816339744828E+000  0.78539816339744828E+000
( 0.72551491765944864E+000, 0.12125046057164636E-002)
 0.78539816339744828E+000  0.15707963267948966E+001
( 0.91052426257989938E+000, 0.12125046057164784E-002)
 0.78539816339744828E+000  0.23561944901923448E+001
( 0.10864477463653857E+001, 0.12125046057164751E-002)
 0.78539816339744828E+000  0.31415926535897931E+001
( 0.11581277940507060E+001, 0.12125046057164671E-002)
 0.15707963267948966E+001 -0.23561944901923448E+001
( 0.11388337942971185E+001, 0.17147404578440684E-002)
 0.15707963267948966E+001 -0.15707963267948966E+001
( 0.98876615428921133E+000, 0.17147404578440714E-002)
 0.15707963267948966E+001 -0.78539816339744828E+000
( 0.85197927792931727E+000, 0.17147404578440727E-002)
 0.15707963267948966E+001  0.00000000000000000E+000
( 0.80199216166531118E+000, 0.17147404578440643E-002)
 0.15707963267948966E+001  0.78539816339744828E+000
( 0.85258780810925949E+000, 0.17147404578440706E-002)
 0.15707963267948966E+001  0.15707963267948966E+001
( 0.98915648948087054E+000, 0.17147404578440612E-002)
 0.15707963267948966E+001  0.23561944901923448E+001
( 0.11390342434580738E+001, 0.17147404578440645E-002)
 0.15707963267948966E+001  0.31415926535897931E+001
( 0.12059745483195812E+001, 0.17147404578440556E-002)
 0.23561944901923448E+001 -0.23561944901923448E+001
( 0.11992836004507186E+001, 0.12125046057164749E-002)
 0.23561944901923448E+001 -0.15707963267948966E+001
( 0.10697452636229678E+001, 0.12125046057164816E-002)
 0.23561944901923448E+001 -0.78539816339744828E+000
( 0.96340836657373030E+000, 0.12125046057164723E-002)
 0.23561944901923448E+001  0.00000000000000000E+000
( 0.92806156708316045E+000, 0.12125046057164766E-002)
 0.23561944901923448E+001  0.78539816339744828E+000
( 0.96423553488968694E+000, 0.12125046057164543E-002)
 0.23561944901923448E+001  0.15707963267948966E+001
( 0.10699838424960404E+001, 0.12125046057164606E-002)
 0.23561944901923448E+001  0.23561944901923448E+001
( 0.11989041672312473E+001, 0.12125046057164589E-002)
 0.23561944901923448E+001  0.31415926535897931E+001
( 0.12601027682127475E+001, 0.12125046057164615E-002)
 0.31415926535897931E+001 -0.23561944901923448E+001
( 0.12239859207397388E+001, 0.11573858191282760E-016)
 0.31415926535897931E+001 -0.15707963267948966E+001
( 0.11008813429667565E+001, 0.15215984138413634E-016)
 0.31415926535897931E+001 -0.78539816339744828E+000
( 0.10068036162954326E+001, 0.68169211595026091E-017)
 0.31415926535897931E+001  0.00000000000000000E+000
( 0.97757457170009565E+000, 0.34088831645394224E-018)
 0.31415926535897931E+001  0.78539816339744828E+000
( 0.10068036162954326E+001, 0.56920614055488983E-018)
 0.31415926535897931E+001  0.15707963267948966E+001
( 0.11008813429667565E+001,-0.96361565386739414E-017)
 0.31415926535897931E+001  0.23561944901923448E+001
( 0.12239859207397388E+001,-0.96900569165891959E-017)
 0.31415926535897931E+001  0.31415926535897931E+001
( 0.12858352535288458E+001, 0.77751554853140635E-018)
