          21           9   4.0000000000000000                1
     0.0000000        0.85122996        0.01075624
     0.1000000        0.60516568        0.00510245
     0.2000000        0.45158004        0.00295535
     0.3000000        0.34806882        0.00367263
     0.4000000        0.27333129        0.00171382
     0.5000000        0.22038939        0.00152132
     0.6000000        0.17502225        0.00308626
     0.7000000        0.14607229        0.00232712
     0.8000000        0.11702395        0.00259612
     0.9000000        0.09962460        0.00192240
     1.0000000        0.08205378        0.00255752
     1.1000000        0.06875273        0.00156261
     1.2000000        0.05993858        0.00161887
     1.3000000        0.05381435        0.00188844
     1.4000000        0.04762777        0.00328925
     1.5000000        0.04125784        0.00279971
     1.6000000        0.03498038        0.00188022
     1.7000000        0.03523368        0.00246870
     1.8000000        0.03364341        0.00293848
     1.9000000        0.03340317        0.00128997
     2.0000000        0.03390244        0.00167165
