          41           4   8.0000000000000000                1
     0.0000000        1.20497918        0.05972400
     0.1000000        0.99604332        0.05762477
     0.2000000        0.84976480        0.05433204
     0.3000000        0.74339142        0.05023205
     0.4000000        0.66305138        0.04636244
     0.5000000        0.59958310        0.04355414
     0.6000000        0.54849641        0.04265609
     0.7000000        0.50586936        0.04245117
     0.8000000        0.47066142        0.04232331
     0.9000000        0.44024606        0.04187449
     1.0000000        0.41202286        0.04249415
     1.1000000        0.38461216        0.04376323
     1.2000000        0.35670537        0.04261090
     1.3000000        0.32926762        0.04165849
     1.4000000        0.30396052        0.04082752
     1.5000000        0.28213532        0.03975566
     1.6000000        0.26446826        0.03947770
     1.7000000        0.24682060        0.03690216
     1.8000000        0.22795720        0.03237441
     1.9000000        0.21205469        0.02962685
     2.0000000        0.19851791        0.02850542
     2.1000000        0.18465931        0.02542636
     2.2000000        0.17045918        0.02171844
     2.3000000        0.15626812        0.01815975
     2.4000000        0.14579690        0.01604177
     2.5000000        0.13550144        0.01408542
     2.6000000        0.12431057        0.01213586
     2.7000000        0.11606899        0.01142295
     2.8000000        0.10964412        0.01033763
     2.9000000        0.10299242        0.00910548
     3.0000000        0.09738605        0.00890961
     3.1000000        0.09362770        0.00897998
     3.2000000        0.09002370        0.01042965
     3.3000000        0.08947868        0.01133208
     3.4000000        0.09008142        0.01339192
     3.5000000        0.09083911        0.01582956
     3.6000000        0.09174500        0.01817552
     3.7000000        0.09041188        0.01931078
     3.8000000        0.08902207        0.02035093
     3.9000000        0.08981149        0.02139793
     4.0000000        0.09054506        0.02197035
