          21           9   4.0000000000000000                1
     0.0000000        0.28843152        0.00819536
     0.1000000        0.17671206        0.00328463
     0.2000000        0.11435920        0.00363283
     0.3000000        0.07877731        0.00472602
     0.4000000        0.05266255        0.00575603
     0.5000000        0.03783751        0.00389859
     0.6000000        0.02076193        0.00356879
     0.7000000        0.01917593        0.00256245
     0.8000000        0.01490205        0.00122011
     0.9000000        0.01187780        0.00219166
     1.0000000        0.00672560        0.00222465
     1.1000000        0.00854196        0.00161179
     1.2000000        0.00672666        0.00331756
     1.3000000        0.00293974        0.00163436
     1.4000000        0.01006757        0.00193612
     1.5000000        0.00895256        0.00350529
     1.6000000        0.00521217        0.00209214
     1.7000000        0.00034818        0.00299074
     1.8000000        0.00583686        0.00187410
     1.9000000        0.00728964        0.00184011
     2.0000000        0.00756153        0.00407626
