   -6.000000      0.000000
  1    1        0.01416254        0.00833740       -0.00000000        0.00000000
   -5.000000      0.000000
  1    1       -0.01866357        0.00538419        0.00000000        0.00000000
   -4.000000      0.000000
  1    1        0.01365917        0.00387685       -0.00000000        0.00000000
   -3.000000      0.000000
  1    1       -0.02844414        0.00284835        0.00000000        0.00000000
   -2.000000      0.000000
  1    1        0.02845993        0.00193879        0.00000000        0.00000000
   -1.000000      0.000000
  1    1       -0.12564971        0.00164320       -0.00000000        0.00000000
    0.000000      0.000000
  1    1        0.25000000        0.00000000        0.00000000        0.00000000
    1.000000      0.000000
  1    1       -0.12564971        0.00164320       -0.00000000        0.00000000
    2.000000      0.000000
  1    1        0.02845993        0.00193879        0.00000000        0.00000000
    3.000000      0.000000
  1    1       -0.02844414        0.00284835       -0.00000000        0.00000000
    4.000000      0.000000
  1    1        0.01365917        0.00387685        0.00000000        0.00000000
    5.000000      0.000000
  1    1       -0.01866357        0.00538419       -0.00000000        0.00000000
    6.000000      0.000000
  1    1        0.01416254        0.00833740        0.00000000        0.00000000
    7.000000      0.000000
  1    1       -0.01704845        0.00900188       -0.00000000        0.00000000
