          21           4   4.0000000000000000                1
     0.0000000        0.28758053        0.01593948
     0.1000000        0.17913011        0.00865508
     0.2000000        0.10686183        0.00594062
     0.3000000        0.06828168        0.00950964
     0.4000000        0.03992707        0.01018401
     0.5000000        0.01588700        0.01005811
     0.6000000        0.01227709        0.00836453
     0.7000000        0.01472358        0.00307903
     0.8000000        0.01185200        0.00570286
     0.9000000        0.01069492        0.00583486
     1.0000000        0.00821530        0.00353665
     1.1000000        0.00823401        0.00574256
     1.2000000        0.01183744        0.00379687
     1.3000000        0.00657077        0.00360906
     1.4000000        0.00146207        0.00173065
     1.5000000        0.00524825        0.00539363
     1.6000000        0.00590112        0.00505334
     1.7000000        0.00552416        0.00531263
     1.8000000        0.00266637        0.00357601
     1.9000000        0.00709062        0.00731192
     2.0000000        0.00649825        0.00759749
