          21           9   4.0000000000000000                1
     0.0000000        0.43484688        0.23655717
     0.1000000        0.23385579        0.23521012
     0.2000000        0.12824134        0.23326108
     0.3000000        0.07361970        0.22980393
     0.4000000        0.04525033        0.22228248
     0.5000000        0.03403694        0.21312185
     0.6000000        0.02989250        0.20499044
     0.7000000        0.02485522        0.19999890
     0.8000000        0.02272596        0.19612016
     0.9000000        0.01736750        0.19152915
     1.0000000        0.01122592        0.18563323
     1.1000000        0.01442744        0.17835512
     1.2000000        0.02728077        0.17081733
     1.3000000        0.04533684        0.16548248
     1.4000000        0.06116611        0.16615046
     1.5000000        0.06859717        0.17214855
     1.6000000        0.06541852        0.17832230
     1.7000000        0.06250786        0.18184057
     1.8000000        0.06597066        0.18071586
     1.9000000        0.06853148        0.17860583
     2.0000000        0.06805522        0.17839111
