          11           4   2.0000000000000000                1
     0.0000000        0.19286097        0.01683587
     0.1000000        0.13466449        0.01645952
     0.2000000        0.09829292        0.01448178
     0.3000000        0.07528056        0.01141235
     0.4000000        0.06044861        0.00880685
     0.5000000        0.05173283        0.00713047
     0.6000000        0.04634344        0.00699017
     0.7000000        0.04175825        0.00853376
     0.8000000        0.03812514        0.01023124
     0.9000000        0.03486296        0.01119588
     1.0000000        0.03317875        0.01154962
