         101           9   10.000000000000000                1
     0.0000000        0.11767764        0.00462993
     0.1000000        0.07682600        0.00462048
     0.2000000        0.04867728        0.00639253
     0.3000000        0.03211688        0.00513395
     0.4000000        0.01907447        0.00485865
     0.5000000        0.01461750        0.00552927
     0.6000000        0.01269579        0.00568960
     0.7000000        0.00882957        0.00417453
     0.8000000        0.01141842        0.00407638
     0.9000000        0.00686582        0.00327365
     1.0000000        0.00192951        0.00371637
     1.1000000       -0.00007669        0.00370910
     1.2000000        0.00035969        0.00296526
     1.3000000        0.00082509        0.00286927
     1.4000000       -0.00077001        0.00338741
     1.5000000       -0.00327604        0.00360146
     1.6000000       -0.00041417        0.00362905
     1.7000000        0.00183692        0.00382751
     1.8000000       -0.00374368        0.00403841
     1.9000000       -0.00117850        0.00440455
     2.0000000        0.00734118        0.00477018
     2.1000000        0.00477965        0.00307364
     2.2000000        0.00895835        0.00563399
     2.3000000        0.01036053        0.00486946
     2.4000000        0.00703135        0.00377015
     2.5000000        0.00599709        0.00461603
     2.6000000        0.00643341        0.00253243
     2.7000000        0.00566697        0.00556829
     2.8000000        0.00548840        0.00631603
     2.9000000        0.01190058        0.00389884
     3.0000000        0.01047432        0.00566081
     3.1000000        0.00870360        0.00496950
     3.2000000        0.00893206        0.00562953
     3.3000000        0.00944429        0.00309219
     3.4000000        0.00611446        0.00210714
     3.5000000        0.00498115        0.00267982
     3.6000000        0.00158993        0.00511400
     3.7000000        0.00135229        0.00470434
     3.8000000        0.00013392        0.00405236
     3.9000000        0.00161625        0.00291366
     4.0000000        0.00093279        0.00330817
     4.1000000        0.00352193        0.00402880
     4.2000000        0.00310215        0.00257958
     4.3000000        0.00579591        0.00312127
     4.4000000        0.00434909        0.00308259
     4.5000000        0.00560047        0.00483575
     4.6000000        0.00623091        0.00599576
     4.7000000        0.00365432        0.00414003
     4.8000000        0.00392643        0.00435865
     4.9000000        0.00164904        0.00411041
     5.0000000        0.00385534        0.00246538
     5.1000000        0.00379639        0.00512687
     5.2000000        0.00888948        0.00390273
     5.3000000        0.00492989        0.00406333
     5.4000000        0.00699760        0.00422668
     5.5000000        0.00645324        0.00350328
     5.6000000        0.00711341        0.00372735
     5.7000000        0.00113142        0.00335553
     5.8000000        0.00458066        0.00355889
     5.9000000        0.01048058        0.00397695
     6.0000000        0.00776364        0.00359258
     6.1000000       -0.00069165        0.00308414
     6.2000000       -0.00158370        0.00281860
     6.3000000        0.00049834        0.00321894
     6.4000000        0.00284107        0.00322359
     6.5000000        0.00247940        0.00480859
     6.6000000       -0.00473457        0.00449462
     6.7000000       -0.00312512        0.00391493
     6.8000000       -0.00280996        0.00299810
     6.9000000        0.00114510        0.00221820
     7.0000000       -0.00002796        0.00421544
     7.1000000       -0.00369014        0.00626388
     7.2000000       -0.00249015        0.00559034
     7.3000000       -0.00170765        0.00400888
     7.4000000        0.00001597        0.00491448
     7.5000000        0.00439977        0.00385214
     7.6000000        0.00902645        0.00413668
     7.7000000        0.00532505        0.00367540
     7.8000000        0.00315475        0.00349181
     7.9000000        0.00390922        0.00498377
     8.0000000        0.00911876        0.00516688
     8.1000000        0.01264687        0.00556933
     8.2000000        0.01898520        0.00550020
     8.3000000        0.02107714        0.00320390
     8.4000000        0.03015475        0.00157812
     8.5000000        0.04511588        0.00316601
     8.6000000        0.05988374        0.00370733
     8.7000000        0.07686829        0.00299537
     8.8000000        0.10012199        0.00374816
     8.9000000        0.12060159        0.00464553
     9.0000000        0.15446487        0.00366500
     9.1000000        0.19129174        0.00298859
     9.2000000        0.23510486        0.00434473
     9.3000000        0.30261365        0.00457707
     9.4000000        0.38487009        0.00278008
     9.5000000        0.49103489        0.00476187
     9.6000000        0.63832658        0.00385955
     9.7000000        0.82958179        0.00357500
     9.8000000        1.08615465        0.00428809
     9.9000000        1.41880722        0.00528789
    10.0000000        1.88232236        0.00462993
