          31           4   6.0000000000000000                1
     0.0000000        0.37814831        0.02180378
     0.1000000        0.24009379        0.02122519
     0.2000000        0.16605653        0.01987635
     0.3000000        0.12146221        0.02131654
     0.4000000        0.08874339        0.02402983
     0.5000000        0.06543393        0.02141835
     0.6000000        0.04678470        0.01713764
     0.7000000        0.03225377        0.01614426
     0.8000000        0.02400344        0.01764303
     0.9000000        0.02042008        0.02179109
     1.0000000        0.01896009        0.02506129
     1.1000000        0.01890725        0.02693095
     1.2000000        0.01768547        0.02703854
     1.3000000        0.01303990        0.02664862
     1.4000000        0.00569472        0.02530703
     1.5000000       -0.00039818        0.02380355
     1.6000000       -0.00062412        0.02166085
     1.7000000        0.00268664        0.01585759
     1.8000000        0.00879471        0.01543361
     1.9000000        0.01420005        0.01726595
     2.0000000        0.02007821        0.01890108
     2.1000000        0.02415621        0.01986030
     2.2000000        0.02281962        0.02032727
     2.3000000        0.01882781        0.02030166
     2.4000000        0.01450774        0.01946004
     2.5000000        0.01112690        0.02095718
     2.6000000        0.00640773        0.02427888
     2.7000000        0.00494431        0.02843511
     2.8000000        0.00549735        0.03046981
     2.9000000        0.00121221        0.03172553
     3.0000000       -0.00230520        0.03304420
