          51           9   10.000000000000000                1
     0.0000000        0.68370202        0.12298760
     0.1000000        0.49214921        0.07029852
     0.2000000        0.43382115        0.05483302
     0.3000000        0.38295181        0.08699295
     0.4000000        0.27425242        0.03806409
     0.5000000        0.23548228        0.02657809
     0.6000000        0.25179046        0.03884346
     0.7000000        0.20494942        0.06304365
     0.8000000        0.17885657        0.03807740
     0.9000000        0.15787615        0.03948098
     1.0000000        0.16220285        0.06553653
     1.1000000        0.07679412        0.02514365
     1.2000000        0.11659464        0.06279106
     1.3000000        0.09573629        0.03682351
     1.4000000        0.04620592        0.05247126
     1.5000000        0.06430064        0.02913883
     1.6000000        0.05931203        0.02410614
     1.7000000        0.09332811        0.06003627
     1.8000000        0.06724656        0.02712762
     1.9000000        0.18117506        0.10685018
     2.0000000        0.24527064        0.12921198
     2.1000000        0.06605176        0.09311981
     2.2000000        0.17349280        0.15793702
     2.3000000        0.04458118        0.04929361
     2.4000000        0.05401033        0.07795044
     2.5000000       -0.00176309        0.04170915
     2.6000000       -0.10731992        0.12927149
     2.7000000        0.03669099        0.08420713
     2.8000000        0.20391629        0.18798671
     2.9000000        0.11405880        0.14902587
     3.0000000       -0.00555802        0.07114125
     3.1000000       -0.29259677        0.20934339
     3.2000000       -0.08432711        0.07805365
     3.3000000       -0.13438079        0.22742413
     3.4000000       -0.32100026        0.25896810
     3.5000000       -0.25530130        0.23265093
     3.6000000       -0.46310997        0.44476471
     3.7000000        0.05140206        0.08583560
     3.8000000        0.07036928        0.13768100
     3.9000000        0.09960599        0.12015026
     4.0000000        0.04958306        0.15433893
     4.1000000        0.32624452        0.50412044
     4.2000000        0.07738921        0.24444757
     4.3000000        0.14596636        0.25524025
     4.4000000        0.24335530        0.27971858
     4.5000000        0.11577091        0.13902742
     4.6000000        0.05853189        0.06044950
     4.7000000        0.09306550        0.07929162
     4.8000000        0.10503864        0.13117427
     4.9000000        0.03927164        0.04196894
     5.0000000        0.01114475        0.05009992
