          51          24   10.000000000000000                1
     0.0000000       -0.07035146        0.07201720
     0.1000000       -0.02934087        0.06422708
     0.2000000       -0.00689416        0.08455495
     0.3000000        0.09890711        0.06548669
     0.4000000        0.15924164        0.07910673
     0.5000000        0.13915785        0.08122866
     0.6000000       -0.06965065        0.12306781
     0.7000000       -0.04831492        0.07137571
     0.8000000        0.03129289        0.05354718
     0.9000000        0.03524101        0.06289166
     1.0000000        0.03656914        0.11397317
     1.1000000       -0.00774133        0.09296596
     1.2000000       -0.05315153        0.13471360
     1.3000000        0.09516375        0.06244368
     1.4000000        0.03554928        0.09347881
     1.5000000       -0.11638330        0.19590381
     1.6000000        0.00139879        0.09102166
     1.7000000       -0.03643597        0.14140723
     1.8000000        0.04832583        0.09290243
     1.9000000        0.10893446        0.05460712
     2.0000000        0.18863468        0.06803112
     2.1000000        0.12014692        0.09268328
     2.2000000        0.17733797        0.14556550
     2.3000000        0.05964788        0.09331505
     2.4000000       -0.08738738        0.12316922
     2.5000000       -0.10660375        0.15516933
     2.6000000       -0.05452844        0.05436206
     2.7000000        0.04875189        0.07705698
     2.8000000        0.04624607        0.09039519
     2.9000000        0.04584861        0.06677091
     3.0000000        0.00691995        0.06032988
     3.1000000       -0.02717928        0.06030338
     3.2000000       -0.00800119        0.07944212
     3.3000000        0.06695918        0.11497907
     3.4000000        0.14647637        0.08769838
     3.5000000        0.06442574        0.08558248
     3.6000000        0.01781398        0.05678778
     3.7000000        0.01577167        0.09380077
     3.8000000        0.04810135        0.05504979
     3.9000000        0.09879316        0.05272361
     4.0000000        0.04553106        0.05956591
     4.1000000        0.01653941        0.12100307
     4.2000000       -0.15054892        0.22044503
     4.3000000        0.09583165        0.05117343
     4.4000000        0.07164349        0.06838793
     4.5000000        0.04052371        0.10005529
     4.6000000        0.02271531        0.11094423
     4.7000000        0.09750548        0.04548386
     4.8000000        0.09398653        0.04779611
     4.9000000        0.11879721        0.07931998
     5.0000000        0.05760643        0.03556420
