          26           4   5.0000000000000000                1
     0.0000000        1.96118315        0.33994066
     0.1000000        0.97184446        0.22187014
     0.2000000        0.51825575        0.18683848
     0.3000000        0.29557804        0.13037083
     0.4000000        0.15302662        0.13922135
     0.5000000        0.15486870        0.02817539
     0.6000000        0.20497223        0.08569117
     0.7000000        0.12098585        0.02958261
     0.8000000        0.02485296        0.05835551
     0.9000000        0.08353336        0.04226107
     1.0000000        0.02470873        0.09953580
     1.1000000        0.15751659        0.04422750
     1.2000000        0.07413340        0.05997885
     1.3000000       -0.02001661        0.07055539
     1.4000000        0.02986605        0.05544217
     1.5000000        0.16686558        0.04900107
     1.6000000        0.09756221        0.04380197
     1.7000000        0.12073805        0.10945444
     1.8000000        0.05368412        0.09371281
     1.9000000        0.15543624        0.10498946
     2.0000000        0.10584893        0.09069937
     2.1000000        0.03263569        0.04721190
     2.2000000        0.11865149        0.05152422
     2.3000000        0.09963482        0.10428211
     2.4000000        0.03342128        0.17929179
     2.5000000        0.10746731        0.14202596
