          11           4   2.0000000000000000                1
     0.0000000        0.98807768        0.00883517
     0.1000000        0.70846608        0.01029096
     0.2000000        0.53390416        0.01485068
     0.3000000        0.43171623        0.01918560
     0.4000000        0.36558272        0.01458414
     0.5000000        0.30435772        0.00921279
     0.6000000        0.26279162        0.01446865
     0.7000000        0.23899217        0.01316659
     0.8000000        0.22144274        0.01433324
     0.9000000        0.20885748        0.01424451
     1.0000000        0.20461269        0.01716479
