          21           9   4.0000000000000000                1
     0.0000000        0.02435516        0.00332250
     0.1000000        0.02473595        0.00459567
     0.2000000        0.02275813        0.00515678
     0.3000000        0.02188740        0.00200063
     0.4000000        0.02168981        0.00181720
     0.5000000        0.02565630        0.00391570
     0.6000000        0.02681563        0.00273285
     0.7000000        0.02875115        0.00338355
     0.8000000        0.02566187        0.00297851
     0.9000000        0.02985359        0.00287154
     1.0000000        0.02888056        0.00224797
     1.1000000        0.02936910        0.00330053
     1.2000000        0.02660723        0.00347760
     1.3000000        0.02594862        0.00203160
     1.4000000        0.02248952        0.00464350
     1.5000000        0.02613709        0.00283239
     1.6000000        0.02662625        0.00299855
     1.7000000        0.02414984        0.00315944
     1.8000000        0.02201363        0.00313524
     1.9000000        0.02280850        0.00355547
     2.0000000        0.02299907        0.00286266
