          41           9   8.0000000000000000                1
     0.0000000        0.41064619        0.03587298
     0.1000000        0.22684793        0.03471901
     0.2000000        0.13458345        0.03116794
     0.3000000        0.08494704        0.02779152
     0.4000000        0.05929311        0.02629338
     0.5000000        0.04635247        0.02461078
     0.6000000        0.03613696        0.02261842
     0.7000000        0.02737748        0.02090314
     0.8000000        0.02174394        0.01979461
     0.9000000        0.01759191        0.01872924
     1.0000000        0.01333947        0.01795125
     1.1000000        0.00854604        0.01758296
     1.2000000        0.00530661        0.01619893
     1.3000000        0.00562669        0.01406754
     1.4000000        0.00344665        0.01289323
     1.5000000       -0.00033913        0.01283313
     1.6000000       -0.00178844        0.01324388
     1.7000000        0.00057712        0.01345310
     1.8000000        0.00362996        0.01342861
     1.9000000        0.00224015        0.01319540
     2.0000000        0.00089914        0.01240698
     2.1000000        0.00124395        0.01220970
     2.2000000        0.00068580        0.01226128
     2.3000000       -0.00117764        0.01225439
     2.4000000       -0.00362897        0.01162097
     2.5000000       -0.00536612        0.01258499
     2.6000000       -0.00413049        0.01488666
     2.7000000       -0.00026803        0.01682553
     2.8000000        0.00036370        0.01828463
     2.9000000       -0.00121273        0.01862312
     3.0000000       -0.00310716        0.01877963
     3.1000000       -0.00584517        0.01958563
     3.2000000       -0.00760457        0.02021754
     3.3000000       -0.00792859        0.02090459
     3.4000000       -0.00742450        0.02150879
     3.5000000       -0.01017682        0.02213044
     3.6000000       -0.01566014        0.02396245
     3.7000000       -0.02026045        0.02521809
     3.8000000       -0.02423603        0.02647983
     3.9000000       -0.02898498        0.02822210
     4.0000000       -0.03179601        0.02913192
