   -4.000000     -4.000000
  1    1       -0.00149127        0.00138460       -0.00000000        0.00000000
   -4.000000     -3.000000
  1    1        0.00123946        0.00076485        0.00000000        0.00000000
   -4.000000     -2.000000
  1    1       -0.00059371        0.00107028       -0.00000000        0.00000000
   -4.000000     -1.000000
  1    1        0.00121639        0.00095791       -0.00000000        0.00000000
   -4.000000      0.000000
  1    1       -0.00125534        0.00081294        0.00000000        0.00000000
   -4.000000      1.000000
  1    1        0.00017176        0.00058685       -0.00000000        0.00000000
   -4.000000      2.000000
  1    1       -0.00122489        0.00042797        0.00000000        0.00000000
   -4.000000      3.000000
  1    1        0.00094761        0.00094284        0.00000000        0.00000000
   -4.000000      4.000000
  1    1       -0.00177290        0.00089768       -0.00000000        0.00000000
   -4.000000      5.000000
  1    1        0.00147528        0.00062653       -0.00000000        0.00000000
   -3.000000     -4.000000
  1    1        0.00120161        0.00039724        0.00000000        0.00000000
   -3.000000     -3.000000
  1    1       -0.00198324        0.00159558       -0.00000000        0.00000000
   -3.000000     -2.000000
  1    1        0.00036950        0.00083365        0.00000000        0.00000000
   -3.000000     -1.000000
  1    1       -0.00068024        0.00061129        0.00000000        0.00000000
   -3.000000      0.000000
  1    1        0.00043721        0.00115437       -0.00000000        0.00000000
   -3.000000      1.000000
  1    1       -0.00104816        0.00085698        0.00000000        0.00000000
   -3.000000      2.000000
  1    1        0.00081201        0.00075539       -0.00000000        0.00000000
   -3.000000      3.000000
  1    1       -0.00106202        0.00059221       -0.00000000        0.00000000
   -3.000000      4.000000
  1    1        0.00138879        0.00100853       -0.00000000        0.00000000
   -3.000000      5.000000
  1    1       -0.00060928        0.00052933       -0.00000000        0.00000000
   -2.000000     -4.000000
  1    1       -0.00120888        0.00086959       -0.00000000        0.00000000
   -2.000000     -3.000000
  1    1        0.00086085        0.00076381        0.00000000        0.00000000
   -2.000000     -2.000000
  1    1       -0.00217922        0.00088097       -0.00000000        0.00000000
   -2.000000     -1.000000
  1    1       -0.00203380        0.00071891       -0.00000000        0.00000000
   -2.000000      0.000000
  1    1       -0.00228182        0.00074928        0.00000000        0.00000000
   -2.000000      1.000000
  1    1       -0.00162467        0.00108038       -0.00000000        0.00000000
   -2.000000      2.000000
  1    1       -0.00204200        0.00120645       -0.00000000        0.00000000
   -2.000000      3.000000
  1    1        0.00028078        0.00064973        0.00000000        0.00000000
   -2.000000      4.000000
  1    1       -0.00130128        0.00082082       -0.00000000        0.00000000
   -2.000000      5.000000
  1    1        0.00065679        0.00042267       -0.00000000        0.00000000
   -1.000000     -4.000000
  1    1        0.00252207        0.00226173       -0.00000000        0.00000000
   -1.000000     -3.000000
  1    1       -0.00134296        0.00056899        0.00000000        0.00000000
   -1.000000     -2.000000
  1    1       -0.00073639        0.00084996       -0.00000000        0.00000000
   -1.000000     -1.000000
  1    1       -0.00743808        0.00071101       -0.00000000        0.00000000
   -1.000000      0.000000
  1    1       -0.04584403        0.00131996       -0.00000000        0.00000000
   -1.000000      1.000000
  1    1       -0.00769542        0.00106784        0.00000000        0.00000000
   -1.000000      2.000000
  1    1       -0.00089142        0.00103386        0.00000000        0.00000000
   -1.000000      3.000000
  1    1       -0.00266514        0.00135942       -0.00000000        0.00000000
   -1.000000      4.000000
  1    1        0.00153812        0.00049504        0.00000000        0.00000000
   -1.000000      5.000000
  1    1       -0.00158302        0.00049375       -0.00000000        0.00000000
    0.000000     -4.000000
  1    1       -0.00200650        0.00086356        0.00000000        0.00000000
    0.000000     -3.000000
  1    1        0.00190085        0.00114104       -0.00000000        0.00000000
    0.000000     -2.000000
  1    1       -0.00274581        0.00052601        0.00000000        0.00000000
    0.000000     -1.000000
  1    1       -0.04393445        0.00149859       -0.00000000        0.00000000
    0.000000      0.000000
  1    1        0.24415926        0.00623879       -0.00000000        0.00000000
    0.000000      1.000000
  1    1       -0.04393445        0.00149859        0.00000000        0.00000000
    0.000000      2.000000
  1    1       -0.00274581        0.00052601       -0.00000000        0.00000000
    0.000000      3.000000
  1    1        0.00190085        0.00114104        0.00000000        0.00000000
    0.000000      4.000000
  1    1       -0.00200650        0.00086356       -0.00000000        0.00000000
    0.000000      5.000000
  1    1        0.00085185        0.00123862        0.00000000        0.00000000
    1.000000     -4.000000
  1    1        0.00153812        0.00049504       -0.00000000        0.00000000
    1.000000     -3.000000
  1    1       -0.00266514        0.00135942        0.00000000        0.00000000
    1.000000     -2.000000
  1    1       -0.00089142        0.00103386       -0.00000000        0.00000000
    1.000000     -1.000000
  1    1       -0.00769542        0.00106784       -0.00000000        0.00000000
    1.000000      0.000000
  1    1       -0.04584403        0.00131996        0.00000000        0.00000000
    1.000000      1.000000
  1    1       -0.00743808        0.00071101       -0.00000000        0.00000000
    1.000000      2.000000
  1    1       -0.00073639        0.00084996        0.00000000        0.00000000
    1.000000      3.000000
  1    1       -0.00134296        0.00056899       -0.00000000        0.00000000
    1.000000      4.000000
  1    1        0.00252207        0.00226173        0.00000000        0.00000000
    1.000000      5.000000
  1    1       -0.00158302        0.00049375       -0.00000000        0.00000000
    2.000000     -4.000000
  1    1       -0.00130128        0.00082082        0.00000000        0.00000000
    2.000000     -3.000000
  1    1        0.00028078        0.00064973       -0.00000000        0.00000000
    2.000000     -2.000000
  1    1       -0.00204200        0.00120645        0.00000000        0.00000000
    2.000000     -1.000000
  1    1       -0.00162467        0.00108038        0.00000000        0.00000000
    2.000000      0.000000
  1    1       -0.00228182        0.00074928       -0.00000000        0.00000000
    2.000000      1.000000
  1    1       -0.00203380        0.00071891        0.00000000        0.00000000
    2.000000      2.000000
  1    1       -0.00217922        0.00088097        0.00000000        0.00000000
    2.000000      3.000000
  1    1        0.00086085        0.00076381       -0.00000000        0.00000000
    2.000000      4.000000
  1    1       -0.00120888        0.00086959        0.00000000        0.00000000
    2.000000      5.000000
  1    1        0.00065679        0.00042267       -0.00000000        0.00000000
    3.000000     -4.000000
  1    1        0.00138879        0.00100853        0.00000000        0.00000000
    3.000000     -3.000000
  1    1       -0.00106202        0.00059221        0.00000000        0.00000000
    3.000000     -2.000000
  1    1        0.00081201        0.00075539        0.00000000        0.00000000
    3.000000     -1.000000
  1    1       -0.00104816        0.00085698       -0.00000000        0.00000000
    3.000000      0.000000
  1    1        0.00043721        0.00115437        0.00000000        0.00000000
    3.000000      1.000000
  1    1       -0.00068024        0.00061129       -0.00000000        0.00000000
    3.000000      2.000000
  1    1        0.00036950        0.00083365       -0.00000000        0.00000000
    3.000000      3.000000
  1    1       -0.00198324        0.00159558       -0.00000000        0.00000000
    3.000000      4.000000
  1    1        0.00120161        0.00039724       -0.00000000        0.00000000
    3.000000      5.000000
  1    1       -0.00060928        0.00052933        0.00000000        0.00000000
    4.000000     -4.000000
  1    1       -0.00177290        0.00089768       -0.00000000        0.00000000
    4.000000     -3.000000
  1    1        0.00094761        0.00094284       -0.00000000        0.00000000
    4.000000     -2.000000
  1    1       -0.00122489        0.00042797       -0.00000000        0.00000000
    4.000000     -1.000000
  1    1        0.00017176        0.00058685        0.00000000        0.00000000
    4.000000      0.000000
  1    1       -0.00125534        0.00081294       -0.00000000        0.00000000
    4.000000      1.000000
  1    1        0.00121639        0.00095791        0.00000000        0.00000000
    4.000000      2.000000
  1    1       -0.00059371        0.00107028        0.00000000        0.00000000
    4.000000      3.000000
  1    1        0.00123946        0.00076485       -0.00000000        0.00000000
    4.000000      4.000000
  1    1       -0.00149127        0.00138460        0.00000000        0.00000000
    4.000000      5.000000
  1    1        0.00147528        0.00062653       -0.00000000        0.00000000
    5.000000     -4.000000
  1    1        0.00134823        0.00051160       -0.00000000        0.00000000
    5.000000     -3.000000
  1    1       -0.00099996        0.00094325       -0.00000000        0.00000000
    5.000000     -2.000000
  1    1        0.00088813        0.00040185       -0.00000000        0.00000000
    5.000000     -1.000000
  1    1       -0.00100498        0.00076100       -0.00000000        0.00000000
    5.000000      0.000000
  1    1        0.00070374        0.00041980        0.00000000        0.00000000
    5.000000      1.000000
  1    1       -0.00100498        0.00076100       -0.00000000        0.00000000
    5.000000      2.000000
  1    1        0.00088813        0.00040185       -0.00000000        0.00000000
    5.000000      3.000000
  1    1       -0.00099996        0.00094325        0.00000000        0.00000000
    5.000000      4.000000
  1    1        0.00134823        0.00051160       -0.00000000        0.00000000
    5.000000      5.000000
  1    1       -0.00188582        0.00148346       -0.00000000        0.00000000
