          41           4   8.0000000000000000                1
     0.0000000        0.93520073        0.03947297
     0.1000000        0.62025057        0.01695623
     0.2000000        0.39663939        0.02038276
     0.3000000        0.25862469        0.02498410
     0.4000000        0.18833601        0.03642597
     0.5000000        0.14132134        0.01221202
     0.6000000        0.08939204        0.04139428
     0.7000000        0.07534743        0.00771410
     0.8000000        0.03480955        0.02932399
     0.9000000       -0.00724256        0.03834622
     1.0000000       -0.00906464        0.03636414
     1.1000000        0.01414069        0.01613797
     1.2000000       -0.00113453        0.02900032
     1.3000000       -0.00982528        0.02424531
     1.4000000       -0.03873327        0.01474068
     1.5000000       -0.03345901        0.02403964
     1.6000000       -0.02044809        0.02393226
     1.7000000        0.01348261        0.01658252
     1.8000000       -0.00176399        0.01180694
     1.9000000       -0.01076418        0.01387782
     2.0000000        0.01128211        0.00524989
     2.1000000        0.01374324        0.00611495
     2.2000000        0.03034999        0.00753521
     2.3000000        0.01191745        0.01259835
     2.4000000       -0.00398725        0.00722293
     2.5000000       -0.01072215        0.01410065
     2.6000000        0.02577071        0.03048165
     2.7000000        0.01817362        0.02476556
     2.8000000        0.00315570        0.02095568
     2.9000000        0.01956610        0.02500417
     3.0000000       -0.01362037        0.02893117
     3.1000000       -0.01670680        0.03475796
     3.2000000       -0.00671691        0.03052804
     3.3000000       -0.01067681        0.02679641
     3.4000000       -0.01710926        0.03844904
     3.5000000       -0.03097891        0.06291035
     3.6000000       -0.01568686        0.03676708
     3.7000000       -0.01224138        0.02901693
     3.8000000       -0.03014691        0.04621840
     3.9000000       -0.02914197        0.02798831
     4.0000000       -0.03114955        0.03861294
