          51           9   10.000000000000000                1
     0.0000000        1.54697747        0.10251059
     0.1000000        1.30706251        0.09592779
     0.2000000        1.12851830        0.07837653
     0.3000000        0.99441322        0.08698620
     0.4000000        0.95110622        0.07460888
     0.5000000        0.83127012        0.08044721
     0.6000000        0.72943603        0.06168011
     0.7000000        0.68771095        0.06303327
     0.8000000        0.58033568        0.08075837
     0.9000000        0.57807453        0.11032472
     1.0000000        0.68774519        0.08588706
     1.1000000        0.55079168        0.08832591
     1.2000000        0.49980284        0.10350434
     1.3000000        0.51659901        0.13491318
     1.4000000        0.48507385        0.11359741
     1.5000000        0.58158774        0.10586176
     1.6000000        0.53363360        0.17279548
     1.7000000        0.38671879        0.08570226
     1.8000000        0.33850702        0.07824040
     1.9000000        0.31780840        0.08689957
     2.0000000        0.22900507        0.09379870
     2.1000000        0.31714201        0.08716755
     2.2000000        0.22901101        0.11958150
     2.3000000       -0.01714232        0.28689125
     2.4000000        0.26877496        0.12746644
     2.5000000        0.35181119        0.08480474
     2.6000000        0.32139543        0.11193627
     2.7000000        0.16567117        0.06423498
     2.8000000        0.23097953        0.06012333
     2.9000000        0.20168669        0.07473570
     3.0000000        0.19029918        0.11173694
     3.1000000        0.23236763        0.15341936
     3.2000000        0.22202249        0.17302992
     3.3000000        0.19912172        0.15299884
     3.4000000        0.05258140        0.07954813
     3.5000000        0.13687750        0.09313445
     3.6000000        0.05416283        0.08922836
     3.7000000       -0.03217445        0.14274671
     3.8000000       -0.01703322        0.12539507
     3.9000000        0.08389026        0.11803081
     4.0000000        0.01475538        0.12644946
     4.1000000       -0.08782568        0.17036816
     4.2000000        0.02778500        0.08286099
     4.3000000        0.00804550        0.14998856
     4.4000000       -0.14707240        0.26027424
     4.5000000       -0.11848047        0.17574105
     4.6000000       -0.04979875        0.11870355
     4.7000000       -0.26980746        0.17858640
     4.8000000       -0.07578491        0.11145398
     4.9000000       -0.04073037        0.12003096
     5.0000000       -0.09429583        0.08466996
