          31           9   6.0000000000000000                1
     0.0000000        0.23201709        0.13612781
     0.1000000        0.03525367        0.13435240
     0.2000000       -0.06380824        0.13173142
     0.3000000       -0.11511092        0.12750918
     0.4000000       -0.14186294        0.12294761
     0.5000000       -0.15032166        0.11930412
     0.6000000       -0.14819161        0.11422268
     0.7000000       -0.14463020        0.10806673
     0.8000000       -0.13522921        0.10152190
     0.9000000       -0.12674119        0.09833587
     1.0000000       -0.12877447        0.09928178
     1.1000000       -0.12983509        0.09845292
     1.2000000       -0.12612024        0.09315923
     1.3000000       -0.11483033        0.08474136
     1.4000000       -0.10733252        0.07789394
     1.5000000       -0.09991162        0.07526201
     1.6000000       -0.08432068        0.07368328
     1.7000000       -0.08091764        0.07459442
     1.8000000       -0.08631502        0.07613092
     1.9000000       -0.08964860        0.07667688
     2.0000000       -0.09159429        0.07851092
     2.1000000       -0.09523917        0.08119093
     2.2000000       -0.09333115        0.08349151
     2.3000000       -0.08517534        0.08558714
     2.4000000       -0.07451816        0.08443093
     2.5000000       -0.06888806        0.08188249
     2.6000000       -0.06433306        0.07901600
     2.7000000       -0.05583774        0.07696468
     2.8000000       -0.05243064        0.07502310
     2.9000000       -0.04830797        0.07511492
     3.0000000       -0.04469735        0.07617585
