          41           4   8.0000000000000000                1
     0.0000000        0.22387322        0.01012053
     0.1000000        0.14401795        0.00897981
     0.2000000        0.09672605        0.01214032
     0.3000000        0.06830939        0.00477404
     0.4000000        0.03880047        0.00779325
     0.5000000        0.02789596        0.00869494
     0.6000000        0.02648889        0.00961621
     0.7000000        0.01389023        0.00728003
     0.8000000        0.00891315        0.01129340
     0.9000000        0.01021755        0.00919165
     1.0000000        0.00902363        0.00388774
     1.1000000        0.01374294        0.00491030
     1.2000000        0.01202124        0.00685121
     1.3000000        0.00768415        0.00407569
     1.4000000        0.00296983        0.00705427
     1.5000000        0.00354886        0.00473440
     1.6000000        0.00617586        0.00735296
     1.7000000       -0.00021007        0.00488900
     1.8000000       -0.00632804        0.00481936
     1.9000000       -0.00324643        0.00219661
     2.0000000       -0.00431676        0.00729202
     2.1000000       -0.00214577        0.00567569
     2.2000000       -0.01322602        0.00562231
     2.3000000       -0.01308473        0.00391663
     2.4000000       -0.01151846        0.00518314
     2.5000000       -0.01278747        0.01045050
     2.6000000       -0.01161608        0.00403621
     2.7000000       -0.01201977        0.00535429
     2.8000000       -0.00939706        0.00250886
     2.9000000       -0.00290792        0.00446804
     3.0000000        0.00027562        0.00627429
     3.1000000       -0.00081949        0.00578816
     3.2000000        0.00302669        0.00629309
     3.3000000       -0.00477364        0.00729726
     3.4000000       -0.00856229        0.00342740
     3.5000000       -0.01183188        0.00359302
     3.6000000       -0.00544926        0.00640898
     3.7000000       -0.01380741        0.01241692
     3.8000000       -0.00701322        0.01386505
     3.9000000       -0.01512339        0.00780493
     4.0000000       -0.01617794        0.01446702
