          41           9   8.0000000000000000                1
     0.0000000        0.19686798        0.00846335
     0.1000000        0.12676768        0.00825828
     0.2000000        0.08385026        0.00787726
     0.3000000        0.05651290        0.00759182
     0.4000000        0.03883056        0.00728179
     0.5000000        0.02763636        0.00668906
     0.6000000        0.02034294        0.00585368
     0.7000000        0.01537074        0.00510573
     0.8000000        0.01254170        0.00465617
     0.9000000        0.01101605        0.00446671
     1.0000000        0.00926394        0.00463356
     1.1000000        0.00797535        0.00454244
     1.2000000        0.00746337        0.00405630
     1.3000000        0.00753542        0.00373755
     1.4000000        0.00822551        0.00364857
     1.5000000        0.00812964        0.00367605
     1.6000000        0.00706442        0.00356671
     1.7000000        0.00647397        0.00334579
     1.8000000        0.00641414        0.00300173
     1.9000000        0.00686284        0.00273932
     2.0000000        0.00762973        0.00273900
     2.1000000        0.00799984        0.00292999
     2.2000000        0.00850648        0.00329309
     2.3000000        0.00915699        0.00365937
     2.4000000        0.00931253        0.00413758
     2.5000000        0.00876220        0.00455706
     2.6000000        0.00788363        0.00459645
     2.7000000        0.00682108        0.00453002
     2.8000000        0.00556215        0.00436220
     2.9000000        0.00431782        0.00418187
     3.0000000        0.00380028        0.00405499
     3.1000000        0.00327770        0.00391786
     3.2000000        0.00236503        0.00395387
     3.3000000        0.00128023        0.00415996
     3.4000000        0.00045300        0.00459873
     3.5000000        0.00017505        0.00488225
     3.6000000        0.00010571        0.00519139
     3.7000000        0.00005342        0.00552512
     3.8000000       -0.00031099        0.00569665
     3.9000000       -0.00070208        0.00580581
     4.0000000       -0.00088500        0.00584403
