          21           4   4.0000000000000000                1
     0.0000000        0.25312409        0.02568659
     0.1000000        0.17197652        0.02559675
     0.2000000        0.12033030        0.02367699
     0.3000000        0.08818187        0.02025117
     0.4000000        0.06675765        0.01563866
     0.5000000        0.05288316        0.01062781
     0.6000000        0.04402731        0.00570288
     0.7000000        0.03737722        0.00335311
     0.8000000        0.03177225        0.00309444
     0.9000000        0.02570097        0.00395013
     1.0000000        0.02020797        0.00597360
     1.1000000        0.01581935        0.00835521
     1.2000000        0.01299443        0.00819529
     1.3000000        0.01313987        0.00712825
     1.4000000        0.01452975        0.00791099
     1.5000000        0.01793483        0.00788085
     1.6000000        0.02320193        0.00611233
     1.7000000        0.02831355        0.00575595
     1.8000000        0.03012353        0.00795386
     1.9000000        0.02673902        0.01188476
     2.0000000        0.02385647        0.01380512
