          41           4   8.0000000000000000                1
     0.0000000        0.07929306        0.03611767
     0.1000000        0.06157287        0.02499737
     0.2000000        0.05855122        0.00971207
     0.3000000        0.03154000        0.01345643
     0.4000000        0.03055003        0.00272548
     0.5000000        0.03383566        0.00862034
     0.6000000        0.01130108        0.00238794
     0.7000000        0.00713171        0.01059076
     0.8000000        0.00112219        0.00452625
     0.9000000       -0.00038142        0.00700343
     1.0000000        0.00462920        0.00691013
     1.1000000        0.01058424        0.00687848
     1.2000000       -0.00214787        0.00582336
     1.3000000        0.00451981        0.00469038
     1.4000000       -0.00158093        0.01000933
     1.5000000       -0.00376121        0.01093587
     1.6000000       -0.00630592        0.00705494
     1.7000000        0.00441667        0.00590878
     1.8000000        0.00145353        0.00696569
     1.9000000        0.01603121        0.01059294
     2.0000000        0.00030305        0.00651691
     2.1000000        0.00725271        0.00992137
     2.2000000       -0.00675957        0.00764991
     2.3000000        0.00526490        0.00583346
     2.4000000       -0.00359065        0.00346370
     2.5000000       -0.00236560        0.00497377
     2.6000000        0.01178484        0.00498965
     2.7000000        0.00850859        0.00092650
     2.8000000        0.00404381        0.00370134
     2.9000000        0.01707166        0.00720160
     3.0000000        0.01502515        0.00842278
     3.1000000        0.01201248        0.00375241
     3.2000000        0.01004010        0.00846930
     3.3000000        0.00902501        0.00282915
     3.4000000        0.00430949        0.00757383
     3.5000000       -0.00617614        0.01088599
     3.6000000        0.00432778        0.01088495
     3.7000000        0.00580572        0.00202596
     3.8000000        0.00104869        0.00526115
     3.9000000        0.00509174        0.00325381
     4.0000000        0.00569817        0.00747598
