          31           9   6.0000000000000000                1
     0.0000000        1.05810113        0.03807922
     0.1000000        0.86565073        0.03762313
     0.2000000        0.73077174        0.03602952
     0.3000000        0.62991169        0.03309092
     0.4000000        0.55168519        0.03039297
     0.5000000        0.48981126        0.02753141
     0.6000000        0.43933607        0.02399079
     0.7000000        0.39708184        0.02092415
     0.8000000        0.36134004        0.01864439
     0.9000000        0.33070906        0.01675109
     1.0000000        0.30459192        0.01566101
     1.1000000        0.28269646        0.01613898
     1.2000000        0.26317435        0.01723878
     1.3000000        0.24472022        0.01780229
     1.4000000        0.22759610        0.01725166
     1.5000000        0.21133847        0.01548610
     1.6000000        0.19578171        0.01287252
     1.7000000        0.18253603        0.01107292
     1.8000000        0.17189261        0.01041044
     1.9000000        0.16341490        0.00985893
     2.0000000        0.15674076        0.00940064
     2.1000000        0.15079621        0.00869832
     2.2000000        0.14526620        0.00816717
     2.3000000        0.13997668        0.00819408
     2.4000000        0.13506409        0.00829456
     2.5000000        0.13026978        0.00830359
     2.6000000        0.12679610        0.00832509
     2.7000000        0.12450509        0.00847720
     2.8000000        0.12267929        0.00856973
     2.9000000        0.12135476        0.00857630
     3.0000000        0.12073132        0.00859251
