          26           4   5.0000000000000000                1
     0.0000000        0.78054447        0.00479026
     0.1000000        0.29408429        0.00277616
     0.2000000        0.12141731        0.00167333
     0.3000000        0.05436231        0.00068894
     0.4000000        0.02603433        0.00041978
     0.5000000        0.01306420        0.00025994
     0.6000000        0.00694331        0.00013948
     0.7000000        0.00384404        0.00010297
     0.8000000        0.00216268        0.00007607
     0.9000000        0.00123839        0.00004285
     1.0000000        0.00071280        0.00002995
     1.1000000        0.00040987        0.00001740
     1.2000000        0.00024309        0.00000734
     1.3000000        0.00014894        0.00000268
     1.4000000        0.00009492        0.00000493
     1.5000000        0.00006040        0.00000469
     1.6000000        0.00003639        0.00000430
     1.7000000        0.00002169        0.00000292
     1.8000000        0.00001269        0.00000281
     1.9000000        0.00000701        0.00000247
     2.0000000        0.00000426        0.00000172
     2.1000000        0.00000297        0.00000158
     2.2000000        0.00000309        0.00000153
     2.3000000        0.00000279        0.00000191
     2.4000000        0.00000223        0.00000209
     2.5000000        0.00000203        0.00000220
