          31           4   6.0000000000000000                1
     0.0000000        0.26671361        0.02838913
     0.1000000        0.16585325        0.01328835
     0.2000000        0.10305647        0.01842569
     0.3000000        0.04506400        0.00785204
     0.4000000        0.02654037        0.00829515
     0.5000000        0.01880885        0.00276688
     0.6000000        0.01098431        0.00496042
     0.7000000        0.01770201        0.00850346
     0.8000000        0.01783628        0.00940812
     0.9000000        0.01431672        0.00254153
     1.0000000        0.00831021        0.00461487
     1.1000000        0.01580510        0.00910893
     1.2000000        0.01509645        0.00805328
     1.3000000        0.01690282        0.00877854
     1.4000000        0.01645244        0.00888596
     1.5000000        0.00461257        0.00835484
     1.6000000       -0.00082311        0.00729616
     1.7000000       -0.00149875        0.00945162
     1.8000000       -0.00377021        0.00803893
     1.9000000       -0.00575874        0.00313924
     2.0000000        0.00224453        0.00343049
     2.1000000       -0.00040789        0.00964153
     2.2000000       -0.00807362        0.00311960
     2.3000000        0.00004944        0.00156903
     2.4000000       -0.00382040        0.00452035
     2.5000000       -0.00172517        0.00789270
     2.6000000       -0.01146132        0.00783012
     2.7000000       -0.00390971        0.01358977
     2.8000000        0.00445256        0.00784922
     2.9000000        0.00002977        0.01086282
     3.0000000        0.00331982        0.01293223
