          61           9   12.000000000000000                1
     0.0000000        0.07401901        0.00257556
     0.1000000        0.07401901        0.00257556
     0.2000000        0.07401901        0.00257556
     0.3000000        0.07401901        0.00257556
     0.4000000        0.07401901        0.00257556
     0.5000000        0.07401901        0.00257556
     0.6000000        0.07401901        0.00257556
     0.7000000        0.07401901        0.00257556
     0.8000000        0.07401901        0.00257556
     0.9000000        0.07401901        0.00257556
     1.0000000        0.07401901        0.00257556
     1.1000000        0.07401901        0.00257556
     1.2000000        0.07401901        0.00257556
     1.3000000        0.07401901        0.00257556
     1.4000000        0.07401901        0.00257556
     1.5000000        0.07401901        0.00257556
     1.6000000        0.07401901        0.00257556
     1.7000000        0.07401901        0.00257556
     1.8000000        0.07401901        0.00257556
     1.9000000        0.07401901        0.00257556
     2.0000000        0.07401901        0.00257556
     2.1000000        0.07401901        0.00257556
     2.2000000        0.07401901        0.00257556
     2.3000000        0.07401901        0.00257556
     2.4000000        0.07401901        0.00257556
     2.5000000        0.07401901        0.00257556
     2.6000000        0.07401901        0.00257556
     2.7000000        0.07401901        0.00257556
     2.8000000        0.07401901        0.00257556
     2.9000000        0.07401901        0.00257556
     3.0000000        0.07401901        0.00257556
     3.1000000        0.07401901        0.00257556
     3.2000000        0.07401901        0.00257556
     3.3000000        0.07401901        0.00257556
     3.4000000        0.07401901        0.00257556
     3.5000000        0.07401901        0.00257556
     3.6000000        0.07401901        0.00257556
     3.7000000        0.07401901        0.00257556
     3.8000000        0.07401901        0.00257556
     3.9000000        0.07401901        0.00257556
     4.0000000        0.07401901        0.00257556
     4.1000000        0.07401901        0.00257556
     4.2000000        0.07401901        0.00257556
     4.3000000        0.07401901        0.00257556
     4.4000000        0.07401901        0.00257556
     4.5000000        0.07401901        0.00257556
     4.6000000        0.07401901        0.00257556
     4.7000000        0.07401901        0.00257556
     4.8000000        0.07401901        0.00257556
     4.9000000        0.07401901        0.00257556
     5.0000000        0.07401901        0.00257556
     5.1000000        0.07401901        0.00257556
     5.2000000        0.07401901        0.00257556
     5.3000000        0.07401901        0.00257556
     5.4000000        0.07401901        0.00257556
     5.5000000        0.07401901        0.00257556
     5.6000000        0.07401901        0.00257556
     5.7000000        0.07401901        0.00257556
     5.8000000        0.07401901        0.00257556
     5.9000000        0.07401901        0.00257556
     6.0000000        0.07401901        0.00257556
