   -2.094395     -2.094395
  1    1        0.15634884        0.00125497       -0.00098783        0.00051103
   -2.094395     -1.047198
  1    1        1.00486790        0.00197184       -0.00101579        0.00255962
   -2.094395      0.000000
  1    1        1.65496204        0.00240735        0.00046767        0.00091174
   -2.094395      1.047198
  1    1        1.00382971        0.00172671        0.00310665        0.00155881
   -2.094395      2.094395
  1    1        0.15683652        0.00107889       -0.00026385        0.00044019
   -2.094395      3.141593
  1    1        0.09909982        0.00051348        0.00011778        0.00042349
   -1.047198     -2.094395
  1    1        0.99513210        0.00197184        0.00101579        0.00255962
   -1.047198     -1.047198
  1    1        1.84365116        0.00125497        0.00098783        0.00051103
   -1.047198      0.000000
  1    1        1.90090018        0.00051348       -0.00011778        0.00042349
   -1.047198      1.047198
  1    1        1.84316348        0.00107889        0.00026385        0.00044019
   -1.047198      2.094395
  1    1        0.99617029        0.00172671       -0.00310665        0.00155881
   -1.047198      3.141593
  1    1        0.34503796        0.00240735       -0.00046767        0.00091174
    0.000000     -2.094395
  1    1        1.65560226        0.00312154        0.00109833        0.00108966
    0.000000     -1.047198
  1    1        1.90074314        0.00080894       -0.00064587        0.00062013
    0.000000      0.000000
  1    1        1.93045144        0.00046520        0.00000000        0.00000000
    0.000000      1.047198
  1    1        1.90074314        0.00080894        0.00064587        0.00062013
    0.000000      2.094395
  1    1        1.65560226        0.00312154       -0.00109833        0.00108966
    0.000000      3.141593
  1    1        0.99783881        0.00434268       -0.00000000        0.00000000
    1.047198     -2.094395
  1    1        0.99617029        0.00172671        0.00310665        0.00155881
    1.047198     -1.047198
  1    1        1.84316348        0.00107889       -0.00026385        0.00044019
    1.047198      0.000000
  1    1        1.90090018        0.00051348        0.00011778        0.00042349
    1.047198      1.047198
  1    1        1.84365116        0.00125497       -0.00098783        0.00051103
    1.047198      2.094395
  1    1        0.99513210        0.00197184       -0.00101579        0.00255962
    1.047198      3.141593
  1    1        0.34503796        0.00240735        0.00046767        0.00091174
    2.094395     -2.094395
  1    1        0.15683652        0.00107889        0.00026385        0.00044019
    2.094395     -1.047198
  1    1        1.00382971        0.00172671       -0.00310665        0.00155881
    2.094395      0.000000
  1    1        1.65496204        0.00240735       -0.00046767        0.00091174
    2.094395      1.047198
  1    1        1.00486790        0.00197184        0.00101579        0.00255962
    2.094395      2.094395
  1    1        0.15634884        0.00125497        0.00098783        0.00051103
    2.094395      3.141593
  1    1        0.09909982        0.00051348       -0.00011778        0.00042349
    3.141593     -2.094395
  1    1        0.09925686        0.00080894        0.00064587        0.00062013
    3.141593     -1.047198
  1    1        0.34439774        0.00312154       -0.00109833        0.00108966
    3.141593      0.000000
  1    1        1.00216119        0.00434268       -0.00000000        0.00000000
    3.141593      1.047198
  1    1        0.34439774        0.00312154        0.00109833        0.00108966
    3.141593      2.094395
  1    1        0.09925686        0.00080894       -0.00064587        0.00062013
    3.141593      3.141593
  1    1        0.06954856        0.00046520       -0.00000000        0.00000000
