 0.10000000000000000E+001          1         36
( 0.00000000000000000E+000, 0.00000000000000000E+000)
-0.20943951023931953E+001 -0.20943951023931953E+001
( 0.34733090326321425E+000, 0.53969174808167325E-017)
-0.20943951023931953E+001 -0.10471975511965976E+001
( 0.27481804475969096E+000,-0.31803263726241462E-017)
-0.20943951023931953E+001  0.00000000000000000E+000
( 0.24313851253826901E+000, 0.10921600975002639E-016)
-0.20943951023931953E+001  0.10471975511965976E+001
( 0.27907088715367073E+000, 0.17347234759768071E-016)
-0.20943951023931953E+001  0.20943951023931953E+001
( 0.35156242835001850E+000, 0.48186763221577973E-017)
-0.20943951023931953E+001  0.31415926535897931E+001
( 0.39365072532262602E+000, 0.27483679320893803E-017)
-0.10471975511965976E+001 -0.20943951023931953E+001
( 0.27507608256466515E+000, 0.62642792188051360E-017)
-0.10471975511965976E+001 -0.10471975511965976E+001
( 0.17901854998765712E+000, 0.46259292692714853E-017)
-0.10471975511965976E+001  0.00000000000000000E+000
( 0.13301557478011927E+000, 0.43692992097005872E-017)
-0.10471975511965976E+001  0.10471975511965976E+001
( 0.18378598846667824E+000, 0.11853943752508181E-016)
-0.10471975511965976E+001  0.20943951023931953E+001
( 0.27444471908048035E+000, 0.96373526443155954E-018)
-0.10471975511965976E+001  0.31415926535897931E+001
( 0.31535338240295002E+000, 0.22830034231023974E-017)
 0.00000000000000000E+000 -0.20943951023931953E+001
( 0.23801828188349222E+000,-0.26984587404083662E-017)
 0.00000000000000000E+000 -0.10471975511965976E+001
( 0.13073758273011057E+000,-0.61679056923619804E-017)
 0.00000000000000000E+000  0.00000000000000000E+000
( 0.33423294798555055E-001, 0.00000000000000000E+000)
 0.00000000000000000E+000  0.10471975511965976E+001
( 0.13073758273011057E+000, 0.61679056923619804E-017)
 0.00000000000000000E+000  0.20943951023931953E+001
( 0.23801828188349222E+000, 0.26984587404083662E-017)
 0.00000000000000000E+000  0.31415926535897931E+001
( 0.28214771401116517E+000, 0.20918817100774684E-017)
 0.10471975511965976E+001 -0.20943951023931953E+001
( 0.27444471908048035E+000,-0.96373526443155954E-018)
 0.10471975511965976E+001 -0.10471975511965976E+001
( 0.18378598846667824E+000,-0.11853943752508181E-016)
 0.10471975511965976E+001  0.00000000000000000E+000
( 0.13301557478011927E+000,-0.43692992097005872E-017)
 0.10471975511965976E+001  0.10471975511965976E+001
( 0.17901854998765712E+000,-0.46259292692714853E-017)
 0.10471975511965976E+001  0.20943951023931953E+001
( 0.27507608256466515E+000,-0.62642792188051360E-017)
 0.10471975511965976E+001  0.31415926535897931E+001
( 0.31535338240295002E+000,-0.25921504652032175E-017)
 0.20943951023931953E+001 -0.20943951023931953E+001
( 0.35156242835001850E+000,-0.48186763221577973E-017)
 0.20943951023931953E+001 -0.10471975511965976E+001
( 0.27907088715367073E+000,-0.17347234759768071E-016)
 0.20943951023931953E+001  0.00000000000000000E+000
( 0.24313851253826901E+000,-0.10921600975002639E-016)
 0.20943951023931953E+001  0.10471975511965976E+001
( 0.27481804475969096E+000, 0.31803263726241462E-017)
 0.20943951023931953E+001  0.20943951023931953E+001
( 0.34733090326321425E+000,-0.53969174808167325E-017)
 0.20943951023931953E+001  0.31415926535897931E+001
( 0.39365072532262596E+000,-0.35957032073064330E-017)
 0.31415926535897931E+001 -0.20943951023931953E+001
( 0.39014330154210469E+000, 0.10601087908747153E-017)
 0.31415926535897931E+001 -0.10471975511965976E+001
( 0.32000952602457866E+000,-0.87699909063271911E-017)
 0.31415926535897931E+001  0.00000000000000000E+000
( 0.29240045486927729E+000, 0.23716071828219474E-017)
 0.31415926535897931E+001  0.10471975511965976E+001
( 0.32000952602457866E+000, 0.89627379592135023E-017)
 0.31415926535897931E+001  0.20943951023931953E+001
( 0.39014330154210469E+000,-0.16383499495336511E-017)
 0.31415926535897931E+001  0.31415926535897931E+001
( 0.42694952135672365E+000,-0.10722617348678371E-017)
 0.10000000000000000E+001          1         36
( 0.00000000000000000E+000, 0.00000000000000000E+000)
-0.20943951023931953E+001 -0.20943951023931953E+001
( 0.34432616819469064E+000,-0.36694220193231623E-016)
-0.20943951023931953E+001 -0.10471975511965976E+001
( 0.26962007267566479E+000,-0.38380756905986857E-016)
-0.20943951023931953E+001  0.00000000000000000E+000
( 0.23218811383327020E+000,-0.33271845949099605E-016)
-0.20943951023931953E+001  0.10471975511965976E+001
( 0.26442993650497848E+000,-0.14769242927413650E-016)
-0.20943951023931953E+001  0.20943951023931953E+001
( 0.34438901451935933E+000,-0.12456278292777906E-016)
-0.20943951023931953E+001  0.31415926535897931E+001
( 0.38294537086375752E+000,-0.32800292789434645E-016)
-0.10471975511965976E+001 -0.20943951023931953E+001
( 0.26975598108545140E+000,-0.38718064248537900E-016)
-0.10471975511965976E+001 -0.10471975511965976E+001
( 0.16892892856171027E+000,-0.43825861150025163E-016)
-0.10471975511965976E+001  0.00000000000000000E+000
( 0.11795649640290751E+000,-0.18534390831799419E-016)
-0.10471975511965976E+001  0.10471975511965976E+001
( 0.17232220559410685E+000,-0.30598594645702013E-017)
-0.10471975511965976E+001  0.20943951023931953E+001
( 0.26710215223765249E+000,-0.14070534860700768E-016)
-0.10471975511965976E+001  0.31415926535897931E+001
( 0.30572922545835240E+000,-0.31744398435746229E-016)
 0.00000000000000000E+000 -0.20943951023931953E+001
( 0.23185551661544002E+000,-0.17805009010373059E-016)
 0.00000000000000000E+000 -0.10471975511965976E+001
( 0.11903811580634005E+000,-0.25514891125825536E-016)
 0.00000000000000000E+000  0.00000000000000000E+000
( 0.33647601066410328E-001, 0.00000000000000000E+000)
 0.00000000000000000E+000  0.10471975511965976E+001
( 0.11903811580634005E+000, 0.25514891125825536E-016)
 0.00000000000000000E+000  0.20943951023931953E+001
( 0.23185551661544002E+000, 0.17805009010373059E-016)
 0.00000000000000000E+000  0.31415926535897931E+001
( 0.28196381541268989E+000, 0.13888359748791382E-017)
 0.10471975511965976E+001 -0.20943951023931953E+001
( 0.26710215223765249E+000, 0.14070534860700768E-016)
 0.10471975511965976E+001 -0.10471975511965976E+001
( 0.17232220559410685E+000, 0.30598594645702013E-017)
 0.10471975511965976E+001  0.00000000000000000E+000
( 0.11795649640290751E+000, 0.18534390831799419E-016)
 0.10471975511965976E+001  0.10471975511965976E+001
( 0.16892892856171027E+000, 0.43825861150025163E-016)
 0.10471975511965976E+001  0.20943951023931953E+001
( 0.26975598108545140E+000, 0.38718064248537900E-016)
 0.10471975511965976E+001  0.31415926535897931E+001
( 0.30572922545835240E+000, 0.31985552145036273E-016)
 0.20943951023931953E+001 -0.20943951023931953E+001
( 0.34438901451935933E+000, 0.12456278292777906E-016)
 0.20943951023931953E+001 -0.10471975511965976E+001
( 0.26442993650497848E+000, 0.14769242927413650E-016)
 0.20943951023931953E+001  0.00000000000000000E+000
( 0.23218811383327020E+000, 0.33271845949099605E-016)
 0.20943951023931953E+001  0.10471975511965976E+001
( 0.26962007267566479E+000, 0.38380756905986857E-016)
 0.20943951023931953E+001  0.20943951023931953E+001
( 0.34432616819469064E+000, 0.36694220193231623E-016)
 0.20943951023931953E+001  0.31415926535897931E+001
( 0.38294537086375746E+000, 0.31992944612291064E-016)
 0.31415926535897931E+001 -0.20943951023931953E+001
( 0.37834269845193447E+000,-0.53487307175951547E-017)
 0.31415926535897931E+001 -0.10471975511965976E+001
( 0.30607547221722736E+000,-0.11661196699621869E-016)
 0.31415926535897931E+001  0.00000000000000000E+000
( 0.27767382075142211E+000, 0.95295797751207386E-018)
 0.31415926535897931E+001  0.10471975511965976E+001
( 0.30607547221722736E+000, 0.11588916554789503E-016)
 0.31415926535897931E+001  0.20943951023931953E+001
( 0.37834269845193447E+000, 0.60233454026972463E-017)
 0.31415926535897931E+001  0.31415926535897931E+001
( 0.41636721795444726E+000,-0.15840771772400737E-017)
 0.10000000000000000E+001          1         36
( 0.00000000000000000E+000, 0.00000000000000000E+000)
-0.20943951023931953E+001 -0.20943951023931953E+001
( 0.34012032040201134E+000, 0.23129646346357427E-017)
-0.20943951023931953E+001 -0.10471975511965976E+001
( 0.27172623563156012E+000, 0.79026291683387875E-017)
-0.20943951023931953E+001  0.00000000000000000E+000
( 0.23395493938738590E+000, 0.12051412474357793E-016)
-0.20943951023931953E+001  0.10471975511965976E+001
( 0.25473986300253143E+000, 0.71316409567935396E-017)
-0.20943951023931953E+001  0.20943951023931953E+001
( 0.34296693152869456E+000, 0.57824115865893565E-017)
-0.20943951023931953E+001  0.31415926535897931E+001
( 0.38587661666354517E+000, 0.91974455102839130E-017)
-0.10471975511965976E+001 -0.20943951023931953E+001
( 0.26917654690515525E+000, 0.92518585385429707E-017)
-0.10471975511965976E+001 -0.10471975511965976E+001
( 0.17908865952732403E+000, 0.84808703269977227E-017)
-0.10471975511965976E+001  0.00000000000000000E+000
( 0.12670813639781892E+000, 0.67919727797608442E-017)
-0.10471975511965976E+001  0.10471975511965976E+001
( 0.17217216990236198E+000, 0.50114233750441093E-017)
-0.10471975511965976E+001  0.20943951023931953E+001
( 0.27458251757533614E+000, 0.55896645337030445E-017)
-0.10471975511965976E+001  0.31415926535897931E+001
( 0.30906658177269303E+000, 0.90155894551581075E-017)
 0.00000000000000000E+000 -0.20943951023931953E+001
( 0.24228877433644569E+000, 0.82881232741114115E-017)
 0.00000000000000000E+000 -0.10471975511965976E+001
( 0.13277660359122326E+000, 0.11564823173178713E-017)
 0.00000000000000000E+000  0.00000000000000000E+000
( 0.26860687315717752E-001, 0.00000000000000000E+000)
 0.00000000000000000E+000  0.10471975511965976E+001
( 0.13277660359122326E+000,-0.11564823173178713E-017)
 0.00000000000000000E+000  0.20943951023931953E+001
( 0.24228877433644569E+000,-0.82881232741114115E-017)
 0.00000000000000000E+000  0.31415926535897931E+001
( 0.28183526696731537E+000, 0.22013172046320324E-017)
 0.10471975511965976E+001 -0.20943951023931953E+001
( 0.27458251757533614E+000,-0.55896645337030445E-017)
 0.10471975511965976E+001 -0.10471975511965976E+001
( 0.17217216990236198E+000,-0.50114233750441093E-017)
 0.10471975511965976E+001  0.00000000000000000E+000
( 0.12670813639781892E+000,-0.67919727797608442E-017)
 0.10471975511965976E+001  0.10471975511965976E+001
( 0.17908865952732403E+000,-0.84808703269977227E-017)
 0.10471975511965976E+001  0.20943951023931953E+001
( 0.26917654690515525E+000,-0.92518585385429707E-017)
 0.10471975511965976E+001  0.31415926535897931E+001
( 0.30906658177269303E+000,-0.10069491845215671E-016)
 0.20943951023931953E+001 -0.20943951023931953E+001
( 0.34296693152869456E+000,-0.57824115865893565E-017)
 0.20943951023931953E+001 -0.10471975511965976E+001
( 0.25473986300253143E+000,-0.71316409567935396E-017)
 0.20943951023931953E+001  0.00000000000000000E+000
( 0.23395493938738590E+000,-0.12051412474357793E-016)
 0.20943951023931953E+001  0.10471975511965976E+001
( 0.27172623563156012E+000,-0.79026291683387875E-017)
 0.20943951023931953E+001  0.20943951023931953E+001
( 0.34012032040201134E+000,-0.23129646346357427E-017)
 0.20943951023931953E+001  0.31415926535897931E+001
( 0.38587661666354522E+000,-0.32284932716253980E-017)
 0.31415926535897931E+001 -0.20943951023931953E+001
( 0.37420978744589167E+000,-0.25057116875220546E-017)
 0.31415926535897931E+001 -0.10471975511965976E+001
( 0.29494274528286979E+000,-0.84808703269977227E-017)
 0.31415926535897931E+001  0.00000000000000000E+000
( 0.28418538296315837E+000, 0.26226478433142529E-017)
 0.31415926535897931E+001  0.10471975511965976E+001
( 0.29494274528286979E+000, 0.69388939039072284E-017)
 0.31415926535897931E+001  0.20943951023931953E+001
( 0.37420978744589167E+000, 0.19274705288631191E-017)
 0.31415926535897931E+001  0.31415926535897931E+001
( 0.43123632348279733E+000,-0.96147981993508951E-018)
 0.10000000000000000E+001          1         36
( 0.00000000000000000E+000, 0.00000000000000000E+000)
-0.20943951023931953E+001 -0.20943951023931953E+001
( 0.33937918211827778E+000, 0.63606527452482924E-017)
-0.20943951023931953E+001 -0.10471975511965976E+001
( 0.26896107299179794E+000, 0.19660199394403812E-016)
-0.20943951023931953E+001  0.00000000000000000E+000
( 0.22204992198305323E+000, 0.23545312434455928E-016)
-0.20943951023931953E+001  0.10471975511965976E+001
( 0.26006325524066493E+000, 0.23322393399243737E-016)
-0.20943951023931953E+001  0.20943951023931953E+001
( 0.34425268750192511E+000, 0.16190752442450197E-016)
-0.20943951023931953E+001  0.31415926535897931E+001
( 0.37900050053844558E+000, 0.57053608486623388E-017)
-0.10471975511965976E+001 -0.20943951023931953E+001
( 0.27095011028247085E+000, 0.18696464129972253E-016)
-0.10471975511965976E+001 -0.10471975511965976E+001
( 0.16775142858272105E+000, 0.23129646346357427E-017)
-0.10471975511965976E+001  0.00000000000000000E+000
( 0.12261127249559327E+000, 0.78122513596421309E-017)
-0.10471975511965976E+001  0.10471975511965976E+001
( 0.16579163942485617E+000, 0.11372076120292402E-016)
-0.10471975511965976E+001  0.20943951023931953E+001
( 0.26877515126516360E+000, 0.18503717077085941E-016)
-0.10471975511965976E+001  0.31415926535897931E+001
( 0.31150073998295980E+000, 0.17188588196122026E-016)
 0.00000000000000000E+000 -0.20943951023931953E+001
( 0.23760196660698257E+000, 0.55896645337030445E-017)
 0.00000000000000000E+000 -0.10471975511965976E+001
( 0.11292727613589695E+000, 0.80953762212250987E-017)
 0.00000000000000000E+000  0.00000000000000000E+000
( 0.10691485885987327E-001, 0.00000000000000000E+000)
 0.00000000000000000E+000  0.10471975511965976E+001
( 0.11292727613589695E+000,-0.80953762212250987E-017)
 0.00000000000000000E+000  0.20943951023931953E+001
( 0.23760196660698257E+000,-0.55896645337030445E-017)
 0.00000000000000000E+000  0.31415926535897931E+001
( 0.28242488633960700E+000, 0.13706258923373646E-017)
 0.10471975511965976E+001 -0.20943951023931953E+001
( 0.26877515126516360E+000,-0.18503717077085941E-016)
 0.10471975511965976E+001 -0.10471975511965976E+001
( 0.16579163942485617E+000,-0.11372076120292402E-016)
 0.10471975511965976E+001  0.00000000000000000E+000
( 0.12261127249559327E+000,-0.78122513596421309E-017)
 0.10471975511965976E+001  0.10471975511965976E+001
( 0.16775142858272105E+000,-0.23129646346357427E-017)
 0.10471975511965976E+001  0.20943951023931953E+001
( 0.27095011028247085E+000,-0.18696464129972253E-016)
 0.10471975511965976E+001  0.31415926535897931E+001
( 0.31150073998295980E+000,-0.20687781357773991E-016)
 0.20943951023931953E+001 -0.20943951023931953E+001
( 0.34425268750192511E+000,-0.16190752442450197E-016)
 0.20943951023931953E+001 -0.10471975511965976E+001
( 0.26006325524066493E+000,-0.23322393399243737E-016)
 0.20943951023931953E+001  0.00000000000000000E+000
( 0.22204992198305323E+000,-0.23545312434455928E-016)
 0.20943951023931953E+001  0.10471975511965976E+001
( 0.26896107299179794E+000,-0.19660199394403812E-016)
 0.20943951023931953E+001  0.20943951023931953E+001
( 0.33937918211827778E+000,-0.63606527452482924E-017)
 0.20943951023931953E+001  0.31415926535897931E+001
( 0.37900050053844558E+000,-0.81210928724590760E-017)
 0.31415926535897931E+001 -0.20943951023931953E+001
( 0.37686685238401729E+000, 0.57824115865893567E-018)
 0.31415926535897931E+001 -0.10471975511965976E+001
( 0.29408550279033679E+000, 0.50114233750441093E-017)
 0.31415926535897931E+001  0.00000000000000000E+000
( 0.28006118234761540E+000, 0.43164144473159817E-017)
 0.31415926535897931E+001  0.10471975511965976E+001
( 0.29408550279033679E+000,-0.34694469519536142E-017)
 0.31415926535897931E+001  0.20943951023931953E+001
( 0.37686685238401729E+000,-0.23129646346357427E-017)
 0.31415926535897931E+001  0.31415926535897931E+001
( 0.40947768917305266E+000,-0.26999120939846249E-017)
 0.10000000000000000E+001          1         36
( 0.00000000000000000E+000, 0.00000000000000000E+000)
-0.20943951023931953E+001 -0.20943951023931953E+001
( 0.34767432683984900E+000,-0.11275702593849246E-016)
-0.20943951023931953E+001 -0.10471975511965976E+001
( 0.27507812396631259E+000,-0.24960743348777389E-016)
-0.20943951023931953E+001  0.00000000000000000E+000
( 0.23100926809318803E+000,-0.17518719213518378E-017)
-0.20943951023931953E+001  0.10471975511965976E+001
( 0.27775384522995794E+000, 0.19563825867960656E-016)
-0.20943951023931953E+001  0.20943951023931953E+001
( 0.35767093702870212E+000, 0.23997008084345829E-016)
-0.20943951023931953E+001  0.31415926535897931E+001
( 0.39043906474658635E+000, 0.99018317760958888E-017)
-0.10471975511965976E+001 -0.20943951023931953E+001
( 0.27971544432104883E+000,-0.13974161334257612E-016)
-0.10471975511965976E+001 -0.10471975511965976E+001
( 0.18333811237525155E+000,-0.66497733245777600E-017)
-0.10471975511965976E+001  0.00000000000000000E+000
( 0.12947222720682899E+000,-0.37018065453739886E-017)
-0.10471975511965976E+001  0.10471975511965976E+001
( 0.17827862815790560E+000, 0.19852946447290126E-016)
-0.10471975511965976E+001  0.20943951023931953E+001
( 0.28093311572499835E+000, 0.10119220276531374E-016)
-0.10471975511965976E+001  0.31415926535897931E+001
( 0.32028275483051738E+000,-0.20756016944511228E-017)
 0.00000000000000000E+000 -0.20943951023931953E+001
( 0.24147757907784870E+000,-0.99264732236450630E-017)
 0.00000000000000000E+000 -0.10471975511965976E+001
( 0.13082350710658200E+000,-0.13299546649155520E-016)
 0.00000000000000000E+000  0.00000000000000000E+000
( 0.27440347038577485E-001, 0.00000000000000000E+000)
 0.00000000000000000E+000  0.10471975511965976E+001
( 0.13082350710658200E+000, 0.13299546649155520E-016)
 0.00000000000000000E+000  0.20943951023931953E+001
( 0.24147757907784870E+000, 0.99264732236450630E-017)
 0.00000000000000000E+000  0.31415926535897931E+001
( 0.29775955855697328E+000, 0.30010623514787272E-017)
 0.10471975511965976E+001 -0.20943951023931953E+001
( 0.28093311572499835E+000,-0.10119220276531374E-016)
 0.10471975511965976E+001 -0.10471975511965976E+001
( 0.17827862815790560E+000,-0.19852946447290126E-016)
 0.10471975511965976E+001  0.00000000000000000E+000
( 0.12947222720682899E+000, 0.37018065453739886E-017)
 0.10471975511965976E+001  0.10471975511965976E+001
( 0.18333811237525155E+000, 0.66497733245777600E-017)
 0.10471975511965976E+001  0.20943951023931953E+001
( 0.27971544432104883E+000, 0.13974161334257612E-016)
 0.10471975511965976E+001  0.31415926535897931E+001
( 0.32028275483051738E+000, 0.22529691117675845E-017)
 0.20943951023931953E+001 -0.20943951023931953E+001
( 0.35767093702870212E+000,-0.23997008084345829E-016)
 0.20943951023931953E+001 -0.10471975511965976E+001
( 0.27775384522995794E+000,-0.19563825867960656E-016)
 0.20943951023931953E+001  0.00000000000000000E+000
( 0.23100926809318803E+000, 0.17518719213518378E-017)
 0.20943951023931953E+001  0.10471975511965976E+001
( 0.27507812396631259E+000, 0.24960743348777389E-016)
 0.20943951023931953E+001  0.20943951023931953E+001
( 0.34767432683984900E+000, 0.11275702593849246E-016)
 0.20943951023931953E+001  0.31415926535897931E+001
( 0.39043906474658635E+000,-0.47786552390387736E-017)
 0.31415926535897931E+001 -0.20943951023931953E+001
( 0.39295070767646784E+000,-0.26309972718981573E-016)
 0.31415926535897931E+001 -0.10471975511965976E+001
( 0.30637239481393164E+000,-0.22165911081925867E-016)
 0.31415926535897931E+001  0.00000000000000000E+000
( 0.27961518740818475E+000, 0.30065543425693843E-017)
 0.31415926535897931E+001  0.10471975511965976E+001
( 0.30637239481393169E+000, 0.20334814079505904E-016)
 0.31415926535897931E+001  0.20943951023931953E+001
( 0.39295070767646784E+000, 0.27080960930526821E-016)
 0.31415926535897931E+001  0.31415926535897931E+001
( 0.43320818982230175E+000,-0.14957598348459323E-017)
 0.10000000000000000E+001          1         36
( 0.00000000000000000E+000, 0.00000000000000000E+000)
-0.20943951023931953E+001 -0.20943951023931953E+001
( 0.35235399647129301E+000, 0.57824115865893567E-018)
-0.20943951023931953E+001 -0.10471975511965976E+001
( 0.28035974385116386E+000, 0.29875793197378342E-017)
-0.20943951023931953E+001  0.00000000000000000E+000
( 0.24482230739325636E+000, 0.77514394984210612E-017)
-0.20943951023931953E+001  0.10471975511965976E+001
( 0.27946116190414477E+000, 0.14745149545802860E-016)
-0.20943951023931953E+001  0.20943951023931953E+001
( 0.35246452920662413E+000, 0.90591114856566594E-017)
-0.20943951023931953E+001  0.31415926535897931E+001
( 0.39445342218870344E+000, 0.13218548369791492E-016)
-0.10471975511965976E+001 -0.20943951023931953E+001
( 0.27649396307104868E+000, 0.38549410577262378E-018)
-0.10471975511965976E+001 -0.10471975511965976E+001
( 0.18063189093342419E+000, 0.32766998990673022E-017)
-0.10471975511965976E+001  0.00000000000000000E+000
( 0.12496754314084733E+000,-0.68965454705870663E-019)
-0.10471975511965976E+001  0.10471975511965976E+001
( 0.18004990380714678E+000, 0.48186763221577977E-018)
-0.10471975511965976E+001  0.20943951023931953E+001
( 0.27428989898531031E+000, 0.45295557428283297E-017)
-0.10471975511965976E+001  0.31415926535897931E+001
( 0.31683346698740489E+000, 0.99568893020957433E-017)
 0.00000000000000000E+000 -0.20943951023931953E+001
( 0.23706155802337370E+000, 0.17347234759768071E-017)
 0.00000000000000000E+000 -0.10471975511965976E+001
( 0.12688202852097158E+000, 0.78062556418956319E-017)
 0.00000000000000000E+000  0.00000000000000000E+000
( 0.19905124134394082E-001, 0.00000000000000000E+000)
 0.00000000000000000E+000  0.10471975511965976E+001
( 0.12688202852097158E+000,-0.78062556418956319E-017)
 0.00000000000000000E+000  0.20943951023931953E+001
( 0.23706155802337370E+000,-0.17347234759768071E-017)
 0.00000000000000000E+000  0.31415926535897931E+001
( 0.28572514912363439E+000, 0.27836813239493115E-017)
 0.10471975511965976E+001 -0.20943951023931953E+001
( 0.27428989898531031E+000,-0.45295557428283297E-017)
 0.10471975511965976E+001 -0.10471975511965976E+001
( 0.18004990380714678E+000,-0.48186763221577977E-018)
 0.10471975511965976E+001  0.00000000000000000E+000
( 0.12496754314084733E+000, 0.68965454705870663E-019)
 0.10471975511965976E+001  0.10471975511965976E+001
( 0.18063189093342419E+000,-0.32766998990673022E-017)
 0.10471975511965976E+001  0.20943951023931953E+001
( 0.27649396307104868E+000,-0.38549410577262378E-018)
 0.10471975511965976E+001  0.31415926535897931E+001
( 0.31683346698740489E+000,-0.88407392297032059E-017)
 0.20943951023931953E+001 -0.20943951023931953E+001
( 0.35246452920662413E+000,-0.90591114856566594E-017)
 0.20943951023931953E+001 -0.10471975511965976E+001
( 0.27946116190414477E+000,-0.14745149545802860E-016)
 0.20943951023931953E+001  0.00000000000000000E+000
( 0.24482230739325636E+000,-0.77514394984210612E-017)
 0.20943951023931953E+001  0.10471975511965976E+001
( 0.28035974385116386E+000,-0.29875793197378342E-017)
 0.20943951023931953E+001  0.20943951023931953E+001
( 0.35235399647129301E+000,-0.57824115865893567E-018)
 0.20943951023931953E+001  0.31415926535897931E+001
( 0.39445342218870350E+000,-0.15683927812388211E-016)
 0.31415926535897931E+001 -0.20943951023931953E+001
( 0.39376002888024075E+000, 0.12335811384723961E-016)
 0.31415926535897931E+001 -0.10471975511965976E+001
( 0.32139613760828056E+000,-0.58787851130325128E-017)
 0.31415926535897931E+001  0.00000000000000000E+000
( 0.29168124438490767E+000, 0.19635124470465582E-017)
 0.31415926535897931E+001  0.10471975511965976E+001
( 0.32139613760828056E+000, 0.38549410577262382E-017)
 0.31415926535897931E+001  0.20943951023931953E+001
( 0.39376002888024075E+000,-0.99264732236450630E-017)
 0.31415926535897931E+001  0.31415926535897931E+001
( 0.43247769927992674E+000,-0.76042531902370008E-018)
 0.10000000000000000E+001          1         36
( 0.00000000000000000E+000, 0.00000000000000000E+000)
-0.20943951023931953E+001 -0.20943951023931953E+001
( 0.34855329824884607E+000,-0.29008431459389939E-016)
-0.20943951023931953E+001 -0.10471975511965976E+001
( 0.27890490589965938E+000,-0.79026291683387875E-017)
-0.20943951023931953E+001  0.00000000000000000E+000
( 0.23874665730516265E+000,-0.34295109983172689E-017)
-0.20943951023931953E+001  0.10471975511965976E+001
( 0.27618788813638362E+000, 0.86736173798840355E-017)
-0.20943951023931953E+001  0.20943951023931953E+001
( 0.35547908209978474E+000, 0.23997008084345829E-016)
-0.20943951023931953E+001  0.31415926535897931E+001
( 0.38917407606119053E+000, 0.67361179635930258E-017)
-0.10471975511965976E+001 -0.20943951023931953E+001
( 0.27883889475680634E+000,-0.26888213877640510E-016)
-0.10471975511965976E+001 -0.10471975511965976E+001
( 0.17878099060657118E+000,-0.11179329067406089E-016)
-0.10471975511965976E+001  0.00000000000000000E+000
( 0.13190342825440388E+000, 0.15159851008696256E-017)
-0.10471975511965976E+001  0.10471975511965976E+001
( 0.18511533322446239E+000, 0.11564823173178713E-017)
-0.10471975511965976E+001  0.20943951023931953E+001
( 0.27670406609831366E+000, 0.15323390704461794E-016)
-0.10471975511965976E+001  0.31415926535897931E+001
( 0.31968998548798394E+000, 0.72866076160779390E-017)
 0.00000000000000000E+000 -0.20943951023931953E+001
( 0.23954825529810422E+000,-0.18600090603529097E-016)
 0.00000000000000000E+000 -0.10471975511965976E+001
( 0.12745418224177088E+000,-0.11564823173178713E-016)
 0.00000000000000000E+000  0.00000000000000000E+000
( 0.32578552973672945E-001, 0.00000000000000000E+000)
 0.00000000000000000E+000  0.10471975511965976E+001
( 0.12745418224177088E+000, 0.11564823173178713E-016)
 0.00000000000000000E+000  0.20943951023931953E+001
( 0.23954825529810422E+000, 0.18600090603529097E-016)
 0.00000000000000000E+000  0.31415926535897931E+001
( 0.28327353471478978E+000, 0.16230755703953422E-017)
 0.10471975511965976E+001 -0.20943951023931953E+001
( 0.27670406609831366E+000,-0.15323390704461794E-016)
 0.10471975511965976E+001 -0.10471975511965976E+001
( 0.18511533322446239E+000,-0.11564823173178713E-017)
 0.10471975511965976E+001  0.00000000000000000E+000
( 0.13190342825440388E+000,-0.15159851008696256E-017)
 0.10471975511965976E+001  0.10471975511965976E+001
( 0.17878099060657118E+000, 0.11179329067406089E-016)
 0.10471975511965976E+001  0.20943951023931953E+001
( 0.27883889475680634E+000, 0.26888213877640510E-016)
 0.10471975511965976E+001  0.31415926535897931E+001
( 0.31968998548798394E+000,-0.23319200276460127E-017)
 0.20943951023931953E+001 -0.20943951023931953E+001
( 0.35547908209978474E+000,-0.23997008084345829E-016)
 0.20943951023931953E+001 -0.10471975511965976E+001
( 0.27618788813638362E+000,-0.86736173798840355E-017)
 0.20943951023931953E+001  0.00000000000000000E+000
( 0.23874665730516265E+000, 0.34295109983172689E-017)
 0.20943951023931953E+001  0.10471975511965976E+001
( 0.27890490589965938E+000, 0.79026291683387875E-017)
 0.20943951023931953E+001  0.20943951023931953E+001
( 0.34855329824884607E+000, 0.29008431459389939E-016)
 0.20943951023931953E+001  0.31415926535897931E+001
( 0.38917407606119053E+000,-0.29569547181139451E-017)
 0.31415926535897931E+001 -0.20943951023931953E+001
( 0.39132696072056983E+000,-0.22840525767027959E-016)
 0.31415926535897931E+001 -0.10471975511965976E+001
( 0.31371453121684778E+000,-0.10408340855860843E-016)
 0.31415926535897931E+001  0.00000000000000000E+000
( 0.29168171660463466E+000, 0.27809711527225795E-017)
 0.31415926535897931E+001  0.10471975511965976E+001
( 0.31371453121684778E+000, 0.11564823173178713E-016)
 0.31415926535897931E+001  0.20943951023931953E+001
( 0.39132696072056983E+000, 0.22647778714141648E-016)
 0.31415926535897931E+001  0.31415926535897931E+001
( 0.42562283611958979E+000,-0.10962192670698567E-017)
 0.10000000000000000E+001          1         36
( 0.00000000000000000E+000, 0.00000000000000000E+000)
-0.20943951023931953E+001 -0.20943951023931953E+001
( 0.35586634625489788E+000, 0.16768993601109134E-016)
-0.20943951023931953E+001 -0.10471975511965976E+001
( 0.27917062138638804E+000, 0.10890208488076622E-016)
-0.20943951023931953E+001  0.00000000000000000E+000
( 0.23875362280757950E+000,-0.69469908012733885E-017)
-0.20943951023931953E+001  0.10471975511965976E+001
( 0.27804376003469039E+000,-0.58787851130325128E-017)
-0.20943951023931953E+001  0.20943951023931953E+001
( 0.35334334426980218E+000,-0.14937896598689172E-016)
-0.20943951023931953E+001  0.31415926535897931E+001
( 0.39163612889211707E+000,-0.93163870433616003E-017)
-0.10471975511965976E+001 -0.20943951023931953E+001
( 0.28562170917827934E+000, 0.11757570226065026E-016)
-0.10471975511965976E+001 -0.10471975511965976E+001
( 0.18458337856649726E+000, 0.78062556418956319E-017)
-0.10471975511965976E+001  0.00000000000000000E+000
( 0.12700468269920229E+000, 0.32325615845288044E-017)
-0.10471975511965976E+001  0.10471975511965976E+001
( 0.17966073547401024E+000,-0.72280144832366952E-017)
-0.10471975511965976E+001  0.20943951023931953E+001
( 0.27843296167480858E+000,-0.85772438534408783E-017)
-0.10471975511965976E+001  0.31415926535897931E+001
( 0.32446089771993697E+000,-0.62753004326990496E-017)
 0.00000000000000000E+000 -0.20943951023931953E+001
( 0.24256745122749487E+000, 0.10601087908747154E-016)
 0.00000000000000000E+000 -0.10471975511965976E+001
( 0.13397141354501721E+000, 0.86736173798840355E-018)
 0.00000000000000000E+000  0.00000000000000000E+000
( 0.32899325950176167E-001, 0.00000000000000000E+000)
 0.00000000000000000E+000  0.10471975511965976E+001
( 0.13397141354501721E+000,-0.86736173798840355E-018)
 0.00000000000000000E+000  0.20943951023931953E+001
( 0.24256745122749487E+000,-0.10601087908747154E-016)
 0.00000000000000000E+000  0.31415926535897931E+001
( 0.29092470766628065E+000, 0.25003188960769004E-017)
 0.10471975511965976E+001 -0.20943951023931953E+001
( 0.27843296167480858E+000, 0.85772438534408783E-017)
 0.10471975511965976E+001 -0.10471975511965976E+001
( 0.17966073547401024E+000, 0.72280144832366952E-017)
 0.10471975511965976E+001  0.00000000000000000E+000
( 0.12700468269920229E+000,-0.32325615845288044E-017)
 0.10471975511965976E+001  0.10471975511965976E+001
( 0.18458337856649726E+000,-0.78062556418956319E-017)
 0.10471975511965976E+001  0.20943951023931953E+001
( 0.28562170917827934E+000,-0.11757570226065026E-016)
 0.10471975511965976E+001  0.31415926535897931E+001
( 0.32446089771993697E+000, 0.74513879376903161E-017)
 0.20943951023931953E+001 -0.20943951023931953E+001
( 0.35334334426980218E+000, 0.14937896598689172E-016)
 0.20943951023931953E+001 -0.10471975511965976E+001
( 0.27804376003469039E+000, 0.58787851130325128E-017)
 0.20943951023931953E+001  0.00000000000000000E+000
( 0.23875362280757950E+000, 0.69469908012733885E-017)
 0.20943951023931953E+001  0.10471975511965976E+001
( 0.27917062138638804E+000,-0.10890208488076622E-016)
 0.20943951023931953E+001  0.20943951023931953E+001
( 0.35586634625489788E+000,-0.16768993601109134E-016)
 0.20943951023931953E+001  0.31415926535897931E+001
( 0.39163612889211707E+000, 0.62316447580417308E-018)
 0.31415926535897931E+001 -0.20943951023931953E+001
( 0.38533046026719570E+000, 0.21587669923266930E-016)
 0.31415926535897931E+001 -0.10471975511965976E+001
( 0.31859648478974090E+000, 0.89627379592135023E-017)
 0.31415926535897931E+001  0.00000000000000000E+000
( 0.28916714598785714E+000, 0.20065800954974565E-017)
 0.31415926535897931E+001  0.10471975511965976E+001
( 0.31859648478974095E+000,-0.11564823173178713E-016)
 0.31415926535897931E+001  0.20943951023931953E+001
( 0.38533046026719570E+000,-0.21105802291051152E-016)
 0.31415926535897931E+001  0.31415926535897931E+001
( 0.42389557565143909E+000,-0.72937300074542242E-020)
 0.10000000000000000E+001          1         36
( 0.00000000000000000E+000, 0.00000000000000000E+000)
-0.20943951023931953E+001 -0.20943951023931953E+001
( 0.33502105934456788E+000, 0.15895608517718035E-016)
-0.20943951023931953E+001 -0.10471975511965976E+001
( 0.26111949634336862E+000, 0.37495325131790357E-017)
-0.20943951023931953E+001  0.00000000000000000E+000
( 0.22445203148987328E+000,-0.68261945967130307E-017)
-0.20943951023931953E+001  0.10471975511965976E+001
( 0.26044757030163040E+000,-0.28038672849555684E-017)
-0.20943951023931953E+001  0.20943951023931953E+001
( 0.33840535946229111E+000,-0.42283884726934673E-017)
-0.20943951023931953E+001  0.31415926535897931E+001
( 0.37857547892608173E+000,-0.17089577414418776E-016)
-0.10471975511965976E+001 -0.20943951023931953E+001
( 0.27249251267739810E+000, 0.50325050839535495E-017)
-0.10471975511965976E+001 -0.10471975511965976E+001
( 0.16700349252447758E+000, 0.38428943669208433E-017)
-0.10471975511965976E+001  0.00000000000000000E+000
( 0.11011402778091980E+000, 0.11844594993585339E-017)
-0.10471975511965976E+001  0.10471975511965976E+001
( 0.16779028174874447E+000,-0.24364432153910363E-017)
-0.10471975511965976E+001  0.20943951023931953E+001
( 0.26933000469275559E+000, 0.17768868937956879E-017)
-0.10471975511965976E+001  0.31415926535897931E+001
( 0.29816959361113105E+000,-0.57464157794376991E-017)
 0.00000000000000000E+000 -0.20943951023931953E+001
( 0.23026573195965655E+000,-0.26743653587975773E-017)
 0.00000000000000000E+000 -0.10471975511965976E+001
( 0.11870527749503280E+000, 0.44723339615027058E-017)
 0.00000000000000000E+000  0.00000000000000000E+000
( 0.32376265628986448E-001, 0.00000000000000000E+000)
 0.00000000000000000E+000  0.10471975511965976E+001
( 0.11870527749503280E+000,-0.44723339615027058E-017)
 0.00000000000000000E+000  0.20943951023931953E+001
( 0.23026573195965655E+000, 0.26743653587975773E-017)
 0.00000000000000000E+000  0.31415926535897931E+001
( 0.26540149218873677E+000, 0.60646454419669681E-018)
 0.10471975511965976E+001 -0.20943951023931953E+001
( 0.26933000469275559E+000,-0.17768868937956879E-017)
 0.10471975511965976E+001 -0.10471975511965976E+001
( 0.16779028174874447E+000, 0.24364432153910363E-017)
 0.10471975511965976E+001  0.00000000000000000E+000
( 0.11011402778091980E+000,-0.11844594993585339E-017)
 0.10471975511965976E+001  0.10471975511965976E+001
( 0.16700349252447758E+000,-0.38428943669208433E-017)
 0.10471975511965976E+001  0.20943951023931953E+001
( 0.27249251267739810E+000,-0.50325050839535495E-017)
 0.10471975511965976E+001  0.31415926535897931E+001
( 0.29816959361113105E+000, 0.18400178834984099E-017)
 0.20943951023931953E+001 -0.20943951023931953E+001
( 0.33840535946229111E+000, 0.42283884726934673E-017)
 0.20943951023931953E+001 -0.10471975511965976E+001
( 0.26044757030163040E+000, 0.28038672849555684E-017)
 0.20943951023931953E+001  0.00000000000000000E+000
( 0.22445203148987328E+000, 0.68261945967130307E-017)
 0.20943951023931953E+001  0.10471975511965976E+001
( 0.26111949634336862E+000,-0.37495325131790357E-017)
 0.20943951023931953E+001  0.20943951023931953E+001
( 0.33502105934456788E+000,-0.15895608517718035E-016)
 0.20943951023931953E+001  0.31415926535897931E+001
( 0.37857547892608162E+000, 0.16731446765248412E-016)
 0.31415926535897931E+001 -0.20943951023931953E+001
( 0.37270669531738171E+000, 0.20277592298180281E-016)
 0.31415926535897931E+001 -0.10471975511965976E+001
( 0.29765444232557375E+000, 0.65232830711211181E-017)
 0.31415926535897931E+001  0.00000000000000000E+000
( 0.26862809324107867E+000, 0.46388519758623802E-018)
 0.31415926535897931E+001  0.10471975511965976E+001
( 0.29765444232557375E+000,-0.82098197838763466E-017)
 0.31415926535897931E+001  0.20943951023931953E+001
( 0.37270669531738171E+000,-0.19446370632608062E-016)
 0.31415926535897931E+001  0.31415926535897931E+001
( 0.42071992715496509E+000,-0.21468105742486038E-018)
 0.10000000000000000E+001          1         36
( 0.00000000000000000E+000, 0.00000000000000000E+000)
-0.20943951023931953E+001 -0.20943951023931953E+001
( 0.35323452754794682E+000, 0.15227017178018638E-016)
-0.20943951023931953E+001 -0.10471975511965976E+001
( 0.27723673897303469E+000, 0.54932910072598889E-017)
-0.20943951023931953E+001  0.00000000000000000E+000
( 0.23919232024581769E+000, 0.10625867083948065E-016)
-0.20943951023931953E+001  0.10471975511965976E+001
( 0.27832282919714341E+000, 0.31803263726241462E-017)
-0.20943951023931953E+001  0.20943951023931953E+001
( 0.34891034096133017E+000, 0.73243880096798523E-017)
-0.20943951023931953E+001  0.31415926535897931E+001
( 0.39188787973005368E+000, 0.59000442826081539E-017)
-0.10471975511965976E+001 -0.20943951023931953E+001
( 0.27734640863880494E+000, 0.15419764230904953E-016)
-0.10471975511965976E+001 -0.10471975511965976E+001
( 0.17849073550977823E+000, 0.38549410577262382E-017)
-0.10471975511965976E+001  0.00000000000000000E+000
( 0.12928864372986998E+000, 0.13217070206427799E-018)
-0.10471975511965976E+001  0.10471975511965976E+001
( 0.18382685362777224E+000,-0.14456028966473391E-017)
-0.10471975511965976E+001  0.20943951023931953E+001
( 0.28228003103968202E+000, 0.88663644327703467E-017)
-0.10471975511965976E+001  0.31415926535897931E+001
( 0.32077458559710204E+000, 0.21683017352419091E-017)
 0.00000000000000000E+000 -0.20943951023931953E+001
( 0.24142443652791781E+000,-0.24093381610788987E-017)
 0.00000000000000000E+000 -0.10471975511965976E+001
( 0.13125447317435052E+000, 0.64570262716914480E-017)
 0.00000000000000000E+000  0.00000000000000000E+000
( 0.29901728698936578E-001, 0.00000000000000000E+000)
 0.00000000000000000E+000  0.10471975511965976E+001
( 0.13125447317435052E+000,-0.64570262716914480E-017)
 0.00000000000000000E+000  0.20943951023931953E+001
( 0.24142443652791781E+000, 0.24093381610788987E-017)
 0.00000000000000000E+000  0.31415926535897931E+001
( 0.29356076157228500E+000, 0.26525302354189040E-017)
 0.10471975511965976E+001 -0.20943951023931953E+001
( 0.28228003103968202E+000,-0.88663644327703467E-017)
 0.10471975511965976E+001 -0.10471975511965976E+001
( 0.18382685362777224E+000, 0.14456028966473391E-017)
 0.10471975511965976E+001  0.00000000000000000E+000
( 0.12928864372986998E+000,-0.13217070206427799E-018)
 0.10471975511965976E+001  0.10471975511965976E+001
( 0.17849073550977823E+000,-0.38549410577262382E-017)
 0.10471975511965976E+001  0.20943951023931953E+001
( 0.27734640863880494E+000,-0.15419764230904953E-016)
 0.10471975511965976E+001  0.31415926535897931E+001
( 0.32077458559710204E+000,-0.47282790489722323E-017)
 0.20943951023931953E+001 -0.20943951023931953E+001
( 0.34891034096133017E+000,-0.73243880096798523E-017)
 0.20943951023931953E+001 -0.10471975511965976E+001
( 0.27832282919714341E+000,-0.31803263726241462E-017)
 0.20943951023931953E+001  0.00000000000000000E+000
( 0.23919232024581769E+000,-0.10625867083948065E-016)
 0.20943951023931953E+001  0.10471975511965976E+001
( 0.27723673897303469E+000,-0.54932910072598889E-017)
 0.20943951023931953E+001  0.20943951023931953E+001
( 0.35323452754794682E+000,-0.15227017178018638E-016)
 0.20943951023931953E+001  0.31415926535897931E+001
( 0.39188787973005368E+000,-0.68095139208314448E-017)
 0.31415926535897931E+001 -0.20943951023931953E+001
( 0.39360605064000426E+000,-0.11564823173178713E-017)
 0.31415926535897931E+001 -0.10471975511965976E+001
( 0.31707141015278500E+000, 0.10601087908747153E-017)
 0.31415926535897931E+001  0.00000000000000000E+000
( 0.28474201044229425E+000, 0.21451482005624763E-017)
 0.31415926535897931E+001  0.10471975511965976E+001
( 0.31707141015278500E+000,-0.15419764230904951E-017)
 0.31415926535897931E+001  0.20943951023931953E+001
( 0.39360605064000426E+000, 0.20238440553062747E-017)
 0.31415926535897931E+001  0.31415926535897931E+001
( 0.43043085954596433E+000,-0.77991154789489489E-018)
