   -2.094395     -2.094395
  1    1        0.34689117        0.00210830       -0.00000000        0.00000000
   -2.094395     -1.047198
  1    1        0.27416942        0.00219119       -0.00000000        0.00000000
   -2.094395      0.000000
  1    1        0.23334762        0.00186183        0.00000000        0.00000000
   -2.094395      1.047198
  1    1        0.27307850        0.00184015        0.00000000        0.00000000
   -2.094395      2.094395
  1    1        0.35275351        0.00353780        0.00000000        0.00000000
   -2.094395      3.141593
  1    1        0.38579156        0.00541469       -0.00000000        0.00000000
   -1.047198     -2.094395
  1    1        0.27363517        0.00293145       -0.00000000        0.00000000
   -1.047198     -1.047198
  1    1        0.17590569        0.00140399       -0.00000000        0.00000000
   -1.047198      0.000000
  1    1        0.12102223        0.00196257       -0.00000000        0.00000000
   -1.047198      1.047198
  1    1        0.17575165        0.00187150        0.00000000        0.00000000
   -1.047198      2.094395
  1    1        0.27400504        0.00282230       -0.00000000        0.00000000
   -1.047198      3.141593
  1    1        0.31273806        0.00345174       -0.00000000        0.00000000
    0.000000     -2.094395
  1    1        0.23704080        0.00144159       -0.00000000        0.00000000
    0.000000     -1.047198
  1    1        0.12223436        0.00121031        0.00000000        0.00000000
    0.000000      0.000000
  1    1        0.02427235        0.00238883        0.00000000        0.00000000
    0.000000      1.047198
  1    1        0.12223436        0.00121031       -0.00000000        0.00000000
    0.000000      2.094395
  1    1        0.23704080        0.00144159        0.00000000        0.00000000
    0.000000      3.141593
  1    1        0.28428648        0.00266196        0.00000000        0.00000000
    1.047198     -2.094395
  1    1        0.27400504        0.00282230        0.00000000        0.00000000
    1.047198     -1.047198
  1    1        0.17575165        0.00187150       -0.00000000        0.00000000
    1.047198      0.000000
  1    1        0.12102223        0.00196257        0.00000000        0.00000000
    1.047198      1.047198
  1    1        0.17590569        0.00140399        0.00000000        0.00000000
    1.047198      2.094395
  1    1        0.27363517        0.00293145        0.00000000        0.00000000
    1.047198      3.141593
  1    1        0.31273806        0.00345174        0.00000000        0.00000000
    2.094395     -2.094395
  1    1        0.35275351        0.00353780       -0.00000000        0.00000000
    2.094395     -1.047198
  1    1        0.27307850        0.00184015       -0.00000000        0.00000000
    2.094395      0.000000
  1    1        0.23334762        0.00186183       -0.00000000        0.00000000
    2.094395      1.047198
  1    1        0.27416942        0.00219119        0.00000000        0.00000000
    2.094395      2.094395
  1    1        0.34689117        0.00210830        0.00000000        0.00000000
    2.094395      3.141593
  1    1        0.38579156        0.00541469        0.00000000        0.00000000
    3.141593     -2.094395
  1    1        0.38684698        0.00397126        0.00000000        0.00000000
    3.141593     -1.047198
  1    1        0.31313647        0.00360891       -0.00000000        0.00000000
    3.141593      0.000000
  1    1        0.27893725        0.00330359        0.00000000        0.00000000
    3.141593      1.047198
  1    1        0.31313647        0.00360891        0.00000000        0.00000000
    3.141593      2.094395
  1    1        0.38684698        0.00397126       -0.00000000        0.00000000
    3.141593      3.141593
  1    1        0.43027685        0.03505461        0.00000000        0.00000000
