          31           4   6.0000000000000000                1
     0.0000000        0.22070989        0.02669234
     0.1000000        0.14792020        0.02677120
     0.2000000        0.09816307        0.02675407
     0.3000000        0.06367103        0.02592190
     0.4000000        0.04295363        0.02531398
     0.5000000        0.02905413        0.02296950
     0.6000000        0.01909511        0.01967295
     0.7000000        0.01262061        0.01681815
     0.8000000        0.00862342        0.01657380
     0.9000000        0.00705009        0.01786993
     1.0000000        0.00532035        0.01916033
     1.1000000        0.00193045        0.02204417
     1.2000000        0.00055175        0.02400313
     1.3000000        0.00226891        0.02479965
     1.4000000        0.00385979        0.02607643
     1.5000000        0.00596129        0.02786790
     1.6000000        0.00646185        0.02942580
     1.7000000        0.00524831        0.02900667
     1.8000000        0.00311074        0.02734597
     1.9000000        0.00220901        0.02649009
     2.0000000        0.00329198        0.02700698
     2.1000000        0.00244100        0.02699337
     2.2000000        0.00205481        0.02644683
     2.3000000        0.00345526        0.02580773
     2.4000000        0.00403689        0.02508969
     2.5000000        0.00629520        0.02471532
     2.6000000        0.01009823        0.02379955
     2.7000000        0.01437661        0.02295352
     2.8000000        0.01983708        0.02329884
     2.9000000        0.02305467        0.02412602
     3.0000000        0.02364240        0.02441540
