   -2.513274     -2.513274
  1    1        1.32641070        0.01293883        0.00000000        0.00000000
   -2.513274     -1.884956
  1    1        0.96395366        0.00303730       -0.00000000        0.00000000
   -2.513274     -1.256637
  1    1        0.75178554        0.00281473       -0.00000000        0.00000000
   -2.513274     -0.628319
  1    1        0.64767599        0.00211995        0.00000000        0.00000000
   -2.513274      0.000000
  1    1        0.61371461        0.00159553       -0.00000000        0.00000000
   -2.513274      0.628319
  1    1        0.64755144        0.00155233        0.00000000        0.00000000
   -2.513274      1.256637
  1    1        0.75018549        0.00289375       -0.00000000        0.00000000
   -2.513274      1.884956
  1    1        0.96333743        0.00521587       -0.00000000        0.00000000
   -2.513274      2.513274
  1    1        1.32093838        0.00909338       -0.00000000        0.00000000
   -2.513274      3.141593
  1    1        1.65487084        0.01106935       -0.00000000        0.00000000
   -1.884956     -2.513274
  1    1        0.96236131        0.00956955        0.00000000        0.00000000
   -1.884956     -1.884956
  1    1        0.81276441        0.00462062       -0.00000000        0.00000000
   -1.884956     -1.256637
  1    1        0.65981679        0.00362037        0.00000000        0.00000000
   -1.884956     -0.628319
  1    1        0.56234928        0.00129289       -0.00000000        0.00000000
   -1.884956      0.000000
  1    1        0.53515956        0.00043699        0.00000000        0.00000000
   -1.884956      0.628319
  1    1        0.56365714        0.00285673       -0.00000000        0.00000000
   -1.884956      1.256637
  1    1        0.65932828        0.00126500        0.00000000        0.00000000
   -1.884956      1.884956
  1    1        0.81253851        0.00524851       -0.00000000        0.00000000
   -1.884956      2.513274
  1    1        0.96012074        0.00604991        0.00000000        0.00000000
   -1.884956      3.141593
  1    1        1.01056539        0.00822088        0.00000000        0.00000000
   -1.256637     -2.513274
  1    1        0.74757452        0.00861521        0.00000000        0.00000000
   -1.256637     -1.884956
  1    1        0.65829763        0.00591061        0.00000000        0.00000000
   -1.256637     -1.256637
  1    1        0.52105786        0.00197011        0.00000000        0.00000000
   -1.256637     -0.628319
  1    1        0.42386965        0.00168832       -0.00000000        0.00000000
   -1.256637      0.000000
  1    1        0.39382366        0.00074272       -0.00000000        0.00000000
   -1.256637      0.628319
  1    1        0.42624028        0.00110206       -0.00000000        0.00000000
   -1.256637      1.256637
  1    1        0.52327690        0.00396256        0.00000000        0.00000000
   -1.256637      1.884956
  1    1        0.65343403        0.00420900        0.00000000        0.00000000
   -1.256637      2.513274
  1    1        0.74262020        0.00744163        0.00000000        0.00000000
   -1.256637      3.141593
  1    1        0.77396248        0.00906869        0.00000000        0.00000000
   -0.628319     -2.513274
  1    1        0.64491513        0.00724883       -0.00000000        0.00000000
   -0.628319     -1.884956
  1    1        0.55746531        0.00439329       -0.00000000        0.00000000
   -0.628319     -1.256637
  1    1        0.42380392        0.00384153       -0.00000000        0.00000000
   -0.628319     -0.628319
  1    1        0.28267242        0.00117749        0.00000000        0.00000000
   -0.628319      0.000000
  1    1        0.22968390        0.00192057        0.00000000        0.00000000
   -0.628319      0.628319
  1    1        0.28300376        0.00252994       -0.00000000        0.00000000
   -0.628319      1.256637
  1    1        0.42281518        0.00328418       -0.00000000        0.00000000
   -0.628319      1.884956
  1    1        0.55972152        0.00505283        0.00000000        0.00000000
   -0.628319      2.513274
  1    1        0.64318629        0.00681196        0.00000000        0.00000000
   -0.628319      3.141593
  1    1        0.66422448        0.00759525        0.00000000        0.00000000
    0.000000     -2.513274
  1    1        0.60683991        0.00535451       -0.00000000        0.00000000
    0.000000     -1.884956
  1    1        0.53159169        0.00427176        0.00000000        0.00000000
    0.000000     -1.256637
  1    1        0.39163685        0.00259152       -0.00000000        0.00000000
    0.000000     -0.628319
  1    1        0.22625795        0.00158633        0.00000000        0.00000000
    0.000000      0.000000
  1    1        0.14074307        0.00144353        0.00000000        0.00000000
    0.000000      0.628319
  1    1        0.22625795        0.00158633       -0.00000000        0.00000000
    0.000000      1.256637
  1    1        0.39163685        0.00259152        0.00000000        0.00000000
    0.000000      1.884956
  1    1        0.53159169        0.00427176       -0.00000000        0.00000000
    0.000000      2.513274
  1    1        0.60683991        0.00535451        0.00000000        0.00000000
    0.000000      3.141593
  1    1        0.63536532        0.00738450       -0.00000000        0.00000000
    0.628319     -2.513274
  1    1        0.64318629        0.00681196       -0.00000000        0.00000000
    0.628319     -1.884956
  1    1        0.55972152        0.00505283       -0.00000000        0.00000000
    0.628319     -1.256637
  1    1        0.42281518        0.00328418        0.00000000        0.00000000
    0.628319     -0.628319
  1    1        0.28300376        0.00252994        0.00000000        0.00000000
    0.628319      0.000000
  1    1        0.22968390        0.00192057       -0.00000000        0.00000000
    0.628319      0.628319
  1    1        0.28267242        0.00117749       -0.00000000        0.00000000
    0.628319      1.256637
  1    1        0.42380392        0.00384153        0.00000000        0.00000000
    0.628319      1.884956
  1    1        0.55746531        0.00439329        0.00000000        0.00000000
    0.628319      2.513274
  1    1        0.64491513        0.00724883        0.00000000        0.00000000
    0.628319      3.141593
  1    1        0.66422448        0.00759525       -0.00000000        0.00000000
    1.256637     -2.513274
  1    1        0.74262020        0.00744163       -0.00000000        0.00000000
    1.256637     -1.884956
  1    1        0.65343403        0.00420900       -0.00000000        0.00000000
    1.256637     -1.256637
  1    1        0.52327690        0.00396256       -0.00000000        0.00000000
    1.256637     -0.628319
  1    1        0.42624028        0.00110206        0.00000000        0.00000000
    1.256637      0.000000
  1    1        0.39382366        0.00074272        0.00000000        0.00000000
    1.256637      0.628319
  1    1        0.42386965        0.00168832        0.00000000        0.00000000
    1.256637      1.256637
  1    1        0.52105786        0.00197011       -0.00000000        0.00000000
    1.256637      1.884956
  1    1        0.65829763        0.00591061       -0.00000000        0.00000000
    1.256637      2.513274
  1    1        0.74757452        0.00861521       -0.00000000        0.00000000
    1.256637      3.141593
  1    1        0.77396248        0.00906869        0.00000000        0.00000000
    1.884956     -2.513274
  1    1        0.96012074        0.00604991       -0.00000000        0.00000000
    1.884956     -1.884956
  1    1        0.81253851        0.00524851        0.00000000        0.00000000
    1.884956     -1.256637
  1    1        0.65932828        0.00126500       -0.00000000        0.00000000
    1.884956     -0.628319
  1    1        0.56365714        0.00285673        0.00000000        0.00000000
    1.884956      0.000000
  1    1        0.53515956        0.00043699       -0.00000000        0.00000000
    1.884956      0.628319
  1    1        0.56234928        0.00129289        0.00000000        0.00000000
    1.884956      1.256637
  1    1        0.65981679        0.00362037       -0.00000000        0.00000000
    1.884956      1.884956
  1    1        0.81276441        0.00462062        0.00000000        0.00000000
    1.884956      2.513274
  1    1        0.96236131        0.00956955       -0.00000000        0.00000000
    1.884956      3.141593
  1    1        1.01056539        0.00822088       -0.00000000        0.00000000
    2.513274     -2.513274
  1    1        1.32093838        0.00909338        0.00000000        0.00000000
    2.513274     -1.884956
  1    1        0.96333743        0.00521587        0.00000000        0.00000000
    2.513274     -1.256637
  1    1        0.75018549        0.00289375        0.00000000        0.00000000
    2.513274     -0.628319
  1    1        0.64755144        0.00155233       -0.00000000        0.00000000
    2.513274      0.000000
  1    1        0.61371461        0.00159553        0.00000000        0.00000000
    2.513274      0.628319
  1    1        0.64767599        0.00211995       -0.00000000        0.00000000
    2.513274      1.256637
  1    1        0.75178554        0.00281473        0.00000000        0.00000000
    2.513274      1.884956
  1    1        0.96395366        0.00303730        0.00000000        0.00000000
    2.513274      2.513274
  1    1        1.32641070        0.01293883       -0.00000000        0.00000000
    2.513274      3.141593
  1    1        1.65487084        0.01106935        0.00000000        0.00000000
    3.141593     -2.513274
  1    1        1.66394725        0.01620906        0.00000000        0.00000000
    3.141593     -1.884956
  1    1        1.01425162        0.00728167       -0.00000000        0.00000000
    3.141593     -1.256637
  1    1        0.78204946        0.00190820        0.00000000        0.00000000
    3.141593     -0.628319
  1    1        0.66730192        0.00139964        0.00000000        0.00000000
    3.141593      0.000000
  1    1        0.63917017        0.00109343       -0.00000000        0.00000000
    3.141593      0.628319
  1    1        0.66730192        0.00139964        0.00000000        0.00000000
    3.141593      1.256637
  1    1        0.78204946        0.00190820       -0.00000000        0.00000000
    3.141593      1.884956
  1    1        1.01425162        0.00728167        0.00000000        0.00000000
    3.141593      2.513274
  1    1        1.66394725        0.01620906        0.00000000        0.00000000
    3.141593      3.141593
  1    1        3.50146698        0.12713951        0.00000000        0.00000000
