          51           9   10.000000000000000                1
     0.0000000        0.01072783        0.01322073
     0.1000000        0.00413119        0.00880097
     0.2000000        0.00346191        0.00765000
     0.3000000        0.00238830        0.00478925
     0.4000000       -0.00058589        0.00645800
     0.5000000       -0.00135142        0.00594842
     0.6000000       -0.00338324        0.00680938
     0.7000000       -0.00163246        0.00503366
     0.8000000        0.00303426        0.00378406
     0.9000000        0.00091022        0.00353439
     1.0000000        0.00708178        0.00612109
     1.1000000        0.00892275        0.01109439
     1.2000000        0.00366379        0.00789149
     1.3000000        0.00039929        0.00580526
     1.4000000       -0.00100253        0.00471988
     1.5000000        0.00107418        0.00502134
     1.6000000        0.01086372        0.00604122
     1.7000000        0.00329776        0.00553206
     1.8000000        0.00017483        0.00460406
     1.9000000        0.00087464        0.00353851
     2.0000000        0.00718882        0.00554459
     2.1000000        0.00674291        0.00600254
     2.2000000        0.01263129        0.00998956
     2.3000000        0.00326382        0.01060401
     2.4000000        0.00578746        0.00592727
     2.5000000       -0.00521517        0.00727155
     2.6000000       -0.00054906        0.00343215
     2.7000000       -0.00269748        0.00356801
     2.8000000        0.00151177        0.00504388
     2.9000000        0.00631002        0.00408580
     3.0000000        0.00268012        0.00590030
     3.1000000        0.00219637        0.00498344
     3.2000000        0.00191783        0.00354972
     3.3000000        0.00472980        0.00645886
     3.4000000        0.00414978        0.00520384
     3.5000000       -0.00256324        0.00458862
     3.6000000        0.00006155        0.00488421
     3.7000000       -0.00294701        0.00520856
     3.8000000       -0.00130611        0.00413269
     3.9000000       -0.00114822        0.00326923
     4.0000000       -0.00278815        0.00277330
     4.1000000       -0.00350251        0.00251789
     4.2000000       -0.00648346        0.00463806
     4.3000000       -0.00295862        0.00933911
     4.4000000       -0.00457283        0.00524939
     4.5000000       -0.00906982        0.00567153
     4.6000000       -0.00235392        0.00524581
     4.7000000        0.00154360        0.00353717
     4.8000000       -0.00878222        0.00829395
     4.9000000       -0.00645572        0.00820161
     5.0000000       -0.00729030        0.00722672
