          51           4   10.000000000000000                1
     0.0000000        0.19728822        0.00696780
     0.1000000        0.13478937        0.00702603
     0.2000000        0.09498249        0.00665372
     0.3000000        0.06937457        0.00595176
     0.4000000        0.05159442        0.00531222
     0.5000000        0.03786597        0.00495377
     0.6000000        0.02747280        0.00518445
     0.7000000        0.02059267        0.00549765
     0.8000000        0.01587322        0.00513235
     0.9000000        0.01240999        0.00497181
     1.0000000        0.01080099        0.00516279
     1.1000000        0.00996247        0.00434667
     1.2000000        0.00893320        0.00273915
     1.3000000        0.00831717        0.00123050
     1.4000000        0.00814678        0.00160507
     1.5000000        0.00915463        0.00328284
     1.6000000        0.01052066        0.00398553
     1.7000000        0.01024663        0.00375353
     1.8000000        0.00971112        0.00361722
     1.9000000        0.00933397        0.00303263
     2.0000000        0.00893782        0.00197629
     2.1000000        0.00861237        0.00198746
     2.2000000        0.00795527        0.00357901
     2.3000000        0.00775738        0.00492858
     2.4000000        0.00817895        0.00610416
     2.5000000        0.00784454        0.00650626
     2.6000000        0.00653629        0.00575975
     2.7000000        0.00592738        0.00467440
     2.8000000        0.00698035        0.00458066
     2.9000000        0.00772340        0.00574263
     3.0000000        0.00696033        0.00566563
     3.1000000        0.00597755        0.00453055
     3.2000000        0.00516105        0.00445425
     3.3000000        0.00410702        0.00501697
     3.4000000        0.00392388        0.00580661
     3.5000000        0.00388125        0.00589347
     3.6000000        0.00306049        0.00547278
     3.7000000        0.00194115        0.00470779
     3.8000000        0.00060296        0.00351875
     3.9000000       -0.00055298        0.00313073
     4.0000000       -0.00136435        0.00322126
     4.1000000       -0.00122979        0.00371252
     4.2000000       -0.00065680        0.00375046
     4.3000000       -0.00100125        0.00336536
     4.4000000       -0.00247421        0.00372507
     4.5000000       -0.00403454        0.00539167
     4.6000000       -0.00404755        0.00683663
     4.7000000       -0.00224701        0.00712555
     4.8000000       -0.00153754        0.00760442
     4.9000000       -0.00135180        0.00795614
     5.0000000       -0.00075082        0.00783745
