         101           4   20.000000000000000                1
     0.0000000        0.82060209        0.06018404
     0.1000000        0.71736054        0.10169414
     0.2000000        0.70931598        0.03289610
     0.3000000        0.56485533        0.07088132
     0.4000000        0.43576619        0.07044213
     0.5000000        0.31241515        0.03504562
     0.6000000        0.24165664        0.10032626
     0.7000000        0.23003672        0.11122788
     0.8000000        0.08928777        0.08130678
     0.9000000        0.01751973        0.04937526
     1.0000000        0.02789757        0.05934820
     1.1000000        0.06432911        0.01136800
     1.2000000        0.07111108        0.01982681
     1.3000000        0.05006396        0.01038310
     1.4000000        0.04748408        0.02708726
     1.5000000        0.04817646        0.04618681
     1.6000000        0.04516782        0.03558283
     1.7000000        0.02856967        0.02612963
     1.8000000        0.02826056        0.01945527
     1.9000000        0.01623742        0.01924476
     2.0000000       -0.00007617        0.01174199
     2.1000000        0.00307701        0.00508183
     2.2000000        0.00551613        0.00765231
     2.3000000        0.01407821        0.00792481
     2.4000000        0.00643723        0.00310866
     2.5000000        0.00626176        0.00619796
     2.6000000        0.00581283        0.00364291
     2.7000000        0.00181895        0.00431644
     2.8000000       -0.00198275        0.00412022
     2.9000000       -0.00060289        0.00084041
     3.0000000       -0.00191780        0.00218784
     3.1000000       -0.00360365        0.00401463
     3.2000000       -0.00746688        0.00864065
     3.3000000        0.00013099        0.00055304
     3.4000000       -0.00138952        0.00097208
     3.5000000       -0.00190885        0.00160359
     3.6000000       -0.00400304        0.00417681
     3.7000000       -0.00159087        0.00124933
     3.8000000       -0.00067088        0.00051873
     3.9000000        0.00001053        0.00006759
     4.0000000        0.00008821        0.00011782
     4.1000000        0.00030188        0.00038295
     4.2000000        0.00000553        0.00003331
     4.3000000        0.00031041        0.00033583
     4.4000000       -0.00004211        0.00006066
     4.5000000       -0.00000059        0.00005669
     4.6000000        0.00007026        0.00011123
     4.7000000        0.00014597        0.00017700
     4.8000000        0.00023743        0.00033343
     4.9000000       -0.00002034        0.00007064
     5.0000000        0.00005599        0.00006349
     5.1000000        0.00019591        0.00013812
     5.2000000        0.00006591        0.00007695
     5.3000000        0.00011746        0.00006748
     5.4000000        0.00006013        0.00002363
     5.5000000        0.00004162        0.00002060
     5.6000000        0.00000988        0.00000814
     5.7000000        0.00001407        0.00000791
     5.8000000        0.00000305        0.00001111
     5.9000000        0.00000653        0.00000328
     6.0000000       -0.00000115        0.00000903
     6.1000000       -0.00000045        0.00000169
     6.2000000        0.00000075        0.00000083
     6.3000000        0.00000128        0.00000181
     6.4000000       -0.00000005        0.00000039
     6.5000000       -0.00000256        0.00000462
     6.6000000       -0.00000044        0.00000090
     6.7000000       -0.00000202        0.00000351
     6.8000000        0.00000418        0.00000280
     6.9000000        0.00000091        0.00000143
     7.0000000        0.00000167        0.00000282
     7.1000000       -0.00000086        0.00000262
     7.2000000       -0.00000007        0.00000038
     7.3000000        0.00000034        0.00000014
     7.4000000        0.00000043        0.00000030
     7.5000000       -0.00000080        0.00000152
     7.6000000       -0.00000372        0.00000452
     7.7000000       -0.00000159        0.00000193
     7.8000000        0.00000080        0.00000093
     7.9000000        0.00000016        0.00000021
     8.0000000        0.00000017        0.00000020
     8.1000000       -0.00000014        0.00000017
     8.2000000       -0.00000008        0.00000008
     8.3000000       -0.00000003        0.00000005
     8.4000000       -0.00000013        0.00000009
     8.5000000       -0.00000013        0.00000011
     8.6000000       -0.00000023        0.00000026
     8.7000000       -0.00000006        0.00000008
     8.8000000        0.00000001        0.00000000
     8.9000000       -0.00000001        0.00000001
     9.0000000       -0.00000001        0.00000000
     9.1000000        0.00000000        0.00000000
     9.2000000        0.00000000        0.00000000
     9.3000000        0.00000000        0.00000000
     9.4000000       -0.00000000        0.00000001
     9.5000000        0.00000001        0.00000001
     9.6000000        0.00000000        0.00000000
     9.7000000        0.00000000        0.00000000
     9.8000000        0.00000000        0.00000000
     9.9000000        0.00000000        0.00000000
    10.0000000        0.00000000        0.00000000
