          31           4   6.0000000000000000                1
     0.0000000        0.24487122        0.01419213
     0.1000000        0.14050959        0.01597870
     0.2000000        0.07875230        0.01822303
     0.3000000        0.04257392        0.01741731
     0.4000000        0.02250393        0.01641711
     0.5000000        0.01271500        0.01584931
     0.6000000        0.00736304        0.01318192
     0.7000000        0.00490317        0.01045122
     0.8000000        0.00649064        0.00966667
     0.9000000        0.01001666        0.00862962
     1.0000000        0.01255992        0.00844314
     1.1000000        0.01280184        0.00944869
     1.2000000        0.00994681        0.01006585
     1.3000000        0.00850757        0.01156968
     1.4000000        0.00905812        0.01390904
     1.5000000        0.00814831        0.01575475
     1.6000000        0.00724117        0.01641961
     1.7000000        0.00518116        0.01558273
     1.8000000        0.00412050        0.01280407
     1.9000000        0.00536453        0.00993160
     2.0000000        0.00503495        0.01105573
     2.1000000        0.00486283        0.01139451
     2.2000000        0.00426898        0.00889926
     2.3000000        0.00444931        0.00970803
     2.4000000        0.00451665        0.01298925
     2.5000000        0.00161511        0.01629702
     2.6000000       -0.00146540        0.01796041
     2.7000000       -0.00435928        0.01865018
     2.8000000       -0.00459726        0.02041872
     2.9000000       -0.00249704        0.02178490
     3.0000000       -0.00194841        0.02153611
