          11           4   2.0000000000000000                1
     0.0000000        1.27327225        0.02347708
     0.1000000        0.83859127        0.01264594
     0.2000000        0.58259200        0.00709120
     0.3000000        0.44630674        0.00686958
     0.4000000        0.35160134        0.01599060
     0.5000000        0.31253841        0.01596073
     0.6000000        0.26603945        0.01249454
     0.7000000        0.24763029        0.01098755
     0.8000000        0.24162694        0.01133552
     0.9000000        0.23441012        0.01336058
     1.0000000        0.23339219        0.01958927
