          41           9   4.0000000000000000                1
     0.0000000        1.12178054        0.00131097
     0.1000000        0.89799805        0.00207443
     0.2000000        0.73631354        0.00209164
     0.3000000        0.61393990        0.00268931
     0.4000000        0.52526254        0.00420567
     0.5000000        0.45927477        0.00462651
     0.6000000        0.40518151        0.00465730
     0.7000000        0.36267887        0.00523858
     0.8000000        0.33171705        0.00489673
     0.9000000        0.30626472        0.00457107
     1.0000000        0.28069664        0.00479683
     1.1000000        0.25734963        0.00360171
     1.2000000        0.24382981        0.00348690
     1.3000000        0.23362330        0.00322312
     1.4000000        0.22534260        0.00234962
     1.5000000        0.21451374        0.00258692
     1.6000000        0.20806791        0.00252169
     1.7000000        0.20488828        0.00350723
     1.8000000        0.20282819        0.00422863
     1.9000000        0.20096976        0.00386942
     2.0000000        0.20001852        0.00421084
     2.1000000        0.19884842        0.00393822
     2.2000000        0.19712107        0.00256654
     2.3000000        0.19502550        0.00330610
     2.4000000        0.20005229        0.00367131
     2.5000000        0.20355439        0.00326829
     2.6000000        0.21113943        0.00338440
     2.7000000        0.21964269        0.00263421
     2.8000000        0.23008588        0.00292546
     2.9000000        0.24120627        0.00133170
     3.0000000        0.25376457        0.00231420
     3.1000000        0.26978231        0.00124175
     3.2000000        0.29138450        0.00236515
     3.3000000        0.31590007        0.00332977
     3.4000000        0.35023716        0.00310187
     3.5000000        0.39038651        0.00342884
     3.6000000        0.44323307        0.00154352
     3.7000000        0.51246002        0.00190592
     3.8000000        0.60258961        0.00251262
     3.9000000        0.71696759        0.00241625
     4.0000000        0.87821946        0.00131097
