          21           9   4.0000000000000000                1
     0.0000000        0.14015685        0.00594024
     0.1000000        0.10689634        0.00583846
     0.2000000        0.08343725        0.00561283
     0.3000000        0.06656715        0.00525053
     0.4000000        0.05411190        0.00486433
     0.5000000        0.04466584        0.00465567
     0.6000000        0.03776621        0.00449308
     0.7000000        0.03273147        0.00438255
     0.8000000        0.02877954        0.00425660
     0.9000000        0.02561468        0.00405732
     1.0000000        0.02271517        0.00397221
     1.1000000        0.01975887        0.00403443
     1.2000000        0.01723109        0.00415727
     1.3000000        0.01537838        0.00429301
     1.4000000        0.01405437        0.00439035
     1.5000000        0.01306904        0.00445232
     1.6000000        0.01239429        0.00451438
     1.7000000        0.01220088        0.00453722
     1.8000000        0.01195709        0.00456692
     1.9000000        0.01143383        0.00460221
     2.0000000        0.01116558        0.00459917
