          41           9   8.0000000000000000                1
     0.0000000        0.32724778        0.01543183
     0.1000000        0.18693094        0.00639398
     0.2000000        0.11220859        0.00482682
     0.3000000        0.06685488        0.00729495
     0.4000000        0.03910280        0.00410836
     0.5000000        0.02399411        0.00529560
     0.6000000        0.01259242        0.00534940
     0.7000000        0.00508470        0.00509424
     0.8000000        0.00718405        0.00628170
     0.9000000        0.00131490        0.00375909
     1.0000000       -0.00301173        0.00655784
     1.1000000       -0.00034310        0.00601091
     1.2000000        0.00153562        0.00356444
     1.3000000       -0.00650406        0.00355410
     1.4000000       -0.00020659        0.00375532
     1.5000000        0.00669811        0.00302341
     1.6000000       -0.00022599        0.00476530
     1.7000000       -0.00289802        0.00389009
     1.8000000       -0.00928172        0.01066958
     1.9000000       -0.00359739        0.00826379
     2.0000000       -0.00101956        0.00440708
     2.1000000       -0.00363952        0.00339698
     2.2000000       -0.00338998        0.00199480
     2.3000000       -0.00167557        0.00343927
     2.4000000        0.00073462        0.00631356
     2.5000000       -0.00340959        0.00475560
     2.6000000       -0.00297770        0.00301389
     2.7000000        0.00459589        0.00160598
     2.8000000       -0.00027635        0.00405035
     2.9000000        0.00369181        0.00211736
     3.0000000        0.00247810        0.00533869
     3.1000000        0.00253411        0.00360360
     3.2000000        0.00213756        0.00343961
     3.3000000        0.00418837        0.00752820
     3.4000000        0.00384378        0.00407417
     3.5000000        0.00483926        0.00414648
     3.6000000        0.00805018        0.00583225
     3.7000000        0.00161017        0.00412252
     3.8000000        0.00327343        0.00411723
     3.9000000       -0.00104679        0.00507499
     4.0000000       -0.00127187        0.00394390
