          31           4   6.0000000000000000                1
     0.0000000        0.28244599        0.03286973
     0.1000000        0.26415304        0.03263195
     0.2000000        0.24794086        0.03162800
     0.3000000        0.23354659        0.03031360
     0.4000000        0.22001616        0.02863828
     0.5000000        0.20776667        0.02665197
     0.6000000        0.19705977        0.02513420
     0.7000000        0.18647377        0.02299911
     0.8000000        0.17708799        0.02141387
     0.9000000        0.16923435        0.02106185
     1.0000000        0.16178047        0.02093362
     1.1000000        0.15486297        0.02059852
     1.2000000        0.14818540        0.01960794
     1.3000000        0.14106136        0.01808125
     1.4000000        0.13437653        0.01663235
     1.5000000        0.12824135        0.01535873
     1.6000000        0.12249599        0.01481023
     1.7000000        0.11701282        0.01449295
     1.8000000        0.11179742        0.01380066
     1.9000000        0.10686063        0.01257200
     2.0000000        0.10202206        0.01063348
     2.1000000        0.09755740        0.00884410
     2.2000000        0.09356443        0.00761719
     2.3000000        0.09053036        0.00681489
     2.4000000        0.08860971        0.00661588
     2.5000000        0.08762205        0.00709342
     2.6000000        0.08702264        0.00745789
     2.7000000        0.08634748        0.00714405
     2.8000000        0.08594059        0.00661638
     2.9000000        0.08599576        0.00629709
     3.0000000        0.08606365        0.00621822
