 0.10000000000000000E+001          1         64
( 0.00000000000000000E+000, 0.91370030063718586E-003)
-0.23561944901923448E+001 -0.23561944901923448E+001
( 0.11430345746456587E+001,-0.57810622886188235E-003)
-0.23561944901923448E+001 -0.15707963267948966E+001
( 0.10142469870484643E+001,-0.57810622886186891E-003)
-0.23561944901923448E+001 -0.78539816339744828E+000
( 0.93284538831230113E+000,-0.57810622886187736E-003)
-0.23561944901923448E+001  0.00000000000000000E+000
( 0.90811770809648407E+000,-0.57810622886190664E-003)
-0.23561944901923448E+001  0.78539816339744828E+000
( 0.93525949531686203E+000,-0.57810622886191802E-003)
-0.23561944901923448E+001  0.15707963267948966E+001
( 0.10214597314407170E+001,-0.57810622886192008E-003)
-0.23561944901923448E+001  0.23561944901923448E+001
( 0.11479717165771584E+001,-0.57810622886191943E-003)
-0.23561944901923448E+001  0.31415926535897931E+001
( 0.12092536687082591E+001,-0.57810622886190208E-003)
-0.15707963267948966E+001 -0.23561944901923448E+001
( 0.10848122433255287E+001,-0.81756566934884157E-003)
-0.15707963267948966E+001 -0.15707963267948966E+001
( 0.91281510421935153E+000,-0.81756566934883853E-003)
-0.15707963267948966E+001 -0.78539816339744828E+000
( 0.79002342013992455E+000,-0.81756566934884677E-003)
-0.15707963267948966E+001  0.00000000000000000E+000
( 0.75557601896207149E+000,-0.81756566934886011E-003)
-0.15707963267948966E+001  0.78539816339744828E+000
( 0.79131030226055077E+000,-0.81756566934888494E-003)
-0.15707963267948966E+001  0.15707963267948966E+001
( 0.91620069373793700E+000,-0.81756566934889318E-003)
-0.15707963267948966E+001  0.23561944901923448E+001
( 0.10884105277923781E+001,-0.81756566934888635E-003)
-0.15707963267948966E+001  0.31415926535897931E+001
( 0.11636434432594147E+001,-0.81756566934886065E-003)
-0.78539816339744828E+000 -0.23561944901923448E+001
( 0.10504930123828859E+001,-0.57810622886187910E-003)
-0.78539816339744828E+000 -0.15707963267948966E+001
( 0.84107315892678036E+000,-0.57810622886187476E-003)
-0.78539816339744828E+000 -0.78539816339744828E+000
( 0.61920822635657957E+000,-0.57810622886186294E-003)
-0.78539816339744828E+000  0.00000000000000000E+000
( 0.53678110961547054E+000,-0.57810622886189981E-003)
-0.78539816339744828E+000  0.78539816339744828E+000
( 0.61966856866510156E+000,-0.57810622886191639E-003)
-0.78539816339744828E+000  0.15707963267948966E+001
( 0.84382809652050039E+000,-0.57810622886193927E-003)
-0.78539816339744828E+000  0.23561944901923448E+001
( 0.10473099198196274E+001,-0.57810622886191499E-003)
-0.78539816339744828E+000  0.31415926535897931E+001
( 0.11392110510356583E+001,-0.57810622886190035E-003)
 0.00000000000000000E+000 -0.23561944901923448E+001
( 0.10454728709705008E+001, 0.14934884925987824E-016)
 0.00000000000000000E+000 -0.15707963267948966E+001
( 0.81599931693869876E+000, 0.40327983182848242E-016)
 0.00000000000000000E+000 -0.78539816339744828E+000
( 0.55263624178318826E+000, 0.39817324784530150E-016)
 0.00000000000000000E+000  0.00000000000000000E+000
( 0.39667288619068619E+000, 0.54046743594488201E-019)
 0.00000000000000000E+000  0.78539816339744828E+000
( 0.55263624178318826E+000,-0.39817324784530150E-016)
 0.00000000000000000E+000  0.15707963267948966E+001
( 0.81599931693869876E+000,-0.40367403993182351E-016)
 0.00000000000000000E+000  0.23561944901923448E+001
( 0.10454728709705008E+001,-0.14934884925987824E-016)
 0.00000000000000000E+000  0.31415926535897931E+001
( 0.11210080431318366E+001,-0.28058890725046428E-017)
 0.78539816339744828E+000 -0.23561944901923448E+001
( 0.10473099198196274E+001, 0.57810622886191499E-003)
 0.78539816339744828E+000 -0.15707963267948966E+001
( 0.84382809652050039E+000, 0.57810622886193927E-003)
 0.78539816339744828E+000 -0.78539816339744828E+000
( 0.61966856866510156E+000, 0.57810622886191639E-003)
 0.78539816339744828E+000  0.00000000000000000E+000
( 0.53678110961547054E+000, 0.57810622886189981E-003)
 0.78539816339744828E+000  0.78539816339744828E+000
( 0.61920822635657957E+000, 0.57810622886186294E-003)
 0.78539816339744828E+000  0.15707963267948966E+001
( 0.84107315892678036E+000, 0.57810622886187476E-003)
 0.78539816339744828E+000  0.23561944901923448E+001
( 0.10504930123828859E+001, 0.57810622886187910E-003)
 0.78539816339744828E+000  0.31415926535897931E+001
( 0.11392110510356583E+001, 0.57810622886190707E-003)
 0.15707963267948966E+001 -0.23561944901923448E+001
( 0.10884105277923781E+001, 0.81756566934888635E-003)
 0.15707963267948966E+001 -0.15707963267948966E+001
( 0.91620069373793700E+000, 0.81756566934889350E-003)
 0.15707963267948966E+001 -0.78539816339744828E+000
( 0.79131030226055077E+000, 0.81756566934888494E-003)
 0.15707963267948966E+001  0.00000000000000000E+000
( 0.75557601896207149E+000, 0.81756566934886022E-003)
 0.15707963267948966E+001  0.78539816339744828E+000
( 0.79002342013992455E+000, 0.81756566934884677E-003)
 0.15707963267948966E+001  0.15707963267948966E+001
( 0.91281510421935153E+000, 0.81756566934883853E-003)
 0.15707963267948966E+001  0.23561944901923448E+001
( 0.10848122433255287E+001, 0.81756566934884157E-003)
 0.15707963267948966E+001  0.31415926535897931E+001
( 0.11636434432594145E+001, 0.81756566934885913E-003)
 0.23561944901923448E+001 -0.23561944901923448E+001
( 0.11479717165771584E+001, 0.57810622886191943E-003)
 0.23561944901923448E+001 -0.15707963267948966E+001
( 0.10214597314407170E+001, 0.57810622886191986E-003)
 0.23561944901923448E+001 -0.78539816339744828E+000
( 0.93525949531686203E+000, 0.57810622886191802E-003)
 0.23561944901923448E+001  0.00000000000000000E+000
( 0.90811770809648407E+000, 0.57810622886190653E-003)
 0.23561944901923448E+001  0.78539816339744828E+000
( 0.93284538831230113E+000, 0.57810622886187736E-003)
 0.23561944901923448E+001  0.15707963267948966E+001
( 0.10142469870484643E+001, 0.57810622886186891E-003)
 0.23561944901923448E+001  0.23561944901923448E+001
( 0.11430345746456587E+001, 0.57810622886188235E-003)
 0.23561944901923448E+001  0.31415926535897931E+001
( 0.12092536687082591E+001, 0.57810622886190230E-003)
 0.31415926535897931E+001 -0.23561944901923448E+001
( 0.11693223233187833E+001, 0.44452289071905682E-017)
 0.31415926535897931E+001 -0.15707963267948966E+001
( 0.10559263798764540E+001, 0.12122650107084778E-016)
 0.31415926535897931E+001 -0.78539816339744828E+000
( 0.98934123767419690E+000, 0.31712913545201005E-016)
 0.31415926535897931E+001  0.00000000000000000E+000
( 0.97592102026476080E+000,-0.20819242479058842E-018)
 0.31415926535897931E+001  0.78539816339744828E+000
( 0.98934123767419690E+000,-0.32255014631443757E-016)
 0.31415926535897931E+001  0.15707963267948966E+001
( 0.10559263798764540E+001,-0.23201818974780395E-016)
 0.31415926535897931E+001  0.23561944901923448E+001
( 0.11693223233187833E+001,-0.22768245622195593E-017)
 0.31415926535897931E+001  0.31415926535897931E+001
( 0.12458242161026594E+001, 0.81457166314006378E-018)
 0.10000000000000000E+001          1         64
( 0.00000000000000000E+000, 0.96342336146219040E-003)
-0.23561944901923448E+001 -0.23561944901923448E+001
( 0.11534882089435254E+001, 0.16102072904585500E-002)
-0.23561944901923448E+001 -0.15707963267948966E+001
( 0.10205750843054069E+001, 0.16102072904585565E-002)
-0.23561944901923448E+001 -0.78539816339744828E+000
( 0.93857813507072496E+000, 0.16102072904585439E-002)
-0.23561944901923448E+001  0.00000000000000000E+000
( 0.90780551578395718E+000, 0.16102072904585541E-002)
-0.23561944901923448E+001  0.78539816339744828E+000
( 0.93667579345662888E+000, 0.16102072904585442E-002)
-0.23561944901923448E+001  0.15707963267948966E+001
( 0.10293649757254031E+001, 0.16102072904585400E-002)
-0.23561944901923448E+001  0.23561944901923448E+001
( 0.11502764046198855E+001, 0.16102072904585268E-002)
-0.23561944901923448E+001  0.31415926535897931E+001
( 0.12113912156093753E+001, 0.16102072904585439E-002)
-0.15707963267948966E+001 -0.23561944901923448E+001
( 0.10941636689621363E+001, 0.22771769883985155E-002)
-0.15707963267948966E+001 -0.15707963267948966E+001
( 0.92582614473314484E+000, 0.22771769883985051E-002)
-0.15707963267948966E+001 -0.78539816339744828E+000
( 0.79067225886053172E+000, 0.22771769883984986E-002)
-0.15707963267948966E+001  0.00000000000000000E+000
( 0.75692856259770125E+000, 0.22771769883985367E-002)
-0.15707963267948966E+001  0.78539816339744828E+000
( 0.79314147855986172E+000, 0.22771769883985324E-002)
-0.15707963267948966E+001  0.15707963267948966E+001
( 0.92394603468740155E+000, 0.22771769883985181E-002)
-0.15707963267948966E+001  0.23561944901923448E+001
( 0.10940804322179323E+001, 0.22771769883984634E-002)
-0.15707963267948966E+001  0.31415926535897931E+001
( 0.11697882897529643E+001, 0.22771769883984968E-002)
-0.78539816339744828E+000 -0.23561944901923448E+001
( 0.10581356812916058E+001, 0.16102072904585346E-002)
-0.78539816339744828E+000 -0.15707963267948966E+001
( 0.85279520167423906E+000, 0.16102072904585403E-002)
-0.78539816339744828E+000 -0.78539816339744828E+000
( 0.62808953696129466E+000, 0.16102072904585511E-002)
-0.78539816339744828E+000  0.00000000000000000E+000
( 0.54420811536711478E+000, 0.16102072904585550E-002)
-0.78539816339744828E+000  0.78539816339744828E+000
( 0.62852451942858534E+000, 0.16102072904585689E-002)
-0.78539816339744828E+000  0.15707963267948966E+001
( 0.85251885211836786E+000, 0.16102072904585678E-002)
-0.78539816339744828E+000  0.23561944901923448E+001
( 0.10570429099430265E+001, 0.16102072904585420E-002)
-0.78539816339744828E+000  0.31415926535897931E+001
( 0.11461319043345930E+001, 0.16102072904585305E-002)
 0.00000000000000000E+000 -0.23561944901923448E+001
( 0.10584237326463235E+001,-0.10272815584300155E-016)
 0.00000000000000000E+000 -0.15707963267948966E+001
( 0.82511567821952070E+000,-0.11919950923507168E-016)
 0.00000000000000000E+000 -0.78539816339744828E+000
( 0.55619890778016257E+000,-0.88091426514447235E-017)
 0.00000000000000000E+000  0.00000000000000000E+000
( 0.40794435305988669E+000, 0.78488686783319137E-019)
 0.00000000000000000E+000  0.78539816339744828E+000
( 0.55619890778016257E+000, 0.88091426514447235E-017)
 0.00000000000000000E+000  0.15707963267948966E+001
( 0.82511567821952070E+000, 0.12092984245518268E-016)
 0.00000000000000000E+000  0.23561944901923448E+001
( 0.10584237326463235E+001, 0.10272815584300155E-016)
 0.00000000000000000E+000  0.31415926535897931E+001
( 0.11365071621867848E+001,-0.20676037708863002E-017)
 0.78539816339744828E+000 -0.23561944901923448E+001
( 0.10570429099430265E+001,-0.16102072904585420E-002)
 0.78539816339744828E+000 -0.15707963267948966E+001
( 0.85251885211836786E+000,-0.16102072904585678E-002)
 0.78539816339744828E+000 -0.78539816339744828E+000
( 0.62852451942858534E+000,-0.16102072904585689E-002)
 0.78539816339744828E+000  0.00000000000000000E+000
( 0.54420811536711478E+000,-0.16102072904585550E-002)
 0.78539816339744828E+000  0.78539816339744828E+000
( 0.62808953696129466E+000,-0.16102072904585511E-002)
 0.78539816339744828E+000  0.15707963267948966E+001
( 0.85279520167423906E+000,-0.16102072904585405E-002)
 0.78539816339744828E+000  0.23561944901923448E+001
( 0.10581356812916058E+001,-0.16102072904585346E-002)
 0.78539816339744828E+000  0.31415926535897931E+001
( 0.11461319043345930E+001,-0.16102072904585533E-002)
 0.15707963267948966E+001 -0.23561944901923448E+001
( 0.10940804322179323E+001,-0.22771769883984634E-002)
 0.15707963267948966E+001 -0.15707963267948966E+001
( 0.92394603468740155E+000,-0.22771769883985185E-002)
 0.15707963267948966E+001 -0.78539816339744828E+000
( 0.79314147855986172E+000,-0.22771769883985324E-002)
 0.15707963267948966E+001  0.00000000000000000E+000
( 0.75692856259770125E+000,-0.22771769883985367E-002)
 0.15707963267948966E+001  0.78539816339744828E+000
( 0.79067225886053172E+000,-0.22771769883984986E-002)
 0.15707963267948966E+001  0.15707963267948966E+001
( 0.92582614473314484E+000,-0.22771769883985051E-002)
 0.15707963267948966E+001  0.23561944901923448E+001
( 0.10941636689621363E+001,-0.22771769883985155E-002)
 0.15707963267948966E+001  0.31415926535897931E+001
( 0.11697882897529643E+001,-0.22771769883984973E-002)
 0.23561944901923448E+001 -0.23561944901923448E+001
( 0.11502764046198855E+001,-0.16102072904585268E-002)
 0.23561944901923448E+001 -0.15707963267948966E+001
( 0.10293649757254031E+001,-0.16102072904585400E-002)
 0.23561944901923448E+001 -0.78539816339744828E+000
( 0.93667579345662888E+000,-0.16102072904585442E-002)
 0.23561944901923448E+001  0.00000000000000000E+000
( 0.90780551578395718E+000,-0.16102072904585541E-002)
 0.23561944901923448E+001  0.78539816339744828E+000
( 0.93857813507072496E+000,-0.16102072904585439E-002)
 0.23561944901923448E+001  0.15707963267948966E+001
( 0.10205750843054069E+001,-0.16102072904585565E-002)
 0.23561944901923448E+001  0.23561944901923448E+001
( 0.11534882089435254E+001,-0.16102072904585500E-002)
 0.23561944901923448E+001  0.31415926535897931E+001
( 0.12113912156093756E+001,-0.16102072904585446E-002)
 0.31415926535897931E+001 -0.23561944901923448E+001
( 0.11775931046622028E+001, 0.15016200088924236E-016)
 0.31415926535897931E+001 -0.15707963267948966E+001
( 0.10647419949600680E+001, 0.21851663290274294E-016)
 0.31415926535897931E+001 -0.78539816339744828E+000
( 0.99029574832202405E+000, 0.33610267347050637E-017)
 0.31415926535897931E+001  0.00000000000000000E+000
( 0.97540570832796236E+000,-0.74010853940710385E-018)
 0.31415926535897931E+001  0.78539816339744828E+000
( 0.99029574832202405E+000, 0.94325589006238886E-017)
 0.31415926535897931E+001  0.15707963267948966E+001
( 0.10647419949600680E+001,-0.19414434296110086E-016)
 0.31415926535897931E+001  0.23561944901923448E+001
( 0.11775931046622028E+001,-0.18458541986565713E-016)
 0.31415926535897931E+001  0.31415926535897931E+001
( 0.12386565505302300E+001, 0.17500564322509594E-018)
 0.10000000000000000E+001          1         64
( 0.00000000000000000E+000,-0.15574764757204757E-002)
-0.23561944901923448E+001 -0.23561944901923448E+001
( 0.11542000659555203E+001, 0.12296104732741448E-002)
-0.23561944901923448E+001 -0.15707963267948966E+001
( 0.10297518016472214E+001, 0.12296104732741492E-002)
-0.23561944901923448E+001 -0.78539816339744828E+000
( 0.93938303299944914E+000, 0.12296104732741535E-002)
-0.23561944901923448E+001  0.00000000000000000E+000
( 0.91458286061438432E+000, 0.12296104732741867E-002)
-0.23561944901923448E+001  0.78539816339744828E+000
( 0.93958051073430870E+000, 0.12296104732741945E-002)
-0.23561944901923448E+001  0.15707963267948966E+001
( 0.10223869962994980E+001, 0.12296104732742088E-002)
-0.23561944901923448E+001  0.23561944901923448E+001
( 0.11499565583096061E+001, 0.12296104732741964E-002)
-0.23561944901923448E+001  0.31415926535897931E+001
( 0.12100238832684993E+001, 0.12296104732741674E-002)
-0.15707963267948966E+001 -0.23561944901923448E+001
( 0.10947215783301500E+001, 0.17389318077402722E-002)
-0.15707963267948966E+001 -0.15707963267948966E+001
( 0.92744604509581807E+000, 0.17389318077402664E-002)
-0.15707963267948966E+001 -0.78539816339744828E+000
( 0.80045283736320239E+000, 0.17389318077403091E-002)
-0.15707963267948966E+001  0.00000000000000000E+000
( 0.76511108966801433E+000, 0.17389318077403568E-002)
-0.15707963267948966E+001  0.78539816339744828E+000
( 0.80134963557011463E+000, 0.17389318077403644E-002)
-0.15707963267948966E+001  0.15707963267948966E+001
( 0.92481141789752275E+000, 0.17389318077403570E-002)
-0.15707963267948966E+001  0.23561944901923448E+001
( 0.10888479414973720E+001, 0.17389318077403585E-002)
-0.15707963267948966E+001  0.31415926535897931E+001
( 0.11657011192727935E+001, 0.17389318077403490E-002)
-0.78539816339744828E+000 -0.23561944901923448E+001
( 0.10476831723581110E+001, 0.12296104732741073E-002)
-0.78539816339744828E+000 -0.15707963267948966E+001
( 0.85147854501157860E+000, 0.12296104732741164E-002)
-0.78539816339744828E+000 -0.78539816339744828E+000
( 0.63608250780489473E+000, 0.12296104732741485E-002)
-0.78539816339744828E+000  0.00000000000000000E+000
( 0.55493984382936135E+000, 0.12296104732741693E-002)
-0.78539816339744828E+000  0.78539816339744828E+000
( 0.63817995914879366E+000, 0.12296104732742110E-002)
-0.78539816339744828E+000  0.15707963267948966E+001
( 0.84727514655209479E+000, 0.12296104732742285E-002)
-0.78539816339744828E+000  0.23561944901923448E+001
( 0.10492616337787173E+001, 0.12296104732742274E-002)
-0.78539816339744828E+000  0.31415926535897931E+001
( 0.11346156312972058E+001, 0.12296104732741461E-002)
 0.00000000000000000E+000 -0.23561944901923448E+001
( 0.10485058654517605E+001,-0.71503133275419017E-016)
 0.00000000000000000E+000 -0.15707963267948966E+001
( 0.82194790270760454E+000,-0.62870207919307217E-016)
 0.00000000000000000E+000 -0.78539816339744828E+000
( 0.56225525542676236E+000,-0.36374982886888674E-016)
 0.00000000000000000E+000  0.00000000000000000E+000
( 0.41914023539770828E+000, 0.11779036740326155E-019)
 0.00000000000000000E+000  0.78539816339744828E+000
( 0.56225525542676236E+000, 0.36374982886888674E-016)
 0.00000000000000000E+000  0.15707963267948966E+001
( 0.82194790270760454E+000, 0.62721905423366772E-016)
 0.00000000000000000E+000  0.23561944901923448E+001
( 0.10485058654517605E+001, 0.71503133275419017E-016)
 0.00000000000000000E+000  0.31415926535897931E+001
( 0.11308337919670559E+001,-0.16957937022089313E-017)
 0.78539816339744828E+000 -0.23561944901923448E+001
( 0.10492616337787173E+001,-0.12296104732742274E-002)
 0.78539816339744828E+000 -0.15707963267948966E+001
( 0.84727514655209479E+000,-0.12296104732742285E-002)
 0.78539816339744828E+000 -0.78539816339744828E+000
( 0.63817995914879366E+000,-0.12296104732742110E-002)
 0.78539816339744828E+000  0.00000000000000000E+000
( 0.55493984382936135E+000,-0.12296104732741693E-002)
 0.78539816339744828E+000  0.78539816339744828E+000
( 0.63608250780489473E+000,-0.12296104732741485E-002)
 0.78539816339744828E+000  0.15707963267948966E+001
( 0.85147854501157860E+000,-0.12296104732741164E-002)
 0.78539816339744828E+000  0.23561944901923448E+001
( 0.10476831723581110E+001,-0.12296104732741073E-002)
 0.78539816339744828E+000  0.31415926535897931E+001
( 0.11346156312972058E+001,-0.12296104732741550E-002)
 0.15707963267948966E+001 -0.23561944901923448E+001
( 0.10888479414973720E+001,-0.17389318077403585E-002)
 0.15707963267948966E+001 -0.15707963267948966E+001
( 0.92481141789752275E+000,-0.17389318077403572E-002)
 0.15707963267948966E+001 -0.78539816339744828E+000
( 0.80134963557011463E+000,-0.17389318077403644E-002)
 0.15707963267948966E+001  0.00000000000000000E+000
( 0.76511108966801433E+000,-0.17389318077403568E-002)
 0.15707963267948966E+001  0.78539816339744828E+000
( 0.80045283736320239E+000,-0.17389318077403091E-002)
 0.15707963267948966E+001  0.15707963267948966E+001
( 0.92744604509581807E+000,-0.17389318077402664E-002)
 0.15707963267948966E+001  0.23561944901923448E+001
( 0.10947215783301500E+001,-0.17389318077402722E-002)
 0.15707963267948966E+001  0.31415926535897931E+001
( 0.11657011192727935E+001,-0.17389318077403494E-002)
 0.23561944901923448E+001 -0.23561944901923448E+001
( 0.11499565583096061E+001,-0.12296104732741964E-002)
 0.23561944901923448E+001 -0.15707963267948966E+001
( 0.10223869962994980E+001,-0.12296104732742088E-002)
 0.23561944901923448E+001 -0.78539816339744828E+000
( 0.93958051073430870E+000,-0.12296104732741945E-002)
 0.23561944901923448E+001  0.00000000000000000E+000
( 0.91458286061438432E+000,-0.12296104732741867E-002)
 0.23561944901923448E+001  0.78539816339744828E+000
( 0.93938303299944914E+000,-0.12296104732741535E-002)
 0.23561944901923448E+001  0.15707963267948966E+001
( 0.10297518016472214E+001,-0.12296104732741489E-002)
 0.23561944901923448E+001  0.23561944901923448E+001
( 0.11542000659555203E+001,-0.12296104732741448E-002)
 0.23561944901923448E+001  0.31415926535897931E+001
( 0.12100238832684993E+001,-0.12296104732741726E-002)
 0.31415926535897931E+001 -0.23561944901923448E+001
( 0.11817503166683863E+001,-0.32742905609062234E-016)
 0.31415926535897931E+001 -0.15707963267948966E+001
( 0.10635206856620774E+001,-0.12950933677260436E-016)
 0.31415926535897931E+001 -0.78539816339744828E+000
( 0.99540703416023690E+000,-0.10787811616230769E-016)
 0.31415926535897931E+001  0.00000000000000000E+000
( 0.97861938855867625E+000,-0.95690578690292641E-018)
 0.31415926535897931E+001  0.78539816339744828E+000
( 0.99540703416023690E+000, 0.51499603193061461E-017)
 0.31415926535897931E+001  0.15707963267948966E+001
( 0.10635206856620774E+001, 0.15829640912121414E-016)
 0.31415926535897931E+001  0.23561944901923448E+001
( 0.11817503166683863E+001, 0.38055496254241206E-016)
 0.31415926535897931E+001  0.31415926535897931E+001
( 0.12379485793130758E+001,-0.16821513300514392E-018)
 0.10000000000000000E+001          1         64
( 0.00000000000000000E+000, 0.59137125294379377E-003)
-0.23561944901923448E+001 -0.23561944901923448E+001
( 0.11438205852055194E+001,-0.10567374357563716E-002)
-0.23561944901923448E+001 -0.15707963267948966E+001
( 0.10236854107293631E+001,-0.10567374357563736E-002)
-0.23561944901923448E+001 -0.78539816339744828E+000
( 0.94520086117868340E+000,-0.10567374357563632E-002)
-0.23561944901923448E+001  0.00000000000000000E+000
( 0.91800879762639198E+000,-0.10567374357563619E-002)
-0.23561944901923448E+001  0.78539816339744828E+000
( 0.94259389203709354E+000,-0.10567374357563421E-002)
-0.23561944901923448E+001  0.15707963267948966E+001
( 0.10250413338567359E+001,-0.10567374357563360E-002)
-0.23561944901923448E+001  0.23561944901923448E+001
( 0.11476353123067413E+001,-0.10567374357563252E-002)
-0.23561944901923448E+001  0.31415926535897931E+001
( 0.12085907689213222E+001,-0.10567374357563469E-002)
-0.15707963267948966E+001 -0.23561944901923448E+001
( 0.10870715939922471E+001,-0.14944524135140202E-002)
-0.15707963267948966E+001 -0.15707963267948966E+001
( 0.92385647216237321E+000,-0.14944524135140399E-002)
-0.15707963267948966E+001 -0.78539816339744828E+000
( 0.79883085148924282E+000,-0.14944524135140345E-002)
-0.15707963267948966E+001  0.00000000000000000E+000
( 0.76902126894976019E+000,-0.14944524135140182E-002)
-0.15707963267948966E+001  0.78539816339744828E+000
( 0.80052616323558556E+000,-0.14944524135139989E-002)
-0.15707963267948966E+001  0.15707963267948966E+001
( 0.91997796592482073E+000,-0.14944524135139961E-002)
-0.15707963267948966E+001  0.23561944901923448E+001
( 0.10839540785109221E+001,-0.14944524135139922E-002)
-0.15707963267948966E+001  0.31415926535897931E+001
( 0.11543882014812805E+001,-0.14944524135140046E-002)
-0.78539816339744828E+000 -0.23561944901923448E+001
( 0.10420914775649430E+001,-0.10567374357563720E-002)
-0.78539816339744828E+000 -0.15707963267948966E+001
( 0.84499694675479453E+000,-0.10567374357563675E-002)
-0.78539816339744828E+000 -0.78539816339744828E+000
( 0.63106429298854816E+000,-0.10567374357563762E-002)
-0.78539816339744828E+000  0.00000000000000000E+000
( 0.54933279043687344E+000,-0.10567374357563588E-002)
-0.78539816339744828E+000  0.78539816339744828E+000
( 0.62795395477705696E+000,-0.10567374357563540E-002)
-0.78539816339744828E+000  0.15707963267948966E+001
( 0.84059567195121820E+000,-0.10567374357563469E-002)
-0.78539816339744828E+000  0.23561944901923448E+001
( 0.10416644944748779E+001,-0.10567374357563597E-002)
-0.78539816339744828E+000  0.31415926535897931E+001
( 0.11285086809900313E+001,-0.10567374357563545E-002)
 0.00000000000000000E+000 -0.23561944901923448E+001
( 0.10405536924875538E+001, 0.73183646642771549E-017)
 0.00000000000000000E+000 -0.15707963267948966E+001
( 0.81603070762018937E+000, 0.82166100524702939E-017)
 0.00000000000000000E+000 -0.78539816339744828E+000
( 0.55314847809406609E+000,-0.20328790734103208E-017)
 0.00000000000000000E+000  0.00000000000000000E+000
( 0.40571836285320917E+000, 0.51215026623975545E-019)
 0.00000000000000000E+000  0.78539816339744828E+000
( 0.55314847809406609E+000, 0.20328790734103208E-017)
 0.00000000000000000E+000  0.15707963267948966E+001
( 0.81603070762018937E+000,-0.81619230072107811E-017)
 0.00000000000000000E+000  0.23561944901923448E+001
( 0.10405536924875538E+001,-0.73183646642771549E-017)
 0.00000000000000000E+000  0.31415926535897931E+001
( 0.11194081129117195E+001,-0.17854645077711942E-017)
 0.78539816339744828E+000 -0.23561944901923448E+001
( 0.10416644944748779E+001, 0.10567374357563597E-002)
 0.78539816339744828E+000 -0.15707963267948966E+001
( 0.84059567195121820E+000, 0.10567374357563469E-002)
 0.78539816339744828E+000 -0.78539816339744828E+000
( 0.62795395477705696E+000, 0.10567374357563540E-002)
 0.78539816339744828E+000  0.00000000000000000E+000
( 0.54933279043687344E+000, 0.10567374357563588E-002)
 0.78539816339744828E+000  0.78539816339744828E+000
( 0.63106429298854816E+000, 0.10567374357563762E-002)
 0.78539816339744828E+000  0.15707963267948966E+001
( 0.84499694675479453E+000, 0.10567374357563675E-002)
 0.78539816339744828E+000  0.23561944901923448E+001
( 0.10420914775649430E+001, 0.10567374357563720E-002)
 0.78539816339744828E+000  0.31415926535897931E+001
( 0.11285086809900313E+001, 0.10567374357563642E-002)
 0.15707963267948966E+001 -0.23561944901923448E+001
( 0.10839540785109221E+001, 0.14944524135139922E-002)
 0.15707963267948966E+001 -0.15707963267948966E+001
( 0.91997796592482073E+000, 0.14944524135139961E-002)
 0.15707963267948966E+001 -0.78539816339744828E+000
( 0.80052616323558556E+000, 0.14944524135139989E-002)
 0.15707963267948966E+001  0.00000000000000000E+000
( 0.76902126894976019E+000, 0.14944524135140182E-002)
 0.15707963267948966E+001  0.78539816339744828E+000
( 0.79883085148924282E+000, 0.14944524135140345E-002)
 0.15707963267948966E+001  0.15707963267948966E+001
( 0.92385647216237321E+000, 0.14944524135140399E-002)
 0.15707963267948966E+001  0.23561944901923448E+001
( 0.10870715939922471E+001, 0.14944524135140202E-002)
 0.15707963267948966E+001  0.31415926535897931E+001
( 0.11543882014812805E+001, 0.14944524135140037E-002)
 0.23561944901923448E+001 -0.23561944901923448E+001
( 0.11476353123067413E+001, 0.10567374357563252E-002)
 0.23561944901923448E+001 -0.15707963267948966E+001
( 0.10250413338567359E+001, 0.10567374357563360E-002)
 0.23561944901923448E+001 -0.78539816339744828E+000
( 0.94259389203709354E+000, 0.10567374357563421E-002)
 0.23561944901923448E+001  0.00000000000000000E+000
( 0.91800879762639198E+000, 0.10567374357563619E-002)
 0.23561944901923448E+001  0.78539816339744828E+000
( 0.94520086117868340E+000, 0.10567374357563632E-002)
 0.23561944901923448E+001  0.15707963267948966E+001
( 0.10236854107293631E+001, 0.10567374357563736E-002)
 0.23561944901923448E+001  0.23561944901923448E+001
( 0.11438205852055194E+001, 0.10567374357563716E-002)
 0.23561944901923448E+001  0.31415926535897931E+001
( 0.12085907689213222E+001, 0.10567374357563363E-002)
 0.31415926535897931E+001 -0.23561944901923448E+001
( 0.11775388303800300E+001,-0.33583162292738500E-016)
 0.31415926535897931E+001 -0.15707963267948966E+001
( 0.10609242785919046E+001,-0.22383380558108316E-016)
 0.31415926535897931E+001 -0.78539816339744828E+000
( 0.99839027047618922E+000,-0.15178830414797062E-016)
 0.31415926535897931E+001  0.00000000000000000E+000
( 0.98374651093993892E+000,-0.28370953868263912E-018)
 0.31415926535897931E+001  0.78539816339744828E+000
( 0.99839027047618922E+000, 0.26590058280206996E-016)
 0.31415926535897931E+001  0.15707963267948966E+001
( 0.10609242785919046E+001, 0.25929511430670269E-016)
 0.31415926535897931E+001  0.23561944901923448E+001
( 0.11775388303800300E+001, 0.22930875948068419E-016)
 0.31415926535897931E+001  0.31415926535897931E+001
( 0.12402567396459387E+001,-0.52177494512458408E-018)
 0.10000000000000000E+001          1         64
( 0.00000000000000000E+000, 0.84573135650735929E-003)
-0.23561944901923448E+001 -0.23561944901923448E+001
( 0.11592225684624569E+001, 0.94704918791913364E-003)
-0.23561944901923448E+001 -0.15707963267948966E+001
( 0.10288271764466512E+001, 0.94704918791911933E-003)
-0.23561944901923448E+001 -0.78539816339744828E+000
( 0.94102885282494930E+000, 0.94704918791913006E-003)
-0.23561944901923448E+001  0.00000000000000000E+000
( 0.91415658008607092E+000, 0.94704918791912399E-003)
-0.23561944901923448E+001  0.78539816339744828E+000
( 0.94323860266661286E+000, 0.94704918791914654E-003)
-0.23561944901923448E+001  0.15707963267948966E+001
( 0.10332564807688662E+001, 0.94704918791916335E-003)
-0.23561944901923448E+001  0.23561944901923448E+001
( 0.11593689859686298E+001, 0.94704918791916389E-003)
-0.23561944901923448E+001  0.31415926535897931E+001
( 0.12265344282868589E+001, 0.94704918791914579E-003)
-0.15707963267948966E+001 -0.23561944901923448E+001
( 0.10963720555725587E+001, 0.13393298057896854E-002)
-0.15707963267948966E+001 -0.15707963267948966E+001
( 0.93051374875341530E+000, 0.13393298057896371E-002)
-0.15707963267948966E+001 -0.78539816339744828E+000
( 0.80061625882778609E+000, 0.13393298057896488E-002)
-0.15707963267948966E+001  0.00000000000000000E+000
( 0.75822633257299543E+000, 0.13393298057896518E-002)
-0.15707963267948966E+001  0.78539816339744828E+000
( 0.79997054239865872E+000, 0.13393298057896835E-002)
-0.15707963267948966E+001  0.15707963267948966E+001
( 0.93317143144512771E+000, 0.13393298057897199E-002)
-0.15707963267948966E+001  0.23561944901923448E+001
( 0.11015186712328036E+001, 0.13393298057897155E-002)
-0.15707963267948966E+001  0.31415926535897931E+001
( 0.11720588405417887E+001, 0.13393298057896973E-002)
-0.78539816339744828E+000 -0.23561944901923448E+001
( 0.10573166963465970E+001, 0.94704918791912920E-003)
-0.78539816339744828E+000 -0.15707963267948966E+001
( 0.84888258375963277E+000, 0.94704918791910654E-003)
-0.78539816339744828E+000 -0.78539816339744828E+000
( 0.62787449421341801E+000, 0.94704918791910068E-003)
-0.78539816339744828E+000  0.00000000000000000E+000
( 0.54326597802267118E+000, 0.94704918791913722E-003)
-0.78539816339744828E+000  0.78539816339744828E+000
( 0.63279097870500745E+000, 0.94704918791914904E-003)
-0.78539816339744828E+000  0.15707963267948966E+001
( 0.85637064331314794E+000, 0.94704918791916714E-003)
-0.78539816339744828E+000  0.23561944901923448E+001
( 0.10568999587957939E+001, 0.94704918791915522E-003)
-0.78539816339744828E+000  0.31415926535897931E+001
( 0.11409481593675130E+001, 0.94704918791914080E-003)
 0.00000000000000000E+000 -0.23561944901923448E+001
( 0.10549868387181685E+001,-0.87176630931412591E-017)
 0.00000000000000000E+000 -0.15707963267948966E+001
( 0.82403687542618453E+000,-0.23368778323322263E-016)
 0.00000000000000000E+000 -0.78539816339744828E+000
( 0.55366004536741309E+000,-0.15531196120854851E-016)
 0.00000000000000000E+000  0.00000000000000000E+000
( 0.40755680239462055E+000, 0.40974270706914550E-019)
 0.00000000000000000E+000  0.78539816339744828E+000
( 0.55366004536741309E+000, 0.15531196120854851E-016)
 0.00000000000000000E+000  0.15707963267948966E+001
( 0.82403687542618453E+000, 0.23340005686507053E-016)
 0.00000000000000000E+000  0.23561944901923448E+001
( 0.10549868387181685E+001, 0.87176630931412591E-017)
 0.00000000000000000E+000  0.31415926535897931E+001
( 0.11347716591846633E+001,-0.16989470052075744E-017)
 0.78539816339744828E+000 -0.23561944901923448E+001
( 0.10568999587957939E+001,-0.94704918791915522E-003)
 0.78539816339744828E+000 -0.15707963267948966E+001
( 0.85637064331314794E+000,-0.94704918791916714E-003)
 0.78539816339744828E+000 -0.78539816339744828E+000
( 0.63279097870500745E+000,-0.94704918791914904E-003)
 0.78539816339744828E+000  0.00000000000000000E+000
( 0.54326597802267118E+000,-0.94704918791913722E-003)
 0.78539816339744828E+000  0.78539816339744828E+000
( 0.62787449421341801E+000,-0.94704918791910068E-003)
 0.78539816339744828E+000  0.15707963267948966E+001
( 0.84888258375963277E+000,-0.94704918791910665E-003)
 0.78539816339744828E+000  0.23561944901923448E+001
( 0.10573166963465970E+001,-0.94704918791912920E-003)
 0.78539816339744828E+000  0.31415926535897931E+001
( 0.11409481593675130E+001,-0.94704918791916563E-003)
 0.15707963267948966E+001 -0.23561944901923448E+001
( 0.11015186712328036E+001,-0.13393298057897155E-002)
 0.15707963267948966E+001 -0.15707963267948966E+001
( 0.93317143144512771E+000,-0.13393298057897199E-002)
 0.15707963267948966E+001 -0.78539816339744828E+000
( 0.79997054239865872E+000,-0.13393298057896835E-002)
 0.15707963267948966E+001  0.00000000000000000E+000
( 0.75822633257299543E+000,-0.13393298057896520E-002)
 0.15707963267948966E+001  0.78539816339744828E+000
( 0.80061625882778609E+000,-0.13393298057896488E-002)
 0.15707963267948966E+001  0.15707963267948966E+001
( 0.93051374875341530E+000,-0.13393298057896371E-002)
 0.15707963267948966E+001  0.23561944901923448E+001
( 0.10963720555725587E+001,-0.13393298057896854E-002)
 0.15707963267948966E+001  0.31415926535897931E+001
( 0.11720588405417887E+001,-0.13393298057896843E-002)
 0.23561944901923448E+001 -0.23561944901923448E+001
( 0.11593689859686298E+001,-0.94704918791916389E-003)
 0.23561944901923448E+001 -0.15707963267948966E+001
( 0.10332564807688662E+001,-0.94704918791916346E-003)
 0.23561944901923448E+001 -0.78539816339744828E+000
( 0.94323860266661286E+000,-0.94704918791914654E-003)
 0.23561944901923448E+001  0.00000000000000000E+000
( 0.91415658008607092E+000,-0.94704918791912399E-003)
 0.23561944901923448E+001  0.78539816339744828E+000
( 0.94102885282494930E+000,-0.94704918791913006E-003)
 0.23561944901923448E+001  0.15707963267948966E+001
( 0.10288271764466512E+001,-0.94704918791911933E-003)
 0.23561944901923448E+001  0.23561944901923448E+001
( 0.11592225684624569E+001,-0.94704918791913364E-003)
 0.23561944901923448E+001  0.31415926535897931E+001
( 0.12265344282868589E+001,-0.94704918791915001E-003)
 0.31415926535897931E+001 -0.23561944901923448E+001
( 0.11932218593917685E+001,-0.11282478857427281E-016)
 0.31415926535897931E+001 -0.15707963267948966E+001
( 0.10732161090325814E+001,-0.26422569656520153E-016)
 0.31415926535897931E+001 -0.78539816339744828E+000
( 0.99807306334932355E+000, 0.15822575454710330E-017)
 0.31415926535897931E+001  0.00000000000000000E+000
( 0.97834462630229979E+000,-0.88319191657039509E-018)
 0.31415926535897931E+001  0.78539816339744828E+000
( 0.99807306334932355E+000, 0.78164200372626835E-017)
 0.31415926535897931E+001  0.15707963267948966E+001
( 0.10732161090325814E+001, 0.16560050642247835E-016)
 0.31415926535897931E+001  0.23561944901923448E+001
( 0.11932218593917685E+001, 0.14985706902823082E-016)
 0.31415926535897931E+001  0.31415926535897931E+001
( 0.12568297633526440E+001,-0.13668636282135544E-018)
 0.10000000000000000E+001          1         64
( 0.00000000000000000E+000,-0.13233861336853843E-003)
-0.23561944901923448E+001 -0.23561944901923448E+001
( 0.11410078418668705E+001,-0.75081571619261102E-003)
-0.23561944901923448E+001 -0.15707963267948966E+001
( 0.10009513156295617E+001,-0.75081571619261536E-003)
-0.23561944901923448E+001 -0.78539816339744828E+000
( 0.92634695281959600E+000,-0.75081571619260831E-003)
-0.23561944901923448E+001  0.00000000000000000E+000
( 0.89471055419611134E+000,-0.75081571619262295E-003)
-0.23561944901923448E+001  0.78539816339744828E+000
( 0.92717310356904381E+000,-0.75081571619262989E-003)
-0.23561944901923448E+001  0.15707963267948966E+001
( 0.10171829363653524E+001,-0.75081571619263054E-003)
-0.23561944901923448E+001  0.23561944901923448E+001
( 0.11484251533856813E+001,-0.75081571619262219E-003)
-0.23561944901923448E+001  0.31415926535897931E+001
( 0.12067580569186991E+001,-0.75081571619261503E-003)
-0.15707963267948966E+001 -0.23561944901923448E+001
( 0.10884522671651342E+001,-0.10618137686824677E-002)
-0.15707963267948966E+001 -0.15707963267948966E+001
( 0.91573368687782586E+000,-0.10618137686824762E-002)
-0.15707963267948966E+001 -0.78539816339744828E+000
( 0.78496357725776011E+000,-0.10618137686824671E-002)
-0.15707963267948966E+001  0.00000000000000000E+000
( 0.74514592552519943E+000,-0.10618137686824619E-002)
-0.15707963267948966E+001  0.78539816339744828E+000
( 0.78234541068235752E+000,-0.10618137686824976E-002)
-0.15707963267948966E+001  0.15707963267948966E+001
( 0.91256069250053318E+000,-0.10618137686824868E-002)
-0.15707963267948966E+001  0.23561944901923448E+001
( 0.10822545708163076E+001,-0.10618137686824703E-002)
-0.15707963267948966E+001  0.31415926535897931E+001
( 0.11629442215410044E+001,-0.10618137686824441E-002)
-0.78539816339744828E+000 -0.23561944901923448E+001
( 0.10502332389290874E+001,-0.75081571619261948E-003)
-0.78539816339744828E+000 -0.15707963267948966E+001
( 0.84416917545020609E+000,-0.75081571619261970E-003)
-0.78539816339744828E+000 -0.78539816339744828E+000
( 0.61897507024810050E+000,-0.75081571619261232E-003)
-0.78539816339744828E+000  0.00000000000000000E+000
( 0.53874372420061323E+000,-0.75081571619261709E-003)
-0.78539816339744828E+000  0.78539816339744828E+000
( 0.62510846212525972E+000,-0.75081571619262739E-003)
-0.78539816339744828E+000  0.15707963267948966E+001
( 0.84532939692917319E+000,-0.75081571619263813E-003)
-0.78539816339744828E+000  0.23561944901923448E+001
( 0.10511059866852799E+001,-0.75081571619263119E-003)
-0.78539816339744828E+000  0.31415926535897931E+001
( 0.11385490223204966E+001,-0.75081571619262609E-003)
 0.00000000000000000E+000 -0.23561944901923448E+001
( 0.10480558387955099E+001,-0.10286368111456223E-016)
 0.00000000000000000E+000 -0.15707963267948966E+001
( 0.82412668999025185E+000, 0.16885126374622971E-016)
 0.00000000000000000E+000 -0.78539816339744828E+000
( 0.55155643825263145E+000,-0.38489177123235407E-017)
 0.00000000000000000E+000  0.00000000000000000E+000
( 0.41084738722508063E+000, 0.19325386824362884E-018)
 0.00000000000000000E+000  0.78539816339744828E+000
( 0.55155643825263145E+000, 0.39031278209478160E-017)
 0.00000000000000000E+000  0.15707963267948966E+001
( 0.82412668999025185E+000,-0.16906262315634034E-016)
 0.00000000000000000E+000  0.23561944901923448E+001
( 0.10480558387955099E+001, 0.10232158002831948E-016)
 0.00000000000000000E+000  0.31415926535897931E+001
( 0.11230007587339306E+001,-0.77537807580294119E-018)
 0.78539816339744828E+000 -0.23561944901923448E+001
( 0.10511059866852799E+001, 0.75081571619263119E-003)
 0.78539816339744828E+000 -0.15707963267948966E+001
( 0.84532939692917319E+000, 0.75081571619263813E-003)
 0.78539816339744828E+000 -0.78539816339744828E+000
( 0.62510846212525972E+000, 0.75081571619262761E-003)
 0.78539816339744828E+000  0.00000000000000000E+000
( 0.53874372420061323E+000, 0.75081571619261720E-003)
 0.78539816339744828E+000  0.78539816339744828E+000
( 0.61897507024810050E+000, 0.75081571619261232E-003)
 0.78539816339744828E+000  0.15707963267948966E+001
( 0.84416917545020609E+000, 0.75081571619261959E-003)
 0.78539816339744828E+000  0.23561944901923448E+001
( 0.10502332389290874E+001, 0.75081571619261948E-003)
 0.78539816339744828E+000  0.31415926535897931E+001
( 0.11385490223204966E+001, 0.75081571619262750E-003)
 0.15707963267948966E+001 -0.23561944901923448E+001
( 0.10822545708163076E+001, 0.10618137686824703E-002)
 0.15707963267948966E+001 -0.15707963267948966E+001
( 0.91256069250053318E+000, 0.10618137686824870E-002)
 0.15707963267948966E+001 -0.78539816339744828E+000
( 0.78234541068235752E+000, 0.10618137686824976E-002)
 0.15707963267948966E+001  0.00000000000000000E+000
( 0.74514592552519943E+000, 0.10618137686824621E-002)
 0.15707963267948966E+001  0.78539816339744828E+000
( 0.78496357725776011E+000, 0.10618137686824671E-002)
 0.15707963267948966E+001  0.15707963267948966E+001
( 0.91573368687782586E+000, 0.10618137686824766E-002)
 0.15707963267948966E+001  0.23561944901923448E+001
( 0.10884522671651342E+001, 0.10618137686824677E-002)
 0.15707963267948966E+001  0.31415926535897931E+001
( 0.11629442215410044E+001, 0.10618137686824562E-002)
 0.23561944901923448E+001 -0.23561944901923448E+001
( 0.11484251533856813E+001, 0.75081571619262241E-003)
 0.23561944901923448E+001 -0.15707963267948966E+001
( 0.10171829363653524E+001, 0.75081571619263054E-003)
 0.23561944901923448E+001 -0.78539816339744828E+000
( 0.92717310356904381E+000, 0.75081571619262989E-003)
 0.23561944901923448E+001  0.00000000000000000E+000
( 0.89471055419611134E+000, 0.75081571619262295E-003)
 0.23561944901923448E+001  0.78539816339744828E+000
( 0.92634695281959600E+000, 0.75081571619260853E-003)
 0.23561944901923448E+001  0.15707963267948966E+001
( 0.10009513156295617E+001, 0.75081571619261514E-003)
 0.23561944901923448E+001  0.23561944901923448E+001
( 0.11410078418668705E+001, 0.75081571619261059E-003)
 0.23561944901923448E+001  0.31415926535897931E+001
( 0.12067580569186991E+001, 0.75081571619261525E-003)
 0.31415926535897931E+001 -0.23561944901923448E+001
( 0.11650760619914131E+001, 0.16398557858843255E-016)
 0.31415926535897931E+001 -0.15707963267948966E+001
( 0.10507651116684735E+001, 0.16088410312222817E-016)
 0.31415926535897931E+001 -0.78539816339744828E+000
( 0.98079794900634820E+000, 0.16859343782149594E-016)
 0.31415926535897931E+001  0.00000000000000000E+000
( 0.95913105572511959E+000,-0.38099156486810084E-018)
 0.31415926535897931E+001  0.78539816339744828E+000
( 0.98079794900634820E+000,-0.18079071226195786E-016)
 0.31415926535897931E+001  0.15707963267948966E+001
( 0.10507651116684735E+001,-0.24477196091634006E-016)
 0.31415926535897931E+001  0.23561944901923448E+001
( 0.11650760619914131E+001,-0.15910666881224778E-016)
 0.31415926535897931E+001  0.31415926535897931E+001
( 0.12308181732052639E+001,-0.54639884157871291E-018)
 0.10000000000000000E+001          1         64
( 0.00000000000000000E+000,-0.24600562258188349E-003)
-0.23561944901923448E+001 -0.23561944901923448E+001
( 0.11464125325219556E+001,-0.12610726388439274E-002)
-0.23561944901923448E+001 -0.15707963267948966E+001
( 0.10140499092680915E+001,-0.12610726388439342E-002)
-0.23561944901923448E+001 -0.78539816339744828E+000
( 0.93039315098240083E+000,-0.12610726388439149E-002)
-0.23561944901923448E+001  0.00000000000000000E+000
( 0.91219723325335123E+000,-0.12610726388439337E-002)
-0.23561944901923448E+001  0.78539816339744828E+000
( 0.93588639193525536E+000,-0.12610726388439524E-002)
-0.23561944901923448E+001  0.15707963267948966E+001
( 0.10223471859433420E+001,-0.12610726388439300E-002)
-0.23561944901923448E+001  0.23561944901923448E+001
( 0.11434188977810060E+001,-0.12610726388439170E-002)
-0.23561944901923448E+001  0.31415926535897931E+001
( 0.12007000090844318E+001,-0.12610726388439309E-002)
-0.15707963267948966E+001 -0.23561944901923448E+001
( 0.10864445216628764E+001,-0.17834260289907038E-002)
-0.15707963267948966E+001 -0.15707963267948966E+001
( 0.91758367759696835E+000,-0.17834260289907068E-002)
-0.15707963267948966E+001 -0.78539816339744828E+000
( 0.79107598573839821E+000,-0.17834260289907127E-002)
-0.15707963267948966E+001  0.00000000000000000E+000
( 0.75501646314944371E+000,-0.17834260289907224E-002)
-0.15707963267948966E+001  0.78539816339744828E+000
( 0.79416929886412713E+000,-0.17834260289907324E-002)
-0.15707963267948966E+001  0.15707963267948966E+001
( 0.91616684749916555E+000,-0.17834260289907359E-002)
-0.15707963267948966E+001  0.23561944901923448E+001
( 0.10813980057892283E+001,-0.17834260289907289E-002)
-0.15707963267948966E+001  0.31415926535897931E+001
( 0.11546996210490399E+001,-0.17834260289907042E-002)
-0.78539816339744828E+000 -0.23561944901923448E+001
( 0.10406716420599658E+001,-0.12610726388439079E-002)
-0.78539816339744828E+000 -0.15707963267948966E+001
( 0.84243135362716437E+000,-0.12610726388439151E-002)
-0.78539816339744828E+000 -0.78539816339744828E+000
( 0.62478458576016316E+000,-0.12610726388439081E-002)
-0.78539816339744828E+000  0.00000000000000000E+000
( 0.54704235722696781E+000,-0.12610726388439274E-002)
-0.78539816339744828E+000  0.78539816339744828E+000
( 0.62634164382346302E+000,-0.12610726388439610E-002)
-0.78539816339744828E+000  0.15707963267948966E+001
( 0.83938510381224696E+000,-0.12610726388439441E-002)
-0.78539816339744828E+000  0.23561944901923448E+001
( 0.10384998402193129E+001,-0.12610726388439641E-002)
-0.78539816339744828E+000  0.31415926535897931E+001
( 0.11205896420122903E+001,-0.12610726388439276E-002)
 0.00000000000000000E+000 -0.23561944901923448E+001
( 0.10345160516170091E+001, 0.20003530082357557E-016)
 0.00000000000000000E+000 -0.15707963267948966E+001
( 0.81207887175670679E+000, 0.25758376919600052E-016)
 0.00000000000000000E+000 -0.78539816339744828E+000
( 0.55007815238587321E+000, 0.18133281334820062E-016)
 0.00000000000000000E+000  0.00000000000000000E+000
( 0.40640834792087022E+000,-0.21575941937822097E-019)
 0.00000000000000000E+000  0.78539816339744828E+000
( 0.55007815238587321E+000,-0.18133281334820062E-016)
 0.00000000000000000E+000  0.15707963267948966E+001
( 0.81207887175670679E+000,-0.25828349520211121E-016)
 0.00000000000000000E+000  0.23561944901923448E+001
( 0.10345160516170091E+001,-0.20003530082357557E-016)
 0.00000000000000000E+000  0.31415926535897931E+001
( 0.11124105747150219E+001,-0.16042450941178748E-017)
 0.78539816339744828E+000 -0.23561944901923448E+001
( 0.10384998402193129E+001, 0.12610726388439641E-002)
 0.78539816339744828E+000 -0.15707963267948966E+001
( 0.83938510381224696E+000, 0.12610726388439441E-002)
 0.78539816339744828E+000 -0.78539816339744828E+000
( 0.62634164382346302E+000, 0.12610726388439610E-002)
 0.78539816339744828E+000  0.00000000000000000E+000
( 0.54704235722696781E+000, 0.12610726388439274E-002)
 0.78539816339744828E+000  0.78539816339744828E+000
( 0.62478458576016316E+000, 0.12610726388439081E-002)
 0.78539816339744828E+000  0.15707963267948966E+001
( 0.84243135362716437E+000, 0.12610726388439151E-002)
 0.78539816339744828E+000  0.23561944901923448E+001
( 0.10406716420599658E+001, 0.12610726388439079E-002)
 0.78539816339744828E+000  0.31415926535897931E+001
( 0.11205896420122903E+001, 0.12610726388439313E-002)
 0.15707963267948966E+001 -0.23561944901923448E+001
( 0.10813980057892283E+001, 0.17834260289907289E-002)
 0.15707963267948966E+001 -0.15707963267948966E+001
( 0.91616684749916555E+000, 0.17834260289907359E-002)
 0.15707963267948966E+001 -0.78539816339744828E+000
( 0.79416929886412713E+000, 0.17834260289907324E-002)
 0.15707963267948966E+001  0.00000000000000000E+000
( 0.75501646314944371E+000, 0.17834260289907224E-002)
 0.15707963267948966E+001  0.78539816339744828E+000
( 0.79107598573839821E+000, 0.17834260289907127E-002)
 0.15707963267948966E+001  0.15707963267948966E+001
( 0.91758367759696835E+000, 0.17834260289907068E-002)
 0.15707963267948966E+001  0.23561944901923448E+001
( 0.10864445216628764E+001, 0.17834260289907038E-002)
 0.15707963267948966E+001  0.31415926535897931E+001
( 0.11546996210490399E+001, 0.17834260289907025E-002)
 0.23561944901923448E+001 -0.23561944901923448E+001
( 0.11434188977810060E+001, 0.12610726388439170E-002)
 0.23561944901923448E+001 -0.15707963267948966E+001
( 0.10223471859433420E+001, 0.12610726388439300E-002)
 0.23561944901923448E+001 -0.78539816339744828E+000
( 0.93588639193525536E+000, 0.12610726388439524E-002)
 0.23561944901923448E+001  0.00000000000000000E+000
( 0.91219723325335123E+000, 0.12610726388439337E-002)
 0.23561944901923448E+001  0.78539816339744828E+000
( 0.93039315098240083E+000, 0.12610726388439149E-002)
 0.23561944901923448E+001  0.15707963267948966E+001
( 0.10140499092680915E+001, 0.12610726388439342E-002)
 0.23561944901923448E+001  0.23561944901923448E+001
( 0.11464125325219556E+001, 0.12610726388439274E-002)
 0.23561944901923448E+001  0.31415926535897931E+001
( 0.12007000090844318E+001, 0.12610726388439307E-002)
 0.31415926535897931E+001 -0.23561944901923448E+001
( 0.11706058709083611E+001, 0.31712913545201005E-017)
 0.31415926535897931E+001 -0.15707963267948966E+001
( 0.10549560923581907E+001,-0.35315969174721659E-017)
 0.31415926535897931E+001 -0.78539816339744828E+000
( 0.98866499826804277E+000, 0.83754617824505218E-017)
 0.31415926535897931E+001  0.00000000000000000E+000
( 0.97331383300215368E+000,-0.15334260055980223E-017)
 0.31415926535897931E+001  0.78539816339744828E+000
( 0.98866499826804277E+000, 0.23852447794681098E-017)
 0.31415926535897931E+001  0.15707963267948966E+001
( 0.10549560923581907E+001, 0.77800033953971927E-017)
 0.31415926535897931E+001  0.23561944901923448E+001
( 0.11706058709083611E+001, 0.17889335846010823E-017)
 0.31415926535897931E+001  0.31415926535897931E+001
( 0.12288194288013794E+001, 0.28511092860362854E-018)
 0.10000000000000000E+001          1         64
( 0.00000000000000000E+000, 0.22179446970903874E-003)
-0.23561944901923448E+001 -0.23561944901923448E+001
( 0.11352212440117964E+001,-0.29768344475968305E-003)
-0.23561944901923448E+001 -0.15707963267948966E+001
( 0.10177511123327179E+001,-0.29768344475965394E-003)
-0.23561944901923448E+001 -0.78539816339744828E+000
( 0.93330158303867217E+000,-0.29768344475964678E-003)
-0.23561944901923448E+001  0.00000000000000000E+000
( 0.90710556031748657E+000,-0.29768344475962548E-003)
-0.23561944901923448E+001  0.78539816339744828E+000
( 0.92944735802019962E+000,-0.29768344475965258E-003)
-0.23561944901923448E+001  0.15707963267948966E+001
( 0.10154399912020504E+001,-0.29768344475966950E-003)
-0.23561944901923448E+001  0.23561944901923448E+001
( 0.11358599615848806E+001,-0.29768344475968359E-003)
-0.23561944901923448E+001  0.31415926535897931E+001
( 0.11941702416750981E+001,-0.29768344475968403E-003)
-0.15707963267948966E+001 -0.23561944901923448E+001
( 0.10768779497613843E+001,-0.42098796487305054E-003)
-0.15707963267948966E+001 -0.15707963267948966E+001
( 0.91958748183840955E+000,-0.42098796487306908E-003)
-0.15707963267948966E+001 -0.78539816339744828E+000
( 0.79267800076634010E+000,-0.42098796487303233E-003)
-0.15707963267948966E+001  0.00000000000000000E+000
( 0.76103902550212543E+000,-0.42098796487302891E-003)
-0.15707963267948966E+001  0.78539816339744828E+000
( 0.79564717847441890E+000,-0.42098796487304545E-003)
-0.15707963267948966E+001  0.15707963267948966E+001
( 0.91484164486458164E+000,-0.42098796487306274E-003)
-0.15707963267948966E+001  0.23561944901923448E+001
( 0.10774703559604262E+001,-0.42098796487308226E-003)
-0.15707963267948966E+001  0.31415926535897931E+001
( 0.11491033275899589E+001,-0.42098796487306773E-003)
-0.78539816339744828E+000 -0.23561944901923448E+001
( 0.10391412376202791E+001,-0.29768344475968012E-003)
-0.78539816339744828E+000 -0.15707963267948966E+001
( 0.83831017159090937E+000,-0.29768344475966229E-003)
-0.78539816339744828E+000 -0.78539816339744828E+000
( 0.62697038718350895E+000,-0.29768344475965221E-003)
-0.78539816339744828E+000  0.00000000000000000E+000
( 0.55095221064604671E+000,-0.29768344475964630E-003)
-0.78539816339744828E+000  0.78539816339744828E+000
( 0.62863536540221876E+000,-0.29768344475964180E-003)
-0.78539816339744828E+000  0.15707963267948966E+001
( 0.83890271769716152E+000,-0.29768344475964548E-003)
-0.78539816339744828E+000  0.23561944901923448E+001
( 0.10401159332787737E+001,-0.29768344475967871E-003)
-0.78539816339744828E+000  0.31415926535897931E+001
( 0.11242797049920610E+001,-0.29768344475966332E-003)
 0.00000000000000000E+000 -0.23561944901923448E+001
( 0.10293460500310487E+001,-0.89446679230054116E-017)
 0.00000000000000000E+000 -0.15707963267948966E+001
( 0.80987803194740260E+000,-0.52089475092685533E-017)
 0.00000000000000000E+000 -0.78539816339744828E+000
( 0.55256164343662695E+000,-0.17889335846010823E-017)
 0.00000000000000000E+000  0.00000000000000000E+000
( 0.41141567616163738E+000,-0.75128783841535400E-019)
 0.00000000000000000E+000  0.78539816339744828E+000
( 0.55256164343662695E+000, 0.17889335846010823E-017)
 0.00000000000000000E+000  0.15707963267948966E+001
( 0.80987803194740260E+000, 0.51099858510291706E-017)
 0.00000000000000000E+000  0.23561944901923448E+001
( 0.10293460500310487E+001, 0.89446679230054116E-017)
 0.00000000000000000E+000  0.31415926535897931E+001
( 0.11134771464827831E+001,-0.12802729369230816E-017)
 0.78539816339744828E+000 -0.23561944901923448E+001
( 0.10401159332787737E+001, 0.29768344475967871E-003)
 0.78539816339744828E+000 -0.15707963267948966E+001
( 0.83890271769716152E+000, 0.29768344475964548E-003)
 0.78539816339744828E+000 -0.78539816339744828E+000
( 0.62863536540221876E+000, 0.29768344475964180E-003)
 0.78539816339744828E+000  0.00000000000000000E+000
( 0.55095221064604671E+000, 0.29768344475964630E-003)
 0.78539816339744828E+000  0.78539816339744828E+000
( 0.62697038718350895E+000, 0.29768344475965221E-003)
 0.78539816339744828E+000  0.15707963267948966E+001
( 0.83831017159090937E+000, 0.29768344475966229E-003)
 0.78539816339744828E+000  0.23561944901923448E+001
( 0.10391412376202791E+001, 0.29768344475968012E-003)
 0.78539816339744828E+000  0.31415926535897931E+001
( 0.11242797049920610E+001, 0.29768344475967026E-003)
 0.15707963267948966E+001 -0.23561944901923448E+001
( 0.10774703559604262E+001, 0.42098796487308226E-003)
 0.15707963267948966E+001 -0.15707963267948966E+001
( 0.91484164486458164E+000, 0.42098796487306274E-003)
 0.15707963267948966E+001 -0.78539816339744828E+000
( 0.79564717847441890E+000, 0.42098796487304545E-003)
 0.15707963267948966E+001  0.00000000000000000E+000
( 0.76103902550212543E+000, 0.42098796487302978E-003)
 0.15707963267948966E+001  0.78539816339744828E+000
( 0.79267800076634010E+000, 0.42098796487303233E-003)
 0.15707963267948966E+001  0.15707963267948966E+001
( 0.91958748183840955E+000, 0.42098796487306887E-003)
 0.15707963267948966E+001  0.23561944901923448E+001
( 0.10768779497613843E+001, 0.42098796487305054E-003)
 0.15707963267948966E+001  0.31415926535897931E+001
( 0.11491033275899589E+001, 0.42098796487306052E-003)
 0.23561944901923448E+001 -0.23561944901923448E+001
( 0.11358599615848806E+001, 0.29768344475968359E-003)
 0.23561944901923448E+001 -0.15707963267948966E+001
( 0.10154399912020504E+001, 0.29768344475966950E-003)
 0.23561944901923448E+001 -0.78539816339744828E+000
( 0.92944735802019962E+000, 0.29768344475965258E-003)
 0.23561944901923448E+001  0.00000000000000000E+000
( 0.90710556031748657E+000, 0.29768344475962553E-003)
 0.23561944901923448E+001  0.78539816339744828E+000
( 0.93330158303867217E+000, 0.29768344475964678E-003)
 0.23561944901923448E+001  0.15707963267948966E+001
( 0.10177511123327179E+001, 0.29768344475965394E-003)
 0.23561944901923448E+001  0.23561944901923448E+001
( 0.11352212440117964E+001, 0.29768344475968305E-003)
 0.23561944901923448E+001  0.31415926535897931E+001
( 0.11941702416750979E+001, 0.29768344475967579E-003)
 0.31415926535897931E+001 -0.23561944901923448E+001
( 0.11612165560328931E+001, 0.18431436932253575E-017)
 0.31415926535897931E+001 -0.15707963267948966E+001
( 0.10465483575328540E+001, 0.76796103819425319E-017)
 0.31415926535897931E+001 -0.78539816339744828E+000
( 0.98836270491453815E+000,-0.11872013788716274E-016)
 0.31415926535897931E+001  0.00000000000000000E+000
( 0.97474307066044130E+000,-0.40621228110378280E-018)
 0.31415926535897931E+001  0.78539816339744828E+000
( 0.98836270491453826E+000,-0.24394548880923850E-017)
 0.31415926535897931E+001  0.15707963267948966E+001
( 0.10465483575328540E+001,-0.18715997705389796E-016)
 0.31415926535897931E+001  0.23561944901923448E+001
( 0.11612165560328931E+001,-0.14636729328554310E-017)
 0.31415926535897931E+001  0.31415926535897931E+001
( 0.12234278705695030E+001,-0.55290928923073178E-018)
 0.10000000000000000E+001          1         64
( 0.00000000000000000E+000,-0.16299052641268608E-003)
-0.23561944901923448E+001 -0.23561944901923448E+001
( 0.11428203678727891E+001, 0.78870986349954895E-003)
-0.23561944901923448E+001 -0.15707963267948966E+001
( 0.10181999511379649E+001, 0.78870986349953941E-003)
-0.23561944901923448E+001 -0.78539816339744828E+000
( 0.92953500387638011E+000, 0.78870986349955882E-003)
-0.23561944901923448E+001  0.00000000000000000E+000
( 0.90305129309069876E+000, 0.78870986349958993E-003)
-0.23561944901923448E+001  0.78539816339744828E+000
( 0.92963110255799197E+000, 0.78870986349960284E-003)
-0.23561944901923448E+001  0.15707963267948966E+001
( 0.10218589970637533E+001, 0.78870986349960977E-003)
-0.23561944901923448E+001  0.23561944901923448E+001
( 0.11407657314497159E+001, 0.78870986349960370E-003)
-0.23561944901923448E+001  0.31415926535897931E+001
( 0.12050968502141481E+001, 0.78870986349958148E-003)
-0.15707963267948966E+001 -0.23561944901923448E+001
( 0.10863354311482396E+001, 0.11154041857385165E-002)
-0.15707963267948966E+001 -0.15707963267948966E+001
( 0.91373817628453979E+000, 0.11154041857384912E-002)
-0.15707963267948966E+001 -0.78539816339744828E+000
( 0.79028047269882451E+000, 0.11154041857385172E-002)
-0.15707963267948966E+001  0.00000000000000000E+000
( 0.75184439886808707E+000, 0.11154041857385371E-002)
-0.15707963267948966E+001  0.78539816339744828E+000
( 0.78904715477410381E+000, 0.11154041857385773E-002)
-0.15707963267948966E+001  0.15707963267948966E+001
( 0.91821118150053571E+000, 0.11154041857385957E-002)
-0.15707963267948966E+001  0.23561944901923448E+001
( 0.10817462028525267E+001, 0.11154041857385872E-002)
-0.15707963267948966E+001  0.31415926535897931E+001
( 0.11599873836926327E+001, 0.11154041857385560E-002)
-0.78539816339744828E+000 -0.23561944901923448E+001
( 0.10424886580523705E+001, 0.78870986349955621E-003)
-0.78539816339744828E+000 -0.15707963267948966E+001
( 0.84097967297099641E+000, 0.78870986349955101E-003)
-0.78539816339744828E+000 -0.78539816339744828E+000
( 0.62514384398089984E+000, 0.78870986349957909E-003)
-0.78539816339744828E+000  0.00000000000000000E+000
( 0.54364532819707834E+000, 0.78870986349958419E-003)
-0.78539816339744828E+000  0.78539816339744828E+000
( 0.61604146123787917E+000, 0.78870986349961205E-003)
-0.78539816339744828E+000  0.15707963267948966E+001
( 0.83954425754041107E+000, 0.78870986349964447E-003)
-0.78539816339744828E+000  0.23561944901923448E+001
( 0.10493120869348100E+001, 0.78870986349962593E-003)
-0.78539816339744828E+000  0.31415926535897931E+001
( 0.11290045023930577E+001, 0.78870986349957562E-003)
 0.00000000000000000E+000 -0.23561944901923448E+001
( 0.10345385177142965E+001,-0.30140820395097023E-016)
 0.00000000000000000E+000 -0.15707963267948966E+001
( 0.81096876310258081E+000,-0.43038256570194634E-016)
 0.00000000000000000E+000 -0.78539816339744828E+000
( 0.55501831541515922E+000,-0.23744027577432547E-016)
 0.00000000000000000E+000  0.00000000000000000E+000
( 0.41293156442896950E+000, 0.43218584997873933E-020)
 0.00000000000000000E+000  0.78539816339744828E+000
( 0.55501831541515922E+000, 0.23744027577432547E-016)
 0.00000000000000000E+000  0.15707963267948966E+001
( 0.81096876310258081E+000, 0.42984191526014389E-016)
 0.00000000000000000E+000  0.23561944901923448E+001
( 0.10345385177142965E+001, 0.30140820395097023E-016)
 0.00000000000000000E+000  0.31415926535897931E+001
( 0.11184234581936898E+001,-0.16550549330345316E-017)
 0.78539816339744828E+000 -0.23561944901923448E+001
( 0.10493120869348100E+001,-0.78870986349962593E-003)
 0.78539816339744828E+000 -0.15707963267948966E+001
( 0.83954425754041107E+000,-0.78870986349964447E-003)
 0.78539816339744828E+000 -0.78539816339744828E+000
( 0.61604146123787917E+000,-0.78870986349961205E-003)
 0.78539816339744828E+000  0.00000000000000000E+000
( 0.54364532819707834E+000,-0.78870986349958419E-003)
 0.78539816339744828E+000  0.78539816339744828E+000
( 0.62514384398089984E+000,-0.78870986349957909E-003)
 0.78539816339744828E+000  0.15707963267948966E+001
( 0.84097967297099641E+000,-0.78870986349955101E-003)
 0.78539816339744828E+000  0.23561944901923448E+001
( 0.10424886580523705E+001,-0.78870986349955621E-003)
 0.78539816339744828E+000  0.31415926535897931E+001
( 0.11290045023930577E+001,-0.78870986349957139E-003)
 0.15707963267948966E+001 -0.23561944901923448E+001
( 0.10817462028525267E+001,-0.11154041857385872E-002)
 0.15707963267948966E+001 -0.15707963267948966E+001
( 0.91821118150053571E+000,-0.11154041857385957E-002)
 0.15707963267948966E+001 -0.78539816339744828E+000
( 0.78904715477410381E+000,-0.11154041857385773E-002)
 0.15707963267948966E+001  0.00000000000000000E+000
( 0.75184439886808707E+000,-0.11154041857385371E-002)
 0.15707963267948966E+001  0.78539816339744828E+000
( 0.79028047269882451E+000,-0.11154041857385172E-002)
 0.15707963267948966E+001  0.15707963267948966E+001
( 0.91373817628453979E+000,-0.11154041857384907E-002)
 0.15707963267948966E+001  0.23561944901923448E+001
( 0.10863354311482396E+001,-0.11154041857385165E-002)
 0.15707963267948966E+001  0.31415926535897931E+001
( 0.11599873836926327E+001,-0.11154041857385436E-002)
 0.23561944901923448E+001 -0.23561944901923448E+001
( 0.11407657314497159E+001,-0.78870986349960370E-003)
 0.23561944901923448E+001 -0.15707963267948966E+001
( 0.10218589970637533E+001,-0.78870986349960977E-003)
 0.23561944901923448E+001 -0.78539816339744828E+000
( 0.92963110255799197E+000,-0.78870986349960284E-003)
 0.23561944901923448E+001  0.00000000000000000E+000
( 0.90305129309069876E+000,-0.78870986349958993E-003)
 0.23561944901923448E+001  0.78539816339744828E+000
( 0.92953500387638011E+000,-0.78870986349955882E-003)
 0.23561944901923448E+001  0.15707963267948966E+001
( 0.10181999511379649E+001,-0.78870986349953941E-003)
 0.23561944901923448E+001  0.23561944901923448E+001
( 0.11428203678727891E+001,-0.78870986349954895E-003)
 0.23561944901923448E+001  0.31415926535897931E+001
( 0.12050968502141481E+001,-0.78870986349958267E-003)
 0.31415926535897931E+001 -0.23561944901923448E+001
( 0.11723804456814060E+001,-0.29598719308854271E-016)
 0.31415926535897931E+001 -0.15707963267948966E+001
( 0.10559507185953334E+001,-0.47716587605474395E-016)
 0.31415926535897931E+001 -0.78539816339744828E+000
( 0.98775280485018557E+000,-0.30249240612345574E-016)
 0.31415926535897931E+001  0.00000000000000000E+000
( 0.96821334204825094E+000,-0.78117126218835619E-018)
 0.31415926535897931E+001  0.78539816339744828E+000
( 0.98775280485018557E+000, 0.30682921481339775E-016)
 0.31415926535897931E+001  0.15707963267948966E+001
( 0.10559507185953334E+001, 0.35529194864928387E-016)
 0.31415926535897931E+001  0.23561944901923448E+001
( 0.11723804456814060E+001, 0.31170812458958252E-016)
 0.31415926535897931E+001  0.31415926535897931E+001
( 0.12327271281243566E+001,-0.45447651515737699E-018)
 0.10000000000000000E+001          1         64
( 0.00000000000000000E+000, 0.48778606238480878E-003)
-0.23561944901923448E+001 -0.23561944901923448E+001
( 0.11413483011506746E+001,-0.12695764558274145E-003)
-0.23561944901923448E+001 -0.15707963267948966E+001
( 0.10178333906550616E+001,-0.12695764558273969E-003)
-0.23561944901923448E+001 -0.78539816339744828E+000
( 0.93895526506350890E+000,-0.12695764558273733E-003)
-0.23561944901923448E+001  0.00000000000000000E+000
( 0.91337642523586182E+000,-0.12695764558274164E-003)
-0.23561944901923448E+001  0.78539816339744828E+000
( 0.93691973778787052E+000,-0.12695764558274367E-003)
-0.23561944901923448E+001  0.15707963267948966E+001
( 0.10195842223190370E+001,-0.12695764558273728E-003)
-0.23561944901923448E+001  0.23561944901923448E+001
( 0.11412148066971222E+001,-0.12695764558275069E-003)
-0.23561944901923448E+001  0.31415926535897931E+001
( 0.12040711851262726E+001,-0.12695764558274007E-003)
-0.15707963267948966E+001 -0.23561944901923448E+001
( 0.10850433641338668E+001,-0.17954522423006719E-003)
-0.15707963267948966E+001 -0.15707963267948966E+001
( 0.92347372562040397E+000,-0.17954522423009231E-003)
-0.15707963267948966E+001 -0.78539816339744828E+000
( 0.79731900084542551E+000,-0.17954522423007901E-003)
-0.15707963267948966E+001  0.00000000000000000E+000
( 0.76587721932537256E+000,-0.17954522423008505E-003)
-0.15707963267948966E+001  0.78539816339744828E+000
( 0.79614854071357533E+000,-0.17954522423006266E-003)
-0.15707963267948966E+001  0.15707963267948966E+001
( 0.91831126216400327E+000,-0.17954522423009088E-003)
-0.15707963267948966E+001  0.23561944901923448E+001
( 0.10832937758876020E+001,-0.17954522423008540E-003)
-0.15707963267948966E+001  0.31415926535897931E+001
( 0.11574624690450870E+001,-0.17954522423009671E-003)
-0.78539816339744828E+000 -0.23561944901923448E+001
( 0.10422513252503223E+001,-0.12695764558275549E-003)
-0.78539816339744828E+000 -0.15707963267948966E+001
( 0.84400570691062748E+000,-0.12695764558277132E-003)
-0.78539816339744828E+000 -0.78539816339744828E+000
( 0.62789727615275392E+000,-0.12695764558274582E-003)
-0.78539816339744828E+000  0.00000000000000000E+000
( 0.55480253351883646E+000,-0.12695764558274197E-003)
-0.78539816339744828E+000  0.78539816339744828E+000
( 0.63195604767678182E+000,-0.12695764558274796E-003)
-0.78539816339744828E+000  0.15707963267948966E+001
( 0.83923945794424937E+000,-0.12695764558276102E-003)
-0.78539816339744828E+000  0.23561944901923448E+001
( 0.10365742591020866E+001,-0.12695764558276818E-003)
-0.78539816339744828E+000  0.31415926535897931E+001
( 0.11219835280519841E+001,-0.12695764558275042E-003)
 0.00000000000000000E+000 -0.23561944901923448E+001
( 0.10315710599967756E+001,-0.13666029571000882E-016)
 0.00000000000000000E+000 -0.15707963267948966E+001
( 0.81575603889431059E+000,-0.10070152187633085E-016)
 0.00000000000000000E+000 -0.78539816339744828E+000
( 0.55634353585957030E+000, 0.42470231975330619E-017)
 0.00000000000000000E+000  0.00000000000000000E+000
( 0.41708791574603105E+000, 0.45445213853217747E-020)
 0.00000000000000000E+000  0.78539816339744828E+000
( 0.55634353585957030E+000,-0.42402469339550275E-017)
 0.00000000000000000E+000  0.15707963267948966E+001
( 0.81575603889431059E+000, 0.10033898629876094E-016)
 0.00000000000000000E+000  0.23561944901923448E+001
( 0.10315710599967756E+001, 0.13672805834578916E-016)
 0.00000000000000000E+000  0.31415926535897931E+001
( 0.11102791429183398E+001,-0.10328117465748713E-017)
 0.78539816339744828E+000 -0.23561944901923448E+001
( 0.10365742591020866E+001, 0.12695764558276818E-003)
 0.78539816339744828E+000 -0.15707963267948966E+001
( 0.83923945794424937E+000, 0.12695764558276105E-003)
 0.78539816339744828E+000 -0.78539816339744828E+000
( 0.63195604767678182E+000, 0.12695764558274796E-003)
 0.78539816339744828E+000  0.00000000000000000E+000
( 0.55480253351883646E+000, 0.12695764558274194E-003)
 0.78539816339744828E+000  0.78539816339744828E+000
( 0.62789727615275392E+000, 0.12695764558274582E-003)
 0.78539816339744828E+000  0.15707963267948966E+001
( 0.84400570691062748E+000, 0.12695764558277135E-003)
 0.78539816339744828E+000  0.23561944901923448E+001
( 0.10422513252503223E+001, 0.12695764558275546E-003)
 0.78539816339744828E+000  0.31415926535897931E+001
( 0.11219835280519841E+001, 0.12695764558275170E-003)
 0.15707963267948966E+001 -0.23561944901923448E+001
( 0.10832937758876020E+001, 0.17954522423008540E-003)
 0.15707963267948966E+001 -0.15707963267948966E+001
( 0.91831126216400327E+000, 0.17954522423009088E-003)
 0.15707963267948966E+001 -0.78539816339744828E+000
( 0.79614854071357533E+000, 0.17954522423006269E-003)
 0.15707963267948966E+001  0.00000000000000000E+000
( 0.76587721932537256E+000, 0.17954522423008508E-003)
 0.15707963267948966E+001  0.78539816339744828E+000
( 0.79731900084542551E+000, 0.17954522423007901E-003)
 0.15707963267948966E+001  0.15707963267948966E+001
( 0.92347372562040397E+000, 0.17954522423009234E-003)
 0.15707963267948966E+001  0.23561944901923448E+001
( 0.10850433641338668E+001, 0.17954522423006724E-003)
 0.15707963267948966E+001  0.31415926535897931E+001
( 0.11574624690450870E+001, 0.17954522423009606E-003)
 0.23561944901923448E+001 -0.23561944901923448E+001
( 0.11412148066971222E+001, 0.12695764558275067E-003)
 0.23561944901923448E+001 -0.15707963267948966E+001
( 0.10195842223190370E+001, 0.12695764558273728E-003)
 0.23561944901923448E+001 -0.78539816339744828E+000
( 0.93691973778787052E+000, 0.12695764558274367E-003)
 0.23561944901923448E+001  0.00000000000000000E+000
( 0.91337642523586182E+000, 0.12695764558274161E-003)
 0.23561944901923448E+001  0.78539816339744828E+000
( 0.93895526506350890E+000, 0.12695764558273730E-003)
 0.23561944901923448E+001  0.15707963267948966E+001
( 0.10178333906550616E+001, 0.12695764558273972E-003)
 0.23561944901923448E+001  0.23561944901923448E+001
( 0.11413483011506746E+001, 0.12695764558274145E-003)
 0.23561944901923448E+001  0.31415926535897931E+001
( 0.12040711851262726E+001, 0.12695764558274506E-003)
 0.31415926535897931E+001 -0.23561944901923448E+001
( 0.11686060160567935E+001, 0.79197580568277082E-017)
 0.31415926535897931E+001 -0.15707963267948966E+001
( 0.10569370762676977E+001, 0.12685199275659940E-016)
 0.31415926535897931E+001 -0.78539816339744828E+000
( 0.98708542583037961E+000, 0.32695471764015993E-018)
 0.31415926535897931E+001  0.00000000000000000E+000
( 0.97724898390049997E+000,-0.64166532664275330E-018)
 0.31415926535897931E+001  0.78539816339744828E+000
( 0.98708542583037961E+000,-0.14111568901256644E-017)
 0.31415926535897931E+001  0.15707963267948966E+001
( 0.10569370762676977E+001,-0.76546692339077257E-017)
 0.31415926535897931E+001  0.23561944901923448E+001
( 0.11686060160567935E+001,-0.72421316990242679E-017)
 0.31415926535897931E+001  0.31415926535897931E+001
( 0.12245054248323677E+001, 0.14526604704247877E-018)
