   -2.356194     -2.356194
  1    1        1.14436708        0.00395169       -0.00000000        0.00000000
   -2.356194     -1.570796
  1    1        0.81410707        0.00185797        0.00000000        0.00000000
   -2.356194     -0.785398
  1    1        0.63497867        0.00133522       -0.00000000        0.00000000
   -2.356194      0.000000
  1    1        0.58865869        0.00167756        0.00000000        0.00000000
   -2.356194      0.785398
  1    1        0.63555255        0.00115002       -0.00000000        0.00000000
   -2.356194      1.570796
  1    1        0.81547253        0.00193502       -0.00000000        0.00000000
   -2.356194      2.356194
  1    1        1.14596986        0.00481186       -0.00000000        0.00000000
   -2.356194      3.141593
  1    1        1.41021926        0.00510141       -0.00000000        0.00000000
   -1.570796     -2.356194
  1    1        0.81439763        0.00175282        0.00000000        0.00000000
   -1.570796     -1.570796
  1    1        0.65537864        0.00147297        0.00000000        0.00000000
   -1.570796     -0.785398
  1    1        0.51350528        0.00089456        0.00000000        0.00000000
   -1.570796      0.000000
  1    1        0.46254381        0.00089870       -0.00000000        0.00000000
   -1.570796      0.785398
  1    1        0.51306049        0.00112795        0.00000000        0.00000000
   -1.570796      1.570796
  1    1        0.65577853        0.00123236       -0.00000000        0.00000000
   -1.570796      2.356194
  1    1        0.81634636        0.00217614        0.00000000        0.00000000
   -1.570796      3.141593
  1    1        0.86910307        0.00243011       -0.00000000        0.00000000
   -0.785398     -2.356194
  1    1        0.63759358        0.00158536       -0.00000000        0.00000000
   -0.785398     -1.570796
  1    1        0.51464091        0.00098161        0.00000000        0.00000000
   -0.785398     -0.785398
  1    1        0.35719284        0.00099528        0.00000000        0.00000000
   -0.785398      0.000000
  1    1        0.29086917        0.00048413        0.00000000        0.00000000
   -0.785398      0.785398
  1    1        0.35698574        0.00078673       -0.00000000        0.00000000
   -0.785398      1.570796
  1    1        0.51495075        0.00119728       -0.00000000        0.00000000
   -0.785398      2.356194
  1    1        0.63722035        0.00154312        0.00000000        0.00000000
   -0.785398      3.141593
  1    1        0.68063325        0.00142631        0.00000000        0.00000000
    0.000000     -2.356194
  1    1        0.59050355        0.00181172        0.00000000        0.00000000
    0.000000     -1.570796
  1    1        0.46425594        0.00132017       -0.00000000        0.00000000
    0.000000     -0.785398
  1    1        0.29146407        0.00065585        0.00000000        0.00000000
    0.000000      0.000000
  1    1        0.19714548        0.00057027        0.00000000        0.00000000
    0.000000      0.785398
  1    1        0.29146407        0.00065585       -0.00000000        0.00000000
    0.000000      1.570796
  1    1        0.46425594        0.00132017        0.00000000        0.00000000
    0.000000      2.356194
  1    1        0.59050355        0.00181172       -0.00000000        0.00000000
    0.000000      3.141593
  1    1        0.62474609        0.00195410        0.00000000        0.00000000
    0.785398     -2.356194
  1    1        0.63722035        0.00154312       -0.00000000        0.00000000
    0.785398     -1.570796
  1    1        0.51495075        0.00119728        0.00000000        0.00000000
    0.785398     -0.785398
  1    1        0.35698574        0.00078673        0.00000000        0.00000000
    0.785398      0.000000
  1    1        0.29086917        0.00048413       -0.00000000        0.00000000
    0.785398      0.785398
  1    1        0.35719284        0.00099528       -0.00000000        0.00000000
    0.785398      1.570796
  1    1        0.51464091        0.00098161       -0.00000000        0.00000000
    0.785398      2.356194
  1    1        0.63759358        0.00158536        0.00000000        0.00000000
    0.785398      3.141593
  1    1        0.68063325        0.00142631       -0.00000000        0.00000000
    1.570796     -2.356194
  1    1        0.81634636        0.00217614       -0.00000000        0.00000000
    1.570796     -1.570796
  1    1        0.65577853        0.00123236        0.00000000        0.00000000
    1.570796     -0.785398
  1    1        0.51306049        0.00112795       -0.00000000        0.00000000
    1.570796      0.000000
  1    1        0.46254381        0.00089870        0.00000000        0.00000000
    1.570796      0.785398
  1    1        0.51350528        0.00089456       -0.00000000        0.00000000
    1.570796      1.570796
  1    1        0.65537864        0.00147297       -0.00000000        0.00000000
    1.570796      2.356194
  1    1        0.81439763        0.00175282       -0.00000000        0.00000000
    1.570796      3.141593
  1    1        0.86910307        0.00243011        0.00000000        0.00000000
    2.356194     -2.356194
  1    1        1.14596986        0.00481186        0.00000000        0.00000000
    2.356194     -1.570796
  1    1        0.81547253        0.00193502        0.00000000        0.00000000
    2.356194     -0.785398
  1    1        0.63555255        0.00115002        0.00000000        0.00000000
    2.356194      0.000000
  1    1        0.58865869        0.00167756       -0.00000000        0.00000000
    2.356194      0.785398
  1    1        0.63497867        0.00133522        0.00000000        0.00000000
    2.356194      1.570796
  1    1        0.81410707        0.00185797       -0.00000000        0.00000000
    2.356194      2.356194
  1    1        1.14436708        0.00395169        0.00000000        0.00000000
    2.356194      3.141593
  1    1        1.41021926        0.00510141       -0.00000000        0.00000000
    3.141593     -2.356194
  1    1        1.40603156        0.00661255       -0.00000000        0.00000000
    3.141593     -1.570796
  1    1        0.86794991        0.00195569        0.00000000        0.00000000
    3.141593     -0.785398
  1    1        0.67887043        0.00138740       -0.00000000        0.00000000
    3.141593      0.000000
  1    1        0.62251947        0.00174101        0.00000000        0.00000000
    3.141593      0.785398
  1    1        0.67887043        0.00138740        0.00000000        0.00000000
    3.141593      1.570796
  1    1        0.86794991        0.00195569       -0.00000000        0.00000000
    3.141593      2.356194
  1    1        1.40603156        0.00661255       -0.00000000        0.00000000
    3.141593      3.141593
  1    1        2.59260992        0.04214414        0.00000000        0.00000000
