   -3.000000     -3.000000
  1    1        0.00926674        0.00036642        0.00000000        0.00000000
   -3.000000     -2.000000
  1    1        0.02223197        0.00024777       -0.00000000        0.00000000
   -3.000000     -1.000000
  1    1       -0.00914998        0.00032631       -0.00000000        0.00000000
   -3.000000      0.000000
  1    1       -0.00254629        0.00034322       -0.00000000        0.00000000
   -3.000000      1.000000
  1    1       -0.00884618        0.00025062       -0.00000000        0.00000000
   -3.000000      2.000000
  1    1        0.02259044        0.00022976       -0.00000000        0.00000000
   -3.000000      3.000000
  1    1        0.00937459        0.00023659        0.00000000        0.00000000
   -3.000000      4.000000
  1    1       -0.01230254        0.00032594       -0.00000000        0.00000000
   -2.000000     -3.000000
  1    1        0.02232881        0.00029312       -0.00000000        0.00000000
   -2.000000     -2.000000
  1    1       -0.02460028        0.00031718        0.00000000        0.00000000
   -2.000000     -1.000000
  1    1       -0.06933400        0.00033924        0.00000000        0.00000000
   -2.000000      0.000000
  1    1        0.00390116        0.00030927        0.00000000        0.00000000
   -2.000000      1.000000
  1    1       -0.06917633        0.00044033       -0.00000000        0.00000000
   -2.000000      2.000000
  1    1       -0.02462523        0.00038364        0.00000000        0.00000000
   -2.000000      3.000000
  1    1        0.02214347        0.00031891       -0.00000000        0.00000000
   -2.000000      4.000000
  1    1        0.01593261        0.00029176       -0.00000000        0.00000000
   -1.000000     -3.000000
  1    1       -0.00882900        0.00022982       -0.00000000        0.00000000
   -1.000000     -2.000000
  1    1       -0.06886541        0.00040782        0.00000000        0.00000000
   -1.000000     -1.000000
  1    1        0.04527243        0.00023719       -0.00000000        0.00000000
   -1.000000      0.000000
  1    1        0.33336712        0.00086390        0.00000000        0.00000000
   -1.000000      1.000000
  1    1        0.04453491        0.00043556        0.00000000        0.00000000
   -1.000000      2.000000
  1    1       -0.06963568        0.00047776       -0.00000000        0.00000000
   -1.000000      3.000000
  1    1       -0.00959609        0.00028371        0.00000000        0.00000000
   -1.000000      4.000000
  1    1        0.00743631        0.00023581       -0.00000000        0.00000000
    0.000000     -3.000000
  1    1       -0.00269614        0.00025197       -0.00000000        0.00000000
    0.000000     -2.000000
  1    1        0.00365300        0.00036106        0.00000000        0.00000000
    0.000000     -1.000000
  1    1        0.33383069        0.00084319       -0.00000000        0.00000000
    0.000000      0.000000
  1    1        0.87778952        0.00031493        0.00000000        0.00000000
    0.000000      1.000000
  1    1        0.33428012        0.00072489        0.00000000        0.00000000
    0.000000      2.000000
  1    1        0.00489773        0.00029923       -0.00000000        0.00000000
    0.000000      3.000000
  1    1       -0.00244268        0.00025309        0.00000000        0.00000000
    0.000000      4.000000
  1    1        0.00721424        0.00020205       -0.00000000        0.00000000
    1.000000     -3.000000
  1    1       -0.00879771        0.00028696       -0.00000000        0.00000000
    1.000000     -2.000000
  1    1       -0.06923753        0.00050659        0.00000000        0.00000000
    1.000000     -1.000000
  1    1        0.04542990        0.00044061       -0.00000000        0.00000000
    1.000000      0.000000
  1    1        0.33325476        0.00077579       -0.00000000        0.00000000
    1.000000      1.000000
  1    1        0.04532262        0.00039553        0.00000000        0.00000000
    1.000000      2.000000
  1    1       -0.06900784        0.00014533       -0.00000000        0.00000000
    1.000000      3.000000
  1    1       -0.00946615        0.00027152        0.00000000        0.00000000
    1.000000      4.000000
  1    1        0.00732983        0.00017010       -0.00000000        0.00000000
    2.000000     -3.000000
  1    1        0.02238404        0.00028292       -0.00000000        0.00000000
    2.000000     -2.000000
  1    1       -0.02508343        0.00034957       -0.00000000        0.00000000
    2.000000     -1.000000
  1    1       -0.06933401        0.00046014       -0.00000000        0.00000000
    2.000000      0.000000
  1    1        0.00373110        0.00026956       -0.00000000        0.00000000
    2.000000      1.000000
  1    1       -0.06924635        0.00022577        0.00000000        0.00000000
    2.000000      2.000000
  1    1       -0.02558919        0.00028356        0.00000000        0.00000000
    2.000000      3.000000
  1    1        0.02216421        0.00020274        0.00000000        0.00000000
    2.000000      4.000000
  1    1        0.01585026        0.00031330       -0.00000000        0.00000000
    3.000000     -3.000000
  1    1        0.00941608        0.00036818        0.00000000        0.00000000
    3.000000     -2.000000
  1    1        0.02249222        0.00028192        0.00000000        0.00000000
    3.000000     -1.000000
  1    1       -0.00877351        0.00020848        0.00000000        0.00000000
    3.000000      0.000000
  1    1       -0.00220656        0.00033967        0.00000000        0.00000000
    3.000000      1.000000
  1    1       -0.00888530        0.00032769        0.00000000        0.00000000
    3.000000      2.000000
  1    1        0.02195472        0.00033819        0.00000000        0.00000000
    3.000000      3.000000
  1    1        0.00981632        0.00013309       -0.00000000        0.00000000
    3.000000      4.000000
  1    1       -0.01205815        0.00024981        0.00000000        0.00000000
    4.000000     -3.000000
  1    1       -0.01222542        0.00021576       -0.00000000        0.00000000
    4.000000     -2.000000
  1    1        0.01563717        0.00039351       -0.00000000        0.00000000
    4.000000     -1.000000
  1    1        0.00745840        0.00030527        0.00000000        0.00000000
    4.000000      0.000000
  1    1        0.00696267        0.00021805       -0.00000000        0.00000000
    4.000000      1.000000
  1    1        0.00738268        0.00028284       -0.00000000        0.00000000
    4.000000      2.000000
  1    1        0.01561458        0.00028280       -0.00000000        0.00000000
    4.000000      3.000000
  1    1       -0.01200928        0.00030445        0.00000000        0.00000000
    4.000000      4.000000
  1    1       -0.02943163        0.00041367       -0.00000000        0.00000000
