          41           9   4.0000000000000000                1
     0.0000000        1.92163417        0.00349954
     0.1000000        1.32844177        0.00364211
     0.2000000        0.92824419        0.00312325
     0.3000000        0.65416792        0.00364731
     0.4000000        0.46501518        0.00343474
     0.5000000        0.33582702        0.00293355
     0.6000000        0.24784968        0.00293335
     0.7000000        0.18361163        0.00342963
     0.8000000        0.13704386        0.00262180
     0.9000000        0.10411595        0.00255172
     1.0000000        0.07995289        0.00170615
     1.1000000        0.06226633        0.00311685
     1.2000000        0.04909705        0.00220164
     1.3000000        0.04099671        0.00198208
     1.4000000        0.03180539        0.00187007
     1.5000000        0.02677596        0.00198575
     1.6000000        0.02327107        0.00151859
     1.7000000        0.01944441        0.00261058
     1.8000000        0.01694907        0.00281501
     1.9000000        0.01665401        0.00261758
     2.0000000        0.01308473        0.00324049
     2.1000000        0.01073240        0.00281920
     2.2000000        0.00766920        0.00213920
     2.3000000        0.00847514        0.00200392
     2.4000000        0.00939523        0.00159501
     2.5000000        0.01425851        0.00153831
     2.6000000        0.01167502        0.00161412
     2.7000000        0.01076396        0.00282038
     2.8000000        0.01110808        0.00228062
     2.9000000        0.01287251        0.00202055
     3.0000000        0.01317785        0.00185713
     3.1000000        0.01379916        0.00204058
     3.2000000        0.01549329        0.00233370
     3.3000000        0.01520833        0.00241587
     3.4000000        0.01440251        0.00179349
     3.5000000        0.01613239        0.00243339
     3.6000000        0.02147927        0.00276945
     3.7000000        0.02639598        0.00270845
     3.8000000        0.03402098        0.00230746
     3.9000000        0.05334702        0.00242631
     4.0000000        0.07836583        0.00349954
