   -2.513274     -2.513274
  1    1        0.13373760        0.00224657       -0.00220815        0.00228222
   -2.513274     -1.884956
  1    1        0.23931258        0.00245404       -0.00361932        0.00162295
   -2.513274     -1.256637
  1    1        1.08111199        0.01977650       -0.00783357        0.00971683
   -2.513274     -0.628319
  1    1        1.79766274        0.00561186       -0.00202234        0.00517877
   -2.513274      0.000000
  1    1        1.85186774        0.00350800       -0.00179813        0.00219722
   -2.513274      0.628319
  1    1        1.79448612        0.00561378       -0.00155165        0.00226670
   -2.513274      1.256637
  1    1        1.07677197        0.00881078       -0.01195725        0.00612673
   -2.513274      1.884956
  1    1        0.23821980        0.00722653       -0.00308067        0.00357396
   -2.513274      2.513274
  1    1        0.13646167        0.00342616       -0.00451601        0.00222415
   -2.513274      3.141593
  1    1        0.11421060        0.00071091        0.00097314        0.00086336
   -1.884956     -2.513274
  1    1        0.23748820        0.00526055       -0.00724935        0.00356215
   -1.884956     -1.884956
  1    1        0.77793266        0.01414892       -0.00241420        0.01075215
   -1.884956     -1.256637
  1    1        1.79349966        0.00389357        0.00461319        0.00345792
   -1.884956     -0.628319
  1    1        1.90086323        0.00203451       -0.00098526        0.00116216
   -1.884956      0.000000
  1    1        1.91738968        0.00071963        0.00388133        0.00198079
   -1.884956      0.628319
  1    1        1.89843113        0.00180144        0.00150309        0.00340590
   -1.884956      1.256637
  1    1        1.79962054        0.00490533        0.00055985        0.00286293
   -1.884956      1.884956
  1    1        0.77337065        0.00894308       -0.00728400        0.00685199
   -1.884956      2.513274
  1    1        0.23471777        0.00281064        0.00134008        0.00320287
   -1.884956      3.141593
  1    1        0.18709101        0.00312576       -0.00013425        0.00136435
   -1.256637     -2.513274
  1    1        1.06814014        0.00632040       -0.00427512        0.00657056
   -1.256637     -1.884956
  1    1        1.78781841        0.00604798       -0.00366871        0.00363549
   -1.256637     -1.256637
  1    1        1.91320090        0.00207179        0.00126477        0.00068033
   -1.256637     -0.628319
  1    1        1.94171483        0.00062844        0.00008980        0.00094202
   -1.256637      0.000000
  1    1        1.94950565        0.00070462        0.00137124        0.00135975
   -1.256637      0.628319
  1    1        1.94402471        0.00113445        0.00062220        0.00102902
   -1.256637      1.256637
  1    1        1.91329408        0.00260187        0.00025827        0.00181684
   -1.256637      1.884956
  1    1        1.79213997        0.00391985        0.00012556        0.00201178
   -1.256637      2.513274
  1    1        1.09565721        0.00938126       -0.00102591        0.00549161
   -1.256637      3.141593
  1    1        0.63664402        0.00665036       -0.00216124        0.00608883
   -0.628319     -2.513274
  1    1        1.79141306        0.00543314        0.00003701        0.00665522
   -0.628319     -1.884956
  1    1        1.90317369        0.00207184       -0.00304648        0.00184793
   -0.628319     -1.256637
  1    1        1.94311940        0.00131085       -0.00148287        0.00076338
   -0.628319     -0.628319
  1    1        1.95815814        0.00098850       -0.00073624        0.00101895
   -0.628319      0.000000
  1    1        1.96233387        0.00149283        0.00012583        0.00095360
   -0.628319      0.628319
  1    1        1.95958951        0.00127888        0.00124813        0.00087489
   -0.628319      1.256637
  1    1        1.94276059        0.00062702        0.00058971        0.00118930
   -0.628319      1.884956
  1    1        1.89959980        0.00101521       -0.00059701        0.00092677
   -0.628319      2.513274
  1    1        1.79012805        0.00627883        0.00158714        0.00244940
   -0.628319      3.141593
  1    1        1.66468197        0.00599287       -0.00298454        0.00648447
    0.000000     -2.513274
  1    1        1.85070535        0.00444155       -0.00340710        0.00382470
    0.000000     -1.884956
  1    1        1.91846759        0.00089037       -0.00235615        0.00260156
    0.000000     -1.256637
  1    1        1.95023129        0.00113812        0.00072956        0.00106711
    0.000000     -0.628319
  1    1        1.96286512        0.00079266        0.00069924        0.00112234
    0.000000      0.000000
  1    1        1.96667959        0.00083613        0.00000000        0.00000000
    0.000000      0.628319
  1    1        1.96286512        0.00079266       -0.00069924        0.00112234
    0.000000      1.256637
  1    1        1.95023129        0.00113812       -0.00072956        0.00106711
    0.000000      1.884956
  1    1        1.91846759        0.00089037        0.00235615        0.00260156
    0.000000      2.513274
  1    1        1.85070535        0.00444155        0.00340710        0.00382470
    0.000000      3.141593
  1    1        1.79030042        0.00404584        0.00000000        0.00000000
    0.628319     -2.513274
  1    1        1.79012805        0.00627883       -0.00158714        0.00244940
    0.628319     -1.884956
  1    1        1.89959980        0.00101521        0.00059701        0.00092677
    0.628319     -1.256637
  1    1        1.94276059        0.00062702       -0.00058971        0.00118930
    0.628319     -0.628319
  1    1        1.95958951        0.00127888       -0.00124813        0.00087489
    0.628319      0.000000
  1    1        1.96233387        0.00149283       -0.00012583        0.00095360
    0.628319      0.628319
  1    1        1.95815814        0.00098850        0.00073624        0.00101895
    0.628319      1.256637
  1    1        1.94311940        0.00131085        0.00148287        0.00076338
    0.628319      1.884956
  1    1        1.90317369        0.00207184        0.00304648        0.00184793
    0.628319      2.513274
  1    1        1.79141306        0.00543314       -0.00003701        0.00665522
    0.628319      3.141593
  1    1        1.66468197        0.00599287        0.00298454        0.00648447
    1.256637     -2.513274
  1    1        1.09565721        0.00938126        0.00102591        0.00549161
    1.256637     -1.884956
  1    1        1.79213997        0.00391985       -0.00012556        0.00201178
    1.256637     -1.256637
  1    1        1.91329408        0.00260187       -0.00025827        0.00181684
    1.256637     -0.628319
  1    1        1.94402471        0.00113445       -0.00062220        0.00102902
    1.256637      0.000000
  1    1        1.94950565        0.00070462       -0.00137124        0.00135975
    1.256637      0.628319
  1    1        1.94171483        0.00062844       -0.00008980        0.00094202
    1.256637      1.256637
  1    1        1.91320090        0.00207179       -0.00126477        0.00068033
    1.256637      1.884956
  1    1        1.78781841        0.00604798        0.00366871        0.00363549
    1.256637      2.513274
  1    1        1.06814014        0.00632040        0.00427512        0.00657056
    1.256637      3.141593
  1    1        0.63664402        0.00665036        0.00216124        0.00608883
    1.884956     -2.513274
  1    1        0.23471777        0.00281064       -0.00134008        0.00320287
    1.884956     -1.884956
  1    1        0.77337065        0.00894308        0.00728400        0.00685199
    1.884956     -1.256637
  1    1        1.79962054        0.00490533       -0.00055985        0.00286293
    1.884956     -0.628319
  1    1        1.89843113        0.00180144       -0.00150309        0.00340590
    1.884956      0.000000
  1    1        1.91738968        0.00071963       -0.00388133        0.00198079
    1.884956      0.628319
  1    1        1.90086323        0.00203451        0.00098526        0.00116216
    1.884956      1.256637
  1    1        1.79349966        0.00389357       -0.00461319        0.00345792
    1.884956      1.884956
  1    1        0.77793266        0.01414892        0.00241420        0.01075215
    1.884956      2.513274
  1    1        0.23748820        0.00526055        0.00724935        0.00356215
    1.884956      3.141593
  1    1        0.18709101        0.00312576        0.00013425        0.00136435
    2.513274     -2.513274
  1    1        0.13646167        0.00342616        0.00451601        0.00222415
    2.513274     -1.884956
  1    1        0.23821980        0.00722653        0.00308067        0.00357396
    2.513274     -1.256637
  1    1        1.07677197        0.00881078        0.01195725        0.00612673
    2.513274     -0.628319
  1    1        1.79448612        0.00561378        0.00155165        0.00226670
    2.513274      0.000000
  1    1        1.85186774        0.00350800        0.00179813        0.00219722
    2.513274      0.628319
  1    1        1.79766274        0.00561186        0.00202234        0.00517877
    2.513274      1.256637
  1    1        1.08111199        0.01977650        0.00783357        0.00971683
    2.513274      1.884956
  1    1        0.23931258        0.00245404        0.00361932        0.00162295
    2.513274      2.513274
  1    1        0.13373760        0.00224657        0.00220815        0.00228222
    2.513274      3.141593
  1    1        0.11421060        0.00071091       -0.00097314        0.00086336
    3.141593     -2.513274
  1    1        0.11663218        0.00129613        0.00010287        0.00170085
    3.141593     -1.884956
  1    1        0.18305535        0.00268218        0.00064061        0.00204090
    3.141593     -1.256637
  1    1        0.64427986        0.01102672       -0.00210673        0.00401049
    3.141593     -0.628319
  1    1        1.65936607        0.00776454        0.00798840        0.00391112
    3.141593      0.000000
  1    1        1.79593156        0.00750488        0.00000000        0.00000000
    3.141593      0.628319
  1    1        1.65936607        0.00776454       -0.00798840        0.00391112
    3.141593      1.256637
  1    1        0.64427986        0.01102672        0.00210673        0.00401049
    3.141593      1.884956
  1    1        0.18305535        0.00268218       -0.00064061        0.00204090
    3.141593      2.513274
  1    1        0.11663218        0.00129613       -0.00010287        0.00170085
    3.141593      3.141593
  1    1        0.10323762        0.00152615        0.00000000        0.00000000
