          51           9   10.000000000000000                1
     0.0000000        1.07774815        0.01394258
     0.1000000        0.76823955        0.01335619
     0.2000000        0.57302245        0.01258186
     0.3000000        0.44941178        0.01365372
     0.4000000        0.35137452        0.01422215
     0.5000000        0.28345832        0.01355183
     0.6000000        0.23142880        0.01091673
     0.7000000        0.18574611        0.00877892
     0.8000000        0.14826213        0.00989949
     0.9000000        0.12764967        0.00600345
     1.0000000        0.10815687        0.00553898
     1.1000000        0.09291569        0.00503855
     1.2000000        0.07626951        0.00519241
     1.3000000        0.05861423        0.00622441
     1.4000000        0.05408881        0.00513851
     1.5000000        0.05015837        0.00676631
     1.6000000        0.04394178        0.00506300
     1.7000000        0.03739037        0.00648069
     1.8000000        0.03577279        0.00905336
     1.9000000        0.02958292        0.01058587
     2.0000000        0.01959950        0.00652331
     2.1000000        0.01378146        0.00777564
     2.2000000        0.01443423        0.00735968
     2.3000000        0.01319730        0.00596068
     2.4000000        0.01417023        0.00392552
     2.5000000        0.01100815        0.00442695
     2.6000000        0.01019175        0.00338862
     2.7000000        0.00486588        0.00641899
     2.8000000        0.00095145        0.00597561
     2.9000000       -0.00086403        0.00469996
     3.0000000        0.00065761        0.00484723
     3.1000000       -0.00018622        0.00489031
     3.2000000       -0.00375675        0.00341596
     3.3000000       -0.00096601        0.00252443
     3.4000000       -0.00036504        0.00165163
     3.5000000       -0.00170218        0.00314175
     3.6000000       -0.00458316        0.00331879
     3.7000000       -0.00522496        0.00372760
     3.8000000       -0.00153334        0.00274155
     3.9000000       -0.00433457        0.00451939
     4.0000000        0.00164734        0.00325992
     4.1000000        0.00647633        0.00575579
     4.2000000        0.00117245        0.00230885
     4.3000000        0.00159596        0.00340461
     4.4000000        0.00653980        0.00407720
     4.5000000        0.00319845        0.00456911
     4.6000000        0.00294060        0.00454005
     4.7000000        0.00080855        0.00353014
     4.8000000        0.00033390        0.00347824
     4.9000000        0.00384084        0.00415593
     5.0000000        0.00705744        0.00650210
