          51           9   10.000000000000000                1
     0.0000000        0.61160938        0.00857708
     0.1000000        0.49288388        0.00799214
     0.2000000        0.40291925        0.00693176
     0.3000000        0.33280176        0.00576203
     0.4000000        0.27729920        0.00485200
     0.5000000        0.23294030        0.00405816
     0.6000000        0.19685885        0.00343165
     0.7000000        0.16723181        0.00315693
     0.8000000        0.14319603        0.00287618
     0.9000000        0.12329729        0.00234235
     1.0000000        0.10586248        0.00198740
     1.1000000        0.09081886        0.00182196
     1.2000000        0.07811948        0.00175888
     1.3000000        0.06750581        0.00174363
     1.4000000        0.05868395        0.00176835
     1.5000000        0.05088032        0.00172784
     1.6000000        0.04354834        0.00172565
     1.7000000        0.03705826        0.00193912
     1.8000000        0.03172868        0.00216598
     1.9000000        0.02755788        0.00234630
     2.0000000        0.02458814        0.00255141
     2.1000000        0.02237929        0.00298815
     2.2000000        0.02061855        0.00325137
     2.3000000        0.01881637        0.00341729
     2.4000000        0.01727443        0.00361343
     2.5000000        0.01602300        0.00363042
     2.6000000        0.01531351        0.00355502
     2.7000000        0.01438226        0.00338728
     2.8000000        0.01308376        0.00324250
     2.9000000        0.01205228        0.00312228
     3.0000000        0.01100448        0.00299965
     3.1000000        0.00980179        0.00286460
     3.2000000        0.00827695        0.00264273
     3.3000000        0.00696158        0.00240570
     3.4000000        0.00612739        0.00239282
     3.5000000        0.00589932        0.00263078
     3.6000000        0.00585887        0.00287673
     3.7000000        0.00582113        0.00299091
     3.8000000        0.00580785        0.00274141
     3.9000000        0.00558982        0.00240290
     4.0000000        0.00531158        0.00216614
     4.1000000        0.00488293        0.00208393
     4.2000000        0.00482408        0.00212984
     4.3000000        0.00512998        0.00209283
     4.4000000        0.00550668        0.00218915
     4.5000000        0.00542819        0.00234706
     4.6000000        0.00510563        0.00229181
     4.7000000        0.00531043        0.00220914
     4.8000000        0.00560063        0.00204664
     4.9000000        0.00578128        0.00189602
     5.0000000        0.00579811        0.00192040
