          31           4   6.0000000000000000                1
     0.0000000        0.38543179        0.03060467
     0.1000000        0.21213328        0.01911858
     0.2000000        0.11859360        0.01800696
     0.3000000        0.06896879        0.01690831
     0.4000000        0.04805467        0.01231695
     0.5000000        0.03627496        0.00847219
     0.6000000        0.01938709        0.01071890
     0.7000000        0.01020429        0.00699438
     0.8000000        0.01593134        0.00372514
     0.9000000        0.01601476        0.00360010
     1.0000000        0.01764916        0.00659509
     1.1000000        0.00994592        0.00970857
     1.2000000        0.00541813        0.01043740
     1.3000000        0.00841978        0.01380628
     1.4000000        0.01604341        0.00789146
     1.5000000        0.00548468        0.00696535
     1.6000000        0.00779196        0.01124052
     1.7000000        0.00996021        0.00622257
     1.8000000        0.01306004        0.00514381
     1.9000000        0.00347081        0.00792801
     2.0000000        0.00046931        0.00382141
     2.1000000        0.00501359        0.00356948
     2.2000000        0.00187032        0.00141359
     2.3000000        0.00362113        0.00548938
     2.4000000        0.00470100        0.00864701
     2.5000000        0.00161519        0.00478363
     2.6000000        0.00682436        0.00378810
     2.7000000        0.00598741        0.00485524
     2.8000000        0.00249844        0.01282920
     2.9000000        0.01010483        0.00932839
     3.0000000        0.01117358        0.00886107
