          51           4   5.0000000000000000                1
     0.0000000        0.20338625        0.01703284
     0.1000000        0.13642536        0.01979547
     0.2000000        0.09943320        0.01566590
     0.3000000        0.07621399        0.00178602
     0.4000000        0.06454580        0.00665118
     0.5000000        0.05139115        0.01332178
     0.6000000        0.04211462        0.01589368
     0.7000000        0.02844989        0.02140467
     0.8000000        0.02738714        0.01959170
     0.9000000        0.01833849        0.00699286
     1.0000000        0.01084758        0.00490635
     1.1000000        0.00584552        0.00502653
     1.2000000        0.01298058        0.00616539
     1.3000000        0.01041146        0.00819471
     1.4000000        0.00041550        0.01057557
     1.5000000        0.00868812        0.01359972
     1.6000000        0.00763086        0.01979931
     1.7000000        0.01523908        0.01554541
     1.8000000        0.01782119        0.01365915
     1.9000000        0.01899839        0.01367032
     2.0000000        0.01436878        0.01880460
     2.1000000        0.01299126        0.01672456
     2.2000000        0.03300764        0.02364870
     2.3000000        0.02999187        0.03419836
     2.4000000        0.01446681        0.01038965
     2.5000000        0.01194827        0.00520580
     2.6000000        0.01594960        0.00904057
     2.7000000        0.01894308        0.00654256
     2.8000000        0.02277662        0.00343249
     2.9000000        0.03161049        0.01469083
     3.0000000        0.03378639        0.01306988
     3.1000000        0.04493319        0.02027654
     3.2000000        0.06128801        0.02680910
     3.3000000        0.07606611        0.04670365
     3.4000000        0.11198053        0.06951393
     3.5000000        0.11109717        0.05302230
     3.6000000        0.14792662        0.08583192
     3.7000000        0.14379672        0.05959640
     3.8000000        0.16693766        0.04827780
     3.9000000        0.18267068        0.03304426
     4.0000000        0.22207245        0.02754536
     4.1000000        0.25448576        0.01689846
     4.2000000        0.29223518        0.01814855
     4.3000000        0.36633483        0.01610098
     4.4000000        0.47651541        0.00968576
     4.5000000        0.56917694        0.00257940
     4.6000000        0.69894545        0.01113052
     4.7000000        0.90318633        0.02453023
     4.8000000        1.14135489        0.02504339
     4.9000000        1.43113738        0.02217439
     5.0000000        1.79661375        0.01703284
