          21           9   4.0000000000000000                1
     0.0000000        1.85765908        0.00921911
     0.1000000        1.08050278        0.00949593
     0.2000000        0.66761622        0.00703890
     0.3000000        0.43371137        0.00393349
     0.4000000        0.30020129        0.00514885
     0.5000000        0.21893138        0.00648989
     0.6000000        0.16943829        0.00899984
     0.7000000        0.13270791        0.00708706
     0.8000000        0.10718377        0.00467201
     0.9000000        0.08819914        0.00499582
     1.0000000        0.07659405        0.00278833
     1.1000000        0.06806497        0.00288088
     1.2000000        0.05821121        0.00235175
     1.3000000        0.05235722        0.00271183
     1.4000000        0.04802134        0.00296839
     1.5000000        0.04156763        0.00208503
     1.6000000        0.03843807        0.00252022
     1.7000000        0.03693623        0.00126813
     1.8000000        0.03490743        0.00124930
     1.9000000        0.03272684        0.00119265
     2.0000000        0.03450365        0.00165907
