          21           4   5.0000000000000000                1
     0.0000000        0.62566173        0.07351012
     0.1250000        0.48989106        0.07062409
     0.2500000        0.39942523        0.06407003
     0.3750000        0.33563531        0.05824060
     0.5000000        0.29349349        0.05649579
     0.6250000        0.26071185        0.05347291
     0.7500000        0.23331870        0.05152568
     0.8750000        0.22003412        0.05879505
     1.0000000        0.21029686        0.06679773
     1.1250000        0.19419843        0.06959124
     1.2500000        0.17616677        0.06671225
     1.3750000        0.16211205        0.06294125
     1.5000000        0.14877887        0.06179785
     1.6250000        0.13022511        0.06488712
     1.7500000        0.11774240        0.07351835
     1.8750000        0.11485651        0.07612372
     2.0000000        0.11425848        0.07853004
     2.1250000        0.11116544        0.08271553
     2.2500000        0.09943435        0.07977054
     2.3750000        0.09524365        0.07125336
     2.5000000        0.09876488        0.06490747
