          41           9   8.0000000000000000                1
     0.0000000        0.11376869        0.00769136
     0.1000000        0.07958999        0.00438995
     0.2000000        0.05682382        0.00311833
     0.3000000        0.04327082        0.00374513
     0.4000000        0.03282602        0.00530025
     0.5000000        0.02429692        0.00367313
     0.6000000        0.01595522        0.00348205
     0.7000000        0.01290101        0.00247509
     0.8000000        0.01087726        0.00254358
     0.9000000        0.00668074        0.00388277
     1.0000000        0.00589272        0.00338802
     1.1000000        0.00330645        0.00356304
     1.2000000        0.00091088        0.00303319
     1.3000000        0.00050389        0.00323053
     1.4000000        0.00215518        0.00288887
     1.5000000        0.00312082        0.00331283
     1.6000000        0.00237864        0.00264262
     1.7000000       -0.00047597        0.00227667
     1.8000000        0.00080390        0.00220847
     1.9000000       -0.00062307        0.00288548
     2.0000000        0.00130846        0.00280289
     2.1000000       -0.00254731        0.00266281
     2.2000000        0.00005863        0.00268667
     2.3000000       -0.00036180        0.00335279
     2.4000000       -0.00021039        0.00296690
     2.5000000        0.00054589        0.00194357
     2.6000000       -0.00518597        0.00206217
     2.7000000       -0.00538635        0.00224685
     2.8000000       -0.00738738        0.00382698
     2.9000000       -0.00127558        0.00294177
     3.0000000       -0.00524760        0.00311993
     3.1000000       -0.00578149        0.00297505
     3.2000000       -0.00073683        0.00173265
     3.3000000        0.00125739        0.00183826
     3.4000000       -0.00071607        0.00261721
     3.5000000        0.00191604        0.00294592
     3.6000000        0.00096969        0.00200031
     3.7000000        0.00094158        0.00233337
     3.8000000        0.00601846        0.00347958
     3.9000000        0.00591985        0.00331780
     4.0000000        0.00542414        0.00324899
