          11           4   2.0000000000000000                1
     0.0000000        1.67924387        0.40868984
     0.1000000        1.55579293        0.40333987
     0.2000000        1.46519041        0.38199301
     0.3000000        1.39303977        0.35383789
     0.4000000        1.33439721        0.32699155
     0.5000000        1.29809922        0.31009121
     0.6000000        1.28740453        0.30899302
     0.7000000        1.28430548        0.31110775
     0.8000000        1.26597849        0.30777660
     0.9000000        1.26095490        0.30311178
     1.0000000        1.26987322        0.30245345
