          41           4   8.0000000000000000                1
     0.0000000        0.11273562        0.10989708
     0.1000000        0.05794452        0.06007719
     0.2000000        0.02978482        0.04361942
     0.3000000        0.01647820        0.02143257
     0.4000000        0.01256863        0.01397061
     0.5000000        0.01678832        0.02381035
     0.6000000        0.01288172        0.01504210
     0.7000000        0.04711381        0.01895482
     0.8000000        0.03497664        0.02180464
     0.9000000        0.02162999        0.01083671
     1.0000000       -0.01421697        0.01277372
     1.1000000       -0.01301116        0.01391076
     1.2000000        0.00594928        0.01629977
     1.3000000       -0.00631305        0.02098747
     1.4000000        0.02504407        0.03330132
     1.5000000       -0.00060406        0.00929193
     1.6000000       -0.00897970        0.02005516
     1.7000000        0.03085619        0.02767604
     1.8000000        0.00818192        0.01844479
     1.9000000        0.00580670        0.01550112
     2.0000000        0.00897631        0.01135977
     2.1000000       -0.00878968        0.00633640
     2.2000000       -0.02314841        0.00860373
     2.3000000       -0.00327133        0.01629891
     2.4000000       -0.00559170        0.02173225
     2.5000000       -0.01924190        0.02468276
     2.6000000       -0.01824897        0.02528883
     2.7000000        0.00855763        0.00375145
     2.8000000        0.01865976        0.00589255
     2.9000000        0.00180574        0.00980807
     3.0000000        0.01250833        0.01658541
     3.1000000       -0.00280367        0.02622709
     3.2000000       -0.00320946        0.01041058
     3.3000000       -0.01648076        0.02068322
     3.4000000       -0.00849301        0.01081292
     3.5000000       -0.00574735        0.00996339
     3.6000000        0.00138732        0.00297680
     3.7000000        0.00922863        0.01164529
     3.8000000       -0.00695053        0.01746882
     3.9000000        0.00710265        0.00885269
     4.0000000        0.03076217        0.01620139
