 0.10000000000000000E+001          1        100
( 0.00000000000000000E+000, 0.00000000000000000E+000)
-0.25132741228718340E+001 -0.25132741228718340E+001
( 0.13276273912339476E+000,-0.45801076018195055E-003)
-0.25132741228718340E+001 -0.18849555921538754E+001
( 0.23428905936389760E+000,-0.46280734415224236E-002)
-0.25132741228718340E+001 -0.12566370614359170E+001
( 0.10676627007373991E+001,-0.10146795583240654E-001)
-0.25132741228718340E+001 -0.62831853071795851E+000
( 0.17961528783086085E+001, 0.10340197942506724E-001)
-0.25132741228718340E+001  0.00000000000000000E+000
( 0.18544965781804510E+001,-0.26551956538371740E-002)
-0.25132741228718340E+001  0.62831853071795851E+000
( 0.17910726479636960E+001,-0.35939879558590814E-002)
-0.25132741228718340E+001  0.12566370614359170E+001
( 0.10580237527042939E+001,-0.16668450714881690E-001)
-0.25132741228718340E+001  0.18849555921538754E+001
( 0.22017074293431663E+000,-0.61704291169484395E-002)
-0.25132741228718340E+001  0.25132741228718340E+001
( 0.13340647527607119E+000, 0.73366838513678955E-002)
-0.25132741228718340E+001  0.31415926535897927E+001
( 0.11485041603634073E+000,-0.29237302123773729E-002)
-0.18849555921538754E+001 -0.25132741228718340E+001
( 0.23402531190895062E+000,-0.12154772375951772E-002)
-0.18849555921538754E+001 -0.18849555921538754E+001
( 0.76451365091874512E+000,-0.16656078995545255E-001)
-0.18849555921538754E+001 -0.12566370614359170E+001
( 0.17927764756167983E+001,-0.52402065248730190E-002)
-0.18849555921538754E+001 -0.62831853071795851E+000
( 0.19029431979034865E+001, 0.62274186553827968E-002)
-0.18849555921538754E+001  0.00000000000000000E+000
( 0.19214035853608391E+001, 0.22084443412744939E-002)
-0.18849555921538754E+001  0.62831853071795851E+000
( 0.19074890718183128E+001, 0.24124167281024777E-002)
-0.18849555921538754E+001  0.12566370614359170E+001
( 0.17887191297316380E+001, 0.10995761303264995E-002)
-0.18849555921538754E+001  0.18849555921538754E+001
( 0.75529206903497992E+000,-0.29002961899882618E-002)
-0.18849555921538754E+001  0.25132741228718340E+001
( 0.21654831437495831E+000,-0.19351868761599801E-002)
-0.18849555921538754E+001  0.31415926535897927E+001
( 0.17665771180642609E+000,-0.68942714431121852E-003)
-0.12566370614359170E+001 -0.25132741228718340E+001
( 0.10680773713184348E+001, 0.11090263445848670E-001)
-0.12566370614359170E+001 -0.18849555921538754E+001
( 0.17967776391931682E+001, 0.46971597306246010E-002)
-0.12566370614359170E+001 -0.12566370614359170E+001
( 0.19150906520379685E+001, 0.42291183167756264E-003)
-0.12566370614359170E+001 -0.62831853071795851E+000
( 0.19439910910155072E+001,-0.12990812537511931E-002)
-0.12566370614359170E+001  0.00000000000000000E+000
( 0.19501632429424411E+001,-0.20081882907495353E-003)
-0.12566370614359170E+001  0.62831853071795851E+000
( 0.19472430840352886E+001,-0.45874433470501578E-002)
-0.12566370614359170E+001  0.12566370614359170E+001
( 0.19158187096924391E+001,-0.14186656078081306E-002)
-0.12566370614359170E+001  0.18849555921538754E+001
( 0.17828583244673575E+001, 0.22008136899135909E-002)
-0.12566370614359170E+001  0.25132741228718340E+001
( 0.10528305459931351E+001,-0.49136575433144673E-002)
-0.12566370614359170E+001  0.31415926535897927E+001
( 0.61206741968202882E+000, 0.20679158793151627E-001)
-0.62831853071795851E+000 -0.25132741228718340E+001
( 0.17850109965708592E+001, 0.25061561977349923E-002)
-0.62831853071795851E+000 -0.18849555921538754E+001
( 0.18990317789133757E+001, 0.15423222416614834E-002)
-0.62831853071795851E+000 -0.12566370614359170E+001
( 0.19433489569180544E+001, 0.31952330840113508E-003)
-0.62831853071795851E+000 -0.62831853071795851E+000
( 0.19620777363639044E+001, 0.14103518431721797E-002)
-0.62831853071795851E+000  0.00000000000000000E+000
( 0.19680222207061013E+001,-0.38973534608137254E-003)
-0.62831853071795851E+000  0.62831853071795851E+000
( 0.19596093001881503E+001,-0.77150478631401228E-003)
-0.62831853071795851E+000  0.12566370614359170E+001
( 0.19458846501796203E+001,-0.47802389992541720E-004)
-0.62831853071795851E+000  0.18849555921538754E+001
( 0.19094790051245505E+001, 0.50385050608957854E-002)
-0.62831853071795851E+000  0.25132741228718340E+001
( 0.17946524599467411E+001, 0.12446456850355329E-001)
-0.62831853071795851E+000  0.31415926535897927E+001
( 0.16652840802656304E+001, 0.88285750171059312E-003)
 0.00000000000000000E+000 -0.25132741228718340E+001
( 0.18525855169665584E+001,-0.38629294886766098E-002)
 0.00000000000000000E+000 -0.18849555921538754E+001
( 0.19260554257369720E+001, 0.39604921909720805E-002)
 0.00000000000000000E+000 -0.12566370614359170E+001
( 0.19517906442877586E+001,-0.13503660290124298E-002)
 0.00000000000000000E+000 -0.62831853071795851E+000
( 0.19634652933397292E+001,-0.15660545853379794E-002)
 0.00000000000000000E+000  0.00000000000000000E+000
( 0.19697138621128647E+001, 0.00000000000000000E+000)
 0.00000000000000000E+000  0.62831853071795851E+000
( 0.19634652933397292E+001, 0.15660545853379794E-002)
 0.00000000000000000E+000  0.12566370614359170E+001
( 0.19517906442877586E+001, 0.13503660290124298E-002)
 0.00000000000000000E+000  0.18849555921538754E+001
( 0.19260554257369720E+001,-0.39604921909720805E-002)
 0.00000000000000000E+000  0.25132741228718340E+001
( 0.18525855169665584E+001, 0.38629294886766098E-002)
 0.00000000000000000E+000  0.31415926535897927E+001
( 0.17933987352913534E+001, 0.98419041989198357E-017)
 0.62831853071795851E+000 -0.25132741228718340E+001
( 0.17946524599467411E+001,-0.12446456850355329E-001)
 0.62831853071795851E+000 -0.18849555921538754E+001
( 0.19094790051245505E+001,-0.50385050608957854E-002)
 0.62831853071795851E+000 -0.12566370614359170E+001
( 0.19458846501796203E+001, 0.47802389992541720E-004)
 0.62831853071795851E+000 -0.62831853071795851E+000
( 0.19596093001881503E+001, 0.77150478631401228E-003)
 0.62831853071795851E+000  0.00000000000000000E+000
( 0.19680222207061013E+001, 0.38973534608137254E-003)
 0.62831853071795851E+000  0.62831853071795851E+000
( 0.19620777363639044E+001,-0.14103518431721797E-002)
 0.62831853071795851E+000  0.12566370614359170E+001
( 0.19433489569180544E+001,-0.31952330840113508E-003)
 0.62831853071795851E+000  0.18849555921538754E+001
( 0.18990317789133757E+001,-0.15423222416614834E-002)
 0.62831853071795851E+000  0.25132741228718340E+001
( 0.17850109965708592E+001,-0.25061561977349923E-002)
 0.62831853071795851E+000  0.31415926535897927E+001
( 0.16652840802656297E+001,-0.88285750171056114E-003)
 0.12566370614359170E+001 -0.25132741228718340E+001
( 0.10528305459931351E+001, 0.49136575433144673E-002)
 0.12566370614359170E+001 -0.18849555921538754E+001
( 0.17828583244673575E+001,-0.22008136899135909E-002)
 0.12566370614359170E+001 -0.12566370614359170E+001
( 0.19158187096924391E+001, 0.14186656078081306E-002)
 0.12566370614359170E+001 -0.62831853071795851E+000
( 0.19472430840352886E+001, 0.45874433470501578E-002)
 0.12566370614359170E+001  0.00000000000000000E+000
( 0.19501632429424411E+001, 0.20081882907495353E-003)
 0.12566370614359170E+001  0.62831853071795851E+000
( 0.19439910910155072E+001, 0.12990812537511931E-002)
 0.12566370614359170E+001  0.12566370614359170E+001
( 0.19150906520379685E+001,-0.42291183167756264E-003)
 0.12566370614359170E+001  0.18849555921538754E+001
( 0.17967776391931682E+001,-0.46971597306246010E-002)
 0.12566370614359170E+001  0.25132741228718340E+001
( 0.10680773713184348E+001,-0.11090263445848670E-001)
 0.12566370614359170E+001  0.31415926535897927E+001
( 0.61206741968202905E+000,-0.20679158793151582E-001)
 0.18849555921538754E+001 -0.25132741228718340E+001
( 0.21654831437495831E+000, 0.19351868761599801E-002)
 0.18849555921538754E+001 -0.18849555921538754E+001
( 0.75529206903497992E+000, 0.29002961899882618E-002)
 0.18849555921538754E+001 -0.12566370614359170E+001
( 0.17887191297316380E+001,-0.10995761303264995E-002)
 0.18849555921538754E+001 -0.62831853071795851E+000
( 0.19074890718183128E+001,-0.24124167281024777E-002)
 0.18849555921538754E+001  0.00000000000000000E+000
( 0.19214035853608391E+001,-0.22084443412744939E-002)
 0.18849555921538754E+001  0.62831853071795851E+000
( 0.19029431979034865E+001,-0.62274186553827968E-002)
 0.18849555921538754E+001  0.12566370614359170E+001
( 0.17927764756167983E+001, 0.52402065248730190E-002)
 0.18849555921538754E+001  0.18849555921538754E+001
( 0.76451365091874512E+000, 0.16656078995545255E-001)
 0.18849555921538754E+001  0.25132741228718340E+001
( 0.23402531190895062E+000, 0.12154772375951772E-002)
 0.18849555921538754E+001  0.31415926535897927E+001
( 0.17665771180642623E+000, 0.68942714431097707E-003)
 0.25132741228718340E+001 -0.25132741228718340E+001
( 0.13340647527607119E+000,-0.73366838513678955E-002)
 0.25132741228718340E+001 -0.18849555921538754E+001
( 0.22017074293431663E+000, 0.61704291169484395E-002)
 0.25132741228718340E+001 -0.12566370614359170E+001
( 0.10580237527042939E+001, 0.16668450714881690E-001)
 0.25132741228718340E+001 -0.62831853071795851E+000
( 0.17910726479636960E+001, 0.35939879558590814E-002)
 0.25132741228718340E+001  0.00000000000000000E+000
( 0.18544965781804510E+001, 0.26551956538371740E-002)
 0.25132741228718340E+001  0.62831853071795851E+000
( 0.17961528783086085E+001,-0.10340197942506724E-001)
 0.25132741228718340E+001  0.12566370614359170E+001
( 0.10676627007373991E+001, 0.10146795583240654E-001)
 0.25132741228718340E+001  0.18849555921538754E+001
( 0.23428905936389760E+000, 0.46280734415224236E-002)
 0.25132741228718340E+001  0.25132741228718340E+001
( 0.13276273912339476E+000, 0.45801076018195055E-003)
 0.25132741228718340E+001  0.31415926535897927E+001
( 0.11485041603634046E+000, 0.29237302123773551E-002)
 0.31415926535897927E+001 -0.25132741228718340E+001
( 0.10859448757798021E+000,-0.25464180592007714E-002)
 0.31415926535897927E+001 -0.18849555921538754E+001
( 0.17759018746223795E+000,-0.96381583593646691E-002)
 0.31415926535897927E+001 -0.12566370614359170E+001
( 0.59319218822742525E+000,-0.68717313600759281E-002)
 0.31415926535897927E+001 -0.62831853071795851E+000
( 0.16606429269821952E+001,-0.71456980254478580E-002)
 0.31415926535897927E+001  0.00000000000000000E+000
( 0.18014546279796431E+001, 0.73908960112268004E-017)
 0.31415926535897927E+001  0.62831853071795851E+000
( 0.16606429269821945E+001, 0.71456980254478407E-002)
 0.31415926535897927E+001  0.12566370614359170E+001
( 0.59319218822742503E+000, 0.68717313600760071E-002)
 0.31415926535897927E+001  0.18849555921538754E+001
( 0.17759018746223781E+000, 0.96381583593644765E-002)
 0.31415926535897927E+001  0.25132741228718340E+001
( 0.10859448757798007E+000, 0.25464180592007189E-002)
 0.31415926535897927E+001  0.31415926535897927E+001
( 0.92106724991367628E-001, 0.26185781700616916E-015)
 0.10000000000000000E+001          1        100
( 0.00000000000000000E+000, 0.00000000000000000E+000)
-0.25132741228718340E+001 -0.25132741228718340E+001
( 0.12703721707220936E+000,-0.12030252883206960E-002)
-0.25132741228718340E+001 -0.18849555921538754E+001
( 0.23948608452699446E+000, 0.10515605607862523E-002)
-0.25132741228718340E+001 -0.12566370614359170E+001
( 0.10612061267032882E+001,-0.89348325579065770E-002)
-0.25132741228718340E+001 -0.62831853071795851E+000
( 0.17899457836896704E+001, 0.50983506182581337E-002)
-0.25132741228718340E+001  0.00000000000000000E+000
( 0.18556607286715359E+001,-0.24314930442743683E-002)
-0.25132741228718340E+001  0.62831853071795851E+000
( 0.17967520640576808E+001,-0.32583993881094720E-002)
-0.25132741228718340E+001  0.12566370614359170E+001
( 0.10542622463031539E+001,-0.10238621243198397E-002)
-0.25132741228718340E+001  0.18849555921538754E+001
( 0.22939101365699521E+000, 0.75851076002036891E-003)
-0.25132741228718340E+001  0.25132741228718340E+001
( 0.12381112591157915E+000, 0.44834344058185408E-002)
-0.25132741228718340E+001  0.31415926535897927E+001
( 0.10715149870180739E+000, 0.12451120039445403E-002)
-0.18849555921538754E+001 -0.25132741228718340E+001
( 0.23429714241952795E+000, 0.10622174185358024E-002)
-0.18849555921538754E+001 -0.18849555921538754E+001
( 0.74302780427431492E+000, 0.20167017926596791E-001)
-0.18849555921538754E+001 -0.12566370614359170E+001
( 0.17841190831077882E+001,-0.11252283858407824E-001)
-0.18849555921538754E+001 -0.62831853071795851E+000
( 0.19037019249091520E+001, 0.46628462637903056E-002)
-0.18849555921538754E+001  0.00000000000000000E+000
( 0.19218853701134264E+001, 0.35428689192539112E-003)
-0.18849555921538754E+001  0.62831853071795851E+000
( 0.19072488492351147E+001,-0.41904249819191856E-002)
-0.18849555921538754E+001  0.12566370614359170E+001
( 0.17917023982766898E+001, 0.18597916152157856E-002)
-0.18849555921538754E+001  0.18849555921538754E+001
( 0.73364000994192513E+000, 0.10518832944749845E-002)
-0.18849555921538754E+001  0.25132741228718340E+001
( 0.22877360894318627E+000,-0.27692458944306831E-003)
-0.18849555921538754E+001  0.31415926535897927E+001
( 0.17691934879560819E+000, 0.38782294693922256E-002)
-0.12566370614359170E+001 -0.25132741228718340E+001
( 0.10438140468880195E+001, 0.77958167187177655E-002)
-0.12566370614359170E+001 -0.18849555921538754E+001
( 0.17884832858394746E+001, 0.12963017839425850E-002)
-0.12566370614359170E+001 -0.12566370614359170E+001
( 0.19187148126019349E+001,-0.25192469200058334E-002)
-0.12566370614359170E+001 -0.62831853071795851E+000
( 0.19459986864102774E+001,-0.29548360664283868E-002)
-0.12566370614359170E+001  0.00000000000000000E+000
( 0.19566090393936337E+001, 0.34076547379551744E-002)
-0.12566370614359170E+001  0.62831853071795851E+000
( 0.19481740018727973E+001,-0.18001460170110417E-002)
-0.12566370614359170E+001  0.12566370614359170E+001
( 0.19197668351412522E+001,-0.11345412410580413E-002)
-0.12566370614359170E+001  0.18849555921538754E+001
( 0.17834794927468929E+001, 0.45086300130089563E-002)
-0.12566370614359170E+001  0.25132741228718340E+001
( 0.10325841034542886E+001,-0.44604348310285933E-002)
-0.12566370614359170E+001  0.31415926535897927E+001
( 0.59845185194354633E+000, 0.68410686594150925E-002)
-0.62831853071795851E+000 -0.25132741228718340E+001
( 0.17865752603483172E+001, 0.17179042161980340E-002)
-0.62831853071795851E+000 -0.18849555921538754E+001
( 0.19112338546082328E+001,-0.34455578940047749E-002)
-0.62831853071795851E+000 -0.12566370614359170E+001
( 0.19472443153532693E+001, 0.71717690133224715E-003)
-0.62831853071795851E+000 -0.62831853071795851E+000
( 0.19599187923418746E+001, 0.39876796681407754E-003)
-0.62831853071795851E+000  0.00000000000000000E+000
( 0.19664812808223864E+001, 0.95269285299777852E-003)
-0.62831853071795851E+000  0.62831853071795851E+000
( 0.19605254641203826E+001, 0.23247632442790689E-002)
-0.62831853071795851E+000  0.12566370614359170E+001
( 0.19426311077793179E+001, 0.28009288044020920E-003)
-0.62831853071795851E+000  0.18849555921538754E+001
( 0.19037894277098133E+001,-0.24573507374231918E-003)
-0.62831853071795851E+000  0.25132741228718340E+001
( 0.17854727120270411E+001,-0.63718143492828092E-002)
-0.62831853071795851E+000  0.31415926535897927E+001
( 0.16504639008464150E+001,-0.14323643384227008E-001)
 0.00000000000000000E+000 -0.25132741228718340E+001
( 0.18518369409076285E+001,-0.24430083888746590E-002)
 0.00000000000000000E+000 -0.18849555921538754E+001
( 0.19191719350668464E+001,-0.51172580369338418E-002)
 0.00000000000000000E+000 -0.12566370614359170E+001
( 0.19494020869943760E+001,-0.23754958530612636E-002)
 0.00000000000000000E+000 -0.62831853071795851E+000
( 0.19669135235662005E+001,-0.17201821330965906E-002)
 0.00000000000000000E+000  0.00000000000000000E+000
( 0.19709190820559550E+001, 0.00000000000000000E+000)
 0.00000000000000000E+000  0.62831853071795851E+000
( 0.19669135235662005E+001, 0.17201821330965906E-002)
 0.00000000000000000E+000  0.12566370614359170E+001
( 0.19494020869943760E+001, 0.23754958530612636E-002)
 0.00000000000000000E+000  0.18849555921538754E+001
( 0.19191719350668464E+001, 0.51172580369338418E-002)
 0.00000000000000000E+000  0.25132741228718340E+001
( 0.18518369409076285E+001, 0.24430083888746590E-002)
 0.00000000000000000E+000  0.31415926535897927E+001
( 0.17772226119786092E+001,-0.48821341695274735E-017)
 0.62831853071795851E+000 -0.25132741228718340E+001
( 0.17854727120270411E+001, 0.63718143492828092E-002)
 0.62831853071795851E+000 -0.18849555921538754E+001
( 0.19037894277098133E+001, 0.24573507374231918E-003)
 0.62831853071795851E+000 -0.12566370614359170E+001
( 0.19426311077793179E+001,-0.28009288044020920E-003)
 0.62831853071795851E+000 -0.62831853071795851E+000
( 0.19605254641203826E+001,-0.23247632442790689E-002)
 0.62831853071795851E+000  0.00000000000000000E+000
( 0.19664812808223864E+001,-0.95269285299777852E-003)
 0.62831853071795851E+000  0.62831853071795851E+000
( 0.19599187923418746E+001,-0.39876796681407754E-003)
 0.62831853071795851E+000  0.12566370614359170E+001
( 0.19472443153532693E+001,-0.71717690133224715E-003)
 0.62831853071795851E+000  0.18849555921538754E+001
( 0.19112338546082328E+001, 0.34455578940047749E-002)
 0.62831853071795851E+000  0.25132741228718340E+001
( 0.17865752603483172E+001,-0.17179042161980340E-002)
 0.62831853071795851E+000  0.31415926535897927E+001
( 0.16504639008464153E+001, 0.14323643384227060E-001)
 0.12566370614359170E+001 -0.25132741228718340E+001
( 0.10325841034542886E+001, 0.44604348310285933E-002)
 0.12566370614359170E+001 -0.18849555921538754E+001
( 0.17834794927468929E+001,-0.45086300130089563E-002)
 0.12566370614359170E+001 -0.12566370614359170E+001
( 0.19197668351412522E+001, 0.11345412410580413E-002)
 0.12566370614359170E+001 -0.62831853071795851E+000
( 0.19481740018727973E+001, 0.18001460170110417E-002)
 0.12566370614359170E+001  0.00000000000000000E+000
( 0.19566090393936337E+001,-0.34076547379551744E-002)
 0.12566370614359170E+001  0.62831853071795851E+000
( 0.19459986864102774E+001, 0.29548360664283868E-002)
 0.12566370614359170E+001  0.12566370614359170E+001
( 0.19187148126019349E+001, 0.25192469200058334E-002)
 0.12566370614359170E+001  0.18849555921538754E+001
( 0.17884832858394746E+001,-0.12963017839425850E-002)
 0.12566370614359170E+001  0.25132741228718340E+001
( 0.10438140468880195E+001,-0.77958167187177655E-002)
 0.12566370614359170E+001  0.31415926535897927E+001
( 0.59845185194354600E+000,-0.68410686594149372E-002)
 0.18849555921538754E+001 -0.25132741228718340E+001
( 0.22877360894318627E+000, 0.27692458944306831E-003)
 0.18849555921538754E+001 -0.18849555921538754E+001
( 0.73364000994192513E+000,-0.10518832944749845E-002)
 0.18849555921538754E+001 -0.12566370614359170E+001
( 0.17917023982766898E+001,-0.18597916152157856E-002)
 0.18849555921538754E+001 -0.62831853071795851E+000
( 0.19072488492351147E+001, 0.41904249819191856E-002)
 0.18849555921538754E+001  0.00000000000000000E+000
( 0.19218853701134264E+001,-0.35428689192539112E-003)
 0.18849555921538754E+001  0.62831853071795851E+000
( 0.19037019249091520E+001,-0.46628462637903056E-002)
 0.18849555921538754E+001  0.12566370614359170E+001
( 0.17841190831077882E+001, 0.11252283858407824E-001)
 0.18849555921538754E+001  0.18849555921538754E+001
( 0.74302780427431492E+000,-0.20167017926596791E-001)
 0.18849555921538754E+001  0.25132741228718340E+001
( 0.23429714241952795E+000,-0.10622174185358024E-002)
 0.18849555921538754E+001  0.31415926535897927E+001
( 0.17691934879560819E+000,-0.38782294693924502E-002)
 0.25132741228718340E+001 -0.25132741228718340E+001
( 0.12381112591157915E+000,-0.44834344058185408E-002)
 0.25132741228718340E+001 -0.18849555921538754E+001
( 0.22939101365699521E+000,-0.75851076002036891E-003)
 0.25132741228718340E+001 -0.12566370614359170E+001
( 0.10542622463031539E+001, 0.10238621243198397E-002)
 0.25132741228718340E+001 -0.62831853071795851E+000
( 0.17967520640576808E+001, 0.32583993881094720E-002)
 0.25132741228718340E+001  0.00000000000000000E+000
( 0.18556607286715359E+001, 0.24314930442743683E-002)
 0.25132741228718340E+001  0.62831853071795851E+000
( 0.17899457836896704E+001,-0.50983506182581337E-002)
 0.25132741228718340E+001  0.12566370614359170E+001
( 0.10612061267032882E+001, 0.89348325579065770E-002)
 0.25132741228718340E+001  0.18849555921538754E+001
( 0.23948608452699446E+000,-0.10515605607862523E-002)
 0.25132741228718340E+001  0.25132741228718340E+001
( 0.12703721707220936E+000, 0.12030252883206960E-002)
 0.25132741228718340E+001  0.31415926535897927E+001
( 0.10715149870180767E+000,-0.12451120039446012E-002)
 0.31415926535897927E+001 -0.25132741228718340E+001
( 0.10540760281289266E+000, 0.82941222614893787E-003)
 0.31415926535897927E+001 -0.18849555921538754E+001
( 0.18292954183619184E+000,-0.93432204142949310E-002)
 0.31415926535897927E+001 -0.12566370614359170E+001
( 0.62456513400107261E+000, 0.84047776900700640E-002)
 0.31415926535897927E+001 -0.62831853071795851E+000
( 0.16557999162208916E+001, 0.64053925298409396E-002)
 0.31415926535897927E+001  0.00000000000000000E+000
( 0.17989631188636208E+001,-0.78923614686170082E-018)
 0.31415926535897927E+001  0.62831853071795851E+000
( 0.16557999162208916E+001,-0.64053925298409144E-002)
 0.31415926535897927E+001  0.12566370614359170E+001
( 0.62456513400107250E+000,-0.84047776900699894E-002)
 0.31415926535897927E+001  0.18849555921538754E+001
( 0.18292954183619201E+000, 0.93432204142947332E-002)
 0.31415926535897927E+001  0.25132741228718340E+001
( 0.10540760281289281E+000,-0.82941222614895337E-003)
 0.31415926535897927E+001  0.31415926535897927E+001
( 0.93361504026303527E-001, 0.24324227451226660E-015)
 0.10000000000000000E+001          1        100
( 0.00000000000000000E+000, 0.00000000000000000E+000)
-0.25132741228718340E+001 -0.25132741228718340E+001
( 0.12075196752458695E+000,-0.48253360001623991E-002)
-0.25132741228718340E+001 -0.18849555921538754E+001
( 0.23454232211912193E+000, 0.34636362866650133E-002)
-0.25132741228718340E+001 -0.12566370614359170E+001
( 0.10782246302242180E+001,-0.10526367042993336E-001)
-0.25132741228718340E+001 -0.62831853071795851E+000
( 0.17946962200730696E+001, 0.18953919423215916E-002)
-0.25132741228718340E+001  0.00000000000000000E+000
( 0.18505540128183262E+001,-0.77677694679460622E-003)
-0.25132741228718340E+001  0.62831853071795851E+000
( 0.17899024494652203E+001,-0.77008912860568432E-003)
-0.25132741228718340E+001  0.12566370614359170E+001
( 0.10446282142701324E+001,-0.62712667204779865E-002)
-0.25132741228718340E+001  0.18849555921538754E+001
( 0.23340159358109000E+000, 0.35226510477877975E-002)
-0.25132741228718340E+001  0.25132741228718340E+001
( 0.13446647099150738E+000,-0.50171403874097690E-003)
-0.25132741228718340E+001  0.31415926535897927E+001
( 0.10984909899664146E+000,-0.16578037863280925E-002)
-0.18849555921538754E+001 -0.25132741228718340E+001
( 0.23491978391083934E+000, 0.11013205545193519E-001)
-0.18849555921538754E+001 -0.18849555921538754E+001
( 0.77010480456356734E+000, 0.10720269777479316E-001)
-0.18849555921538754E+001 -0.12566370614359170E+001
( 0.17757571799045782E+001, 0.10505673505678855E-001)
-0.18849555921538754E+001 -0.62831853071795851E+000
( 0.18970365010270900E+001, 0.68982864196349692E-004)
-0.18849555921538754E+001  0.00000000000000000E+000
( 0.19240638740144516E+001,-0.29012708112011068E-003)
-0.18849555921538754E+001  0.62831853071795851E+000
( 0.19049059257232932E+001,-0.12827139434320324E-002)
-0.18849555921538754E+001  0.12566370614359170E+001
( 0.17855179561520647E+001,-0.12051137481358170E-002)
-0.18849555921538754E+001  0.18849555921538754E+001
( 0.76026669271569869E+000,-0.22498315882427389E-001)
-0.18849555921538754E+001  0.25132741228718340E+001
( 0.22688615214270441E+000,-0.24033933148005061E-003)
-0.18849555921538754E+001  0.31415926535897927E+001
( 0.17474731872112614E+000,-0.26921346165061821E-002)
-0.12566370614359170E+001 -0.25132741228718340E+001
( 0.10592936163887661E+001, 0.53402384430528164E-002)
-0.12566370614359170E+001 -0.18849555921538754E+001
( 0.17945792119369623E+001,-0.58113006526016534E-003)
-0.12566370614359170E+001 -0.12566370614359170E+001
( 0.19136032141249388E+001,-0.12633169563513176E-002)
-0.12566370614359170E+001 -0.62831853071795851E+000
( 0.19438483469211889E+001, 0.16247652277207570E-002)
-0.12566370614359170E+001  0.00000000000000000E+000
( 0.19530771261429840E+001,-0.13968124682305514E-002)
-0.12566370614359170E+001  0.62831853071795851E+000
( 0.19452860273966937E+001, 0.23048370998265911E-002)
-0.12566370614359170E+001  0.12566370614359170E+001
( 0.19197543980842384E+001,-0.13574653249331993E-003)
-0.12566370614359170E+001  0.18849555921538754E+001
( 0.17934051556083483E+001, 0.56647621571575702E-002)
-0.12566370614359170E+001  0.25132741228718340E+001
( 0.10726425056169959E+001,-0.56846557145367571E-003)
-0.12566370614359170E+001  0.31415926535897927E+001
( 0.62709409608227040E+000, 0.63245318341230853E-002)
-0.62831853071795851E+000 -0.25132741228718340E+001
( 0.17909783930748893E+001, 0.41091153698987930E-002)
-0.62831853071795851E+000 -0.18849555921538754E+001
( 0.19045061935630927E+001,-0.38183092994818649E-003)
-0.62831853071795851E+000 -0.12566370614359170E+001
( 0.19416670216384984E+001,-0.11280464254374162E-002)
-0.62831853071795851E+000 -0.62831853071795851E+000
( 0.19610663411644218E+001, 0.12524127371230686E-002)
-0.62831853071795851E+000  0.00000000000000000E+000
( 0.19635065962704283E+001,-0.12233671540646802E-002)
-0.62831853071795851E+000  0.62831853071795851E+000
( 0.19628297436278055E+001,-0.14391802970697377E-002)
-0.62831853071795851E+000  0.12566370614359170E+001
( 0.19492259718223155E+001, 0.70133247865210139E-003)
-0.62831853071795851E+000  0.18849555921538754E+001
( 0.19018620797521475E+001, 0.81337799725575476E-003)
-0.62831853071795851E+000  0.25132741228718340E+001
( 0.17955572153723569E+001, 0.34477213154123377E-002)
-0.62831853071795851E+000  0.31415926535897927E+001
( 0.16633169209787644E+001, 0.91842409931805168E-002)
 0.00000000000000000E+000 -0.25132741228718340E+001
( 0.18505750461398698E+001, 0.24007700682783964E-002)
 0.00000000000000000E+000 -0.18849555921538754E+001
( 0.19198024819652202E+001,-0.66788774328037457E-002)
 0.00000000000000000E+000 -0.12566370614359170E+001
( 0.19535936673320129E+001, 0.11349729892296278E-002)
 0.00000000000000000E+000 -0.62831853071795851E+000
( 0.19672826781007291E+001,-0.16639026693709268E-002)
 0.00000000000000000E+000  0.00000000000000000E+000
( 0.19680594232311381E+001, 0.00000000000000000E+000)
 0.00000000000000000E+000  0.62831853071795851E+000
( 0.19672826781007291E+001, 0.16639026693709268E-002)
 0.00000000000000000E+000  0.12566370614359170E+001
( 0.19535936673320129E+001,-0.11349729892296278E-002)
 0.00000000000000000E+000  0.18849555921538754E+001
( 0.19198024819652202E+001, 0.66788774328037457E-002)
 0.00000000000000000E+000  0.25132741228718340E+001
( 0.18505750461398698E+001,-0.24007700682783964E-002)
 0.00000000000000000E+000  0.31415926535897927E+001
( 0.17858697521343641E+001,-0.14778240856055559E-016)
 0.62831853071795851E+000 -0.25132741228718340E+001
( 0.17955572153723569E+001,-0.34477213154123377E-002)
 0.62831853071795851E+000 -0.18849555921538754E+001
( 0.19018620797521475E+001,-0.81337799725575476E-003)
 0.62831853071795851E+000 -0.12566370614359170E+001
( 0.19492259718223155E+001,-0.70133247865210139E-003)
 0.62831853071795851E+000 -0.62831853071795851E+000
( 0.19628297436278055E+001, 0.14391802970697377E-002)
 0.62831853071795851E+000  0.00000000000000000E+000
( 0.19635065962704283E+001, 0.12233671540646802E-002)
 0.62831853071795851E+000  0.62831853071795851E+000
( 0.19610663411644218E+001,-0.12524127371230686E-002)
 0.62831853071795851E+000  0.12566370614359170E+001
( 0.19416670216384984E+001, 0.11280464254374162E-002)
 0.62831853071795851E+000  0.18849555921538754E+001
( 0.19045061935630927E+001, 0.38183092994818649E-003)
 0.62831853071795851E+000  0.25132741228718340E+001
( 0.17909783930748893E+001,-0.41091153698987930E-002)
 0.62831853071795851E+000  0.31415926535897927E+001
( 0.16633169209787639E+001,-0.91842409931805046E-002)
 0.12566370614359170E+001 -0.25132741228718340E+001
( 0.10726425056169959E+001, 0.56846557145367571E-003)
 0.12566370614359170E+001 -0.18849555921538754E+001
( 0.17934051556083483E+001,-0.56647621571575702E-002)
 0.12566370614359170E+001 -0.12566370614359170E+001
( 0.19197543980842384E+001, 0.13574653249331993E-003)
 0.12566370614359170E+001 -0.62831853071795851E+000
( 0.19452860273966937E+001,-0.23048370998265911E-002)
 0.12566370614359170E+001  0.00000000000000000E+000
( 0.19530771261429840E+001, 0.13968124682305514E-002)
 0.12566370614359170E+001  0.62831853071795851E+000
( 0.19438483469211889E+001,-0.16247652277207570E-002)
 0.12566370614359170E+001  0.12566370614359170E+001
( 0.19136032141249388E+001, 0.12633169563513176E-002)
 0.12566370614359170E+001  0.18849555921538754E+001
( 0.17945792119369623E+001, 0.58113006526016534E-003)
 0.12566370614359170E+001  0.25132741228718340E+001
( 0.10592936163887661E+001,-0.53402384430528164E-002)
 0.12566370614359170E+001  0.31415926535897927E+001
( 0.62709409608227074E+000,-0.63245318341230592E-002)
 0.18849555921538754E+001 -0.25132741228718340E+001
( 0.22688615214270441E+000, 0.24033933148005061E-003)
 0.18849555921538754E+001 -0.18849555921538754E+001
( 0.76026669271569869E+000, 0.22498315882427389E-001)
 0.18849555921538754E+001 -0.12566370614359170E+001
( 0.17855179561520647E+001, 0.12051137481358170E-002)
 0.18849555921538754E+001 -0.62831853071795851E+000
( 0.19049059257232932E+001, 0.12827139434320324E-002)
 0.18849555921538754E+001  0.00000000000000000E+000
( 0.19240638740144516E+001, 0.29012708112011068E-003)
 0.18849555921538754E+001  0.62831853071795851E+000
( 0.18970365010270900E+001,-0.68982864196349692E-004)
 0.18849555921538754E+001  0.12566370614359170E+001
( 0.17757571799045782E+001,-0.10505673505678855E-001)
 0.18849555921538754E+001  0.18849555921538754E+001
( 0.77010480456356734E+000,-0.10720269777479316E-001)
 0.18849555921538754E+001  0.25132741228718340E+001
( 0.23491978391083934E+000,-0.11013205545193519E-001)
 0.18849555921538754E+001  0.31415926535897927E+001
( 0.17474731872112587E+000, 0.26921346165059931E-002)
 0.25132741228718340E+001 -0.25132741228718340E+001
( 0.13446647099150738E+000, 0.50171403874097690E-003)
 0.25132741228718340E+001 -0.18849555921538754E+001
( 0.23340159358109000E+000,-0.35226510477877975E-002)
 0.25132741228718340E+001 -0.12566370614359170E+001
( 0.10446282142701324E+001, 0.62712667204779865E-002)
 0.25132741228718340E+001 -0.62831853071795851E+000
( 0.17899024494652203E+001, 0.77008912860568432E-003)
 0.25132741228718340E+001  0.00000000000000000E+000
( 0.18505540128183262E+001, 0.77677694679460622E-003)
 0.25132741228718340E+001  0.62831853071795851E+000
( 0.17946962200730696E+001,-0.18953919423215916E-002)
 0.25132741228718340E+001  0.12566370614359170E+001
( 0.10782246302242180E+001, 0.10526367042993336E-001)
 0.25132741228718340E+001  0.18849555921538754E+001
( 0.23454232211912193E+000,-0.34636362866650133E-002)
 0.25132741228718340E+001  0.25132741228718340E+001
( 0.12075196752458695E+000, 0.48253360001623991E-002)
 0.25132741228718340E+001  0.31415926535897927E+001
( 0.10984909899664175E+000, 0.16578037863280407E-002)
 0.31415926535897927E+001 -0.25132741228718340E+001
( 0.10879895768594025E+000,-0.25845142300878087E-003)
 0.31415926535897927E+001 -0.18849555921538754E+001
( 0.18038149358871086E+000,-0.72672951076373227E-003)
 0.31415926535897927E+001 -0.12566370614359170E+001
( 0.62556157782447364E+000,-0.14607214250791929E-002)
 0.31415926535897927E+001 -0.62831853071795851E+000
( 0.16589042491345305E+001,-0.67801180692624464E-002)
 0.31415926535897927E+001  0.00000000000000000E+000
( 0.17881648673306743E+001,-0.12304747000338576E-017)
 0.31415926535897927E+001  0.62831853071795851E+000
( 0.16589042491345305E+001, 0.67801180692624420E-002)
 0.31415926535897927E+001  0.12566370614359170E+001
( 0.62556157782447341E+000, 0.14607214250793093E-002)
 0.31415926535897927E+001  0.18849555921538754E+001
( 0.18038149358871086E+000, 0.72672951076348583E-003)
 0.31415926535897927E+001  0.25132741228718340E+001
( 0.10879895768593997E+000, 0.25845142300877198E-003)
 0.31415926535897927E+001  0.31415926535897927E+001
( 0.92882730993678997E-001, 0.24454818483525683E-015)
 0.10000000000000000E+001          1        100
( 0.00000000000000000E+000, 0.00000000000000000E+000)
-0.25132741228718340E+001 -0.25132741228718340E+001
( 0.12824154088096848E+000, 0.27699592180189182E-002)
-0.25132741228718340E+001 -0.18849555921538754E+001
( 0.22810068215220328E+000,-0.30661922297238299E-002)
-0.25132741228718340E+001 -0.12566370614359170E+001
( 0.10733018996931767E+001, 0.52179124797685416E-002)
-0.25132741228718340E+001 -0.62831853071795851E+000
( 0.17905776727224432E+001,-0.25477889595316317E-002)
-0.25132741228718340E+001  0.00000000000000000E+000
( 0.18569222126462586E+001,-0.15332295052245381E-002)
-0.25132741228718340E+001  0.62831853071795851E+000
( 0.17983580333249642E+001, 0.40150589419492901E-003)
-0.25132741228718340E+001  0.12566370614359170E+001
( 0.10524432358203304E+001,-0.43170140373436725E-002)
-0.25132741228718340E+001  0.18849555921538754E+001
( 0.22909407340377697E+000, 0.67856135955418262E-002)
-0.25132741228718340E+001  0.25132741228718340E+001
( 0.13000054270496009E+000,-0.37806256573149335E-002)
-0.25132741228718340E+001  0.31415926535897927E+001
( 0.11156996217723546E+000, 0.80635580349909812E-003)
-0.18849555921538754E+001 -0.25132741228718340E+001
( 0.23082557817840921E+000, 0.88666582959713858E-002)
-0.18849555921538754E+001 -0.18849555921538754E+001
( 0.76181068555675502E+000,-0.10443392670318231E-001)
-0.18849555921538754E+001 -0.12566370614359170E+001
( 0.17978370912730606E+001,-0.86854966779056509E-002)
-0.18849555921538754E+001 -0.62831853071795851E+000
( 0.18999917107490782E+001,-0.38963575838546040E-002)
-0.18849555921538754E+001  0.00000000000000000E+000
( 0.19185376430046626E+001, 0.33155927715303904E-002)
-0.18849555921538754E+001  0.62831853071795851E+000
( 0.19035083596309728E+001,-0.16833473217637640E-002)
-0.18849555921538754E+001  0.12566370614359170E+001
( 0.17914199329309646E+001,-0.24469716194828552E-002)
-0.18849555921538754E+001  0.18849555921538754E+001
( 0.73044165218469437E+000,-0.21476242751911009E-001)
-0.18849555921538754E+001  0.25132741228718340E+001
( 0.22819949060957470E+000,-0.38651525126423250E-002)
-0.18849555921538754E+001  0.31415926535897927E+001
( 0.18307207643110629E+000, 0.54142201609183322E-003)
-0.12566370614359170E+001 -0.25132741228718340E+001
( 0.10650758780708820E+001, 0.46676532960469299E-002)
-0.12566370614359170E+001 -0.18849555921538754E+001
( 0.17897320545282405E+001, 0.29163194904659653E-002)
-0.12566370614359170E+001 -0.12566370614359170E+001
( 0.19207392649095008E+001,-0.32197238406166022E-002)
-0.12566370614359170E+001 -0.62831853071795851E+000
( 0.19431096277391067E+001,-0.96707826700703778E-004)
-0.12566370614359170E+001  0.00000000000000000E+000
( 0.19500640922147432E+001,-0.16268040769110055E-002)
-0.12566370614359170E+001  0.62831853071795851E+000
( 0.19449100164577493E+001, 0.18704742749022574E-002)
-0.12566370614359170E+001  0.12566370614359170E+001
( 0.19111798328316250E+001,-0.53597891763167470E-002)
-0.12566370614359170E+001  0.18849555921538754E+001
( 0.17920055473222369E+001, 0.58951101239737552E-002)
-0.12566370614359170E+001  0.25132741228718340E+001
( 0.10490763666087468E+001,-0.14393208624707537E-001)
-0.12566370614359170E+001  0.31415926535897927E+001
( 0.59011256269588486E+000,-0.80271605433954510E-003)
-0.62831853071795851E+000 -0.25132741228718340E+001
( 0.17937780959693226E+001, 0.94760139084854797E-002)
-0.62831853071795851E+000 -0.18849555921538754E+001
( 0.18989244404766528E+001,-0.11416398481668055E-002)
-0.62831853071795851E+000 -0.12566370614359170E+001
( 0.19412835924700860E+001, 0.92636958372548935E-004)
-0.62831853071795851E+000 -0.62831853071795851E+000
( 0.19603559166046116E+001, 0.20850325896132516E-002)
-0.62831853071795851E+000  0.00000000000000000E+000
( 0.19626293633145346E+001,-0.70937685016780886E-005)
-0.62831853071795851E+000  0.62831853071795851E+000
( 0.19571049223632124E+001, 0.38161696407712499E-004)
-0.62831853071795851E+000  0.12566370614359170E+001
( 0.19458944821091253E+001,-0.10556237231799338E-002)
-0.62831853071795851E+000  0.18849555921538754E+001
( 0.19028006453013546E+001,-0.34060957268122185E-002)
-0.62831853071795851E+000  0.25132741228718340E+001
( 0.17874830315884866E+001,-0.61630468059322421E-002)
-0.62831853071795851E+000  0.31415926535897927E+001
( 0.16523685702125983E+001,-0.13027771084638548E-001)
 0.00000000000000000E+000 -0.25132741228718340E+001
( 0.18502372520450119E+001,-0.16614509033361880E-002)
 0.00000000000000000E+000 -0.18849555921538754E+001
( 0.19187865426171544E+001, 0.51327206817874951E-004)
 0.00000000000000000E+000 -0.12566370614359170E+001
( 0.19505763856394132E+001, 0.11054961808836228E-002)
 0.00000000000000000E+000 -0.62831853071795851E+000
( 0.19670913213369796E+001, 0.26912742134674875E-003)
 0.00000000000000000E+000  0.00000000000000000E+000
( 0.19674029473539563E+001, 0.00000000000000000E+000)
 0.00000000000000000E+000  0.62831853071795851E+000
( 0.19670913213369796E+001,-0.26912742134674875E-003)
 0.00000000000000000E+000  0.12566370614359170E+001
( 0.19505763856394132E+001,-0.11054961808836228E-002)
 0.00000000000000000E+000  0.18849555921538754E+001
( 0.19187865426171544E+001,-0.51327206817874951E-004)
 0.00000000000000000E+000  0.25132741228718340E+001
( 0.18502372520450119E+001, 0.16614509033361880E-002)
 0.00000000000000000E+000  0.31415926535897927E+001
( 0.17855138147022658E+001, 0.78301222555027670E-019)
 0.62831853071795851E+000 -0.25132741228718340E+001
( 0.17874830315884866E+001, 0.61630468059322421E-002)
 0.62831853071795851E+000 -0.18849555921538754E+001
( 0.19028006453013546E+001, 0.34060957268122185E-002)
 0.62831853071795851E+000 -0.12566370614359170E+001
( 0.19458944821091253E+001, 0.10556237231799338E-002)
 0.62831853071795851E+000 -0.62831853071795851E+000
( 0.19571049223632124E+001,-0.38161696407712499E-004)
 0.62831853071795851E+000  0.00000000000000000E+000
( 0.19626293633145346E+001, 0.70937685016780886E-005)
 0.62831853071795851E+000  0.62831853071795851E+000
( 0.19603559166046116E+001,-0.20850325896132516E-002)
 0.62831853071795851E+000  0.12566370614359170E+001
( 0.19412835924700860E+001,-0.92636958372548935E-004)
 0.62831853071795851E+000  0.18849555921538754E+001
( 0.18989244404766528E+001, 0.11416398481668055E-002)
 0.62831853071795851E+000  0.25132741228718340E+001
( 0.17937780959693226E+001,-0.94760139084854797E-002)
 0.62831853071795851E+000  0.31415926535897927E+001
( 0.16523685702125981E+001, 0.13027771084638443E-001)
 0.12566370614359170E+001 -0.25132741228718340E+001
( 0.10490763666087468E+001, 0.14393208624707537E-001)
 0.12566370614359170E+001 -0.18849555921538754E+001
( 0.17920055473222369E+001,-0.58951101239737552E-002)
 0.12566370614359170E+001 -0.12566370614359170E+001
( 0.19111798328316250E+001, 0.53597891763167470E-002)
 0.12566370614359170E+001 -0.62831853071795851E+000
( 0.19449100164577493E+001,-0.18704742749022574E-002)
 0.12566370614359170E+001  0.00000000000000000E+000
( 0.19500640922147432E+001, 0.16268040769110055E-002)
 0.12566370614359170E+001  0.62831853071795851E+000
( 0.19431096277391067E+001, 0.96707826700703778E-004)
 0.12566370614359170E+001  0.12566370614359170E+001
( 0.19207392649095008E+001, 0.32197238406166022E-002)
 0.12566370614359170E+001  0.18849555921538754E+001
( 0.17897320545282405E+001,-0.29163194904659653E-002)
 0.12566370614359170E+001  0.25132741228718340E+001
( 0.10650758780708820E+001,-0.46676532960469299E-002)
 0.12566370614359170E+001  0.31415926535897927E+001
( 0.59011256269588519E+000, 0.80271605433949024E-003)
 0.18849555921538754E+001 -0.25132741228718340E+001
( 0.22819949060957470E+000, 0.38651525126423250E-002)
 0.18849555921538754E+001 -0.18849555921538754E+001
( 0.73044165218469437E+000, 0.21476242751911009E-001)
 0.18849555921538754E+001 -0.12566370614359170E+001
( 0.17914199329309646E+001, 0.24469716194828552E-002)
 0.18849555921538754E+001 -0.62831853071795851E+000
( 0.19035083596309728E+001, 0.16833473217637640E-002)
 0.18849555921538754E+001  0.00000000000000000E+000
( 0.19185376430046626E+001,-0.33155927715303904E-002)
 0.18849555921538754E+001  0.62831853071795851E+000
( 0.18999917107490782E+001, 0.38963575838546040E-002)
 0.18849555921538754E+001  0.12566370614359170E+001
( 0.17978370912730606E+001, 0.86854966779056509E-002)
 0.18849555921538754E+001  0.18849555921538754E+001
( 0.76181068555675502E+000, 0.10443392670318231E-001)
 0.18849555921538754E+001  0.25132741228718340E+001
( 0.23082557817840921E+000,-0.88666582959713858E-002)
 0.18849555921538754E+001  0.31415926535897927E+001
( 0.18307207643110701E+000,-0.54142201609202328E-003)
 0.25132741228718340E+001 -0.25132741228718340E+001
( 0.13000054270496009E+000, 0.37806256573149335E-002)
 0.25132741228718340E+001 -0.18849555921538754E+001
( 0.22909407340377697E+000,-0.67856135955418262E-002)
 0.25132741228718340E+001 -0.12566370614359170E+001
( 0.10524432358203304E+001, 0.43170140373436725E-002)
 0.25132741228718340E+001 -0.62831853071795851E+000
( 0.17983580333249642E+001,-0.40150589419492901E-003)
 0.25132741228718340E+001  0.00000000000000000E+000
( 0.18569222126462586E+001, 0.15332295052245381E-002)
 0.25132741228718340E+001  0.62831853071795851E+000
( 0.17905776727224432E+001, 0.25477889595316317E-002)
 0.25132741228718340E+001  0.12566370614359170E+001
( 0.10733018996931767E+001,-0.52179124797685416E-002)
 0.25132741228718340E+001  0.18849555921538754E+001
( 0.22810068215220328E+000, 0.30661922297238299E-002)
 0.25132741228718340E+001  0.25132741228718340E+001
( 0.12824154088096848E+000,-0.27699592180189182E-002)
 0.25132741228718340E+001  0.31415926535897927E+001
( 0.11156996217723603E+000,-0.80635580349918052E-003)
 0.31415926535897927E+001 -0.25132741228718340E+001
( 0.11251726141291173E+000, 0.70976298076339765E-003)
 0.31415926535897927E+001 -0.18849555921538754E+001
( 0.17686655522615577E+000,-0.12813879342671443E-002)
 0.31415926535897927E+001 -0.12566370614359170E+001
( 0.62690111088957334E+000,-0.23389678443549108E-001)
 0.31415926535897927E+001 -0.62831853071795851E+000
( 0.16690959681612652E+001,-0.11701462905691226E-001)
 0.31415926535897927E+001  0.00000000000000000E+000
( 0.17872243363369376E+001,-0.12362987259385987E-017)
 0.31415926535897927E+001  0.62831853071795851E+000
( 0.16690959681612652E+001, 0.11701462905691217E-001)
 0.31415926535897927E+001  0.12566370614359170E+001
( 0.62690111088957323E+000, 0.23389678443549194E-001)
 0.31415926535897927E+001  0.18849555921538754E+001
( 0.17686655522615610E+000, 0.12813879342668312E-002)
 0.31415926535897927E+001  0.25132741228718340E+001
( 0.11251726141291173E+000,-0.70976298076339537E-003)
 0.31415926535897927E+001  0.31415926535897927E+001
( 0.94911577389332966E-001, 0.26653528342708743E-015)
 0.10000000000000000E+001          1        100
( 0.00000000000000000E+000, 0.00000000000000000E+000)
-0.25132741228718340E+001 -0.25132741228718340E+001
( 0.13338052664635883E+000,-0.21909211603474564E-002)
-0.25132741228718340E+001 -0.18849555921538754E+001
( 0.22550750713635409E+000, 0.57166497032135315E-002)
-0.25132741228718340E+001 -0.12566370614359170E+001
( 0.10779035840131672E+001, 0.27704805015646025E-001)
-0.25132741228718340E+001 -0.62831853071795851E+000
( 0.17874256166811782E+001, 0.77177266127533709E-002)
-0.25132741228718340E+001  0.00000000000000000E+000
( 0.18512591921042980E+001,-0.10554115765141028E-002)
-0.25132741228718340E+001  0.62831853071795851E+000
( 0.17915642172579802E+001, 0.17253908865813639E-002)
-0.25132741228718340E+001  0.12566370614359170E+001
( 0.10698770087612226E+001, 0.92743203561518450E-002)
-0.25132741228718340E+001  0.18849555921538754E+001
( 0.24161184637150640E+000,-0.84858080451062287E-002)
-0.25132741228718340E+001  0.25132741228718340E+001
( 0.13606801779028374E+000,-0.97144399485646902E-003)
-0.25132741228718340E+001  0.31415926535897927E+001
( 0.10923157524773772E+000,-0.48970412617700965E-002)
-0.18849555921538754E+001 -0.25132741228718340E+001
( 0.23143862462426115E+000, 0.10446311282249132E-002)
-0.18849555921538754E+001 -0.18849555921538754E+001
( 0.74972370256376086E+000, 0.98137694773596101E-002)
-0.18849555921538754E+001 -0.12566370614359170E+001
( 0.17888429761894771E+001, 0.84078791919985681E-003)
-0.18849555921538754E+001 -0.62831853071795851E+000
( 0.19051976043788730E+001,-0.38246408941650437E-003)
-0.18849555921538754E+001  0.00000000000000000E+000
( 0.19159391449689085E+001, 0.67976889844506842E-003)
-0.18849555921538754E+001  0.62831853071795851E+000
( 0.19042276232206770E+001, 0.30413173983950248E-002)
-0.18849555921538754E+001  0.12566370614359170E+001
( 0.17855282689851577E+001, 0.74198731804127347E-002)
-0.18849555921538754E+001  0.18849555921538754E+001
( 0.76915321001456483E+000,-0.19491335076630877E-001)
-0.18849555921538754E+001  0.25132741228718340E+001
( 0.23960113943639683E+000, 0.73834423075904189E-002)
-0.18849555921538754E+001  0.31415926535897927E+001
( 0.17864521101439579E+000,-0.35987851605530584E-002)
-0.12566370614359170E+001 -0.25132741228718340E+001
( 0.11059724612605806E+001, 0.52786546162434016E-002)
-0.12566370614359170E+001 -0.18849555921538754E+001
( 0.17902637360876108E+001,-0.11018867150959693E-001)
-0.12566370614359170E+001 -0.12566370614359170E+001
( 0.19107817750543177E+001, 0.43090182057392012E-002)
-0.12566370614359170E+001 -0.62831853071795851E+000
( 0.19423151941466454E+001, 0.86414248980329900E-004)
-0.12566370614359170E+001  0.00000000000000000E+000
( 0.19481932638740471E+001, 0.11209998333583432E-002)
-0.12566370614359170E+001  0.62831853071795851E+000
( 0.19463819327144807E+001, 0.22805818489099751E-002)
-0.12566370614359170E+001  0.12566370614359170E+001
( 0.19112887283520708E+001, 0.21472646863920654E-002)
-0.12566370614359170E+001  0.18849555921538754E+001
( 0.17839572299113053E+001, 0.24582504777121363E-002)
-0.12566370614359170E+001  0.25132741228718340E+001
( 0.11016601819572898E+001,-0.98525197302706119E-002)
-0.12566370614359170E+001  0.31415926535897927E+001
( 0.61181236846788678E+000, 0.12763568489997448E-003)
-0.62831853071795851E+000 -0.25132741228718340E+001
( 0.17851886916046797E+001, 0.57544569666538297E-002)
-0.62831853071795851E+000 -0.18849555921538754E+001
( 0.18970565682255365E+001, 0.79190753251655119E-002)
-0.62831853071795851E+000 -0.12566370614359170E+001
( 0.19429274664771086E+001, 0.17972590151586255E-003)
-0.62831853071795851E+000 -0.62831853071795851E+000
( 0.19584763818556301E+001,-0.18284713433877142E-002)
-0.62831853071795851E+000  0.00000000000000000E+000
( 0.19614155545294558E+001,-0.38133242973287739E-003)
-0.62831853071795851E+000  0.62831853071795851E+000
( 0.19593144171972248E+001,-0.71885934772656810E-003)
-0.62831853071795851E+000  0.12566370614359170E+001
( 0.19432252649726911E+001,-0.18400935143114416E-002)
-0.62831853071795851E+000  0.18849555921538754E+001
( 0.18999809432428714E+001,-0.32180949308539581E-002)
-0.62831853071795851E+000  0.25132741228718340E+001
( 0.17817587928348935E+001,-0.49383824051264895E-002)
-0.62831853071795851E+000  0.31415926535897927E+001
( 0.16750205375943212E+001, 0.61437363206650296E-002)
 0.00000000000000000E+000 -0.25132741228718340E+001
( 0.18539899588666910E+001, 0.94081191711324359E-002)
 0.00000000000000000E+000 -0.18849555921538754E+001
( 0.19232243501928221E+001, 0.35316893661584397E-002)
 0.00000000000000000E+000 -0.12566370614359170E+001
( 0.19483385023658073E+001, 0.22831330135835832E-002)
 0.00000000000000000E+000 -0.62831853071795851E+000
( 0.19636463942746898E+001,-0.95983338546040694E-004)
 0.00000000000000000E+000  0.00000000000000000E+000
( 0.19661612647838096E+001, 0.00000000000000000E+000)
 0.00000000000000000E+000  0.62831853071795851E+000
( 0.19636463942746898E+001, 0.95983338546040694E-004)
 0.00000000000000000E+000  0.12566370614359170E+001
( 0.19483385023658073E+001,-0.22831330135835832E-002)
 0.00000000000000000E+000  0.18849555921538754E+001
( 0.19232243501928221E+001,-0.35316893661584397E-002)
 0.00000000000000000E+000  0.25132741228718340E+001
( 0.18539899588666910E+001,-0.94081191711324359E-002)
 0.00000000000000000E+000  0.31415926535897927E+001
( 0.17853887689759897E+001,-0.18366105945299704E-016)
 0.62831853071795851E+000 -0.25132741228718340E+001
( 0.17817587928348935E+001, 0.49383824051264895E-002)
 0.62831853071795851E+000 -0.18849555921538754E+001
( 0.18999809432428714E+001, 0.32180949308539581E-002)
 0.62831853071795851E+000 -0.12566370614359170E+001
( 0.19432252649726911E+001, 0.18400935143114416E-002)
 0.62831853071795851E+000 -0.62831853071795851E+000
( 0.19593144171972248E+001, 0.71885934772656810E-003)
 0.62831853071795851E+000  0.00000000000000000E+000
( 0.19614155545294558E+001, 0.38133242973287739E-003)
 0.62831853071795851E+000  0.62831853071795851E+000
( 0.19584763818556301E+001, 0.18284713433877142E-002)
 0.62831853071795851E+000  0.12566370614359170E+001
( 0.19429274664771086E+001,-0.17972590151586255E-003)
 0.62831853071795851E+000  0.18849555921538754E+001
( 0.18970565682255365E+001,-0.79190753251655119E-002)
 0.62831853071795851E+000  0.25132741228718340E+001
( 0.17851886916046797E+001,-0.57544569666538297E-002)
 0.62831853071795851E+000  0.31415926535897927E+001
( 0.16750205375943210E+001,-0.61437363206649975E-002)
 0.12566370614359170E+001 -0.25132741228718340E+001
( 0.11016601819572898E+001, 0.98525197302706119E-002)
 0.12566370614359170E+001 -0.18849555921538754E+001
( 0.17839572299113053E+001,-0.24582504777121363E-002)
 0.12566370614359170E+001 -0.12566370614359170E+001
( 0.19112887283520708E+001,-0.21472646863920654E-002)
 0.12566370614359170E+001 -0.62831853071795851E+000
( 0.19463819327144807E+001,-0.22805818489099751E-002)
 0.12566370614359170E+001  0.00000000000000000E+000
( 0.19481932638740471E+001,-0.11209998333583432E-002)
 0.12566370614359170E+001  0.62831853071795851E+000
( 0.19423151941466454E+001,-0.86414248980329900E-004)
 0.12566370614359170E+001  0.12566370614359170E+001
( 0.19107817750543177E+001,-0.43090182057392012E-002)
 0.12566370614359170E+001  0.18849555921538754E+001
( 0.17902637360876108E+001, 0.11018867150959693E-001)
 0.12566370614359170E+001  0.25132741228718340E+001
( 0.11059724612605806E+001,-0.52786546162434016E-002)
 0.12566370614359170E+001  0.31415926535897927E+001
( 0.61181236846788689E+000,-0.12763568490001799E-003)
 0.18849555921538754E+001 -0.25132741228718340E+001
( 0.23960113943639683E+000,-0.73834423075904189E-002)
 0.18849555921538754E+001 -0.18849555921538754E+001
( 0.76915321001456483E+000, 0.19491335076630877E-001)
 0.18849555921538754E+001 -0.12566370614359170E+001
( 0.17855282689851577E+001,-0.74198731804127347E-002)
 0.18849555921538754E+001 -0.62831853071795851E+000
( 0.19042276232206770E+001,-0.30413173983950248E-002)
 0.18849555921538754E+001  0.00000000000000000E+000
( 0.19159391449689085E+001,-0.67976889844506842E-003)
 0.18849555921538754E+001  0.62831853071795851E+000
( 0.19051976043788730E+001, 0.38246408941650437E-003)
 0.18849555921538754E+001  0.12566370614359170E+001
( 0.17888429761894771E+001,-0.84078791919985681E-003)
 0.18849555921538754E+001  0.18849555921538754E+001
( 0.74972370256376086E+000,-0.98137694773596101E-002)
 0.18849555921538754E+001  0.25132741228718340E+001
( 0.23143862462426115E+000,-0.10446311282249132E-002)
 0.18849555921538754E+001  0.31415926535897927E+001
( 0.17864521101439551E+000, 0.35987851605528021E-002)
 0.25132741228718340E+001 -0.25132741228718340E+001
( 0.13606801779028374E+000, 0.97144399485646902E-003)
 0.25132741228718340E+001 -0.18849555921538754E+001
( 0.24161184637150640E+000, 0.84858080451062287E-002)
 0.25132741228718340E+001 -0.12566370614359170E+001
( 0.10698770087612226E+001,-0.92743203561518450E-002)
 0.25132741228718340E+001 -0.62831853071795851E+000
( 0.17915642172579802E+001,-0.17253908865813639E-002)
 0.25132741228718340E+001  0.00000000000000000E+000
( 0.18512591921042980E+001, 0.10554115765141028E-002)
 0.25132741228718340E+001  0.62831853071795851E+000
( 0.17874256166811782E+001,-0.77177266127533709E-002)
 0.25132741228718340E+001  0.12566370614359170E+001
( 0.10779035840131672E+001,-0.27704805015646025E-001)
 0.25132741228718340E+001  0.18849555921538754E+001
( 0.22550750713635409E+000,-0.57166497032135315E-002)
 0.25132741228718340E+001  0.25132741228718340E+001
( 0.13338052664635883E+000, 0.21909211603474564E-002)
 0.25132741228718340E+001  0.31415926535897927E+001
( 0.10923157524773799E+000, 0.48970412617700470E-002)
 0.31415926535897927E+001 -0.25132741228718340E+001
( 0.11231749597238150E+000,-0.44040130811380607E-002)
 0.31415926535897927E+001 -0.18849555921538754E+001
( 0.17897814983970084E+000,-0.21963333886065245E-002)
 0.31415926535897927E+001 -0.12566370614359170E+001
( 0.62968315012634446E+000, 0.46330505461648777E-002)
 0.31415926535897927E+001 -0.62831853071795851E+000
( 0.16550417214157314E+001,-0.94104315662531021E-002)
 0.31415926535897927E+001  0.00000000000000000E+000
( 0.17910759887279006E+001,-0.23360731258410001E-017)
 0.31415926535897927E+001  0.62831853071795851E+000
( 0.16550417214157318E+001, 0.94104315662530569E-002)
 0.31415926535897927E+001  0.12566370614359170E+001
( 0.62968315012634446E+000,-0.46330505461648986E-002)
 0.31415926535897927E+001  0.18849555921538754E+001
( 0.17897814983970092E+000, 0.21963333886062786E-002)
 0.31415926535897927E+001  0.25132741228718340E+001
( 0.11231749597238164E+000, 0.44040130811379852E-002)
 0.31415926535897927E+001  0.31415926535897927E+001
( 0.98659542846567944E-001, 0.26947463422822348E-015)
