          21           4   2.0000000000000000                1
     0.0000000        1.00000000        0.00000000
     0.1000000        0.81498716        0.00280009
     0.2000000        0.68253235        0.00325634
     0.3000000        0.59731747        0.00647963
     0.4000000        0.53248917        0.00151597
     0.5000000        0.48360349        0.00380688
     0.6000000        0.44419822        0.00382882
     0.7000000        0.41886489        0.00475543
     0.8000000        0.39955633        0.00658264
     0.9000000        0.38835263        0.00791856
     1.0000000        0.38464780        0.00362937
     1.1000000        0.38345224        0.00329554
     1.2000000        0.39542799        0.00642010
     1.3000000        0.41492192        0.00635863
     1.4000000        0.44212911        0.00499054
     1.5000000        0.47791078        0.00370201
     1.6000000        0.52968140        0.00574026
     1.7000000        0.59824662        0.00632482
     1.8000000        0.68831476        0.00379798
     1.9000000        0.81512423        0.00270760
     2.0000000        1.00000000        0.00000000
