          26           4   5.0000000000000000                1
     0.0000000        1.82735342        0.26215396
     0.1000000        1.64785628        0.26022672
     0.2000000        1.48710323        0.25968616
     0.3000000        1.32857356        0.25462934
     0.4000000        1.18135548        0.24226955
     0.5000000        1.03342818        0.22931909
     0.6000000        0.89875069        0.23607446
     0.7000000        0.78448899        0.25397640
     0.8000000        0.67605497        0.26221074
     0.9000000        0.58502541        0.26574804
     1.0000000        0.51839306        0.27593068
     1.1000000        0.47572605        0.29699572
     1.2000000        0.44269744        0.31660582
     1.3000000        0.40975282        0.32813757
     1.4000000        0.36848772        0.34291195
     1.5000000        0.32110073        0.34435145
     1.6000000        0.28193044        0.32555458
     1.7000000        0.23957265        0.30403310
     1.8000000        0.19724338        0.28873688
     1.9000000        0.16485766        0.28251465
     2.0000000        0.12651794        0.28650324
     2.1000000        0.08117239        0.28561316
     2.2000000        0.02731859        0.27589279
     2.3000000       -0.01030897        0.27107409
     2.4000000       -0.00839829        0.27104632
     2.5000000       -0.00094868        0.27090351
