          41           9   8.0000000000000000                1
     0.0000000        0.81608671        0.01364643
     0.1000000        0.66232613        0.01328513
     0.2000000        0.55176551        0.01249207
     0.3000000        0.46859454        0.01186893
     0.4000000        0.40467996        0.01098767
     0.5000000        0.35377648        0.00978658
     0.6000000        0.31253232        0.00907506
     0.7000000        0.27856009        0.00858873
     0.8000000        0.25045801        0.00809477
     0.9000000        0.22598350        0.00762584
     1.0000000        0.20437034        0.00700092
     1.1000000        0.18609408        0.00660829
     1.2000000        0.16993473        0.00678045
     1.3000000        0.15482844        0.00709730
     1.4000000        0.14172538        0.00715787
     1.5000000        0.12923559        0.00719942
     1.6000000        0.11710001        0.00717173
     1.7000000        0.10659601        0.00704309
     1.8000000        0.09827513        0.00673287
     1.9000000        0.09171822        0.00649472
     2.0000000        0.08471081        0.00615563
     2.1000000        0.07709152        0.00589079
     2.2000000        0.07011978        0.00588173
     2.3000000        0.06390840        0.00594715
     2.4000000        0.05796158        0.00583223
     2.5000000        0.05240250        0.00553383
     2.6000000        0.04691572        0.00521768
     2.7000000        0.04148001        0.00473429
     2.8000000        0.03691182        0.00430383
     2.9000000        0.03348738        0.00412533
     3.0000000        0.03114590        0.00425745
     3.1000000        0.02927327        0.00445579
     3.2000000        0.02758587        0.00470698
     3.3000000        0.02632648        0.00492552
     3.4000000        0.02540406        0.00514246
     3.5000000        0.02514493        0.00519964
     3.6000000        0.02532239        0.00506901
     3.7000000        0.02527518        0.00506958
     3.8000000        0.02478905        0.00499703
     3.9000000        0.02549085        0.00478576
     4.0000000        0.02626711        0.00472765
