          41           9   4.0000000000000000                1
     0.0000000        0.99095904        0.01218504
     0.1000000        0.88557129        0.01062656
     0.2000000        0.80594011        0.01069051
     0.3000000        0.73708187        0.01123181
     0.4000000        0.67963611        0.01011245
     0.5000000        0.63277397        0.01163986
     0.6000000        0.59770337        0.01059703
     0.7000000        0.55849558        0.01301318
     0.8000000        0.53319549        0.01127208
     0.9000000        0.51753302        0.01429533
     1.0000000        0.49467971        0.01475120
     1.1000000        0.48721026        0.01966116
     1.2000000        0.46428288        0.01425181
     1.3000000        0.44973237        0.01027870
     1.4000000        0.44493862        0.01199007
     1.5000000        0.44253553        0.01391441
     1.6000000        0.42602087        0.01000400
     1.7000000        0.41653655        0.00909754
     1.8000000        0.41801746        0.00793374
     1.9000000        0.41414981        0.00876458
     2.0000000        0.41756664        0.00848555
     2.1000000        0.42325748        0.00769422
     2.2000000        0.42895866        0.00850724
     2.3000000        0.42653106        0.00730350
     2.4000000        0.43274749        0.00889934
     2.5000000        0.43000831        0.00575666
     2.6000000        0.43804011        0.00813144
     2.7000000        0.45358668        0.00998411
     2.8000000        0.47687994        0.01133078
     2.9000000        0.49520984        0.01210528
     3.0000000        0.51219475        0.01067103
     3.1000000        0.54785264        0.01008864
     3.2000000        0.56094396        0.01169019
     3.3000000        0.58892619        0.01296449
     3.4000000        0.61814686        0.01063657
     3.5000000        0.65914662        0.01321419
     3.6000000        0.69800546        0.01569135
     3.7000000        0.75256517        0.01640453
     3.8000000        0.81699002        0.01702091
     3.9000000        0.90557538        0.01486678
     4.0000000        1.00904096        0.01218504
