          21           4   2.0000000000000000                1
     0.0000000        0.51166827        0.01861648
     0.1000000        0.38782984        0.02113343
     0.2000000        0.28898630        0.01618275
     0.3000000        0.22249228        0.01178148
     0.4000000        0.18487656        0.01146894
     0.5000000        0.15910257        0.00716346
     0.6000000        0.13887393        0.00816564
     0.7000000        0.11461145        0.00942917
     0.8000000        0.11621841        0.01255365
     0.9000000        0.11282807        0.01588355
     1.0000000        0.12133415        0.02202051
     1.1000000        0.13229552        0.02574561
     1.2000000        0.12821668        0.01247370
     1.3000000        0.13930931        0.01535359
     1.4000000        0.18100258        0.01376098
     1.5000000        0.24323141        0.00846714
     1.6000000        0.33404956        0.01438683
     1.7000000        0.44178550        0.00902333
     1.8000000        0.64275954        0.00829183
     1.9000000        0.98160182        0.01984050
     2.0000000        1.48833173        0.01861648
