          61           4   6.0000000000000000                1
     0.0000000        1.00000000        0.00000000
     0.1000000        0.88943290        0.02121618
     0.2000000        0.78939675        0.02848935
     0.3000000        0.70009678        0.01924217
     0.4000000        0.64383849        0.02898537
     0.5000000        0.60650039        0.01969749
     0.6000000        0.55491934        0.01405159
     0.7000000        0.48953809        0.03537565
     0.8000000        0.44816385        0.04026749
     0.9000000        0.37912135        0.03415464
     1.0000000        0.37945615        0.04661825
     1.1000000        0.38458341        0.04525073
     1.2000000        0.33867809        0.05114894
     1.3000000        0.31784657        0.04421062
     1.4000000        0.29640290        0.04435547
     1.5000000        0.24480157        0.03441541
     1.6000000        0.24320373        0.03266199
     1.7000000        0.21814133        0.04078107
     1.8000000        0.22396627        0.03284274
     1.9000000        0.22159970        0.04730249
     2.0000000        0.19354603        0.06029721
     2.1000000        0.21008742        0.08151193
     2.2000000        0.23680568        0.06812888
     2.3000000        0.22011391        0.07839065
     2.4000000        0.21140474        0.05131435
     2.5000000        0.16532988        0.04021332
     2.6000000        0.13746147        0.03931797
     2.7000000        0.11152269        0.05771928
     2.8000000        0.12792546        0.05565163
     2.9000000        0.13779552        0.07132841
     3.0000000        0.12742761        0.07299856
     3.1000000        0.12205218        0.05433181
     3.2000000        0.14171047        0.06739979
     3.3000000        0.12777753        0.08214058
     3.4000000        0.14079751        0.07615609
     3.5000000        0.15036216        0.07134361
     3.6000000        0.16237691        0.05169746
     3.7000000        0.14103307        0.04368271
     3.8000000        0.16059116        0.05504564
     3.9000000        0.18977856        0.05261599
     4.0000000        0.20891249        0.04720381
     4.1000000        0.21414756        0.04304642
     4.2000000        0.21551327        0.03769953
     4.3000000        0.22758407        0.04964365
     4.4000000        0.24665539        0.07041313
     4.5000000        0.25894935        0.05142430
     4.6000000        0.27490418        0.04608531
     4.7000000        0.30530891        0.03817668
     4.8000000        0.32521183        0.04059996
     4.9000000        0.36243700        0.03067685
     5.0000000        0.39007184        0.01978668
     5.1000000        0.43609400        0.03886728
     5.2000000        0.45997991        0.02481129
     5.3000000        0.46508998        0.02302846
     5.4000000        0.51569394        0.01277566
     5.5000000        0.55716036        0.02091482
     5.6000000        0.63665426        0.02261476
     5.7000000        0.72357426        0.02071183
     5.8000000        0.79405836        0.01967184
     5.9000000        0.87336569        0.01479569
     6.0000000        1.00000000        0.00000000
