           9           4   2.0000000000000000                1
     0.0000000        0.27980013        0.00221162
     0.1250000        0.16238904        0.00172188
     0.2500000        0.09997292        0.00118201
     0.3750000        0.06586290        0.00061897
     0.5000000        0.04678045        0.00019355
     0.6250000        0.03594819        0.00011911
     0.7500000        0.02982460        0.00018522
     0.8750000        0.02654057        0.00009148
     1.0000000        0.02549683        0.00005250
