   -1.570796     -1.570796
  1    1        1.72248174        0.07976530        0.00000000        0.00000000
   -1.570796      0.000000
  1    1        1.40670993        0.02165088        0.00000000        0.00000000
   -1.570796      1.570796
  1    1        1.71020014        0.06401418        0.00000000        0.00000000
   -1.570796      3.141593
  1    1        1.88781154        0.14902806        0.00000000        0.00000000
    0.000000     -1.570796
  1    1        1.61843112        0.05409266        0.00000000        0.00000000
    0.000000      0.000000
  1    1        1.45214448        0.04367995        0.00000000        0.00000000
    0.000000      1.570796
  1    1        1.61843112        0.05409266       -0.00000000        0.00000000
    0.000000      3.141593
  1    1        2.30346626        0.15452783        0.00000000        0.00000000
    1.570796     -1.570796
  1    1        1.71020014        0.06401418       -0.00000000        0.00000000
    1.570796      0.000000
  1    1        1.40670993        0.02165088       -0.00000000        0.00000000
    1.570796      1.570796
  1    1        1.72248174        0.07976530       -0.00000000        0.00000000
    1.570796      3.141593
  1    1        1.88781154        0.14902806       -0.00000000        0.00000000
    3.141593     -1.570796
  1    1        1.99627495        0.08670823       -0.00000000        0.00000000
    3.141593      0.000000
  1    1        1.86049063        0.02809121        0.00000000        0.00000000
    3.141593      1.570796
  1    1        1.99627495        0.08670823        0.00000000        0.00000000
    3.141593      3.141593
  1    1        2.39776241        0.18707903        0.00000000        0.00000000
