 0.10000000000000000E+001          1         16
( 0.99999999999999656E+000, 0.00000000000000000E+000)
-0.15707963267948966E+001 -0.15707963267948966E+001
( 0.23872070633790354E+000,-0.22020172239253308E-015)
-0.15707963267948966E+001  0.00000000000000000E+000
( 0.12582036964871879E+000, 0.26732085003045567E-015)
-0.15707963267948966E+001  0.15707963267948966E+001
( 0.18509790196369691E+000, 0.44108394528971384E-015)
-0.15707963267948966E+001  0.31415926535897931E+001
( 0.32512532355039259E+000,-0.68966501338558692E-015)
 0.00000000000000000E+000 -0.15707963267948966E+001
( 0.13576049038860707E+000, 0.48888164356351611E-015)
 0.00000000000000000E+000  0.00000000000000000E+000
( 0.16000343125773249E+002, 0.00000000000000000E+000)
 0.00000000000000000E+000  0.15707963267948966E+001
( 0.13576049038860707E+000,-0.48888164356351611E-015)
 0.00000000000000000E+000  0.31415926535897931E+001
( 0.23926412784261597E+000, 0.97776328712703222E-015)
 0.15707963267948966E+001 -0.15707963267948966E+001
( 0.18509790196369691E+000,-0.44108394528971384E-015)
 0.15707963267948966E+001  0.00000000000000000E+000
( 0.12582036964871879E+000,-0.26732085003045567E-015)
 0.15707963267948966E+001  0.15707963267948966E+001
( 0.23872070633790354E+000, 0.22020172239253308E-015)
 0.15707963267948966E+001  0.31415926535897931E+001
( 0.32512532355039259E+000, 0.64385015634002310E-015)
 0.31415926535897931E+001 -0.15707963267948966E+001
( 0.26907497879631526E+000, 0.66765491096385048E-015)
 0.31415926535897931E+001  0.00000000000000000E+000
( 0.23518636565099871E+000, 0.97873090991097395E-015)
 0.31415926535897931E+001  0.15707963267948966E+001
( 0.26907497879631526E+000,-0.22589046516948886E-015)
 0.31415926535897931E+001  0.31415926535897931E+001
( 0.39061264205062374E+000, 0.41194162577920352E-017)
 0.10000000000000000E+001          1         16
( 0.99999999999999944E+000, 0.00000000000000000E+000)
-0.15707963267948966E+001 -0.15707963267948966E+001
( 0.24158426648461073E+000,-0.55138038376566602E-015)
-0.15707963267948966E+001  0.00000000000000000E+000
( 0.16618317660561988E+000, 0.26498508393024652E-015)
-0.15707963267948966E+001  0.15707963267948966E+001
( 0.24131997691972884E+000, 0.77398834229686820E-015)
-0.15707963267948966E+001  0.31415926535897931E+001
( 0.32890051077363780E+000, 0.86665796642905657E-015)
 0.00000000000000000E+000 -0.15707963267948966E+001
( 0.16389296537799028E+000, 0.10422861905217267E-014)
 0.00000000000000000E+000  0.00000000000000000E+000
( 0.16000133305566848E+002, 0.00000000000000000E+000)
 0.00000000000000000E+000  0.15707963267948966E+001
( 0.16389296537799028E+000,-0.10422861905217267E-014)
 0.00000000000000000E+000  0.31415926535897931E+001
( 0.23998517848820278E+000, 0.97434935641829683E-015)
 0.15707963267948966E+001 -0.15707963267948966E+001
( 0.24131997691972884E+000,-0.77398834229686820E-015)
 0.15707963267948966E+001  0.00000000000000000E+000
( 0.16618317660561988E+000,-0.26498508393024652E-015)
 0.15707963267948966E+001  0.15707963267948966E+001
( 0.24158426648461073E+000, 0.55138038376566602E-015)
 0.15707963267948966E+001  0.31415926535897931E+001
( 0.32890051077363780E+000,-0.68632670575997622E-015)
 0.31415926535897931E+001 -0.15707963267948966E+001
( 0.32821154060921354E+000,-0.22210759956803127E-015)
 0.31415926535897931E+001  0.00000000000000000E+000
( 0.23982988926000948E+000, 0.97405937771055546E-015)
 0.31415926535897931E+001  0.15707963267948966E+001
( 0.32821154060921354E+000, 0.44527891170540448E-015)
 0.31415926535897931E+001  0.31415926535897931E+001
( 0.39613510560708698E+000,-0.25802587845283307E-017)
 0.10000000000000000E+001          1         16
( 0.99999999999999745E+000, 0.00000000000000000E+000)
-0.15707963267948966E+001 -0.15707963267948966E+001
( 0.23732265695138566E+000, 0.33670978412792728E-015)
-0.15707963267948966E+001  0.00000000000000000E+000
( 0.15499825633055431E+000, 0.26538631830873786E-015)
-0.15707963267948966E+001  0.15707963267948966E+001
( 0.23626638857298998E+000, 0.10799024670867880E-015)
-0.15707963267948966E+001  0.31415926535897931E+001
( 0.32706141433945990E+000,-0.21650249275751409E-016)
 0.00000000000000000E+000 -0.15707963267948966E+001
( 0.16353080118544042E+000, 0.43174232404950541E-016)
 0.00000000000000000E+000  0.00000000000000000E+000
( 0.16000222401195948E+002, 0.00000000000000000E+000)
 0.00000000000000000E+000  0.15707963267948966E+001
( 0.16353080118544042E+000,-0.43174232404950541E-016)
 0.00000000000000000E+000  0.31415926535897931E+001
( 0.24207100823195127E+000, 0.97452688451002631E-015)
 0.15707963267948966E+001 -0.15707963267948966E+001
( 0.23626638857298998E+000,-0.10799024670867880E-015)
 0.15707963267948966E+001  0.00000000000000000E+000
( 0.15499825633055431E+000,-0.26538631830873786E-015)
 0.15707963267948966E+001  0.15707963267948966E+001
( 0.23732265695138566E+000,-0.33670978412792728E-015)
 0.15707963267948966E+001  0.31415926535897931E+001
( 0.32706141433945990E+000, 0.42357817288299050E-015)
 0.31415926535897931E+001 -0.15707963267948966E+001
( 0.32003370807213227E+000,-0.33295035636456144E-015)
 0.31415926535897931E+001  0.00000000000000000E+000
( 0.23047626242452490E+000, 0.97486184646753835E-015)
 0.31415926535897931E+001  0.15707963267948966E+001
( 0.32003370807213227E+000, 0.55621660326267961E-015)
 0.31415926535897931E+001  0.31415926535897931E+001
( 0.39344707155982084E+000,-0.21277522357949102E-017)
 0.10000000000000000E+001          1         16
( 0.99999999999999467E+000, 0.00000000000000000E+000)
-0.15707963267948966E+001 -0.15707963267948966E+001
( 0.23618042498476555E+000,-0.21835796643242419E-015)
-0.15707963267948966E+001  0.00000000000000000E+000
( 0.16094249779177261E+000, 0.48729370288218901E-015)
-0.15707963267948966E+001  0.15707963267948966E+001
( 0.23733575296112852E+000,-0.44711432909091402E-015)
-0.15707963267948966E+001  0.31415926535897931E+001
( 0.32272491303425399E+000, 0.20054544902683087E-015)
 0.00000000000000000E+000 -0.15707963267948966E+001
( 0.15957171457657940E+000, 0.59839643319831463E-015)
 0.00000000000000000E+000  0.00000000000000000E+000
( 0.16000190452943809E+002, 0.00000000000000000E+000)
 0.00000000000000000E+000  0.15707963267948966E+001
( 0.15957171457657940E+000,-0.59839643319831463E-015)
 0.00000000000000000E+000  0.31415926535897931E+001
( 0.23780014341307876E+000, 0.97474826147159796E-015)
 0.15707963267948966E+001 -0.15707963267948966E+001
( 0.23733575296112852E+000, 0.44711432909091402E-015)
 0.15707963267948966E+001  0.00000000000000000E+000
( 0.16094249779177261E+000,-0.48729370288218901E-015)
 0.15707963267948966E+001  0.15707963267948966E+001
( 0.23618042498476555E+000, 0.21835796643242419E-015)
 0.15707963267948966E+001  0.31415926535897931E+001
( 0.32272491303425399E+000,-0.20588479866140345E-016)
 0.31415926535897931E+001 -0.15707963267948966E+001
( 0.32474789260648418E+000,-0.44400339197699991E-015)
 0.31415926535897931E+001  0.00000000000000000E+000
( 0.23791473678752872E+000, 0.97458740576437802E-015)
 0.31415926535897931E+001  0.15707963267948966E+001
( 0.32474789260648418E+000, 0.66737103540554269E-015)
 0.31415926535897931E+001  0.31415926535897931E+001
( 0.39277721440263935E+000,-0.20620787894461005E-017)
