   -1.570796     -1.570796
  1    1        0.60520965        0.02067157        0.00000000        0.00000000
   -1.570796      0.000000
  1    1        0.38467997        0.06049123       -0.00000000        0.00000000
   -1.570796      1.570796
  1    1        0.58878534        0.05880522       -0.00000000        0.00000000
   -1.570796      3.141593
  1    1        0.85260076        0.04199109        0.00000000        0.00000000
    0.000000     -1.570796
  1    1        0.37982275        0.04849034        0.00000000        0.00000000
    0.000000      0.000000
  1    1        0.01681623        0.11129693        0.00000000        0.00000000
    0.000000      1.570796
  1    1        0.37982275        0.04849034       -0.00000000        0.00000000
    0.000000      3.141593
  1    1        0.67153909        0.02431497       -0.00000000        0.00000000
    1.570796     -1.570796
  1    1        0.58878534        0.05880522        0.00000000        0.00000000
    1.570796      0.000000
  1    1        0.38467997        0.06049123        0.00000000        0.00000000
    1.570796      1.570796
  1    1        0.60520965        0.02067157       -0.00000000        0.00000000
    1.570796      3.141593
  1    1        0.85260076        0.04199109       -0.00000000        0.00000000
    3.141593     -1.570796
  1    1        0.83743146        0.06483401        0.00000000        0.00000000
    3.141593      0.000000
  1    1        0.62613139        0.06413582       -0.00000000        0.00000000
    3.141593      1.570796
  1    1        0.83743146        0.06483401       -0.00000000        0.00000000
    3.141593      3.141593
  1    1        3.61758661        0.05288540        0.00000000        0.00000000
