   -1.570796     -1.570796
  1    1        0.60732314        0.02667424        0.00000000        0.00000000
   -1.570796      0.000000
  1    1        0.42380035        0.02813884       -0.00000000        0.00000000
   -1.570796      1.570796
  1    1        0.60315328        0.05557542        0.00000000        0.00000000
   -1.570796      3.141593
  1    1        0.81453327        0.02564850        0.00000000        0.00000000
    0.000000     -1.570796
  1    1        0.43586331        0.02017976        0.00000000        0.00000000
    0.000000      0.000000
  1    1        0.01514772        0.00857662        0.00000000        0.00000000
    0.000000      1.570796
  1    1        0.43586331        0.02017976       -0.00000000        0.00000000
    0.000000      3.141593
  1    1        0.65143488        0.02740772       -0.00000000        0.00000000
    1.570796     -1.570796
  1    1        0.60315328        0.05557542       -0.00000000        0.00000000
    1.570796      0.000000
  1    1        0.42380035        0.02813884        0.00000000        0.00000000
    1.570796      1.570796
  1    1        0.60732314        0.02667424       -0.00000000        0.00000000
    1.570796      3.141593
  1    1        0.81453327        0.02564850       -0.00000000        0.00000000
    3.141593     -1.570796
  1    1        0.79396893        0.04728564        0.00000000        0.00000000
    3.141593      0.000000
  1    1        0.61067242        0.07724466       -0.00000000        0.00000000
    3.141593      1.570796
  1    1        0.79396893        0.04728564       -0.00000000        0.00000000
    3.141593      3.141593
  1    1        3.59459360        0.48166023        0.00000000        0.00000000
