 0.10000000000000000E+001          1         16         21  0.10000000000000001E+000
( 0.00000000000000000E+000, 0.70765634481971510E-016)
-0.15707963267948966E+001 -0.15707963267948966E+001
( 0.97046593260840752E+000, 0.11187611107985529E-015)
( 0.73328360316219421E+000, 0.16977480993745155E-001)
( 0.53441529828690981E+000,-0.38261764338192193E-001)
( 0.42715139123763135E+000, 0.35606584173851014E-001)
( 0.33367757806176962E+000, 0.37412092705790850E-001)
( 0.27434642478662269E+000,-0.73225437973022988E-002)
( 0.24260325711414146E+000, 0.30348079911051984E-001)
( 0.22036432989607116E+000, 0.35361786201127392E-001)
( 0.19124092945463717E+000, 0.14666656347815929E-001)
( 0.18254589578127925E+000, 0.10287804556313500E-001)
( 0.16804202746033450E+000,-0.30614636086651506E-001)
( 0.15468386644683216E+000,-0.90972897201658156E-002)
( 0.19962579132972441E+000, 0.19196840031587267E-001)
( 0.21289527749357595E+000, 0.17126261933747652E-001)
( 0.25032748407310240E+000, 0.18800594619230832E-002)
( 0.27307019507212643E+000,-0.52188231503434206E-001)
( 0.31018697127007960E+000, 0.77826137631960097E-002)
( 0.48152841041977523E+000,-0.82781186270493544E-002)
( 0.41299163799872918E+000, 0.77136349700408424E-002)
( 0.65363303088303404E+000,-0.59964546632027488E-002)
( 0.97046593260840275E+000,-0.42415344299697820E-015)
-0.15707963267948966E+001  0.00000000000000000E+000
( 0.77009705515217086E+000, 0.84943521285079190E-016)
( 0.66011831654779540E+000, 0.10535384230519021E-001)
( 0.49694051969009528E+000,-0.15790829561964148E-001)
( 0.46099402142719864E+000, 0.33969141607662290E-001)
( 0.38677914754474446E+000, 0.23140428287328117E-001)
( 0.30791732150671602E+000,-0.17537736143645243E-001)
( 0.27558732031102467E+000, 0.13102691208872228E-001)
( 0.24561950305887664E+000, 0.16693069494867912E-001)
( 0.20993458461764508E+000, 0.62856016583347496E-002)
( 0.19398864734216895E+000, 0.70879977846519885E-003)
( 0.16244097565888402E+000,-0.13255696721155374E-001)
( 0.14470073383521576E+000, 0.18848901555969206E-001)
( 0.18806688512348074E+000, 0.11535670490681329E-001)
( 0.21803280869131586E+000, 0.12453037347819504E-001)
( 0.24538254687802924E+000,-0.60591565630916701E-002)
( 0.22135752544594209E+000,-0.53585547736697867E-001)
( 0.29703901511821151E+000,-0.84071349120730856E-002)
( 0.41462193157096888E+000,-0.29104837548297072E-001)
( 0.36641922092051260E+000, 0.71573934105851359E-002)
( 0.52825251405272056E+000,-0.10689179884179395E-001)
( 0.77009705515216575E+000, 0.80138431686350051E-015)
-0.15707963267948966E+001  0.15707963267948966E+001
( 0.94702776119760768E+000, 0.58980598183211441E-016)
( 0.74547648523934773E+000,-0.47688909445230618E-002)
( 0.52242853149939228E+000,-0.27693075387662580E-001)
( 0.47107429456431071E+000, 0.48015195429113054E-001)
( 0.39540595877960566E+000, 0.41956002481415809E-001)
( 0.33392937907786208E+000,-0.14500665686632561E-001)
( 0.28982339153914105E+000, 0.20315841799173180E-001)
( 0.27464925774833882E+000, 0.16655629616745542E-001)
( 0.24552951727073252E+000, 0.16942667690490489E-001)
( 0.21499276710413531E+000, 0.41586591733053474E-003)
( 0.17178038782005042E+000,-0.24930794918132285E-001)
( 0.13929692496403503E+000,-0.94165732537489239E-002)
( 0.22024096234977109E+000, 0.66327549586341151E-002)
( 0.23043666681591629E+000, 0.16602566483472896E-002)
( 0.27331926441738458E+000,-0.45435778698304846E-002)
( 0.25043104716418807E+000,-0.93568580339884119E-001)
( 0.31206469360980044E+000,-0.30085386926552486E-001)
( 0.44949549707675840E+000,-0.52035001183374896E-001)
( 0.42647412272510876E+000, 0.27230799596162980E-001)
( 0.62807707750024244E+000,-0.24457611201196962E-002)
( 0.94702776119760335E+000, 0.50827397846120448E-015)
-0.15707963267948966E+001  0.31415926535897931E+001
( 0.11468023885673200E+001, 0.63058088298950776E-016)
( 0.83165977417383707E+000, 0.19835752851946425E-001)
( 0.56415710542992059E+000,-0.16517490047940460E-001)
( 0.51337944200711294E+000, 0.38193079317957276E-001)
( 0.41647946449101431E+000, 0.43751533561999525E-001)
( 0.32479328672744701E+000,-0.66186444752965399E-002)
( 0.30597615322827115E+000, 0.24214611345853166E-001)
( 0.28260518877491297E+000, 0.18104002579394901E-001)
( 0.24583871393340734E+000, 0.14306257642285276E-001)
( 0.22970256264559955E+000,-0.83099197586005509E-003)
( 0.18213062150945028E+000,-0.10994492455699700E-001)
( 0.16870092799724279E+000,-0.70619488084275957E-003)
( 0.22276746918842827E+000,-0.26477665757509435E-001)
( 0.23178724110958485E+000,-0.11872043360891000E-001)
( 0.26436261319102611E+000, 0.88781235595532648E-002)
( 0.21239645965922124E+000,-0.76712260259979223E-001)
( 0.34183618003893268E+000,-0.23890113487070617E-001)
( 0.49019029734154457E+000,-0.45900021965839026E-001)
( 0.49223741342377347E+000, 0.42613400644634009E-001)
( 0.75187189406594435E+000,-0.34187765264143648E-003)
( 0.11468023885673149E+001,-0.49031870053765080E-015)
 0.00000000000000000E+000 -0.15707963267948966E+001
( 0.10137131281871792E+001,-0.30289895226350243E-017)
( 0.74983583592672920E+000, 0.70637861160981500E-002)
( 0.58359054000169730E+000, 0.12280779616322741E-001)
( 0.48101381278686089E+000,-0.23827419620875312E-001)
( 0.40271834958586011E+000,-0.19187832210879094E-001)
( 0.31919244380535844E+000,-0.14909798930721349E-001)
( 0.30052352792780235E+000,-0.82549045885618212E-002)
( 0.27285018253406124E+000,-0.52883134071095572E-002)
( 0.22282851833142411E+000,-0.92502441868183127E-003)
( 0.18550758624449551E+000, 0.60505012686858121E-002)
( 0.17883685869361352E+000,-0.34760572147605036E-004)
( 0.20353986606364785E+000, 0.16868527963424956E-001)
( 0.20632874045394062E+000, 0.10963652113047917E-001)
( 0.22583825038738187E+000,-0.24137449803275754E-002)
( 0.23537104404712345E+000,-0.29185219364634154E-002)
( 0.30655360740353738E+000,-0.26663129122792536E-002)
( 0.43257164901525580E+000,-0.53165574406216429E-001)
( 0.50837091685344094E+000, 0.27416549739807863E-002)
( 0.56182518916413504E+000, 0.25061700597718384E-001)
( 0.75548987828188774E+000, 0.50473490098124092E-002)
( 0.10137131281871743E+001,-0.44662352946078356E-016)
 0.00000000000000000E+000  0.00000000000000000E+000
( 0.62213094445628780E+000, 0.00000000000000000E+000)
( 0.55013393491862572E+000, 0.00000000000000000E+000)
( 0.49844471482336694E+000, 0.00000000000000000E+000)
( 0.42315986718534204E+000, 0.00000000000000000E+000)
( 0.39244736847713024E+000, 0.00000000000000000E+000)
( 0.35317760882625721E+000, 0.00000000000000000E+000)
( 0.31985125951999360E+000, 0.00000000000000000E+000)
( 0.29960938053171343E+000, 0.00000000000000000E+000)
( 0.23564804709168508E+000, 0.00000000000000000E+000)
( 0.20443519509733704E+000, 0.00000000000000000E+000)
( 0.20007974079872329E+000, 0.00000000000000000E+000)
( 0.22271413084828914E+000, 0.00000000000000000E+000)
( 0.23144711481285968E+000, 0.00000000000000000E+000)
( 0.25593995081297011E+000, 0.00000000000000000E+000)
( 0.27941619770367832E+000, 0.00000000000000000E+000)
( 0.31753903567297365E+000, 0.00000000000000000E+000)
( 0.34458682839497717E+000, 0.00000000000000000E+000)
( 0.44316142148719229E+000, 0.00000000000000000E+000)
( 0.44134949596325512E+000, 0.00000000000000000E+000)
( 0.50048890485249631E+000, 0.00000000000000000E+000)
( 0.62213094445628436E+000, 0.00000000000000000E+000)
 0.00000000000000000E+000  0.15707963267948966E+001
( 0.10137131281871792E+001, 0.30289895226350243E-017)
( 0.74983583592672920E+000,-0.70637861160981500E-002)
( 0.58359054000169730E+000,-0.12280779616322741E-001)
( 0.48101381278686089E+000, 0.23827419620875312E-001)
( 0.40271834958586011E+000, 0.19187832210879094E-001)
( 0.31919244380535844E+000, 0.14909798930721349E-001)
( 0.30052352792780235E+000, 0.82549045885618212E-002)
( 0.27285018253406124E+000, 0.52883134071095572E-002)
( 0.22282851833142411E+000, 0.92502441868183127E-003)
( 0.18550758624449551E+000,-0.60505012686858121E-002)
( 0.17883685869361352E+000, 0.34760572147605036E-004)
( 0.20353986606364785E+000,-0.16868527963424956E-001)
( 0.20632874045394062E+000,-0.10963652113047917E-001)
( 0.22583825038738187E+000, 0.24137449803275754E-002)
( 0.23537104404712345E+000, 0.29185219364634154E-002)
( 0.30655360740353738E+000, 0.26663129122792536E-002)
( 0.43257164901525580E+000, 0.53165574406216429E-001)
( 0.50837091685344094E+000,-0.27416549739807863E-002)
( 0.56182518916413504E+000,-0.25061700597718384E-001)
( 0.75548987828188774E+000,-0.50473490098124092E-002)
( 0.10137131281871743E+001, 0.44662352946078356E-016)
 0.00000000000000000E+000  0.31415926535897931E+001
( 0.13707669602917050E+001,-0.21142517649531474E-017)
( 0.97351600612382672E+000, 0.60318122487564135E-018)
( 0.73389206742010349E+000, 0.24856743649089720E-017)
( 0.58988860393742815E+000, 0.60421430766362571E-017)
( 0.47755295458976676E+000, 0.63032134971920443E-017)
( 0.37649622105837616E+000, 0.74157593013088172E-017)
( 0.35617715243123349E+000, 0.56022181350765016E-017)
( 0.32285255974205579E+000, 0.53479224773456817E-017)
( 0.26271974199158449E+000, 0.33408855309630623E-017)
( 0.20735947276196723E+000, 0.17560512226116100E-017)
( 0.21695700572679671E+000, 0.36391941234367849E-017)
( 0.23413128392166194E+000, 0.98147032011194275E-018)
( 0.26415796519776913E+000, 0.37364154401859590E-017)
( 0.30304576385863652E+000, 0.68663927723009768E-017)
( 0.34531333708109047E+000, 0.97864275396941791E-017)
( 0.39556926801034015E+000, 0.64498298275315962E-017)
( 0.54492452110693801E+000, 0.80030178639359616E-017)
( 0.62878558999711764E+000, 0.30445863142491941E-017)
( 0.70416335052591716E+000,-0.17304830590830255E-017)
( 0.96228418675657135E+000,-0.35699288776222208E-017)
( 0.13707669602917001E+001,-0.21142517649530392E-017)
 0.15707963267948966E+001 -0.15707963267948966E+001
( 0.94702776119760768E+000,-0.58980598183211441E-016)
( 0.74547648523934773E+000, 0.47688909445230618E-002)
( 0.52242853149939228E+000, 0.27693075387662580E-001)
( 0.47107429456431071E+000,-0.48015195429113054E-001)
( 0.39540595877960566E+000,-0.41956002481415809E-001)
( 0.33392937907786208E+000, 0.14500665686632561E-001)
( 0.28982339153914105E+000,-0.20315841799173180E-001)
( 0.27464925774833882E+000,-0.16655629616745542E-001)
( 0.24552951727073252E+000,-0.16942667690490489E-001)
( 0.21499276710413531E+000,-0.41586591733053474E-003)
( 0.17178038782005042E+000, 0.24930794918132285E-001)
( 0.13929692496403503E+000, 0.94165732537489239E-002)
( 0.22024096234977109E+000,-0.66327549586341151E-002)
( 0.23043666681591629E+000,-0.16602566483472896E-002)
( 0.27331926441738458E+000, 0.45435778698304846E-002)
( 0.25043104716418807E+000, 0.93568580339884119E-001)
( 0.31206469360980044E+000, 0.30085386926552486E-001)
( 0.44949549707675840E+000, 0.52035001183374896E-001)
( 0.42647412272510876E+000,-0.27230799596162980E-001)
( 0.62807707750024244E+000, 0.24457611201196962E-002)
( 0.94702776119760335E+000,-0.50827397846120448E-015)
 0.15707963267948966E+001  0.00000000000000000E+000
( 0.77009705515217086E+000,-0.84943521285079190E-016)
( 0.66011831654779540E+000,-0.10535384230519021E-001)
( 0.49694051969009528E+000, 0.15790829561964148E-001)
( 0.46099402142719864E+000,-0.33969141607662290E-001)
( 0.38677914754474446E+000,-0.23140428287328117E-001)
( 0.30791732150671602E+000, 0.17537736143645243E-001)
( 0.27558732031102467E+000,-0.13102691208872228E-001)
( 0.24561950305887664E+000,-0.16693069494867912E-001)
( 0.20993458461764508E+000,-0.62856016583347496E-002)
( 0.19398864734216895E+000,-0.70879977846519885E-003)
( 0.16244097565888402E+000, 0.13255696721155374E-001)
( 0.14470073383521576E+000,-0.18848901555969206E-001)
( 0.18806688512348074E+000,-0.11535670490681329E-001)
( 0.21803280869131586E+000,-0.12453037347819504E-001)
( 0.24538254687802924E+000, 0.60591565630916701E-002)
( 0.22135752544594209E+000, 0.53585547736697867E-001)
( 0.29703901511821151E+000, 0.84071349120730856E-002)
( 0.41462193157096888E+000, 0.29104837548297072E-001)
( 0.36641922092051260E+000,-0.71573934105851359E-002)
( 0.52825251405272056E+000, 0.10689179884179395E-001)
( 0.77009705515216575E+000,-0.80138431686350051E-015)
 0.15707963267948966E+001  0.15707963267948966E+001
( 0.97046593260840752E+000,-0.11187611107985529E-015)
( 0.73328360316219421E+000,-0.16977480993745155E-001)
( 0.53441529828690981E+000, 0.38261764338192193E-001)
( 0.42715139123763135E+000,-0.35606584173851014E-001)
( 0.33367757806176962E+000,-0.37412092705790850E-001)
( 0.27434642478662269E+000, 0.73225437973022988E-002)
( 0.24260325711414146E+000,-0.30348079911051984E-001)
( 0.22036432989607116E+000,-0.35361786201127392E-001)
( 0.19124092945463717E+000,-0.14666656347815929E-001)
( 0.18254589578127925E+000,-0.10287804556313500E-001)
( 0.16804202746033450E+000, 0.30614636086651506E-001)
( 0.15468386644683216E+000, 0.90972897201658156E-002)
( 0.19962579132972441E+000,-0.19196840031587267E-001)
( 0.21289527749357595E+000,-0.17126261933747652E-001)
( 0.25032748407310240E+000,-0.18800594619230832E-002)
( 0.27307019507212643E+000, 0.52188231503434206E-001)
( 0.31018697127007960E+000,-0.77826137631960097E-002)
( 0.48152841041977523E+000, 0.82781186270493544E-002)
( 0.41299163799872918E+000,-0.77136349700408424E-002)
( 0.65363303088303404E+000, 0.59964546632027488E-002)
( 0.97046593260840275E+000, 0.42415344299697820E-015)
 0.15707963267948966E+001  0.31415926535897931E+001
( 0.11468023885673200E+001,-0.64819918016225142E-016)
( 0.83165977417383707E+000,-0.19835752851946421E-001)
( 0.56415710542992059E+000, 0.16517490047940443E-001)
( 0.51337944200711294E+000,-0.38193079317957269E-001)
( 0.41647946449101431E+000,-0.43751533561999512E-001)
( 0.32479328672744701E+000, 0.66186444752965390E-002)
( 0.30597615322827115E+000,-0.24214611345853159E-001)
( 0.28260518877491292E+000,-0.18104002579394898E-001)
( 0.24583871393340734E+000,-0.14306257642285268E-001)
( 0.22970256264559955E+000, 0.83099197586005682E-003)
( 0.18213062150945028E+000, 0.10994492455699698E-001)
( 0.16870092799724279E+000, 0.70619488084276033E-003)
( 0.22276746918842821E+000, 0.26477665757509431E-001)
( 0.23178724110958482E+000, 0.11872043360890995E-001)
( 0.26436261319102611E+000,-0.88781235595532700E-002)
( 0.21239645965922124E+000, 0.76712260259979209E-001)
( 0.34183618003893268E+000, 0.23890113487070611E-001)
( 0.49019029734154457E+000, 0.45900021965839005E-001)
( 0.49223741342377347E+000,-0.42613400644634002E-001)
( 0.75187189406594435E+000, 0.34187765264143539E-003)
( 0.11468023885673149E+001, 0.48855687082037626E-015)
 0.31415926535897931E+001 -0.15707963267948966E+001
( 0.12666705755471439E+001, 0.27315118186310325E-016)
( 0.98364837995244159E+000,-0.18138302244352842E-001)
( 0.50678269943184373E+000, 0.98551917141313193E-002)
( 0.48273032949431288E+000,-0.27967941296973893E-003)
( 0.41591298990943831E+000,-0.13198196364505366E-001)
( 0.33024258263625966E+000,-0.90173851432822881E-002)
( 0.23241828357643973E+000, 0.40059704268874917E-002)
( 0.25655267908836610E+000, 0.24747996845255714E-002)
( 0.12881274466725059E+000, 0.87851610658792583E-002)
( 0.12735481605480914E+000, 0.30015317020627260E-001)
( 0.99051133947579348E-001, 0.24209721600330076E-002)
( 0.98370187975122508E-001, 0.46930450634337581E-002)
( 0.84703461930330820E-001,-0.10039585492372357E-001)
( 0.30466203404151855E-001, 0.15853426070801181E-001)
( 0.23344327976872321E-001, 0.45496887336629231E-001)
( 0.10044769271573867E+000, 0.22124792974511375E-001)
( 0.31467780022337266E+000,-0.21704682738421879E-001)
( 0.45421778999651014E+000,-0.10882929109009631E-001)
( 0.57944469318842984E+000,-0.32964287637124237E-001)
( 0.80557932046285585E+000, 0.86707790501480394E-003)
( 0.12666705755471352E+001, 0.96704057225382575E-016)
 0.31415926535897931E+001  0.00000000000000000E+000
( 0.11994729028627833E+001, 0.17231376684199344E-016)
( 0.98362904966382558E+000, 0.11784505686530562E-016)
( 0.49159102891924727E+000, 0.16983624381774342E-017)
( 0.46785132989142408E+000,-0.60568048054235256E-017)
( 0.40739793169483818E+000,-0.12242703116260997E-017)
( 0.31628294806434432E+000, 0.54313934323119583E-017)
( 0.19472883395990664E+000,-0.38453866361101500E-017)
( 0.21331786479831089E+000,-0.71628977596093880E-018)
( 0.74396791704920764E-001,-0.74945649321712899E-017)
( 0.84602094501233266E-001,-0.61451309647887860E-017)
( 0.27878385579894981E-001,-0.43115179426393099E-017)
( 0.69475385547513119E-001,-0.21376059484265160E-017)
( 0.79352229015880668E-001,-0.54132920036032913E-017)
( 0.12564463936187403E-001,-0.11785221756085221E-016)
(-0.31208153690930076E-001,-0.14110303059886235E-016)
( 0.24057156610734761E-001, 0.37059262523366009E-018)
( 0.32376976566898275E+000, 0.55778273578397970E-017)
( 0.48783691950523611E+000, 0.97949793942482598E-017)
( 0.62661411003441636E+000, 0.19643970086857275E-016)
( 0.80817206288864174E+000, 0.16749145211109536E-016)
( 0.11994729028627744E+001, 0.17231376684199134E-016)
 0.31415926535897931E+001  0.15707963267948966E+001
( 0.12666705755471439E+001, 0.14291138995835496E-016)
( 0.98364837995244159E+000, 0.18138302244352877E-001)
( 0.50678269943184373E+000,-0.98551917141313106E-002)
( 0.48273032949431288E+000, 0.27967941296973595E-003)
( 0.41591298990943831E+000, 0.13198196364505367E-001)
( 0.33024258263625966E+000, 0.90173851432823002E-002)
( 0.23241828357643973E+000,-0.40059704268874960E-002)
( 0.25655267908836610E+000,-0.24747996845255727E-002)
( 0.12881274466725057E+000,-0.87851610658792705E-002)
( 0.12735481605480914E+000,-0.30015317020627277E-001)
( 0.99051133947579348E-001,-0.24209721600330089E-002)
( 0.98370187975122508E-001,-0.46930450634337538E-002)
( 0.84703461930330820E-001, 0.10039585492372336E-001)
( 0.30466203404151855E-001,-0.15853426070801205E-001)
( 0.23344327976872293E-001,-0.45496887336629266E-001)
( 0.10044769271573865E+000,-0.22124792974511358E-001)
( 0.31467780022337266E+000, 0.21704682738421896E-001)
( 0.45421778999651014E+000, 0.10882929109009641E-001)
( 0.57944469318842984E+000, 0.32964287637124279E-001)
( 0.80557932046285585E+000,-0.86707790501477173E-003)
( 0.12666705755471352E+001,-0.55097800043236899E-016)
 0.31415926535897931E+001  0.31415926535897931E+001
( 0.14247538253095815E+001, 0.36298628213341051E-016)
( 0.10568473729776025E+001, 0.26748036865288043E-016)
( 0.59394486835880689E+000, 0.17440061580220929E-016)
( 0.49810016916312089E+000,-0.86374771397694647E-018)
( 0.42461488045056039E+000, 0.50755878415377450E-018)
( 0.36861391581931147E+000, 0.92587781001141468E-017)
( 0.27334436916459931E+000,-0.21820335654802517E-017)
( 0.27828893047203612E+000,-0.16364376390534811E-017)
( 0.17636875818798914E+000,-0.64680764429855382E-017)
( 0.17656822553928622E+000,-0.78001054539473544E-017)
( 0.15943440379057749E+000, 0.11320468805390073E-017)
( 0.13665699791150424E+000, 0.21311752420958271E-017)
( 0.15741806501859190E+000, 0.71298302593487165E-017)
( 0.11505135953048902E+000, 0.81091778291259994E-018)
( 0.16745267306879283E+000,-0.21525233841813540E-017)
( 0.25516134576439398E+000, 0.25315638147816742E-016)
( 0.37623798502410311E+000, 0.24452025967788417E-016)
( 0.54385434519207632E+000, 0.26273629213335856E-016)
( 0.62328392088576068E+000, 0.25392002047370137E-016)
( 0.90220051397667578E+000, 0.28099793170101800E-016)
( 0.14247538253095726E+001, 0.36298628213341026E-016)
 0.10000000000000000E+001          1         16         21  0.10000000000000001E+000
( 0.00000000000000000E+000, 0.13512024006857590E-015)
-0.15707963267948966E+001 -0.15707963267948966E+001
( 0.85552330034749746E+000,-0.86764829572394470E-017)
( 0.58983058718929937E+000,-0.44957642231498920E-002)
( 0.44848075631082190E+000,-0.25764969684054690E-001)
( 0.37185443449388411E+000,-0.27037115687755051E-001)
( 0.27174889784279638E+000,-0.13632901827662180E-002)
( 0.24232799167723890E+000,-0.99581129643838105E-002)
( 0.22952775020597219E+000,-0.29338497165928245E-001)
( 0.23368576280269043E+000, 0.20945567378842438E-001)
( 0.22261774882937652E+000,-0.18787539306713867E-002)
( 0.19657713554143647E+000,-0.11590348242889592E-001)
( 0.17604985718217675E+000,-0.53371465764562060E-003)
( 0.20401758318144525E+000,-0.36981637198485119E-002)
( 0.22441494749433255E+000, 0.75153213570121665E-002)
( 0.21158050073409243E+000,-0.12533397074058879E-001)
( 0.24439818596754517E+000,-0.16783958796247757E-001)
( 0.27238148133687312E+000,-0.14516869008572141E-001)
( 0.36057320463957260E+000, 0.82849489508865521E-002)
( 0.39420530158171524E+000, 0.14650487876504224E-001)
( 0.51254156096570247E+000, 0.10515182848815583E-001)
( 0.61946849675025750E+000,-0.81737929217770761E-003)
( 0.85552330034749502E+000, 0.28015497579289895E-015)
-0.15707963267948966E+001  0.00000000000000000E+000
( 0.65059621118586908E+000, 0.16922881641737915E-016)
( 0.46814607941136321E+000,-0.11877478308192350E-001)
( 0.38122822655173427E+000,-0.22085222182972341E-002)
( 0.35314790632351534E+000,-0.10498347004512160E-001)
( 0.25944191919668458E+000,-0.37511762714738291E-003)
( 0.21429350380340387E+000, 0.92531885513600556E-002)
( 0.20777243453549821E+000, 0.44076102526908753E-002)
( 0.19428727701190315E+000, 0.44233649629919422E-001)
( 0.20744771074515062E+000, 0.31174018876032543E-001)
( 0.23053904192911948E+000, 0.23950061441082384E-001)
( 0.19425190598365019E+000, 0.18049100118621667E-001)
( 0.22517310106352112E+000, 0.32140427153293395E-002)
( 0.21861531913230101E+000,-0.18381359542650019E-001)
( 0.23291548342090496E+000,-0.32181310032972477E-001)
( 0.25017489017425570E+000,-0.26018992828087784E-001)
( 0.27257278167970500E+000,-0.25848903260143639E-001)
( 0.33782835364527730E+000,-0.20903967778899458E-001)
( 0.34137831304744221E+000,-0.12736719437156834E-001)
( 0.43766224546117460E+000, 0.11647271011736673E-001)
( 0.50890955066887278E+000, 0.15101775441284665E-001)
( 0.65059621118586608E+000,-0.28144955622627289E-015)
-0.15707963267948966E+001  0.15707963267948966E+001
( 0.86236262132852726E+000,-0.11275702593849246E-016)
( 0.58977404446928106E+000, 0.20517845627668922E-002)
( 0.45306804549659213E+000,-0.12474885352803073E-001)
( 0.40721843712881067E+000,-0.10436875876436939E-001)
( 0.31553170782971945E+000,-0.73930251515927888E-002)
( 0.25199424510258051E+000,-0.31668654591538279E-002)
( 0.22151222389027278E+000, 0.32563820910353415E-002)
( 0.22685443503000391E+000, 0.17728732700783324E-001)
( 0.23633578028655122E+000, 0.32097191297869548E-002)
( 0.20669946220994329E+000, 0.26619782497751873E-001)
( 0.16042242040658483E+000, 0.34867671004881924E-001)
( 0.17982288715455502E+000, 0.34782263930097979E-001)
( 0.21100238261927018E+000, 0.33341020285658166E-002)
( 0.21929169783568983E+000, 0.83449311264118912E-002)
( 0.24871228055437236E+000,-0.13961157087417204E-001)
( 0.25405058253143975E+000, 0.25657407985272412E-003)
( 0.32261527371974780E+000,-0.95727183007893145E-002)
( 0.35796991794920779E+000,-0.14318774136378332E-001)
( 0.49741121484661205E+000, 0.11596969399453589E-001)
( 0.60734979485501683E+000, 0.18191433207297193E-001)
( 0.86236262132852481E+000,-0.78062556418956319E-016)
-0.15707963267948966E+001  0.31415926535897931E+001
( 0.10570931154708454E+001,-0.40945496717762552E-016)
( 0.69045943693692902E+000, 0.17278022406040081E-001)
( 0.50660597298396137E+000,-0.16254133961772489E-001)
( 0.40418459509055382E+000,-0.12646599179022167E-001)
( 0.29339842477208367E+000,-0.50549331548256065E-002)
( 0.25493945614968094E+000,-0.80482643838781006E-002)
( 0.21899443906028901E+000, 0.13404840163439426E-002)
( 0.20863843508043220E+000, 0.32130668153396373E-001)
( 0.20041061390799692E+000, 0.18009682528597297E-001)
( 0.17417182130029860E+000, 0.21812204854599133E-001)
( 0.16354982875708626E+000, 0.26136957051466243E-002)
( 0.18180800725670399E+000, 0.64450290866914237E-002)
( 0.19330550109205796E+000,-0.20339431341584134E-001)
( 0.20706633047381895E+000,-0.32168536755975946E-001)
( 0.22445262157823392E+000,-0.52795363626038294E-002)
( 0.25973416487618151E+000,-0.18003513812812257E-002)
( 0.33233520577972253E+000, 0.10849196065009985E-001)
( 0.37651071239479122E+000,-0.28233444549194023E-002)
( 0.53396757162169162E+000, 0.39403477380892298E-002)
( 0.71769074651944642E+000, 0.16428900496119933E-001)
( 0.10570931154708432E+001, 0.49260124033031380E-016)
 0.00000000000000000E+000 -0.15707963267948966E+001
( 0.99969332379832532E+000,-0.16044759364107761E-016)
( 0.71709466357833451E+000, 0.37042512875411185E-002)
( 0.57167804028864611E+000, 0.84160214938182928E-002)
( 0.48250689960687632E+000,-0.27552408115516266E-002)
( 0.38410047270634634E+000, 0.28877914509039444E-001)
( 0.31801415567453661E+000, 0.28543869391126235E-001)
( 0.29604814502551430E+000, 0.84503820142936802E-002)
( 0.26490524410095262E+000, 0.66860216560839496E-002)
( 0.29238132726388877E+000, 0.22671866829856089E-001)
( 0.26776379818316137E+000, 0.15444719766992682E-001)
( 0.19400490764143150E+000,-0.47904549079473826E-002)
( 0.20215076244426611E+000, 0.94079016647544960E-002)
( 0.22106722790491243E+000, 0.13108960977616520E-001)
( 0.26590535236751894E+000,-0.56633051171172391E-002)
( 0.33206659916709891E+000, 0.54563129198084937E-002)
( 0.35159731468438138E+000, 0.16877704044883745E-002)
( 0.41520702973054335E+000, 0.61101861823215503E-002)
( 0.48224709714583036E+000,-0.18244193395111338E-001)
( 0.60103548096943127E+000,-0.11435922134448622E-001)
( 0.74295143027070853E+000,-0.37295939527906843E-001)
( 0.99969332379832221E+000,-0.11752608270875098E-015)
 0.00000000000000000E+000  0.00000000000000000E+000
( 0.67089884671282052E+000, 0.00000000000000000E+000)
( 0.54618573538831394E+000, 0.00000000000000000E+000)
( 0.47994993671445391E+000, 0.00000000000000000E+000)
( 0.45329069873117911E+000, 0.00000000000000000E+000)
( 0.40141974619376947E+000, 0.00000000000000000E+000)
( 0.33683198308088069E+000, 0.00000000000000000E+000)
( 0.33162691845701631E+000, 0.00000000000000000E+000)
( 0.30005945955220537E+000, 0.00000000000000000E+000)
( 0.37703949207380461E+000, 0.00000000000000000E+000)
( 0.35039915092285467E+000, 0.00000000000000000E+000)
( 0.31125725706915996E+000, 0.00000000000000000E+000)
( 0.33334856020222275E+000, 0.00000000000000000E+000)
( 0.34705425620364400E+000, 0.00000000000000000E+000)
( 0.36157256141769312E+000, 0.00000000000000000E+000)
( 0.42254120342998736E+000, 0.00000000000000000E+000)
( 0.42385040878054336E+000, 0.00000000000000000E+000)
( 0.43471507449021196E+000, 0.00000000000000000E+000)
( 0.43733718587228615E+000, 0.00000000000000000E+000)
( 0.49644750921445591E+000, 0.00000000000000000E+000)
( 0.54012445594599856E+000, 0.00000000000000000E+000)
( 0.67089884671281719E+000, 0.00000000000000000E+000)
 0.00000000000000000E+000  0.15707963267948966E+001
( 0.99969332379832532E+000, 0.16044759364107761E-016)
( 0.71709466357833451E+000,-0.37042512875411185E-002)
( 0.57167804028864611E+000,-0.84160214938182928E-002)
( 0.48250689960687632E+000, 0.27552408115516266E-002)
( 0.38410047270634634E+000,-0.28877914509039444E-001)
( 0.31801415567453661E+000,-0.28543869391126235E-001)
( 0.29604814502551430E+000,-0.84503820142936802E-002)
( 0.26490524410095262E+000,-0.66860216560839496E-002)
( 0.29238132726388877E+000,-0.22671866829856089E-001)
( 0.26776379818316137E+000,-0.15444719766992682E-001)
( 0.19400490764143150E+000, 0.47904549079473826E-002)
( 0.20215076244426611E+000,-0.94079016647544960E-002)
( 0.22106722790491243E+000,-0.13108960977616520E-001)
( 0.26590535236751894E+000, 0.56633051171172391E-002)
( 0.33206659916709891E+000,-0.54563129198084937E-002)
( 0.35159731468438138E+000,-0.16877704044883745E-002)
( 0.41520702973054335E+000,-0.61101861823215503E-002)
( 0.48224709714583036E+000, 0.18244193395111338E-001)
( 0.60103548096943127E+000, 0.11435922134448622E-001)
( 0.74295143027070853E+000, 0.37295939527906843E-001)
( 0.99969332379832221E+000, 0.11752608270875098E-015)
 0.00000000000000000E+000  0.31415926535897931E+001
( 0.13697025323547762E+001, 0.25236744486805868E-017)
( 0.94549588287208597E+000, 0.30667475655391437E-017)
( 0.73501773146022531E+000, 0.33542796982540282E-017)
( 0.61527864202078364E+000, 0.66783678080116629E-017)
( 0.49203085096504945E+000, 0.41328046983061171E-017)
( 0.42792485964776639E+000, 0.43867333671344517E-017)
( 0.40293674983745303E+000, 0.76887376088995324E-017)
( 0.38203902061488770E+000, 0.85061485934219497E-017)
( 0.41265793149264129E+000, 0.97721325324725448E-017)
( 0.35981281758682321E+000, 0.88049001976836988E-017)
( 0.30319126041276645E+000, 0.14452033119505935E-016)
( 0.30023219183917416E+000, 0.12887167916143273E-016)
( 0.31508517183103885E+000, 0.11866034541445163E-016)
( 0.34641917607894090E+000, 0.11481531740525444E-016)
( 0.43591926530796765E+000, 0.11230907869111191E-016)
( 0.44326935414811108E+000, 0.98308272433409658E-017)
( 0.50384012997029970E+000, 0.58734533589463322E-017)
( 0.58525202582965996E+000, 0.57915631603306245E-017)
( 0.75747827748856045E+000, 0.45756888021134610E-017)
( 0.97407555984359662E+000, 0.63001363263872870E-017)
( 0.13697025323547733E+001, 0.25236744486806130E-017)
 0.15707963267948966E+001 -0.15707963267948966E+001
( 0.86236262132852726E+000, 0.11275702593849246E-016)
( 0.58977404446928106E+000,-0.20517845627668922E-002)
( 0.45306804549659213E+000, 0.12474885352803073E-001)
( 0.40721843712881067E+000, 0.10436875876436939E-001)
( 0.31553170782971945E+000, 0.73930251515927888E-002)
( 0.25199424510258051E+000, 0.31668654591538279E-002)
( 0.22151222389027278E+000,-0.32563820910353415E-002)
( 0.22685443503000391E+000,-0.17728732700783324E-001)
( 0.23633578028655122E+000,-0.32097191297869548E-002)
( 0.20669946220994329E+000,-0.26619782497751873E-001)
( 0.16042242040658483E+000,-0.34867671004881924E-001)
( 0.17982288715455502E+000,-0.34782263930097979E-001)
( 0.21100238261927018E+000,-0.33341020285658166E-002)
( 0.21929169783568983E+000,-0.83449311264118912E-002)
( 0.24871228055437236E+000, 0.13961157087417204E-001)
( 0.25405058253143975E+000,-0.25657407985272412E-003)
( 0.32261527371974780E+000, 0.95727183007893145E-002)
( 0.35796991794920779E+000, 0.14318774136378332E-001)
( 0.49741121484661205E+000,-0.11596969399453589E-001)
( 0.60734979485501683E+000,-0.18191433207297193E-001)
( 0.86236262132852481E+000, 0.78062556418956319E-016)
 0.15707963267948966E+001  0.00000000000000000E+000
( 0.65059621118586908E+000,-0.16922881641737915E-016)
( 0.46814607941136321E+000, 0.11877478308192350E-001)
( 0.38122822655173427E+000, 0.22085222182972341E-002)
( 0.35314790632351534E+000, 0.10498347004512160E-001)
( 0.25944191919668458E+000, 0.37511762714738291E-003)
( 0.21429350380340387E+000,-0.92531885513600556E-002)
( 0.20777243453549821E+000,-0.44076102526908753E-002)
( 0.19428727701190315E+000,-0.44233649629919422E-001)
( 0.20744771074515062E+000,-0.31174018876032543E-001)
( 0.23053904192911948E+000,-0.23950061441082384E-001)
( 0.19425190598365019E+000,-0.18049100118621667E-001)
( 0.22517310106352112E+000,-0.32140427153293395E-002)
( 0.21861531913230101E+000, 0.18381359542650019E-001)
( 0.23291548342090496E+000, 0.32181310032972477E-001)
( 0.25017489017425570E+000, 0.26018992828087784E-001)
( 0.27257278167970500E+000, 0.25848903260143639E-001)
( 0.33782835364527730E+000, 0.20903967778899458E-001)
( 0.34137831304744221E+000, 0.12736719437156834E-001)
( 0.43766224546117460E+000,-0.11647271011736673E-001)
( 0.50890955066887278E+000,-0.15101775441284665E-001)
( 0.65059621118586608E+000, 0.28144955622627289E-015)
 0.15707963267948966E+001  0.15707963267948966E+001
( 0.85552330034749746E+000, 0.86764829572394470E-017)
( 0.58983058718929937E+000, 0.44957642231498920E-002)
( 0.44848075631082190E+000, 0.25764969684054690E-001)
( 0.37185443449388411E+000, 0.27037115687755051E-001)
( 0.27174889784279638E+000, 0.13632901827662180E-002)
( 0.24232799167723890E+000, 0.99581129643838105E-002)
( 0.22952775020597219E+000, 0.29338497165928245E-001)
( 0.23368576280269043E+000,-0.20945567378842438E-001)
( 0.22261774882937652E+000, 0.18787539306713867E-002)
( 0.19657713554143647E+000, 0.11590348242889592E-001)
( 0.17604985718217675E+000, 0.53371465764562060E-003)
( 0.20401758318144525E+000, 0.36981637198485119E-002)
( 0.22441494749433255E+000,-0.75153213570121665E-002)
( 0.21158050073409243E+000, 0.12533397074058879E-001)
( 0.24439818596754517E+000, 0.16783958796247757E-001)
( 0.27238148133687312E+000, 0.14516869008572141E-001)
( 0.36057320463957260E+000,-0.82849489508865521E-002)
( 0.39420530158171524E+000,-0.14650487876504224E-001)
( 0.51254156096570247E+000,-0.10515182848815583E-001)
( 0.61946849675025750E+000, 0.81737929217770761E-003)
( 0.85552330034749502E+000,-0.28015497579289895E-015)
 0.15707963267948966E+001  0.31415926535897931E+001
( 0.10570931154708454E+001, 0.42674489039028532E-016)
( 0.69045943693692902E+000,-0.17278022406040084E-001)
( 0.50660597298396137E+000, 0.16254133961772489E-001)
( 0.40418459509055382E+000, 0.12646599179022161E-001)
( 0.29339842477208367E+000, 0.50549331548255996E-002)
( 0.25493945614968094E+000, 0.80482643838780954E-002)
( 0.21899443906028901E+000,-0.13404840163439473E-002)
( 0.20863843508043220E+000,-0.32130668153396387E-001)
( 0.20041061390799692E+000,-0.18009682528597304E-001)
( 0.17417182130029860E+000,-0.21812204854599133E-001)
( 0.16354982875708626E+000,-0.26136957051466148E-002)
( 0.18180800725670399E+000,-0.64450290866914202E-002)
( 0.19330550109205794E+000, 0.20339431341584134E-001)
( 0.20706633047381895E+000, 0.32168536755975939E-001)
( 0.22445262157823392E+000, 0.52795363626038224E-002)
( 0.25973416487618151E+000, 0.18003513812812210E-002)
( 0.33233520577972253E+000,-0.10849196065009992E-001)
( 0.37651071239479122E+000, 0.28233444549193923E-002)
( 0.53396757162169162E+000,-0.39403477380892385E-002)
( 0.71769074651944642E+000,-0.16428900496119930E-001)
( 0.10570931154708432E+001,-0.47531131711765418E-016)
 0.31415926535897931E+001 -0.15707963267948966E+001
( 0.11049067909408534E+001, 0.11707950674165743E-016)
( 0.66432811966467520E+000,-0.44518919397432879E-002)
( 0.44815370600268517E+000,-0.15802567865360752E-001)
( 0.34850619787407344E+000,-0.27800857174019385E-002)
( 0.22973087804083020E+000, 0.15325809581052949E-002)
( 0.16492673010620901E+000,-0.10783244061220257E-001)
( 0.16329500994076598E+000,-0.82104976344481179E-002)
( 0.16585449131012719E+000, 0.19184214532398842E-001)
( 0.17071557076584040E+000, 0.21374359412641809E-001)
( 0.14967062933181749E+000,-0.15079417761816026E-002)
( 0.13208758454443922E+000,-0.87739027965390310E-002)
( 0.14953188172962389E+000,-0.54623573065765629E-002)
( 0.19291076964885387E+000, 0.12026099949990489E-001)
( 0.21377749114199221E+000, 0.61079034462861309E-002)
( 0.20629709369848015E+000, 0.21616150371833185E-002)
( 0.24118565948219289E+000,-0.11232004366668517E-001)
( 0.35242109173874669E+000,-0.13369711192826089E-002)
( 0.38104766494617559E+000,-0.96158403732339685E-002)
( 0.54262288732544139E+000,-0.13368779886038833E-001)
( 0.71338871891910338E+000,-0.65376975128263086E-002)
( 0.11049067909408505E+001, 0.22941574690925502E-015)
 0.31415926535897931E+001  0.00000000000000000E+000
( 0.10413859154440321E+001, 0.25172145903591791E-016)
( 0.63667192360980973E+000, 0.16552354107705305E-016)
( 0.44471199121632315E+000, 0.10202686744120343E-016)
( 0.35569308070756112E+000, 0.75735011976622255E-017)
( 0.20145948520514667E+000, 0.51891731195073483E-017)
( 0.14086678959773027E+000, 0.18740395206500263E-017)
( 0.13955963954451828E+000, 0.28672942336121171E-017)
( 0.11869594181713765E+000,-0.35690158385253149E-017)
( 0.12399440041382714E+000, 0.14567438962071554E-017)
( 0.12782389029506144E+000,-0.18832107507180667E-017)
( 0.10219397119267619E+000,-0.68278859317102624E-018)
( 0.12354734695836360E+000, 0.74470528693590944E-020)
( 0.16267949353976241E+000, 0.66906024828253810E-017)
( 0.20902032563550688E+000, 0.10355891345395307E-016)
( 0.18060623824144087E+000, 0.94809489733427454E-017)
( 0.20161248036575030E+000, 0.80835954609495661E-017)
( 0.33635976157545117E+000, 0.84026730222441951E-017)
( 0.38393881720232065E+000, 0.10041663850940324E-016)
( 0.53240023323075691E+000, 0.79742086122759395E-017)
( 0.68461425120562280E+000, 0.10820737551478609E-016)
( 0.10413859154440281E+001, 0.25172145903591760E-016)
 0.31415926535897931E+001  0.15707963267948966E+001
( 0.11049067909408534E+001, 0.27317596380601594E-016)
( 0.66432811966467520E+000, 0.44518919397433200E-002)
( 0.44815370600268517E+000, 0.15802567865360776E-001)
( 0.34850619787407344E+000, 0.27800857174019441E-002)
( 0.22973087804083020E+000,-0.15325809581052915E-002)
( 0.16492673010620901E+000, 0.10783244061220254E-001)
( 0.16329500994076598E+000, 0.82104976344481214E-002)
( 0.16585449131012719E+000,-0.19184214532398845E-001)
( 0.17071557076584040E+000,-0.21374359412641816E-001)
( 0.14967062933181749E+000, 0.15079417761816045E-002)
( 0.13208758454443922E+000, 0.87739027965390258E-002)
( 0.14953188172962389E+000, 0.54623573065765551E-002)
( 0.19291076964885387E+000,-0.12026099949990491E-001)
( 0.21377749114199221E+000,-0.61079034462861283E-002)
( 0.20629709369848015E+000,-0.21616150371833085E-002)
( 0.24118565948219289E+000, 0.11232004366668527E-001)
( 0.35242109173874669E+000, 0.13369711192826204E-002)
( 0.38104766494617559E+000, 0.96158403732339807E-002)
( 0.54262288732544139E+000, 0.13368779886038845E-001)
( 0.71338871891910338E+000, 0.65376975128263425E-002)
( 0.11049067909408505E+001,-0.17651241204667323E-015)
 0.31415926535897931E+001  0.31415926535897931E+001
( 0.12769880444335195E+001, 0.39253893104996865E-016)
( 0.78363858269101905E+000, 0.25363512760413144E-016)
( 0.55966979137291828E+000, 0.27778868540959489E-016)
( 0.45584885467949854E+000, 0.24991441685721096E-016)
( 0.31535054174468291E+000, 0.17449840288539786E-016)
( 0.23606477618662780E+000, 0.14625457433543474E-016)
( 0.21371656821361285E+000, 0.13415433471093420E-016)
( 0.21980207955375544E+000, 0.54327477215908522E-017)
( 0.22331520462020393E+000, 0.99356995759770824E-017)
( 0.16413694616557128E+000, 0.78142981087954323E-017)
( 0.15861657476431534E+000, 0.87968809719084719E-017)
( 0.19163838156946267E+000, 0.87201698122018886E-017)
( 0.24947110469679937E+000, 0.13526284888019979E-016)
( 0.24772692131379453E+000, 0.16001661728058803E-016)
( 0.24646564131319640E+000, 0.15564844331516024E-016)
( 0.30017988296660475E+000, 0.16500074329845518E-016)
( 0.42101477797578735E+000, 0.17983473036996953E-016)
( 0.45689141955355389E+000, 0.24048101226109268E-016)
( 0.63523423595210948E+000, 0.26086380819702699E-016)
( 0.83853699376422086E+000, 0.27788611257184182E-016)
( 0.12769880444335171E+001, 0.39253893104996729E-016)
 0.10000000000000000E+001          1         16         21  0.10000000000000001E+000
( 0.00000000000000000E+000,-0.15025189509681755E-016)
-0.15707963267948966E+001 -0.15707963267948966E+001
( 0.91391034693457618E+000,-0.10410328002123577E-015)
( 0.67752335924032070E+000,-0.64150476732122950E-002)
( 0.50747501807991202E+000,-0.14006274896874789E-001)
( 0.38262735379606366E+000,-0.63050190968635288E-004)
( 0.30652097188959521E+000, 0.32950936161689655E-002)
( 0.24805291620397107E+000,-0.13019650946614592E-002)
( 0.22024962553483429E+000, 0.26442927781761454E-002)
( 0.18546808326197051E+000,-0.14538607867224195E-001)
( 0.21819336744391682E+000, 0.72067734481583703E-002)
( 0.19635765867236740E+000, 0.48854801546991244E-002)
( 0.19414939580444882E+000, 0.54912556550019316E-002)
( 0.22167352931202497E+000,-0.24192032263725843E-002)
( 0.20507701522628008E+000,-0.11273779591921242E-001)
( 0.22195167439181249E+000,-0.13015361228304578E-001)
( 0.24645735489893283E+000,-0.21514326126903516E-002)
( 0.27643907925301464E+000, 0.10605600800028930E-001)
( 0.32203966616494495E+000, 0.18278737991834555E-001)
( 0.36837598918970199E+000, 0.22959301759552443E-001)
( 0.49916079530322410E+000, 0.22298654768726417E-001)
( 0.71894614332323070E+000, 0.13197350942077569E-001)
( 0.91391034693457340E+000, 0.10146145188201588E-015)
-0.15707963267948966E+001  0.00000000000000000E+000
( 0.67837433428488847E+000,-0.69158506975695749E-016)
( 0.53050687367457428E+000, 0.77208081150945227E-003)
( 0.44686106539779757E+000,-0.16258171810953050E-001)
( 0.34761349917640461E+000,-0.12685641826424060E-001)
( 0.28573528342979071E+000,-0.29756867401421975E-002)
( 0.22767912928018780E+000,-0.41165069704979631E-002)
( 0.19159368072630401E+000,-0.22545744626296330E-003)
( 0.18144181825336922E+000,-0.43827498152447337E-002)
( 0.20523726928881006E+000, 0.34024526828581336E-003)
( 0.19304670635628007E+000,-0.69483432583287690E-002)
( 0.19579275682850769E+000,-0.19634649918754948E-002)
( 0.23479522794902444E+000,-0.48929747231276511E-002)
( 0.20618762213626951E+000,-0.14948780188222141E-001)
( 0.21600749996064111E+000,-0.42372287004607311E-002)
( 0.25434993846128290E+000,-0.86253750367462081E-003)
( 0.27806930342162539E+000, 0.14743521935738666E-001)
( 0.31990878544010276E+000, 0.17128117189387154E-001)
( 0.34924275847175457E+000, 0.21053332805075473E-001)
( 0.43739007067942204E+000, 0.16248624368880998E-001)
( 0.58391143206598695E+000, 0.42116215963373038E-002)
( 0.67837433428488625E+000, 0.21047113775098124E-016)
-0.15707963267948966E+001  0.15707963267948966E+001
( 0.89265736475840618E+000,-0.83266726846886741E-016)
( 0.64398434090332057E+000,-0.55492266502295074E-002)
( 0.49558651874336129E+000, 0.44611333984336497E-003)
( 0.37826401451382669E+000,-0.19317741439863530E-002)
( 0.30124527640901416E+000, 0.63427890245353093E-002)
( 0.24524853623337831E+000,-0.22407393094629790E-002)
( 0.19469694530675880E+000,-0.55732729442130834E-003)
( 0.19537382869625614E+000,-0.10138093578045296E-001)
( 0.22127037054797521E+000,-0.17751052233651362E-002)
( 0.18312206096420738E+000,-0.10890592903812569E-001)
( 0.18758290092774607E+000,-0.57500519245441478E-002)
( 0.22113231678056497E+000,-0.83774445118614226E-002)
( 0.20427385673912588E+000,-0.11736630375403668E-001)
( 0.21510370066940207E+000,-0.93871684378650250E-002)
( 0.24106449605913938E+000,-0.20226112443639029E-001)
( 0.28968562187211971E+000, 0.36471830230704969E-002)
( 0.33780443513616176E+000, 0.14258602399993298E-001)
( 0.40463757327408639E+000, 0.10193180655919473E-001)
( 0.50733395097180345E+000, 0.12884739039261265E-001)
( 0.70969355105775911E+000,-0.26871073075451198E-002)
( 0.89265736475840318E+000, 0.16219664500383146E-015)
-0.15707963267948966E+001  0.31415926535897931E+001
( 0.11029900137104096E+001,-0.97134383839558491E-016)
( 0.76139935240623091E+000,-0.10379082652877084E-001)
( 0.54637395986084081E+000,-0.21246658552545691E-001)
( 0.39247872265172035E+000,-0.85691661466151502E-002)
( 0.30563031301180421E+000,-0.54343086885529383E-002)
( 0.24322887344751001E+000,-0.33240962816215177E-002)
( 0.19671600205368972E+000, 0.11702973730369102E-003)
( 0.17859818982866424E+000,-0.38767381934203217E-002)
( 0.19891641974161425E+000, 0.39786641063540348E-002)
( 0.16803325213018572E+000, 0.64691659654742906E-003)
( 0.16403303970622410E+000, 0.60252937590251554E-002)
( 0.19766655730095986E+000,-0.10780204015960408E-002)
( 0.18143939315279106E+000,-0.48656440493643248E-002)
( 0.20323202669592791E+000, 0.42007143577757946E-002)
( 0.23619141313628267E+000, 0.64829338486619890E-003)
( 0.28223490647780825E+000, 0.16518463256040079E-001)
( 0.34840820279802914E+000, 0.23046214847312022E-001)
( 0.41585596914912615E+000, 0.28719497270675333E-001)
( 0.55133261325600269E+000, 0.20412507366369310E-001)
( 0.81087074441633844E+000,-0.37560673956288557E-002)
( 0.11029900137104067E+001, 0.22899362964408118E-015)
 0.00000000000000000E+000 -0.15707963267948966E+001
( 0.97997239029048067E+000, 0.21693979181023762E-016)
( 0.72659110108795699E+000,-0.24991552758143059E-001)
( 0.58581143794699142E+000,-0.12199201622859958E-001)
( 0.44781629473774476E+000,-0.39782160393565707E-002)
( 0.36567781574994412E+000,-0.17797558979549179E-002)
( 0.27201839423511215E+000,-0.62787528359198861E-003)
( 0.25061440110007482E+000,-0.76624217373723706E-002)
( 0.22203115200707801E+000, 0.72280287317027340E-002)
( 0.24603376476448494E+000, 0.80203895211598941E-002)
( 0.20806672775602353E+000,-0.17404738205038586E-003)
( 0.19653877896027996E+000, 0.54060579688550671E-002)
( 0.23566664484024533E+000, 0.66281165337757127E-002)
( 0.20710477895195228E+000,-0.68637483290412396E-004)
( 0.23651170992452936E+000,-0.10988453242172928E-002)
( 0.27916274180089617E+000, 0.22927955883883418E-002)
( 0.31719478127076423E+000, 0.77981360226271970E-003)
( 0.40462826658566542E+000, 0.11274360534990337E-002)
( 0.45312629587092457E+000, 0.56818880033866655E-002)
( 0.57864747039864450E+000,-0.91785748772763853E-002)
( 0.78541322976125416E+000,-0.35696290115865359E-002)
( 0.97997239029047767E+000, 0.24296064394988963E-016)
 0.00000000000000000E+000  0.00000000000000000E+000
( 0.64178377861951752E+000, 0.00000000000000000E+000)
( 0.52133161298144981E+000, 0.00000000000000000E+000)
( 0.48548784355879993E+000, 0.00000000000000000E+000)
( 0.40272193318779070E+000, 0.00000000000000000E+000)
( 0.36996906461087398E+000, 0.00000000000000000E+000)
( 0.30482727154451411E+000, 0.00000000000000000E+000)
( 0.29648935068092558E+000, 0.00000000000000000E+000)
( 0.28215368958260295E+000, 0.00000000000000000E+000)
( 0.32848447692641120E+000, 0.00000000000000000E+000)
( 0.30762648764447520E+000, 0.00000000000000000E+000)
( 0.31728362677143057E+000, 0.00000000000000000E+000)
( 0.34860223059278234E+000, 0.00000000000000000E+000)
( 0.30217154292510767E+000, 0.00000000000000000E+000)
( 0.32378178001437863E+000, 0.00000000000000000E+000)
( 0.35817810384983023E+000, 0.00000000000000000E+000)
( 0.37831767738352406E+000, 0.00000000000000000E+000)
( 0.40951375107718802E+000, 0.00000000000000000E+000)
( 0.43444236165440542E+000, 0.00000000000000000E+000)
( 0.45208517461904424E+000, 0.00000000000000000E+000)
( 0.58742455180843389E+000, 0.00000000000000000E+000)
( 0.64178377861951497E+000, 0.00000000000000000E+000)
 0.00000000000000000E+000  0.15707963267948966E+001
( 0.97997239029048067E+000,-0.21693979181023762E-016)
( 0.72659110108795699E+000, 0.24991552758143059E-001)
( 0.58581143794699142E+000, 0.12199201622859958E-001)
( 0.44781629473774476E+000, 0.39782160393565707E-002)
( 0.36567781574994412E+000, 0.17797558979549179E-002)
( 0.27201839423511215E+000, 0.62787528359198861E-003)
( 0.25061440110007482E+000, 0.76624217373723706E-002)
( 0.22203115200707801E+000,-0.72280287317027340E-002)
( 0.24603376476448494E+000,-0.80203895211598941E-002)
( 0.20806672775602353E+000, 0.17404738205038586E-003)
( 0.19653877896027996E+000,-0.54060579688550671E-002)
( 0.23566664484024533E+000,-0.66281165337757127E-002)
( 0.20710477895195228E+000, 0.68637483290412396E-004)
( 0.23651170992452936E+000, 0.10988453242172928E-002)
( 0.27916274180089617E+000,-0.22927955883883418E-002)
( 0.31719478127076423E+000,-0.77981360226271970E-003)
( 0.40462826658566542E+000,-0.11274360534990337E-002)
( 0.45312629587092457E+000,-0.56818880033866655E-002)
( 0.57864747039864450E+000, 0.91785748772763853E-002)
( 0.78541322976125416E+000, 0.35696290115865359E-002)
( 0.97997239029047767E+000,-0.24296064394988963E-016)
 0.00000000000000000E+000  0.31415926535897931E+001
( 0.13477227321610989E+001, 0.18101339133132804E-017)
( 0.98130992364255620E+000, 0.60890932900889360E-017)
( 0.77274528149355659E+000, 0.67973195422167000E-017)
( 0.59728770926915153E+000, 0.68784421457999710E-017)
( 0.48933705818094786E+000, 0.80526652168693018E-017)
( 0.35281743148348021E+000, 0.70333709916804219E-017)
( 0.33614608309963068E+000, 0.89847115630230447E-017)
( 0.30969335090438121E+000, 0.81640269991717220E-017)
( 0.32964699684113669E+000, 0.91862694527776172E-017)
( 0.30088318091052696E+000, 0.11800960333690017E-016)
( 0.29636754232856694E+000, 0.12844187186607223E-016)
( 0.34214374521343299E+000, 0.12623442018063169E-016)
( 0.32903614633376060E+000, 0.13295709016661987E-016)
( 0.35374633416647600E+000, 0.12656870707108162E-016)
( 0.39268013103835014E+000, 0.11508444401853535E-016)
( 0.43095753887089411E+000, 0.10613158178619889E-016)
( 0.53280584878178727E+000, 0.80096918397716272E-017)
( 0.59772878891651693E+000, 0.70144574055174891E-017)
( 0.76753630225704661E+000, 0.49404508799614058E-017)
( 0.10234050467699454E+001, 0.28866392843492527E-017)
( 0.13477227321610952E+001, 0.18101339133132696E-017)
 0.15707963267948966E+001 -0.15707963267948966E+001
( 0.89265736475840618E+000, 0.83266726846886741E-016)
( 0.64398434090332057E+000, 0.55492266502295074E-002)
( 0.49558651874336129E+000,-0.44611333984336497E-003)
( 0.37826401451382669E+000, 0.19317741439863530E-002)
( 0.30124527640901416E+000,-0.63427890245353093E-002)
( 0.24524853623337831E+000, 0.22407393094629790E-002)
( 0.19469694530675880E+000, 0.55732729442130834E-003)
( 0.19537382869625614E+000, 0.10138093578045296E-001)
( 0.22127037054797521E+000, 0.17751052233651362E-002)
( 0.18312206096420738E+000, 0.10890592903812569E-001)
( 0.18758290092774607E+000, 0.57500519245441478E-002)
( 0.22113231678056497E+000, 0.83774445118614226E-002)
( 0.20427385673912588E+000, 0.11736630375403668E-001)
( 0.21510370066940207E+000, 0.93871684378650250E-002)
( 0.24106449605913938E+000, 0.20226112443639029E-001)
( 0.28968562187211971E+000,-0.36471830230704969E-002)
( 0.33780443513616176E+000,-0.14258602399993298E-001)
( 0.40463757327408639E+000,-0.10193180655919473E-001)
( 0.50733395097180345E+000,-0.12884739039261265E-001)
( 0.70969355105775911E+000, 0.26871073075451198E-002)
( 0.89265736475840318E+000,-0.16219664500383146E-015)
 0.15707963267948966E+001  0.00000000000000000E+000
( 0.67837433428488847E+000, 0.69158506975695749E-016)
( 0.53050687367457428E+000,-0.77208081150945227E-003)
( 0.44686106539779757E+000, 0.16258171810953050E-001)
( 0.34761349917640461E+000, 0.12685641826424060E-001)
( 0.28573528342979071E+000, 0.29756867401421975E-002)
( 0.22767912928018780E+000, 0.41165069704979631E-002)
( 0.19159368072630401E+000, 0.22545744626296330E-003)
( 0.18144181825336922E+000, 0.43827498152447337E-002)
( 0.20523726928881006E+000,-0.34024526828581336E-003)
( 0.19304670635628007E+000, 0.69483432583287690E-002)
( 0.19579275682850769E+000, 0.19634649918754948E-002)
( 0.23479522794902444E+000, 0.48929747231276511E-002)
( 0.20618762213626951E+000, 0.14948780188222141E-001)
( 0.21600749996064111E+000, 0.42372287004607311E-002)
( 0.25434993846128290E+000, 0.86253750367462081E-003)
( 0.27806930342162539E+000,-0.14743521935738666E-001)
( 0.31990878544010276E+000,-0.17128117189387154E-001)
( 0.34924275847175457E+000,-0.21053332805075473E-001)
( 0.43739007067942204E+000,-0.16248624368880998E-001)
( 0.58391143206598695E+000,-0.42116215963373038E-002)
( 0.67837433428488625E+000,-0.21047113775098124E-016)
 0.15707963267948966E+001  0.15707963267948966E+001
( 0.91391034693457618E+000, 0.10410328002123577E-015)
( 0.67752335924032070E+000, 0.64150476732122950E-002)
( 0.50747501807991202E+000, 0.14006274896874789E-001)
( 0.38262735379606366E+000, 0.63050190968635288E-004)
( 0.30652097188959521E+000,-0.32950936161689655E-002)
( 0.24805291620397107E+000, 0.13019650946614592E-002)
( 0.22024962553483429E+000,-0.26442927781761454E-002)
( 0.18546808326197051E+000, 0.14538607867224195E-001)
( 0.21819336744391682E+000,-0.72067734481583703E-002)
( 0.19635765867236740E+000,-0.48854801546991244E-002)
( 0.19414939580444882E+000,-0.54912556550019316E-002)
( 0.22167352931202497E+000, 0.24192032263725843E-002)
( 0.20507701522628008E+000, 0.11273779591921242E-001)
( 0.22195167439181249E+000, 0.13015361228304578E-001)
( 0.24645735489893283E+000, 0.21514326126903516E-002)
( 0.27643907925301464E+000,-0.10605600800028930E-001)
( 0.32203966616494495E+000,-0.18278737991834555E-001)
( 0.36837598918970199E+000,-0.22959301759552443E-001)
( 0.49916079530322410E+000,-0.22298654768726417E-001)
( 0.71894614332323070E+000,-0.13197350942077569E-001)
( 0.91391034693457340E+000,-0.10146145188201588E-015)
 0.15707963267948966E+001  0.31415926535897931E+001
( 0.11029900137104096E+001, 0.97094640914303798E-016)
( 0.76139935240623091E+000, 0.10379082652877084E-001)
( 0.54637395986084081E+000, 0.21246658552545688E-001)
( 0.39247872265172035E+000, 0.85691661466151415E-002)
( 0.30563031301180421E+000, 0.54343086885529314E-002)
( 0.24322887344751001E+000, 0.33240962816215172E-002)
( 0.19671600205368972E+000,-0.11702973730369174E-003)
( 0.17859818982866424E+000, 0.38767381934203152E-002)
( 0.19891641974161425E+000,-0.39786641063540365E-002)
( 0.16803325213018572E+000,-0.64691659654743134E-003)
( 0.16403303970622410E+000,-0.60252937590251580E-002)
( 0.19766655730095986E+000, 0.10780204015960328E-002)
( 0.18143939315279106E+000, 0.48656440493643170E-002)
( 0.20323202669592788E+000,-0.42007143577758024E-002)
( 0.23619141313628267E+000,-0.64829338486620041E-003)
( 0.28223490647780825E+000,-0.16518463256040082E-001)
( 0.34840820279802914E+000,-0.23046214847312018E-001)
( 0.41585596914912615E+000,-0.28719497270675329E-001)
( 0.55133261325600269E+000,-0.20412507366369306E-001)
( 0.81087074441633844E+000, 0.37560673956288470E-002)
( 0.11029900137104067E+001,-0.23597226647324310E-015)
 0.31415926535897931E+001 -0.15707963267948966E+001
( 0.12268220659076081E+001,-0.17446592072904812E-017)
( 0.77262672453065806E+000, 0.27898957437850359E-002)
( 0.51857730456626383E+000,-0.25741646837965973E-002)
( 0.35766039337987687E+000, 0.14976941674999349E-002)
( 0.25164283193626730E+000,-0.71761177518239912E-003)
( 0.20589424429318567E+000,-0.98472667443430858E-002)
( 0.14526510839762344E+000, 0.26555972869296320E-002)
( 0.13224218787427339E+000,-0.36660126215204330E-002)
( 0.13513467191149578E+000,-0.46934146992581704E-002)
( 0.12100256814353560E+000, 0.66547609388841399E-003)
( 0.13228603520024904E+000, 0.26119652540463555E-002)
( 0.15732424193704192E+000,-0.33107906083902441E-002)
( 0.14290173709423126E+000,-0.22418544250537805E-002)
( 0.15433381684393235E+000,-0.79570335710925141E-002)
( 0.18790007013770788E+000,-0.19107727287677057E-002)
( 0.22180646193413925E+000,-0.26038725128195578E-002)
( 0.28674910263729581E+000, 0.16851058414517968E-002)
( 0.36690985286555833E+000, 0.10361379232832289E-001)
( 0.53227978918198693E+000, 0.69942665736954582E-002)
( 0.83344621092101701E+000, 0.12362561798358385E-002)
( 0.12268220659076032E+001, 0.56368577237932570E-016)
 0.31415926535897931E+001  0.00000000000000000E+000
( 0.11757743210781137E+001, 0.28216439742381983E-016)
( 0.77158966906953197E+000, 0.14105688374087881E-016)
( 0.52637381866901867E+000, 0.92250117578891590E-017)
( 0.36724978666451236E+000, 0.61303372626617687E-017)
( 0.23939699541932910E+000, 0.26848462448336324E-017)
( 0.17710693063545799E+000, 0.21314339229117763E-017)
( 0.11497365702350623E+000, 0.17589945577969304E-017)
( 0.11290538931517415E+000, 0.25069096800370923E-017)
( 0.11712011422738866E+000, 0.21094272941917174E-017)
( 0.86783467350153951E-001, 0.13601679773544170E-017)
( 0.85195315359247875E-001, 0.90748522735443256E-018)
( 0.11628346793948832E+000, 0.31113328086045448E-018)
( 0.99820912660643024E-001, 0.11949351342914338E-017)
( 0.10719311288764065E+000, 0.45522266993190364E-018)
( 0.16178762299252461E+000, 0.79546473149918492E-018)
( 0.20019203313266221E+000,-0.43572566935339926E-018)
( 0.26079611587212054E+000,-0.23047475015636399E-018)
( 0.34414310915060942E+000, 0.23264179423052151E-017)
( 0.53562269385861938E+000, 0.49249463951626332E-017)
( 0.82665211447751485E+000, 0.14562921638569106E-016)
( 0.11757743210781091E+001, 0.28216439742381792E-016)
 0.31415926535897931E+001  0.15707963267948966E+001
( 0.12268220659076081E+001, 0.48542450133409579E-016)
( 0.77262672453065806E+000,-0.27898957437850098E-002)
( 0.51857730456626383E+000, 0.25741646837966151E-002)
( 0.35766039337987687E+000,-0.14976941674999297E-002)
( 0.25164283193626730E+000, 0.71761177518239749E-003)
( 0.20589424429318567E+000, 0.98472667443430840E-002)
( 0.14526510839762344E+000,-0.26555972869296354E-002)
( 0.13224218787427339E+000, 0.36660126215204330E-002)
( 0.13513467191149578E+000, 0.46934146992581643E-002)
( 0.12100256814353560E+000,-0.66547609388841540E-003)
( 0.13228603520024904E+000,-0.26119652540463590E-002)
( 0.15732424193704192E+000, 0.33107906083902384E-002)
( 0.14290173709423126E+000, 0.22418544250537758E-002)
( 0.15433381684393235E+000, 0.79570335710925106E-002)
( 0.18790007013770788E+000, 0.19107727287677055E-002)
( 0.22180646193413925E+000, 0.26038725128195530E-002)
( 0.28674910263729581E+000,-0.16851058414517951E-002)
( 0.36690985286555833E+000,-0.10361379232832278E-001)
( 0.53227978918198693E+000,-0.69942665736954469E-002)
( 0.83344621092101701E+000,-0.12362561798358132E-002)
( 0.12268220659076032E+001,-0.95707863118134343E-017)
 0.31415926535897931E+001  0.31415926535897931E+001
( 0.14258409299742136E+001, 0.43815091952075247E-016)
( 0.89803307630488027E+000, 0.30376871867301971E-016)
( 0.59253914142397723E+000, 0.24611512447789943E-016)
( 0.43010952839094974E+000, 0.20734572391429979E-016)
( 0.32365128394054343E+000, 0.16765057849643286E-016)
( 0.28067043370506917E+000, 0.13432031418772522E-016)
( 0.22478644325306055E+000, 0.12931361001505662E-016)
( 0.18827786092205082E+000, 0.11790850903791768E-016)
( 0.19845922561230514E+000, 0.10838912855569019E-016)
( 0.19937860012502437E+000, 0.12597171478119489E-016)
( 0.20254494463845871E+000, 0.10822208609113428E-016)
( 0.21893147799918528E+000, 0.11945584072104747E-016)
( 0.19925606921894612E+000, 0.11811836794207806E-016)
( 0.20795324948029376E+000, 0.10362158909177108E-016)
( 0.26829325490010431E+000, 0.15026186969875688E-016)
( 0.30298382844318500E+000, 0.12320271978637223E-016)
( 0.36901173512809377E+000, 0.12971959940105085E-016)
( 0.45994150401366424E+000, 0.13352416454260411E-016)
( 0.63705291176632151E+000, 0.21751347782597796E-016)
( 0.97521193870088674E+000, 0.31650185220325903E-016)
( 0.14258409299742090E+001, 0.43815091952075056E-016)
 0.10000000000000000E+001          1         16         21  0.10000000000000001E+000
( 0.00000000000000000E+000,-0.32455252211802123E-016)
-0.15707963267948966E+001 -0.15707963267948966E+001
( 0.90418695439175367E+000,-0.19694654115074817E-015)
( 0.65647203639121887E+000, 0.10295647841289279E-001)
( 0.49787813153821187E+000, 0.98276613031087392E-002)
( 0.39334931046551358E+000, 0.11623507770716576E-001)
( 0.32659732683480219E+000, 0.81927502986200544E-002)
( 0.25461326762436054E+000,-0.28061832907449570E-002)
( 0.21752236961759328E+000,-0.92861431500955455E-002)
( 0.18658153599693103E+000,-0.55323863903664972E-002)
( 0.18140212447390369E+000, 0.19363422122118299E-002)
( 0.21331494454951058E+000,-0.65213142621096303E-002)
( 0.20979531391823217E+000,-0.22170928251258552E-001)
( 0.21471936248883811E+000,-0.16116837368722289E-002)
( 0.21765488250961318E+000, 0.10545492777980404E-001)
( 0.22762339771140835E+000, 0.16708222502232733E-001)
( 0.25331498636224054E+000, 0.22302515828898379E-001)
( 0.26552832769916068E+000, 0.28599631808904975E-002)
( 0.30397428826804301E+000, 0.67888297120394436E-002)
( 0.38568862943757887E+000,-0.14986956438181084E-001)
( 0.44434846887061957E+000,-0.22430821996103696E-001)
( 0.65444622924395168E+000,-0.10565669342656896E-001)
( 0.90418695439175001E+000,-0.78616822692761954E-017)
-0.15707963267948966E+001  0.00000000000000000E+000
( 0.73527880537699919E+000,-0.22132171325846679E-015)
( 0.57037308809308518E+000, 0.81026836010078783E-002)
( 0.44184129877676426E+000, 0.84127874347727210E-002)
( 0.38496991510384915E+000, 0.10488898608410359E-001)
( 0.33425215235492339E+000, 0.38037991394467541E-002)
( 0.26915566477802993E+000,-0.44623174182330042E-002)
( 0.22455646574601870E+000,-0.11059761009496799E-001)
( 0.19492422656432773E+000,-0.18033887789066762E-001)
( 0.18111613634043161E+000,-0.16298522049959469E-002)
( 0.21426771799924868E+000,-0.39808756160427516E-002)
( 0.20772805386305979E+000,-0.81344630462418348E-002)
( 0.21476950129315081E+000,-0.12071134867980969E-001)
( 0.20617403699189940E+000, 0.31980304961031847E-003)
( 0.23046414020968031E+000, 0.10164630883999630E-001)
( 0.24856009947942384E+000, 0.18664500328980271E-001)
( 0.25875898781650997E+000, 0.81048812948374075E-002)
( 0.28902250719634071E+000, 0.13613493683016491E-001)
( 0.35438299008341789E+000,-0.32935704353205713E-002)
( 0.38821485175755049E+000,-0.18906456239503884E-001)
( 0.55737334838934005E+000,-0.10315939719845366E-003)
( 0.73527880537699497E+000, 0.61438213325752732E-016)
-0.15707963267948966E+001  0.15707963267948966E+001
( 0.91265209641686107E+000,-0.21684043449710089E-015)
( 0.66220319652316473E+000, 0.74330527429918476E-002)
( 0.49511425185844499E+000, 0.63418966073097646E-002)
( 0.39471193314456632E+000, 0.14494021168899274E-001)
( 0.32137250061946604E+000,-0.16216233433357086E-001)
( 0.27074860643385573E+000,-0.18030178367551344E-002)
( 0.22236685029547601E+000,-0.11060197408478885E-001)
( 0.19820587618996691E+000,-0.36102896850627991E-002)
( 0.18312590860695876E+000,-0.21399907049657503E-003)
( 0.21260084071452481E+000,-0.77585306951799445E-002)
( 0.20711430321835936E+000,-0.96471262711220439E-002)
( 0.21294229251981775E+000,-0.10243698083023240E-001)
( 0.21880944664079033E+000, 0.55468698503518248E-002)
( 0.23767528041331290E+000, 0.96179611385779490E-002)
( 0.25711887198685474E+000, 0.13996623466580940E-004)
( 0.25558620116827835E+000, 0.25552253141906999E-002)
( 0.29339137294832612E+000, 0.18311357131636972E-001)
( 0.37853135940787785E+000, 0.48632970648384791E-002)
( 0.44168845184665811E+000,-0.57802829915032782E-002)
( 0.66372505583876884E+000, 0.13848440975943220E-001)
( 0.91265209641685763E+000, 0.38163916471489756E-015)
-0.15707963267948966E+001  0.31415926535897931E+001
( 0.10927902407750778E+001,-0.16860936301565676E-015)
( 0.74507097592168059E+000, 0.52076993235856154E-002)
( 0.53525117267632993E+000, 0.31429614382673852E-002)
( 0.40183618767731000E+000, 0.53852249817967065E-002)
( 0.31938825542924415E+000,-0.10179526332960136E-001)
( 0.24626788412961970E+000,-0.94000468670808277E-002)
( 0.21194490614738551E+000,-0.15245506128770230E-001)
( 0.17974413059511143E+000,-0.14844541900843357E-002)
( 0.17292938329224944E+000,-0.51252338603085187E-002)
( 0.18862480453723843E+000,-0.18066207658380504E-001)
( 0.17154300227925232E+000,-0.13057127979963739E-001)
( 0.18314513068194854E+000, 0.78963320143803032E-002)
( 0.19661766090829386E+000, 0.18832727781118073E-001)
( 0.20370903976076316E+000, 0.13192587296635345E-001)
( 0.23986058935861201E+000, 0.99455055789593096E-002)
( 0.26811903396460185E+000, 0.29804060093242277E-002)
( 0.30006918305621366E+000, 0.16547298376346518E-001)
( 0.39766619117513080E+000, 0.27733731088589518E-002)
( 0.49237792615560205E+000,-0.10633599278510947E-001)
( 0.76060838083825255E+000,-0.31288189032815971E-003)
( 0.10927902407750749E+001, 0.44761624529490417E-016)
 0.00000000000000000E+000 -0.15707963267948966E+001
( 0.95600151134702005E+000, 0.64646162793826344E-016)
( 0.72900890657152639E+000, 0.96797825152677186E-004)
( 0.56272075212305683E+000, 0.10500329935623184E-001)
( 0.43615427783096650E+000,-0.15190335113184672E-003)
( 0.34068504349149720E+000, 0.28260238076377570E-002)
( 0.28261029109095798E+000,-0.10232265433708270E-001)
( 0.23652098151816536E+000, 0.38793202222366248E-002)
( 0.20838573950506384E+000,-0.48463518088629537E-002)
( 0.21411281586295758E+000, 0.17904632802665771E-003)
( 0.23398832307243791E+000,-0.81317345786838784E-002)
( 0.24078309575320708E+000,-0.81977361424912121E-002)
( 0.26167462744066528E+000, 0.21375496970670749E-002)
( 0.26171663402416773E+000,-0.53321837381069964E-002)
( 0.28632190333307178E+000, 0.27981086343565314E-002)
( 0.32428384481852229E+000, 0.72641857928746412E-002)
( 0.31715732533599994E+000, 0.87161920553743832E-002)
( 0.38844806985070518E+000, 0.49032248494026648E-002)
( 0.45950217574002750E+000,-0.13739113205603901E-001)
( 0.49601753634869000E+000,-0.31286493537958912E-001)
( 0.70238254995664229E+000,-0.30149186051679169E-001)
( 0.95600151134701583E+000,-0.25559457956967624E-016)
 0.00000000000000000E+000  0.00000000000000000E+000
( 0.60876322096127145E+000, 0.00000000000000000E+000)
( 0.54021410113022639E+000, 0.00000000000000000E+000)
( 0.44760240509102872E+000, 0.00000000000000000E+000)
( 0.38786820640491182E+000, 0.00000000000000000E+000)
( 0.34552665801518756E+000, 0.00000000000000000E+000)
( 0.30867331282701194E+000, 0.00000000000000000E+000)
( 0.28147302041819700E+000, 0.00000000000000000E+000)
( 0.26642998411163360E+000, 0.00000000000000000E+000)
( 0.27325582520982755E+000, 0.00000000000000000E+000)
( 0.30956765032758171E+000, 0.00000000000000000E+000)
( 0.31341950156892762E+000, 0.00000000000000000E+000)
( 0.33511348343656272E+000, 0.00000000000000000E+000)
( 0.32463274115087098E+000, 0.00000000000000000E+000)
( 0.36940882762057475E+000, 0.00000000000000000E+000)
( 0.36518812717391347E+000, 0.00000000000000000E+000)
( 0.32750853235880317E+000, 0.00000000000000000E+000)
( 0.37594053586369847E+000, 0.00000000000000000E+000)
( 0.38447797236955944E+000, 0.00000000000000000E+000)
( 0.35612746403935785E+000, 0.00000000000000000E+000)
( 0.47252521560854044E+000, 0.00000000000000000E+000)
( 0.60876322096126756E+000, 0.00000000000000000E+000)
 0.00000000000000000E+000  0.15707963267948966E+001
( 0.95600151134702005E+000,-0.64646162793826344E-016)
( 0.72900890657152639E+000,-0.96797825152677186E-004)
( 0.56272075212305683E+000,-0.10500329935623184E-001)
( 0.43615427783096650E+000, 0.15190335113184672E-003)
( 0.34068504349149720E+000,-0.28260238076377570E-002)
( 0.28261029109095798E+000, 0.10232265433708270E-001)
( 0.23652098151816536E+000,-0.38793202222366248E-002)
( 0.20838573950506384E+000, 0.48463518088629537E-002)
( 0.21411281586295758E+000,-0.17904632802665771E-003)
( 0.23398832307243791E+000, 0.81317345786838784E-002)
( 0.24078309575320708E+000, 0.81977361424912121E-002)
( 0.26167462744066528E+000,-0.21375496970670749E-002)
( 0.26171663402416773E+000, 0.53321837381069964E-002)
( 0.28632190333307178E+000,-0.27981086343565314E-002)
( 0.32428384481852229E+000,-0.72641857928746412E-002)
( 0.31715732533599994E+000,-0.87161920553743832E-002)
( 0.38844806985070518E+000,-0.49032248494026648E-002)
( 0.45950217574002750E+000, 0.13739113205603901E-001)
( 0.49601753634869000E+000, 0.31286493537958912E-001)
( 0.70238254995664229E+000, 0.30149186051679169E-001)
( 0.95600151134701583E+000, 0.25559457956967624E-016)
 0.00000000000000000E+000  0.31415926535897931E+001
( 0.13026833264874733E+001,-0.34074281397787355E-019)
( 0.94019851414369948E+000, 0.13594318226818322E-017)
( 0.73460344835567448E+000, 0.21898943831440217E-017)
( 0.56165798919703680E+000, 0.47468195747869911E-017)
( 0.45395757988515761E+000, 0.68863177417132738E-017)
( 0.36513670743779142E+000, 0.79022764996125906E-017)
( 0.31045580827065633E+000, 0.68046412647981904E-017)
( 0.26609858135565562E+000, 0.76815841934459127E-017)
( 0.26941578193670768E+000, 0.69858680224562655E-017)
( 0.30531048708998881E+000, 0.99909723261840327E-017)
( 0.30638802816914867E+000, 0.94687737514782284E-017)
( 0.32861405728024734E+000, 0.83339165814574432E-017)
( 0.35018741373268697E+000, 0.99227774945157314E-017)
( 0.35737643573973871E+000, 0.90957725995481381E-017)
( 0.40284409075412597E+000, 0.64254864211952021E-017)
( 0.40431113363642041E+000, 0.49030345756831975E-017)
( 0.48499193864670997E+000, 0.45452695600636631E-017)
( 0.58514117896508111E+000, 0.47818187326066816E-017)
( 0.65770951938051569E+000, 0.51664724258604791E-017)
( 0.94512068656067394E+000, 0.44809320821674171E-017)
( 0.13026833264874687E+001,-0.34074281397770792E-019)
 0.15707963267948966E+001 -0.15707963267948966E+001
( 0.91265209641686107E+000, 0.21684043449710089E-015)
( 0.66220319652316473E+000,-0.74330527429918476E-002)
( 0.49511425185844499E+000,-0.63418966073097646E-002)
( 0.39471193314456632E+000,-0.14494021168899274E-001)
( 0.32137250061946604E+000, 0.16216233433357086E-001)
( 0.27074860643385573E+000, 0.18030178367551344E-002)
( 0.22236685029547601E+000, 0.11060197408478885E-001)
( 0.19820587618996691E+000, 0.36102896850627991E-002)
( 0.18312590860695876E+000, 0.21399907049657503E-003)
( 0.21260084071452481E+000, 0.77585306951799445E-002)
( 0.20711430321835936E+000, 0.96471262711220439E-002)
( 0.21294229251981775E+000, 0.10243698083023240E-001)
( 0.21880944664079033E+000,-0.55468698503518248E-002)
( 0.23767528041331290E+000,-0.96179611385779490E-002)
( 0.25711887198685474E+000,-0.13996623466580940E-004)
( 0.25558620116827835E+000,-0.25552253141906999E-002)
( 0.29339137294832612E+000,-0.18311357131636972E-001)
( 0.37853135940787785E+000,-0.48632970648384791E-002)
( 0.44168845184665811E+000, 0.57802829915032782E-002)
( 0.66372505583876884E+000,-0.13848440975943220E-001)
( 0.91265209641685763E+000,-0.38163916471489756E-015)
 0.15707963267948966E+001  0.00000000000000000E+000
( 0.73527880537699919E+000, 0.22132171325846679E-015)
( 0.57037308809308518E+000,-0.81026836010078783E-002)
( 0.44184129877676426E+000,-0.84127874347727210E-002)
( 0.38496991510384915E+000,-0.10488898608410359E-001)
( 0.33425215235492339E+000,-0.38037991394467541E-002)
( 0.26915566477802993E+000, 0.44623174182330042E-002)
( 0.22455646574601870E+000, 0.11059761009496799E-001)
( 0.19492422656432773E+000, 0.18033887789066762E-001)
( 0.18111613634043161E+000, 0.16298522049959469E-002)
( 0.21426771799924868E+000, 0.39808756160427516E-002)
( 0.20772805386305979E+000, 0.81344630462418348E-002)
( 0.21476950129315081E+000, 0.12071134867980969E-001)
( 0.20617403699189940E+000,-0.31980304961031847E-003)
( 0.23046414020968031E+000,-0.10164630883999630E-001)
( 0.24856009947942384E+000,-0.18664500328980271E-001)
( 0.25875898781650997E+000,-0.81048812948374075E-002)
( 0.28902250719634071E+000,-0.13613493683016491E-001)
( 0.35438299008341789E+000, 0.32935704353205713E-002)
( 0.38821485175755049E+000, 0.18906456239503884E-001)
( 0.55737334838934005E+000, 0.10315939719845366E-003)
( 0.73527880537699497E+000,-0.61438213325752732E-016)
 0.15707963267948966E+001  0.15707963267948966E+001
( 0.90418695439175367E+000, 0.19694654115074817E-015)
( 0.65647203639121887E+000,-0.10295647841289279E-001)
( 0.49787813153821187E+000,-0.98276613031087392E-002)
( 0.39334931046551358E+000,-0.11623507770716576E-001)
( 0.32659732683480219E+000,-0.81927502986200544E-002)
( 0.25461326762436054E+000, 0.28061832907449570E-002)
( 0.21752236961759328E+000, 0.92861431500955455E-002)
( 0.18658153599693103E+000, 0.55323863903664972E-002)
( 0.18140212447390369E+000,-0.19363422122118299E-002)
( 0.21331494454951058E+000, 0.65213142621096303E-002)
( 0.20979531391823217E+000, 0.22170928251258552E-001)
( 0.21471936248883811E+000, 0.16116837368722289E-002)
( 0.21765488250961318E+000,-0.10545492777980404E-001)
( 0.22762339771140835E+000,-0.16708222502232733E-001)
( 0.25331498636224054E+000,-0.22302515828898379E-001)
( 0.26552832769916068E+000,-0.28599631808904975E-002)
( 0.30397428826804301E+000,-0.67888297120394436E-002)
( 0.38568862943757887E+000, 0.14986956438181084E-001)
( 0.44434846887061957E+000, 0.22430821996103696E-001)
( 0.65444622924395168E+000, 0.10565669342656896E-001)
( 0.90418695439175001E+000, 0.78616822692761954E-017)
 0.15707963267948966E+001  0.31415926535897931E+001
( 0.10927902407750778E+001, 0.16676378628491881E-015)
( 0.74507097592168059E+000,-0.52076993235856163E-002)
( 0.53525117267632993E+000,-0.31429614382673899E-002)
( 0.40183618767731000E+000,-0.53852249817967022E-002)
( 0.31938825542924415E+000, 0.10179526332960129E-001)
( 0.24626788412961970E+000, 0.94000468670808277E-002)
( 0.21194490614738551E+000, 0.15245506128770231E-001)
( 0.17974413059511143E+000, 0.14844541900843338E-002)
( 0.17292938329224944E+000, 0.51252338603085144E-002)
( 0.18862480453723843E+000, 0.18066207658380497E-001)
( 0.17154300227925232E+000, 0.13057127979963732E-001)
( 0.18314513068194854E+000,-0.78963320143803119E-002)
( 0.19661766090829386E+000,-0.18832727781118080E-001)
( 0.20370903976076316E+000,-0.13192587296635352E-001)
( 0.23986058935861201E+000,-0.99455055789593148E-002)
( 0.26811903396460185E+000,-0.29804060093242303E-002)
( 0.30006918305621366E+000,-0.16547298376346522E-001)
( 0.39766619117513080E+000,-0.27733731088589548E-002)
( 0.49237792615560205E+000, 0.10633599278510944E-001)
( 0.76060838083825255E+000, 0.31288189032816350E-003)
( 0.10927902407750749E+001,-0.46607201260228333E-016)
 0.31415926535897931E+001 -0.15707963267948966E+001
( 0.12769537553808485E+001,-0.10869735038545328E-016)
( 0.78862335967789376E+000,-0.43313971628863839E-002)
( 0.52588407247433722E+000,-0.20283689860339893E-002)
( 0.39121792693653967E+000, 0.81999175319950740E-002)
( 0.28069986585452278E+000, 0.14396949514659033E-002)
( 0.21474409523304988E+000,-0.60601607475020648E-003)
( 0.18339015437104822E+000,-0.34322973336905417E-002)
( 0.15256415835719722E+000,-0.40058649830782573E-002)
( 0.13754745556060446E+000,-0.63532695026402705E-002)
( 0.15162050419903025E+000, 0.43702069314703163E-004)
( 0.13861558541359006E+000,-0.83278139024568366E-002)
( 0.13702660477459111E+000,-0.23097042494828572E-002)
( 0.14192704834417949E+000, 0.33788857522605853E-002)
( 0.15329488285464452E+000,-0.35721121645976408E-002)
( 0.19024207599679591E+000, 0.74330307371646446E-002)
( 0.21835375693379361E+000,-0.18531646975404896E-002)
( 0.26122107163778796E+000,-0.80317532231659553E-002)
( 0.38261875209435681E+000, 0.17703824040979131E-002)
( 0.51332758526571143E+000, 0.39178680690743388E-002)
( 0.83794708986352595E+000, 0.18727439399757461E-003)
( 0.12769537553808437E+001,-0.10869735038545326E-016)
 0.31415926535897931E+001  0.00000000000000000E+000
( 0.12253680350323297E+001, 0.22262465044850755E-016)
( 0.79249714375403346E+000, 0.10762177792813058E-016)
( 0.53067996013186980E+000, 0.47622958134287084E-017)
( 0.38699776260281149E+000,-0.98288060505677241E-018)
( 0.26866663593509776E+000,-0.37914213183300182E-017)
( 0.19349717241468711E+000,-0.16665121911013966E-017)
( 0.14559210203528461E+000, 0.43911535975217328E-020)
( 0.11151669377285955E+000, 0.14797407478595874E-017)
( 0.91105975962550823E-001, 0.32999534113450903E-018)
( 0.10951130863497517E+000,-0.91525558564692066E-019)
( 0.10244755244189263E+000, 0.10213476158452566E-017)
( 0.91991481110150819E-001, 0.13292458231056612E-017)
( 0.10183159005583907E+000, 0.82520688309267092E-018)
( 0.12803223656089696E+000, 0.99095492045099204E-018)
( 0.15364778729282222E+000,-0.95603798416056097E-018)
( 0.18865960276619587E+000,-0.10752155863945408E-017)
( 0.23765366441624938E+000, 0.50958768904486555E-018)
( 0.36882495138397908E+000, 0.31304473195012442E-017)
( 0.51710906295097303E+000, 0.82430814369209451E-017)
( 0.82518380839052952E+000, 0.11215844802308166E-016)
( 0.12253680350323237E+001, 0.22262465044850659E-016)
 0.31415926535897931E+001  0.15707963267948966E+001
( 0.12769537553808485E+001, 0.66270033015042019E-016)
( 0.78862335967789376E+000, 0.43313971628864073E-002)
( 0.52588407247433722E+000, 0.20283689860339980E-002)
( 0.39121792693653967E+000,-0.81999175319950792E-002)
( 0.28069986585452278E+000,-0.14396949514659044E-002)
( 0.21474409523304988E+000, 0.60601607475020138E-003)
( 0.18339015437104822E+000, 0.34322973336905422E-002)
( 0.15256415835719722E+000, 0.40058649830782564E-002)
( 0.13754745556060446E+000, 0.63532695026402696E-002)
( 0.15162050419903025E+000,-0.43702069314705623E-004)
( 0.13861558541359006E+000, 0.83278139024568366E-002)
( 0.13702660477459111E+000, 0.23097042494828559E-002)
( 0.14192704834417949E+000,-0.33788857522605905E-002)
( 0.15329488285464452E+000, 0.35721121645976329E-002)
( 0.19024207599679591E+000,-0.74330307371646455E-002)
( 0.21835375693379361E+000, 0.18531646975404920E-002)
( 0.26122107163778796E+000, 0.80317532231659588E-002)
( 0.38261875209435681E+000,-0.17703824040979027E-002)
( 0.51332758526571143E+000,-0.39178680690743232E-002)
( 0.83794708986352595E+000,-0.18727439399755485E-003)
( 0.12769537553808437E+001, 0.52392245207227568E-016)
 0.31415926535897931E+001  0.31415926535897931E+001
( 0.14118370523303272E+001, 0.37488733134562344E-016)
( 0.87758894719079417E+000, 0.25639957121615839E-016)
( 0.59561942181069460E+000, 0.20330519302453819E-016)
( 0.44085124854178059E+000, 0.13292300108604627E-016)
( 0.33954662921328305E+000, 0.13411161866256175E-016)
( 0.27215382564017015E+000, 0.12303395593294493E-016)
( 0.24626816349630745E+000, 0.11956822073543580E-016)
( 0.21794847875099577E+000, 0.97895995285215820E-017)
( 0.19538926334098802E+000, 0.93871389847353590E-017)
( 0.19424106097109206E+000, 0.97272661270291240E-017)
( 0.19041611402806966E+000, 0.12988635611713914E-016)
( 0.19128465436570152E+000, 0.92863816027075428E-017)
( 0.18396687659677066E+000, 0.60277183673205107E-017)
( 0.19459602415536414E+000, 0.86553091323602464E-017)
( 0.22922112938166689E+000, 0.73461499689394046E-017)
( 0.25697969709881019E+000, 0.80661401949328448E-017)
( 0.30704915959297041E+000, 0.12070873391244785E-016)
( 0.43192357384091290E+000, 0.15195165235113821E-016)
( 0.57758705428952450E+000, 0.20329940876276635E-016)
( 0.92875745916834096E+000, 0.26388670054772531E-016)
( 0.14118370523303219E+001, 0.37488733134562091E-016)
 0.10000000000000000E+001          1         16         21  0.10000000000000001E+000
( 0.00000000000000000E+000,-0.96440563218757886E-016)
-0.15707963267948966E+001 -0.15707963267948966E+001
( 0.91302477293185191E+000, 0.44260437853295071E-016)
( 0.62810191700132512E+000,-0.58917149869414220E-002)
( 0.47267965004546797E+000,-0.13586342853776450E-001)
( 0.38940334391830567E+000,-0.34187961960118257E-002)
( 0.33688007493839434E+000, 0.16659489595865619E-002)
( 0.30022481962127123E+000,-0.68900468708249889E-002)
( 0.25698971743762644E+000,-0.13018868621776127E-002)
( 0.18883972581713410E+000,-0.12326398716625902E-001)
( 0.16084350930376076E+000, 0.58998791440543078E-002)
( 0.14990354198973313E+000, 0.45033594128873070E-002)
( 0.14853846583497293E+000, 0.31194306985586019E-002)
( 0.17484425308053647E+000,-0.16760500425089980E-002)
( 0.17366271302901440E+000,-0.31872308217289374E-003)
( 0.21239070766251691E+000, 0.51426435739105473E-002)
( 0.24020962124743472E+000, 0.52291959237142542E-002)
( 0.27272361186481581E+000, 0.46851809743512997E-003)
( 0.32383795482863897E+000, 0.13470196724181774E-001)
( 0.40354693207192804E+000,-0.19264179065900083E-002)
( 0.47635895048988208E+000,-0.16490049290247041E-002)
( 0.64544887835792497E+000, 0.49008750400578024E-002)
( 0.91302477293184769E+000, 0.42525714377318289E-016)
-0.15707963267948966E+001  0.00000000000000000E+000
( 0.71146839217300872E+000, 0.69587882758027477E-016)
( 0.53573994228498933E+000,-0.10989919318028802E-001)
( 0.43405536139839984E+000,-0.13293464376406279E-001)
( 0.38335075157887621E+000, 0.42039617122022668E-002)
( 0.33691849750730268E+000, 0.91005464130932742E-002)
( 0.30717445529866894E+000, 0.54112713239235009E-003)
( 0.27752648800909774E+000, 0.61872984211933085E-002)
( 0.20699428489911614E+000,-0.12327045991547403E-001)
( 0.16316183926811176E+000,-0.19273788432970095E-002)
( 0.15207374045263039E+000, 0.84500730497026307E-004)
( 0.15944928040671350E+000,-0.21061135248109813E-002)
( 0.18258459231595006E+000, 0.23184558308424709E-002)
( 0.18547296370379487E+000, 0.20620442982022362E-002)
( 0.21052026265509766E+000,-0.16640893732791813E-002)
( 0.24337993815737702E+000, 0.10440304983261199E-001)
( 0.26747516177939551E+000, 0.81820090253126310E-002)
( 0.30315222275603598E+000, 0.15485308203294048E-001)
( 0.37771229073972390E+000,-0.28000013847010300E-002)
( 0.41678623886586008E+000,-0.69054035408799190E-002)
( 0.54149411916123169E+000,-0.65921403973407877E-002)
( 0.71146839217300484E+000, 0.51373286260270941E-016)
-0.15707963267948966E+001  0.15707963267948966E+001
( 0.90733575115609466E+000, 0.89338259012805565E-016)
( 0.62588621405330924E+000,-0.51208116465838189E-002)
( 0.47295986915749166E+000,-0.71645889236795716E-002)
( 0.38835718294297106E+000, 0.98569341407471651E-003)
( 0.34162218481222595E+000, 0.10616331578074154E-001)
( 0.31168615508938591E+000, 0.11105723511777544E-001)
( 0.27605872304164214E+000, 0.98508173126278884E-002)
( 0.19599152450566915E+000,-0.91581208798979657E-002)
( 0.16965660394387308E+000,-0.47314970410095259E-002)
( 0.15332867165824912E+000, 0.38359730844620028E-003)
( 0.15770427980195417E+000,-0.38974709137545222E-002)
( 0.17628761753188182E+000, 0.54444268534941821E-002)
( 0.18081374460602254E+000, 0.14125670957168650E-002)
( 0.21396058003457705E+000, 0.13765821527771263E-002)
( 0.24812989430027138E+000, 0.51297788762205022E-002)
( 0.26724090328947425E+000, 0.74515351973269625E-003)
( 0.31958081648864112E+000, 0.66369143651176504E-002)
( 0.39952552297624011E+000,-0.58078492457581243E-002)
( 0.47483292342358363E+000,-0.25484426439204878E-002)
( 0.64381274210715145E+000,-0.81172114942522806E-002)
( 0.90733575115609066E+000,-0.16393136847980827E-015)
-0.15707963267948966E+001  0.31415926535897931E+001
( 0.10722428510222799E+001, 0.20614583917482388E-016)
( 0.70351376569998414E+000,-0.16790607085515403E-001)
( 0.51284746090412370E+000,-0.11836709398064525E-001)
( 0.42405574530407630E+000, 0.21480940925239643E-002)
( 0.36050569910992353E+000, 0.40628850514628613E-002)
( 0.30734731877159271E+000,-0.64220818802043873E-002)
( 0.26106643774601568E+000, 0.26037418269530474E-002)
( 0.18714506366817402E+000,-0.67214744616376785E-002)
( 0.16237912128539275E+000, 0.20369295068828931E-002)
( 0.14846214872010249E+000, 0.98156139672921300E-003)
( 0.14584128022190165E+000,-0.11391305659094540E-001)
( 0.17001122986303654E+000,-0.11129890053082974E-001)
( 0.17134982575414573E+000,-0.11806143868615469E-001)
( 0.21212238846549611E+000,-0.11099581285908218E-001)
( 0.23674625734090785E+000,-0.39752722833398518E-002)
( 0.27051026735306732E+000,-0.36374737000422542E-002)
( 0.32334571731511391E+000, 0.78936723126900570E-002)
( 0.42085438381642881E+000,-0.79744271454314456E-002)
( 0.51243943064615716E+000,-0.39426828660434699E-002)
( 0.72139637515216259E+000,-0.13524320311303276E-001)
( 0.10722428510222763E+001, 0.30155563035354799E-016)
 0.00000000000000000E+000 -0.15707963267948966E+001
( 0.99249298422205157E+000, 0.64927184269697815E-017)
( 0.70698400875018508E+000,-0.10756328016678255E-001)
( 0.55515481987104187E+000,-0.10793008337530472E-001)
( 0.45385526050732178E+000,-0.14410472158657648E-001)
( 0.40983063236324868E+000,-0.20175307529900155E-001)
( 0.35776151467983819E+000,-0.85744085357124800E-002)
( 0.32157739431873977E+000,-0.42360972653462496E-002)
( 0.22628971673890536E+000,-0.86619096169235025E-002)
( 0.20796217373996392E+000,-0.37788199066232679E-002)
( 0.20343738967505234E+000,-0.64198518004413632E-002)
( 0.19449793973018603E+000, 0.91884727393637389E-003)
( 0.21611016779676293E+000,-0.55254538663075767E-003)
( 0.24424139845555962E+000, 0.29326842033475463E-002)
( 0.25652160271934599E+000, 0.13733559025313272E-002)
( 0.28026865883779239E+000, 0.20993490794076054E-002)
( 0.33730278021905680E+000,-0.32116502254984978E-002)
( 0.37359145423027762E+000, 0.83554394107236609E-002)
( 0.50118476399118117E+000, 0.88987877945493066E-002)
( 0.57586406235817900E+000, 0.13652254901919520E-002)
( 0.74685146179084350E+000, 0.11112213448390819E-001)
( 0.99249298422204790E+000, 0.41848954397146146E-015)
 0.00000000000000000E+000  0.00000000000000000E+000
( 0.69858870864151079E+000, 0.00000000000000000E+000)
( 0.52646691001272439E+000, 0.00000000000000000E+000)
( 0.44555792138912409E+000, 0.00000000000000000E+000)
( 0.40905430198698722E+000, 0.00000000000000000E+000)
( 0.41182049064947329E+000, 0.00000000000000000E+000)
( 0.38038445203336269E+000, 0.00000000000000000E+000)
( 0.36209348615020165E+000, 0.00000000000000000E+000)
( 0.27697145947671287E+000, 0.00000000000000000E+000)
( 0.25304154111332527E+000, 0.00000000000000000E+000)
( 0.24232045268670202E+000, 0.00000000000000000E+000)
( 0.24557601920151512E+000, 0.00000000000000000E+000)
( 0.26618714053196657E+000, 0.00000000000000000E+000)
( 0.29063212975891917E+000, 0.00000000000000000E+000)
( 0.30734687574074304E+000, 0.00000000000000000E+000)
( 0.33439413954745573E+000, 0.00000000000000000E+000)
( 0.37007494424394050E+000, 0.00000000000000000E+000)
( 0.38915413904247109E+000, 0.00000000000000000E+000)
( 0.46208930178008467E+000, 0.00000000000000000E+000)
( 0.48044183568573146E+000, 0.00000000000000000E+000)
( 0.57757249448673120E+000, 0.00000000000000000E+000)
( 0.69858870864150768E+000, 0.00000000000000000E+000)
 0.00000000000000000E+000  0.15707963267948966E+001
( 0.99249298422205157E+000,-0.64927184269697815E-017)
( 0.70698400875018508E+000, 0.10756328016678255E-001)
( 0.55515481987104187E+000, 0.10793008337530472E-001)
( 0.45385526050732178E+000, 0.14410472158657648E-001)
( 0.40983063236324868E+000, 0.20175307529900155E-001)
( 0.35776151467983819E+000, 0.85744085357124800E-002)
( 0.32157739431873977E+000, 0.42360972653462496E-002)
( 0.22628971673890536E+000, 0.86619096169235025E-002)
( 0.20796217373996392E+000, 0.37788199066232679E-002)
( 0.20343738967505234E+000, 0.64198518004413632E-002)
( 0.19449793973018603E+000,-0.91884727393637389E-003)
( 0.21611016779676293E+000, 0.55254538663075767E-003)
( 0.24424139845555962E+000,-0.29326842033475463E-002)
( 0.25652160271934599E+000,-0.13733559025313272E-002)
( 0.28026865883779239E+000,-0.20993490794076054E-002)
( 0.33730278021905680E+000, 0.32116502254984978E-002)
( 0.37359145423027762E+000,-0.83554394107236609E-002)
( 0.50118476399118117E+000,-0.88987877945493066E-002)
( 0.57586406235817900E+000,-0.13652254901919520E-002)
( 0.74685146179084350E+000,-0.11112213448390819E-001)
( 0.99249298422204790E+000,-0.41848954397146146E-015)
 0.00000000000000000E+000  0.31415926535897931E+001
( 0.12779613921451496E+001,-0.51654791623592256E-018)
( 0.88509303889361424E+000, 0.11698185928300074E-017)
( 0.68037906532093018E+000, 0.22786613335472128E-017)
( 0.55589225479705129E+000, 0.52694702603738512E-017)
( 0.50792346272900468E+000, 0.85990597942160266E-017)
( 0.44636227149535168E+000, 0.78605492494570435E-017)
( 0.38536692657184135E+000, 0.69056497290996939E-017)
( 0.28621987812793515E+000, 0.78338037055131676E-017)
( 0.27185733010938995E+000, 0.71355370548306454E-017)
( 0.24601771895033578E+000, 0.57743992264349805E-017)
( 0.24616849441692645E+000, 0.61790129596289676E-017)
( 0.26853545669038875E+000, 0.63441206243676326E-017)
( 0.29813780842649973E+000, 0.57816660956065153E-017)
( 0.32533254688738822E+000, 0.71574179311447110E-017)
( 0.36284372990646224E+000, 0.81133985458116798E-017)
( 0.42138568616627203E+000, 0.75486230871373040E-017)
( 0.46420592701613983E+000, 0.54782295967698963E-017)
( 0.61184747185707100E+000, 0.32924427168581112E-017)
( 0.71079105066832260E+000, 0.22517770918663833E-017)
( 0.93169573070861289E+000,-0.40775382315498495E-018)
( 0.12779613921451447E+001,-0.51654791623598920E-018)
 0.15707963267948966E+001 -0.15707963267948966E+001
( 0.90733575115609466E+000,-0.89338259012805565E-016)
( 0.62588621405330924E+000, 0.51208116465838189E-002)
( 0.47295986915749166E+000, 0.71645889236795716E-002)
( 0.38835718294297106E+000,-0.98569341407471651E-003)
( 0.34162218481222595E+000,-0.10616331578074154E-001)
( 0.31168615508938591E+000,-0.11105723511777544E-001)
( 0.27605872304164214E+000,-0.98508173126278884E-002)
( 0.19599152450566915E+000, 0.91581208798979657E-002)
( 0.16965660394387308E+000, 0.47314970410095259E-002)
( 0.15332867165824912E+000,-0.38359730844620028E-003)
( 0.15770427980195417E+000, 0.38974709137545222E-002)
( 0.17628761753188182E+000,-0.54444268534941821E-002)
( 0.18081374460602254E+000,-0.14125670957168650E-002)
( 0.21396058003457705E+000,-0.13765821527771263E-002)
( 0.24812989430027138E+000,-0.51297788762205022E-002)
( 0.26724090328947425E+000,-0.74515351973269625E-003)
( 0.31958081648864112E+000,-0.66369143651176504E-002)
( 0.39952552297624011E+000, 0.58078492457581243E-002)
( 0.47483292342358363E+000, 0.25484426439204878E-002)
( 0.64381274210715145E+000, 0.81172114942522806E-002)
( 0.90733575115609066E+000, 0.16393136847980827E-015)
 0.15707963267948966E+001  0.00000000000000000E+000
( 0.71146839217300872E+000,-0.69587882758027477E-016)
( 0.53573994228498933E+000, 0.10989919318028802E-001)
( 0.43405536139839984E+000, 0.13293464376406279E-001)
( 0.38335075157887621E+000,-0.42039617122022668E-002)
( 0.33691849750730268E+000,-0.91005464130932742E-002)
( 0.30717445529866894E+000,-0.54112713239235009E-003)
( 0.27752648800909774E+000,-0.61872984211933085E-002)
( 0.20699428489911614E+000, 0.12327045991547403E-001)
( 0.16316183926811176E+000, 0.19273788432970095E-002)
( 0.15207374045263039E+000,-0.84500730497026307E-004)
( 0.15944928040671350E+000, 0.21061135248109813E-002)
( 0.18258459231595006E+000,-0.23184558308424709E-002)
( 0.18547296370379487E+000,-0.20620442982022362E-002)
( 0.21052026265509766E+000, 0.16640893732791813E-002)
( 0.24337993815737702E+000,-0.10440304983261199E-001)
( 0.26747516177939551E+000,-0.81820090253126310E-002)
( 0.30315222275603598E+000,-0.15485308203294048E-001)
( 0.37771229073972390E+000, 0.28000013847010300E-002)
( 0.41678623886586008E+000, 0.69054035408799190E-002)
( 0.54149411916123169E+000, 0.65921403973407877E-002)
( 0.71146839217300484E+000,-0.51373286260270941E-016)
 0.15707963267948966E+001  0.15707963267948966E+001
( 0.91302477293185191E+000,-0.44260437853295071E-016)
( 0.62810191700132512E+000, 0.58917149869414220E-002)
( 0.47267965004546797E+000, 0.13586342853776450E-001)
( 0.38940334391830567E+000, 0.34187961960118257E-002)
( 0.33688007493839434E+000,-0.16659489595865619E-002)
( 0.30022481962127123E+000, 0.68900468708249889E-002)
( 0.25698971743762644E+000, 0.13018868621776127E-002)
( 0.18883972581713410E+000, 0.12326398716625902E-001)
( 0.16084350930376076E+000,-0.58998791440543078E-002)
( 0.14990354198973313E+000,-0.45033594128873070E-002)
( 0.14853846583497293E+000,-0.31194306985586019E-002)
( 0.17484425308053647E+000, 0.16760500425089980E-002)
( 0.17366271302901440E+000, 0.31872308217289374E-003)
( 0.21239070766251691E+000,-0.51426435739105473E-002)
( 0.24020962124743472E+000,-0.52291959237142542E-002)
( 0.27272361186481581E+000,-0.46851809743512997E-003)
( 0.32383795482863897E+000,-0.13470196724181774E-001)
( 0.40354693207192804E+000, 0.19264179065900083E-002)
( 0.47635895048988208E+000, 0.16490049290247041E-002)
( 0.64544887835792497E+000,-0.49008750400578024E-002)
( 0.91302477293184769E+000,-0.42525714377318289E-016)
 0.15707963267948966E+001  0.31415926535897931E+001
( 0.10722428510222799E+001,-0.25768775913639826E-016)
( 0.70351376569998414E+000, 0.16790607085515396E-001)
( 0.51284746090412370E+000, 0.11836709398064537E-001)
( 0.42405574530407630E+000,-0.21480940925239604E-002)
( 0.36050569910992353E+000,-0.40628850514628648E-002)
( 0.30734731877159271E+000, 0.64220818802043847E-002)
( 0.26106643774601568E+000,-0.26037418269530509E-002)
( 0.18714506366817396E+000, 0.67214744616376828E-002)
( 0.16237912128539275E+000,-0.20369295068828975E-002)
( 0.14846214872010249E+000,-0.98156139672921604E-003)
( 0.14584128022190165E+000, 0.11391305659094539E-001)
( 0.17001122986303654E+000, 0.11129890053082972E-001)
( 0.17134982575414573E+000, 0.11806143868615468E-001)
( 0.21212238846549608E+000, 0.11099581285908213E-001)
( 0.23674625734090785E+000, 0.39752722833398474E-002)
( 0.27051026735306732E+000, 0.36374737000422494E-002)
( 0.32334571731511391E+000,-0.78936723126900622E-002)
( 0.42085438381642881E+000, 0.79744271454314404E-002)
( 0.51243943064615716E+000, 0.39426828660434655E-002)
( 0.72139637515216259E+000, 0.13524320311303271E-001)
( 0.10722428510222763E+001,-0.35309755031512179E-016)
 0.31415926535897931E+001 -0.15707963267948966E+001
( 0.12390118070912550E+001,-0.36850379256563903E-016)
( 0.76099949302929759E+000,-0.43870301499524542E-002)
( 0.49600922966485533E+000,-0.35385348407304552E-002)
( 0.38476073905407676E+000,-0.96956835836403948E-002)
( 0.31098736148315509E+000,-0.97571020551801644E-002)
( 0.25408037728191402E+000,-0.50913751132772187E-002)
( 0.20218871369507579E+000,-0.70818451156583204E-002)
( 0.15029215326092854E+000,-0.30651392157801834E-002)
( 0.12426598653552727E+000,-0.33335783593871869E-003)
( 0.10651297094843991E+000, 0.47393370859380238E-002)
( 0.10512012385051629E+000, 0.72195980355526095E-003)
( 0.13576872932774317E+000,-0.58615601766314543E-002)
( 0.13328278179661626E+000,-0.55633193574841893E-004)
( 0.16394109687032396E+000,-0.28499815761389240E-002)
( 0.18544741591715835E+000,-0.10001950026849319E-001)
( 0.22075252129327957E+000, 0.91297031396234216E-002)
( 0.28975417010634597E+000,-0.28959176133037173E-002)
( 0.38585701976732911E+000,-0.33632503249713216E-003)
( 0.51066345951514525E+000, 0.20313466045234871E-002)
( 0.77282248401194154E+000,-0.18898522240706757E-002)
( 0.12390118070912501E+001,-0.27309400138691454E-016)
 0.31415926535897931E+001  0.00000000000000000E+000
( 0.11841290194531993E+001, 0.28153463053539289E-016)
( 0.76298281060480355E+000, 0.14692680052886390E-016)
( 0.49698243113321783E+000, 0.61854802500699320E-017)
( 0.38121357465174055E+000, 0.92818736709071320E-018)
( 0.28553073884452634E+000, 0.32533609595085603E-018)
( 0.22595127449490718E+000,-0.55693497211973002E-018)
( 0.17173750066657270E+000,-0.20571975780413948E-017)
( 0.11871013653974775E+000, 0.38864889945301560E-018)
( 0.83765233100254882E-001, 0.87794031144031428E-018)
( 0.68796610995237373E-001, 0.41641550702971912E-018)
( 0.65908641178579391E-001,-0.19604595306382446E-018)
( 0.95514597336571888E-001,-0.49624883021880553E-018)
( 0.90708790568899994E-001, 0.38398214539657851E-018)
( 0.12432215466971040E+000, 0.85460040998576705E-018)
( 0.14799000141258534E+000,-0.15465051227905611E-017)
( 0.20007164063154201E+000, 0.11531423218276082E-017)
( 0.27649168291224158E+000, 0.17372080233764718E-017)
( 0.39427429091384569E+000, 0.65236331229839673E-017)
( 0.51939967648756469E+000, 0.11026710075625801E-016)
( 0.76555089625242978E+000, 0.16735988451354191E-016)
( 0.11841290194531928E+001, 0.28153463053539165E-016)
 0.31415926535897931E+001  0.15707963267948966E+001
( 0.12390118070912550E+001, 0.85472615015687482E-016)
( 0.76099949302929759E+000, 0.43870301499524854E-002)
( 0.49600922966485533E+000, 0.35385348407304703E-002)
( 0.38476073905407676E+000, 0.96956835836404069E-002)
( 0.31098736148315509E+000, 0.97571020551801661E-002)
( 0.25408037728191402E+000, 0.50913751132772179E-002)
( 0.20218871369507579E+000, 0.70818451156583178E-002)
( 0.15029215326092854E+000, 0.30651392157801847E-002)
( 0.12426598653552727E+000, 0.33335783593872043E-003)
( 0.10651297094843991E+000,-0.47393370859380246E-002)
( 0.10512012385051629E+000,-0.72195980355526399E-003)
( 0.13576872932774317E+000, 0.58615601766314543E-002)
( 0.13328278179661626E+000, 0.55633193574843845E-004)
( 0.16394109687032396E+000, 0.28499815761389219E-002)
( 0.18544741591715835E+000, 0.10001950026849313E-001)
( 0.22075252129327957E+000,-0.91297031396234199E-002)
( 0.28975417010634597E+000, 0.28959176133037169E-002)
( 0.38585701976732911E+000, 0.33632503249714316E-003)
( 0.51066345951514525E+000,-0.20313466045234685E-002)
( 0.77282248401194154E+000, 0.18898522240707054E-002)
( 0.12390118070912501E+001, 0.75931635897815092E-016)
 0.31415926535897931E+001  0.31415926535897931E+001
( 0.13973805869245812E+001, 0.38842261478234062E-016)
( 0.84544452061000630E+000, 0.27694998398410420E-016)
( 0.57152690119837357E+000, 0.20418071095460592E-016)
( 0.45375679293557108E+000, 0.14823224395305605E-016)
( 0.36659989840246682E+000, 0.11943754358212704E-016)
( 0.30235992748582946E+000, 0.10850672077572340E-016)
( 0.25027920408575233E+000, 0.85791859438844524E-017)
( 0.17709956239131802E+000, 0.63576272872783949E-017)
( 0.15940312625099654E+000, 0.59843257828921139E-017)
( 0.14208889059230237E+000, 0.47516341625704851E-017)
( 0.13677775727530131E+000, 0.64323675282976820E-017)
( 0.17037395237975222E+000, 0.77900359007011031E-017)
( 0.15827352163320371E+000, 0.73388172625865864E-017)
( 0.19276332836094512E+000, 0.67939432477752433E-017)
( 0.22206425136964802E+000, 0.84824751610467835E-017)
( 0.26935942822858622E+000, 0.10205358177578884E-016)
( 0.34239112232884539E+000, 0.11590337160011301E-016)
( 0.44692286612384391E+000, 0.18563575344796357E-016)
( 0.57436661891602248E+000, 0.20607184176902037E-016)
( 0.86944210822003731E+000, 0.29300989336735769E-016)
( 0.13973805869245766E+001, 0.38842261478233921E-016)
