          21           4   2.0000000000000000                1
     0.0000000        1.88102546        0.00161216
     0.1000000        1.34062983        0.00821847
     0.2000000        0.98512345        0.00781567
     0.3000000        0.73494645        0.00498618
     0.4000000        0.55251762        0.00276780
     0.5000000        0.40746332        0.00746040
     0.6000000        0.31514245        0.00663826
     0.7000000        0.23997816        0.00322193
     0.8000000        0.18809146        0.00426742
     0.9000000        0.15428720        0.00326384
     1.0000000        0.13011703        0.00696701
     1.1000000        0.10995117        0.00720618
     1.2000000        0.09322000        0.00538811
     1.3000000        0.07993379        0.00551476
     1.4000000        0.07529547        0.00340941
     1.5000000        0.06793215        0.00407333
     1.6000000        0.07091775        0.00429342
     1.7000000        0.07097557        0.00912927
     1.8000000        0.07688653        0.01140179
     1.9000000        0.09066599        0.00987338
     2.0000000        0.11897454        0.00161216
