          41           9   8.0000000000000000                1
     0.0000000        0.34997661        0.01968759
     0.1000000        0.20785968        0.01890519
     0.2000000        0.12936194        0.01743557
     0.3000000        0.08698056        0.01638130
     0.4000000        0.06370126        0.01524832
     0.5000000        0.04901728        0.01290368
     0.6000000        0.03862119        0.01082040
     0.7000000        0.03350680        0.00964895
     0.8000000        0.03039799        0.00818029
     0.9000000        0.02705262        0.00772292
     1.0000000        0.02354186        0.00910055
     1.1000000        0.02040505        0.00992499
     1.2000000        0.01813771        0.00923318
     1.3000000        0.01481788        0.00807989
     1.4000000        0.01329446        0.00824779
     1.5000000        0.01419858        0.00907530
     1.6000000        0.01411664        0.00923477
     1.7000000        0.01243954        0.00889921
     1.8000000        0.01038149        0.00894263
     1.9000000        0.00929106        0.01027320
     2.0000000        0.00796414        0.01102258
     2.1000000        0.00585418        0.01155561
     2.2000000        0.00317207        0.01240799
     2.3000000        0.00148517        0.01248328
     2.4000000        0.00229595        0.01206866
     2.5000000        0.00477130        0.01252357
     2.6000000        0.00462872        0.01483540
     2.7000000        0.00457605        0.01590923
     2.8000000        0.00714073        0.01566522
     2.9000000        0.00733855        0.01531406
     3.0000000        0.00515718        0.01495261
     3.1000000        0.00323986        0.01494040
     3.2000000        0.00451816        0.01458389
     3.3000000        0.00640434        0.01424456
     3.4000000        0.00510524        0.01549916
     3.5000000        0.00331607        0.01676152
     3.6000000        0.00031933        0.01822549
     3.7000000       -0.00211478        0.01946626
     3.8000000       -0.00113195        0.01895231
     3.9000000        0.00217280        0.01776715
     4.0000000        0.00504922        0.01697012
