          11           4   2.0000000000000000                1
     0.0000000        0.09882796        0.00728668
     0.1000000        0.04391228        0.00425898
     0.2000000        0.02170440        0.00181340
     0.3000000        0.01194198        0.00064629
     0.4000000        0.00725823        0.00021850
     0.5000000        0.00476153        0.00021694
     0.6000000        0.00343725        0.00017588
     0.7000000        0.00279932        0.00012054
     0.8000000        0.00247541        0.00011253
     0.9000000        0.00237101        0.00015887
     1.0000000        0.00241006        0.00023286
