          51           9   10.000000000000000                1
     0.0000000        0.39751065        0.01166271
     0.1000000        0.21220813        0.00903211
     0.2000000        0.11796841        0.00629662
     0.3000000        0.06945223        0.00622805
     0.4000000        0.04102121        0.00553964
     0.5000000        0.02556047        0.00581579
     0.6000000        0.01445446        0.00582041
     0.7000000        0.00972835        0.00558152
     0.8000000        0.00705829        0.00533309
     0.9000000        0.00342563        0.00634026
     1.0000000        0.00184142        0.00613468
     1.1000000        0.00280812        0.00573749
     1.2000000       -0.00040377        0.00524726
     1.3000000       -0.00236070        0.00406616
     1.4000000       -0.00091922        0.00263725
     1.5000000       -0.00399231        0.00297141
     1.6000000       -0.00307529        0.00262966
     1.7000000       -0.00531401        0.00301368
     1.8000000       -0.00378941        0.00224000
     1.9000000       -0.00449924        0.00177087
     2.0000000       -0.00576445        0.00258363
     2.1000000       -0.00287425        0.00177020
     2.2000000       -0.00477783        0.00203965
     2.3000000       -0.00387825        0.00290718
     2.4000000       -0.00475260        0.00360739
     2.5000000       -0.00656566        0.00332510
     2.6000000       -0.00480898        0.00299606
     2.7000000       -0.00225921        0.00377601
     2.8000000       -0.00061585        0.00387318
     2.9000000        0.00023432        0.00420310
     3.0000000       -0.00070762        0.00353461
     3.1000000       -0.00225051        0.00362524
     3.2000000       -0.00205783        0.00369056
     3.3000000       -0.00280746        0.00383420
     3.4000000       -0.00009721        0.00381024
     3.5000000       -0.00119389        0.00416928
     3.6000000       -0.00099112        0.00527015
     3.7000000       -0.00096466        0.00499351
     3.8000000       -0.00229331        0.00492187
     3.9000000       -0.00189516        0.00497700
     4.0000000       -0.00368118        0.00532850
     4.1000000       -0.00472092        0.00524802
     4.2000000       -0.00433305        0.00563703
     4.3000000       -0.00234650        0.00597837
     4.4000000       -0.00115443        0.00589872
     4.5000000       -0.00014055        0.00560035
     4.6000000       -0.00097315        0.00564010
     4.7000000       -0.00331625        0.00519476
     4.8000000       -0.00415634        0.00629838
     4.9000000       -0.00136751        0.00695540
     5.0000000        0.00126831        0.00769903
