          51           9   10.000000000000000                1
     0.0000000        2.24304832        0.13678627
     0.1000000        1.58014519        0.09404999
     0.2000000        1.11763395        0.06759412
     0.3000000        0.84068949        0.05512612
     0.4000000        0.64564897        0.05313258
     0.5000000        0.49770981        0.04681326
     0.6000000        0.39435980        0.03668299
     0.7000000        0.29718662        0.01997660
     0.8000000        0.21585138        0.01985648
     0.9000000        0.15261449        0.02903153
     1.0000000        0.11979609        0.03181223
     1.1000000        0.11504684        0.00773962
     1.2000000        0.08373449        0.01537086
     1.3000000        0.07693633        0.00603133
     1.4000000        0.07147339        0.00713231
     1.5000000        0.05909884        0.00807496
     1.6000000        0.05207942        0.00821724
     1.7000000        0.04070696        0.00781064
     1.8000000        0.03519741        0.00530667
     1.9000000        0.02711450        0.00434612
     2.0000000        0.02068252        0.00363640
     2.1000000        0.01964027        0.00459245
     2.2000000        0.01745540        0.00305981
     2.3000000        0.01646217        0.00474407
     2.4000000        0.01310013        0.00394379
     2.5000000        0.01145022        0.00337338
     2.6000000        0.01083261        0.00395275
     2.7000000        0.01125076        0.00565628
     2.8000000        0.00753444        0.00328712
     2.9000000        0.01196089        0.00872930
     3.0000000        0.00537775        0.00242508
     3.1000000        0.00499961        0.00200582
     3.2000000        0.00389826        0.00205425
     3.3000000        0.00148684        0.00067054
     3.4000000        0.00044487        0.00089849
     3.5000000       -0.00086203        0.00168364
     3.6000000        0.00083696        0.00105068
     3.7000000        0.00243105        0.00184585
     3.8000000        0.00336408        0.00195866
     3.9000000        0.00196652        0.00106257
     4.0000000        0.00137808        0.00059101
     4.1000000        0.00141040        0.00075876
     4.2000000       -0.00007153        0.00102793
     4.3000000       -0.00023721        0.00136844
     4.4000000       -0.00055036        0.00099747
     4.5000000       -0.00035814        0.00086471
     4.6000000       -0.00053665        0.00082073
     4.7000000        0.00012049        0.00072243
     4.8000000       -0.00031566        0.00048425
     4.9000000        0.00016427        0.00044149
     5.0000000        0.00032113        0.00073442
