          41           9   8.0000000000000000                1
     0.0000000        0.17713150        0.00860144
     0.1000000        0.12186551        0.00429789
     0.2000000        0.07745446        0.00409645
     0.3000000        0.05141920        0.00305749
     0.4000000        0.03680657        0.00251932
     0.5000000        0.02509942        0.00321095
     0.6000000        0.01963673        0.00286427
     0.7000000        0.01099024        0.00343859
     0.8000000        0.01043127        0.00283235
     0.9000000        0.00973609        0.00417346
     1.0000000        0.00533081        0.00202336
     1.1000000        0.00502035        0.00329533
     1.2000000        0.00044051        0.00225736
     1.3000000       -0.00047396        0.00348100
     1.4000000       -0.00087126        0.00390967
     1.5000000       -0.00355821        0.00260187
     1.6000000       -0.00423757        0.00305814
     1.7000000       -0.00058759        0.00369065
     1.8000000        0.00256919        0.00454817
     1.9000000        0.00327033        0.00352273
     2.0000000        0.00266793        0.00229075
     2.1000000        0.00351451        0.00176801
     2.2000000        0.00028021        0.00117202
     2.3000000        0.00229447        0.00175547
     2.4000000       -0.00122945        0.00233661
     2.5000000        0.00033800        0.00223472
     2.6000000        0.00190980        0.00294662
     2.7000000       -0.00023832        0.00286448
     2.8000000        0.00212205        0.00244359
     2.9000000        0.00156097        0.00154292
     3.0000000        0.00057690        0.00189384
     3.1000000        0.00060048        0.00248243
     3.2000000        0.00043922        0.00131300
     3.3000000        0.00050613        0.00268711
     3.4000000       -0.00165585        0.00246574
     3.5000000        0.00112194        0.00187115
     3.6000000        0.00194739        0.00295070
     3.7000000        0.00619346        0.00342858
     3.8000000        0.00161637        0.00278824
     3.9000000       -0.00334147        0.00241523
     4.0000000       -0.00178459        0.00280823
