          31           4   6.0000000000000000                1
     0.0000000        0.62740507        0.01195021
     0.1000000        0.52437481        0.01180601
     0.2000000        0.44502240        0.01202714
     0.3000000        0.38312714        0.01220647
     0.4000000        0.33502954        0.01285013
     0.5000000        0.29645557        0.01392731
     0.6000000        0.26375670        0.01439700
     0.7000000        0.23596138        0.01418327
     0.8000000        0.21200741        0.01418730
     0.9000000        0.19129723        0.01397604
     1.0000000        0.17315987        0.01381790
     1.1000000        0.15729899        0.01454901
     1.2000000        0.14356081        0.01478490
     1.3000000        0.13061670        0.01367450
     1.4000000        0.11866918        0.01195133
     1.5000000        0.10943887        0.01080487
     1.6000000        0.10270332        0.00993197
     1.7000000        0.09747050        0.00999930
     1.8000000        0.09435172        0.01034593
     1.9000000        0.09287348        0.01065776
     2.0000000        0.09203403        0.01087883
     2.1000000        0.09250766        0.01063094
     2.2000000        0.09258828        0.01094662
     2.3000000        0.09129847        0.01129470
     2.4000000        0.09122092        0.01114710
     2.5000000        0.09052433        0.01081791
     2.6000000        0.08786444        0.01033940
     2.7000000        0.08553166        0.01006119
     2.8000000        0.08336916        0.00981819
     2.9000000        0.08140060        0.00855676
     3.0000000        0.08057905        0.00752215
