          51           9   10.000000000000000                1
     0.0000000        0.88156976        0.01198274
     0.1000000        0.71266048        0.01167143
     0.2000000        0.59167187        0.01118761
     0.3000000        0.50032178        0.01065521
     0.4000000        0.42959029        0.01008143
     0.5000000        0.37340331        0.00944003
     0.6000000        0.32725896        0.00891768
     0.7000000        0.28850040        0.00825311
     0.8000000        0.25526824        0.00721506
     0.9000000        0.22668570        0.00626402
     1.0000000        0.20235389        0.00573920
     1.1000000        0.18161748        0.00526254
     1.2000000        0.16372120        0.00450272
     1.3000000        0.14824277        0.00398159
     1.4000000        0.13575694        0.00436261
     1.5000000        0.12493604        0.00522027
     1.6000000        0.11385611        0.00527826
     1.7000000        0.10360550        0.00507668
     1.8000000        0.09432606        0.00466830
     1.9000000        0.08518720        0.00388776
     2.0000000        0.07684052        0.00341978
     2.1000000        0.06920855        0.00314575
     2.2000000        0.06264565        0.00312291
     2.3000000        0.05789915        0.00357172
     2.4000000        0.05393426        0.00398765
     2.5000000        0.04977969        0.00403585
     2.6000000        0.04563116        0.00411248
     2.7000000        0.04185673        0.00432060
     2.8000000        0.03839250        0.00462552
     2.9000000        0.03499732        0.00489733
     3.0000000        0.03227194        0.00525051
     3.1000000        0.02971812        0.00521619
     3.2000000        0.02743178        0.00500316
     3.3000000        0.02532881        0.00481637
     3.4000000        0.02323793        0.00484067
     3.5000000        0.02175875        0.00483549
     3.6000000        0.02015891        0.00435608
     3.7000000        0.01823510        0.00344162
     3.8000000        0.01665866        0.00268614
     3.9000000        0.01561632        0.00248986
     4.0000000        0.01503016        0.00244020
     4.1000000        0.01417960        0.00258052
     4.2000000        0.01270999        0.00332903
     4.3000000        0.01143932        0.00404630
     4.4000000        0.01067645        0.00463672
     4.5000000        0.00946929        0.00522193
     4.6000000        0.00815002        0.00570081
     4.7000000        0.00702754        0.00599264
     4.8000000        0.00559407        0.00660577
     4.9000000        0.00466653        0.00718134
     5.0000000        0.00448972        0.00726900
