   -1.570796     -1.570796        0.10687836        0.03089895        0.03414792        0.01284220
   -1.570796      0.000000        0.12183916        0.00961094        0.00167084        0.00961438
   -1.570796      1.570796        0.12885712        0.00505379       -0.00738291        0.00847557
   -1.570796      3.141593        0.15642321        0.01306171        0.01659763        0.02775037
    0.000000     -1.570796        0.09013946        0.04771780        0.02974373        0.04107446
    0.000000      0.000000        0.11340871        0.04761526        0.00000000        0.00000000
    0.000000      1.570796        0.09013946        0.04771780       -0.02974373        0.04107446
    0.000000      3.141593        0.12547734        0.03225706        0.00000000        0.00000000
    1.570796     -1.570796        0.12885712        0.00505379        0.00738291        0.00847557
    1.570796      0.000000        0.12183916        0.00961094       -0.00167084        0.00961438
    1.570796      1.570796        0.10687836        0.03089895       -0.03414792        0.01284220
    1.570796      3.141593        0.15642321        0.01306171       -0.01659763        0.02775037
    3.141593     -1.570796        0.16577409        0.01296553        0.01181084        0.03861654
    3.141593      0.000000        0.13124750        0.03324542        0.00000000        0.00000000
    3.141593      1.570796        0.16577409        0.01296553       -0.01181084        0.03861654
    3.141593      3.141593        0.16116884        0.07212433       -0.00000000        0.00000000
