 0.10000000000000000E+001          1         16
( 0.00000000000000000E+000, 0.00000000000000000E+000)
-0.15707963267948966E+001 -0.15707963267948966E+001
( 0.25181593121856127E+000, 0.65451371143492166E-017)
-0.15707963267948966E+001  0.00000000000000000E+000
( 0.18004030618380823E+000, 0.95775273754915601E-018)
-0.15707963267948966E+001  0.15707963267948966E+001
( 0.26368119229964265E+000, 0.69388939039072284E-017)
-0.15707963267948966E+001  0.31415926535897931E+001
( 0.33348794689705874E+000, 0.70183738155400736E-017)
 0.00000000000000000E+000 -0.15707963267948966E+001
( 0.18609333617411472E+000,-0.15415632889012257E-016)
 0.00000000000000000E+000  0.00000000000000000E+000
( 0.29166041220871682E-001, 0.00000000000000000E+000)
 0.00000000000000000E+000  0.15707963267948966E+001
( 0.18609333617411472E+000, 0.15415632889012257E-016)
 0.00000000000000000E+000  0.31415926535897931E+001
( 0.26292386410689633E+000,-0.49045124676829715E-017)
 0.15707963267948966E+001 -0.15707963267948966E+001
( 0.26368119229964265E+000,-0.69388939039072284E-017)
 0.15707963267948966E+001  0.00000000000000000E+000
( 0.18004030618380823E+000,-0.95775273754915601E-018)
 0.15707963267948966E+001  0.15707963267948966E+001
( 0.25181593121856127E+000,-0.65451371143492166E-017)
 0.15707963267948966E+001  0.31415926535897931E+001
( 0.33348794689705874E+000,-0.43364404427024831E-017)
 0.31415926535897931E+001 -0.15707963267948966E+001
( 0.33991254562561179E+000, 0.50072920331514154E-017)
 0.31415926535897931E+001  0.00000000000000000E+000
( 0.24887641235179431E+000,-0.50233884288089171E-017)
 0.31415926535897931E+001  0.15707963267948966E+001
( 0.33991254562561179E+000,-0.14579969223254209E-017)
 0.31415926535897931E+001  0.31415926535897931E+001
( 0.41950911336295016E+000, 0.24600203648744332E-018)
 0.10000000000000000E+001          1         16
( 0.00000000000000000E+000, 0.00000000000000000E+000)
-0.15707963267948966E+001 -0.15707963267948966E+001
( 0.27191140111041967E+000, 0.22478182655901211E-016)
-0.15707963267948966E+001  0.00000000000000000E+000
( 0.18801932678885924E+000, 0.91355064795488607E-017)
-0.15707963267948966E+001  0.15707963267948966E+001
( 0.25353957141643935E+000,-0.60715321659188248E-017)
-0.15707963267948966E+001  0.31415926535897931E+001
( 0.35562907912526098E+000, 0.25033164050897145E-016)
 0.00000000000000000E+000 -0.15707963267948966E+001
( 0.20449032609776166E+000, 0.35060582178522550E-017)
 0.00000000000000000E+000  0.00000000000000000E+000
( 0.16390168776974946E-001, 0.00000000000000000E+000)
 0.00000000000000000E+000  0.15707963267948966E+001
( 0.20449032609776166E+000,-0.35060582178522550E-017)
 0.00000000000000000E+000  0.31415926535897931E+001
( 0.26725960158815842E+000,-0.76743031633951101E-017)
 0.15707963267948966E+001 -0.15707963267948966E+001
( 0.25353957141643935E+000, 0.60715321659188248E-017)
 0.15707963267948966E+001  0.00000000000000000E+000
( 0.18801932678885924E+000,-0.91355064795488607E-017)
 0.15707963267948966E+001  0.15707963267948966E+001
( 0.27191140111041967E+000,-0.22478182655901211E-016)
 0.15707963267948966E+001  0.31415926535897931E+001
( 0.35562907912526098E+000,-0.18240715210584480E-016)
 0.31415926535897931E+001 -0.15707963267948966E+001
( 0.36783825118933833E+000, 0.15575900017892623E-016)
 0.31415926535897931E+001  0.00000000000000000E+000
( 0.26141419049212278E+000,-0.60151157045775748E-017)
 0.31415926535897931E+001  0.15707963267948966E+001
( 0.36783825118933833E+000,-0.79160894395915544E-017)
 0.31415926535897931E+001  0.31415926535897931E+001
( 0.41412984488050530E+000,-0.55109827761049286E-017)
 0.10000000000000000E+001          1         16
( 0.00000000000000000E+000, 0.00000000000000000E+000)
-0.15707963267948966E+001 -0.15707963267948966E+001
( 0.24664245686829028E+000, 0.43486695770168724E-017)
-0.15707963267948966E+001  0.00000000000000000E+000
( 0.15898719689297769E+000,-0.34108645716006978E-017)
-0.15707963267948966E+001  0.15707963267948966E+001
( 0.24864962799904694E+000,-0.65052130349130266E-017)
-0.15707963267948966E+001  0.31415926535897931E+001
( 0.34248431100518983E+000, 0.11923521906376758E-016)
 0.00000000000000000E+000 -0.15707963267948966E+001
( 0.17154980983479695E+000,-0.34753773954910419E-017)
 0.00000000000000000E+000  0.00000000000000000E+000
( 0.12514795369009665E-001, 0.00000000000000000E+000)
 0.00000000000000000E+000  0.15707963267948966E+001
( 0.17154980983479695E+000, 0.34753773954910419E-017)
 0.00000000000000000E+000  0.31415926535897931E+001
( 0.25825871580587700E+000,-0.44286968631413760E-017)
 0.15707963267948966E+001 -0.15707963267948966E+001
( 0.24864962799904694E+000, 0.65052130349130266E-017)
 0.15707963267948966E+001  0.00000000000000000E+000
( 0.15898719689297769E+000, 0.34108645716006978E-017)
 0.15707963267948966E+001  0.15707963267948966E+001
( 0.24664245686829028E+000,-0.43486695770168724E-017)
 0.15707963267948966E+001  0.31415926535897931E+001
( 0.34248431100518983E+000,-0.84303531802734362E-017)
 0.31415926535897931E+001 -0.15707963267948966E+001
( 0.33547239314423360E+000, 0.30416965264968397E-017)
 0.31415926535897931E+001  0.00000000000000000E+000
( 0.23654758342333182E+000,-0.42196439292361843E-017)
 0.31415926535897931E+001  0.15707963267948966E+001
( 0.33547239314423360E+000, 0.13188339375948869E-017)
 0.31415926535897931E+001  0.31415926535897931E+001
( 0.40498660828732358E+000,-0.31310478885967801E-017)
 0.10000000000000000E+001          1         16
( 0.00000000000000000E+000, 0.00000000000000000E+000)
-0.15707963267948966E+001 -0.15707963267948966E+001
( 0.26167309803633049E+000, 0.11642550732521612E-016)
-0.15707963267948966E+001  0.00000000000000000E+000
( 0.18822343890585483E+000, 0.19695701293589386E-016)
-0.15707963267948966E+001  0.15707963267948966E+001
( 0.24904994980450307E+000, 0.29490299091605721E-016)
-0.15707963267948966E+001  0.31415926535897931E+001
( 0.35019222005311257E+000, 0.17862458920657016E-016)
 0.00000000000000000E+000 -0.15707963267948966E+001
( 0.18693271332992156E+000,-0.13627531008156438E-016)
 0.00000000000000000E+000  0.00000000000000000E+000
(-0.36597673596095361E-002, 0.00000000000000000E+000)
 0.00000000000000000E+000  0.15707963267948966E+001
( 0.18693271332992156E+000, 0.13627531008156438E-016)
 0.00000000000000000E+000  0.31415926535897931E+001
( 0.24737845101636846E+000,-0.79691896119090102E-017)
 0.15707963267948966E+001 -0.15707963267948966E+001
( 0.24904994980450307E+000,-0.29490299091605721E-016)
 0.15707963267948966E+001  0.00000000000000000E+000
( 0.18822343890585483E+000,-0.19695701293589386E-016)
 0.15707963267948966E+001  0.15707963267948966E+001
( 0.26167309803633049E+000,-0.11642550732521612E-016)
 0.15707963267948966E+001  0.31415926535897931E+001
( 0.35019222005311257E+000,-0.11924592215381864E-016)
 0.31415926535897931E+001 -0.15707963267948966E+001
( 0.33405376099199974E+000, 0.14844666763187879E-017)
 0.31415926535897931E+001  0.00000000000000000E+000
( 0.23017190894265496E+000,-0.91808547401718227E-017)
 0.31415926535897931E+001  0.15707963267948966E+001
( 0.33405376099199974E+000,-0.42202173509276721E-017)
 0.31415926535897931E+001  0.31415926535897931E+001
( 0.42952213345826051E+000,-0.19531484735994296E-017)
 0.10000000000000000E+001          1         16
( 0.00000000000000000E+000, 0.00000000000000000E+000)
-0.15707963267948966E+001 -0.15707963267948966E+001
( 0.24776646511814079E+000,-0.16917586003279161E-017)
-0.15707963267948966E+001  0.00000000000000000E+000
( 0.16666728296686198E+000,-0.85107594197410603E-017)
-0.15707963267948966E+001  0.15707963267948966E+001
( 0.23006722167183230E+000, 0.52041704279304213E-017)
-0.15707963267948966E+001  0.31415926535897931E+001
( 0.34009572838631819E+000, 0.27161671321846741E-016)
 0.00000000000000000E+000 -0.15707963267948966E+001
( 0.17506823182408845E+000,-0.43582911277664628E-017)
 0.00000000000000000E+000  0.00000000000000000E+000
( 0.42208409835281374E-002, 0.00000000000000000E+000)
 0.00000000000000000E+000  0.15707963267948966E+001
( 0.17506823182408845E+000, 0.43582911277664628E-017)
 0.00000000000000000E+000  0.31415926535897931E+001
( 0.25525517464856051E+000,-0.55513513736083662E-017)
 0.15707963267948966E+001 -0.15707963267948966E+001
( 0.23006722167183230E+000,-0.52041704279304213E-017)
 0.15707963267948966E+001  0.00000000000000000E+000
( 0.16666728296686198E+000, 0.85107594197410603E-017)
 0.15707963267948966E+001  0.15707963267948966E+001
( 0.24776646511814079E+000, 0.16917586003279161E-017)
 0.15707963267948966E+001  0.31415926535897931E+001
( 0.34009572838631819E+000,-0.21871571142618539E-016)
 0.31415926535897931E+001 -0.15707963267948966E+001
( 0.33892288023358436E+000, 0.17562059138012526E-017)
 0.31415926535897931E+001  0.00000000000000000E+000
( 0.24944251671217924E+000,-0.48784545076444695E-017)
 0.31415926535897931E+001  0.15707963267948966E+001
( 0.33892288023358436E+000,-0.16702761625034711E-017)
 0.31415926535897931E+001  0.31415926535897931E+001
( 0.40413455643877660E+000,-0.27597668509275350E-017)
