          11           4   2.0000000000000000                1
     0.0000000        0.54332801        0.00155158
     0.1000000        0.49369622        0.02623099
     0.2000000        0.43411683        0.03451525
     0.3000000        0.37060029        0.07460793
     0.4000000        0.32243362        0.03711830
     0.5000000        0.30385393        0.03927866
     0.6000000        0.27773433        0.04181954
     0.7000000        0.28336063        0.04470216
     0.8000000        0.20517690        0.02095368
     0.9000000        0.17891196        0.02794056
     1.0000000        0.20431852        0.04682982
