          11           4   2.0000000000000000                1
     0.0000000        0.09034353        0.00369740
     0.1000000        0.04425279        0.00154670
     0.2000000        0.02275176        0.00096047
     0.3000000        0.01258860        0.00082176
     0.4000000        0.00748771        0.00076014
     0.5000000        0.00483362        0.00067548
     0.6000000        0.00340857        0.00055515
     0.7000000        0.00264226        0.00051886
     0.8000000        0.00228979        0.00050001
     0.9000000        0.00212524        0.00044556
     1.0000000        0.00207994        0.00041672
