          31           4   6.0000000000000000                1
     0.0000000        0.32513595        0.03639423
     0.1000000        0.18048810        0.01580327
     0.2000000        0.10300776        0.00697127
     0.3000000        0.05781072        0.00932677
     0.4000000        0.02424873        0.01676918
     0.5000000        0.02100102        0.01037595
     0.6000000        0.00633746        0.02213207
     0.7000000        0.00288529        0.01534118
     0.8000000        0.00222481        0.02344449
     0.9000000        0.00622254        0.00643542
     1.0000000        0.00664167        0.00372634
     1.1000000        0.00477912        0.00624927
     1.2000000        0.00329477        0.00765984
     1.3000000       -0.00246295        0.00793014
     1.4000000        0.00271938        0.00522072
     1.5000000        0.01199461        0.01275637
     1.6000000        0.00868515        0.00436410
     1.7000000        0.00334548        0.00391623
     1.8000000       -0.00150202        0.01662215
     1.9000000        0.00685701        0.01356247
     2.0000000        0.00489386        0.00477952
     2.1000000        0.01911566        0.00794134
     2.2000000        0.01133827        0.01884777
     2.3000000        0.01072175        0.01522118
     2.4000000        0.00179621        0.00958500
     2.5000000       -0.00559030        0.00765811
     2.6000000        0.00625172        0.00499826
     2.7000000        0.00841321        0.01216720
     2.8000000       -0.01298373        0.00642695
     2.9000000        0.00038982        0.00449332
     3.0000000        0.01724379        0.00318873
