          41           4   8.0000000000000000                1
     0.0000000        1.82217746        0.45869731
     0.1000000        1.67504961        0.46662511
     0.2000000        1.55579132        0.47501830
     0.3000000        1.48221828        0.47325423
     0.4000000        1.42530605        0.45704017
     0.5000000        1.33383207        0.42270649
     0.6000000        1.21087542        0.38692091
     0.7000000        1.09386968        0.36986617
     0.8000000        0.98941343        0.34842906
     0.9000000        0.91938524        0.33845673
     1.0000000        0.88587314        0.34996838
     1.1000000        0.82491144        0.35677798
     1.2000000        0.73104693        0.35753663
     1.3000000        0.65153909        0.35239685
     1.4000000        0.58855852        0.34231217
     1.5000000        0.51312309        0.30694446
     1.6000000        0.44136872        0.27450116
     1.7000000        0.38550338        0.25019202
     1.8000000        0.33241668        0.22588302
     1.9000000        0.28858056        0.20684635
     2.0000000        0.26461419        0.18468994
     2.1000000        0.24913275        0.15936531
     2.2000000        0.21821665        0.13660931
     2.3000000        0.19333521        0.12430113
     2.4000000        0.19974745        0.12403853
     2.5000000        0.22356328        0.12234900
     2.6000000        0.24438850        0.11245675
     2.7000000        0.26041613        0.10479996
     2.8000000        0.27472594        0.11882028
     2.9000000        0.25787739        0.14235508
     3.0000000        0.22143762        0.16496429
     3.1000000        0.19329545        0.19309548
     3.2000000        0.16905613        0.22045694
     3.3000000        0.12423916        0.25699038
     3.4000000        0.06121600        0.31550644
     3.5000000        0.00476024        0.37195504
     3.6000000       -0.04748617        0.41037025
     3.7000000       -0.08186382        0.44362203
     3.8000000       -0.09583554        0.46066570
     3.9000000       -0.09494612        0.46607019
     4.0000000       -0.09180768        0.47103849
