          11           4   2.0000000000000000                1
     0.0000000        0.16401614        0.01415339
     0.1000000        0.11780954        0.00983197
     0.2000000        0.08574031        0.00658521
     0.3000000        0.06339380        0.00479658
     0.4000000        0.04813573        0.00369310
     0.5000000        0.03808166        0.00295270
     0.6000000        0.03138270        0.00251229
     0.7000000        0.02706439        0.00229557
     0.8000000        0.02433432        0.00221314
     0.9000000        0.02291831        0.00227319
     1.0000000        0.02252549        0.00233467
