        1001           4   20.000000000000000                1
     0.0000000        0.54135523        0.14967911
     0.0100000        0.54134020        0.13933891
     0.0200000        0.51431549        0.14548176
     0.0300000        0.50145200        0.14288889
     0.0400000        0.48663070        0.15036350
     0.0500000        0.48625516        0.13673802
     0.0600000        0.46329636        0.14675301
     0.0700000        0.45381191        0.14724562
     0.0800000        0.44430732        0.14525887
     0.0900000        0.42885750        0.17477188
     0.1000000        0.41978486        0.18017869
     0.1100000        0.40331251        0.19143671
     0.1200000        0.39760054        0.18617113
     0.1300000        0.39800224        0.19075960
     0.1400000        0.41618637        0.14697136
     0.1500000        0.39900449        0.13574195
     0.1600000        0.40032692        0.13345120
     0.1700000        0.40118741        0.11333186
     0.1800000        0.38933834        0.11663350
     0.1900000        0.35249434        0.13154074
     0.2000000        0.35097681        0.13301008
     0.2100000        0.34698454        0.13840989
     0.2200000        0.31895251        0.14713761
     0.2300000        0.31261117        0.13444902
     0.2400000        0.32116359        0.11730787
     0.2500000        0.32469348        0.10460662
     0.2600000        0.33163651        0.10582114
     0.2700000        0.33281231        0.10415632
     0.2800000        0.34027477        0.09265304
     0.2900000        0.33378445        0.10506075
     0.3000000        0.36405028        0.10766441
     0.3100000        0.35773289        0.09951730
     0.3200000        0.34691103        0.09629848
     0.3300000        0.31586765        0.08891876
     0.3400000        0.31035622        0.07457700
     0.3500000        0.30596453        0.08675998
     0.3600000        0.29915806        0.08805050
     0.3700000        0.29165567        0.08718444
     0.3800000        0.28913633        0.08742575
     0.3900000        0.29037353        0.07202433
     0.4000000        0.27463325        0.07144510
     0.4100000        0.27231817        0.07588855
     0.4200000        0.27064918        0.06632885
     0.4300000        0.25921739        0.07722650
     0.4400000        0.28062748        0.06754251
     0.4500000        0.27513418        0.06673021
     0.4600000        0.28912785        0.08241849
     0.4700000        0.28559963        0.06118088
     0.4800000        0.29438146        0.07550621
     0.4900000        0.31797694        0.05825694
     0.5000000        0.32216724        0.08542677
     0.5100000        0.28803459        0.05854496
     0.5200000        0.30531716        0.06468915
     0.5300000        0.30161644        0.07284003
     0.5400000        0.32798263        0.09501344
     0.5500000        0.32783421        0.08512333
     0.5600000        0.31434902        0.08366500
     0.5700000        0.29658260        0.10912191
     0.5800000        0.30561192        0.11719907
     0.5900000        0.29765473        0.10355485
     0.6000000        0.29267999        0.08526123
     0.6100000        0.28176477        0.10085990
     0.6200000        0.29131904        0.09074784
     0.6300000        0.29932383        0.09780423
     0.6400000        0.27916565        0.10742922
     0.6500000        0.32794048        0.13059146
     0.6600000        0.27966255        0.11097405
     0.6700000        0.25891046        0.10768033
     0.6800000        0.22238283        0.10828223
     0.6900000        0.25286888        0.11222483
     0.7000000        0.23944191        0.09662933
     0.7100000        0.25332237        0.09724243
     0.7200000        0.26196682        0.08353829
     0.7300000        0.24239022        0.07116837
     0.7400000        0.26897498        0.09052844
     0.7500000        0.25693973        0.08254803
     0.7600000        0.23182692        0.07254575
     0.7700000        0.22172830        0.07282446
     0.7800000        0.23500054        0.07950164
     0.7900000        0.24529437        0.07853903
     0.8000000        0.23066536        0.07304587
     0.8100000        0.24413500        0.07981022
     0.8200000        0.25345018        0.09101934
     0.8300000        0.23362852        0.08595441
     0.8400000        0.21542558        0.06915516
     0.8500000        0.19823527        0.05907364
     0.8600000        0.20916888        0.07215853
     0.8700000        0.20908279        0.07468748
     0.8800000        0.21664970        0.08903051
     0.8900000        0.21237694        0.09175680
     0.9000000        0.20509591        0.09299775
     0.9100000        0.17189465        0.09071311
     0.9200000        0.20200157        0.10892772
     0.9300000        0.21673867        0.11684988
     0.9400000        0.20239283        0.08811102
     0.9500000        0.20361559        0.08932001
     0.9600000        0.19850731        0.08033257
     0.9700000        0.22422312        0.11979620
     0.9800000        0.21336180        0.12452163
     0.9900000        0.22726652        0.13128873
     1.0000000        0.24915290        0.14851587
     1.0100000        0.25144461        0.16856593
     1.0200000        0.27692403        0.21825486
     1.0300000        0.29874016        0.20753693
     1.0400000        0.30782386        0.18227121
     1.0500000        0.28169410        0.12866055
     1.0600000        0.25094987        0.12045570
     1.0700000        0.26422791        0.11595653
     1.0800000        0.29751166        0.13118985
     1.0900000        0.25640837        0.10711070
     1.1000000        0.25821083        0.12562931
     1.1100000        0.24694292        0.11390587
     1.1200000        0.23383546        0.09865471
     1.1300000        0.19774705        0.07177893
     1.1400000        0.19003635        0.07076802
     1.1500000        0.18463324        0.09825061
     1.1600000        0.19412385        0.08494841
     1.1700000        0.24839736        0.11628692
     1.1800000        0.21459419        0.10346872
     1.1900000        0.20391710        0.11440750
     1.2000000        0.15572192        0.08719268
     1.2100000        0.18167776        0.09952197
     1.2200000        0.16403627        0.09362855
     1.2300000        0.14977673        0.06097625
     1.2400000        0.09024958        0.09695232
     1.2500000        0.12895151        0.09361841
     1.2600000        0.11593400        0.11330339
     1.2700000        0.10381539        0.13252424
     1.2800000        0.14606560        0.09043593
     1.2900000        0.20957213        0.14955487
     1.3000000        0.16038012        0.14296853
     1.3100000        0.12071851        0.14691766
     1.3200000        0.14323424        0.13465038
     1.3300000        0.15085160        0.19889065
     1.3400000        0.20330443        0.17700438
     1.3500000        0.15206646        0.08051594
     1.3600000        0.16795557        0.10527479
     1.3700000        0.12547748        0.07786965
     1.3800000        0.12972603        0.07332992
     1.3900000        0.12293019        0.05643053
     1.4000000        0.09040243        0.04993156
     1.4100000        0.08498634        0.08009179
     1.4200000        0.09213653        0.06656791
     1.4300000        0.10834960        0.05279328
     1.4400000        0.11698311        0.02814269
     1.4500000        0.14795593        0.04294730
     1.4600000        0.15491442        0.04704203
     1.4700000        0.14032663        0.06901390
     1.4800000        0.13332422        0.16690403
     1.4900000        0.28115434        0.27485791
     1.5000000        0.22729130        0.24260019
     1.5100000        0.21962915        0.21367352
     1.5200000        0.25910178        0.25094723
     1.5300000        0.23411954        0.15708114
     1.5400000        0.13438568        0.10840936
     1.5500000        0.14463061        0.04924103
     1.5600000        0.15999320        0.02766746
     1.5700000        0.15136284        0.04974454
     1.5800000        0.16401017        0.04973055
     1.5900000        0.15803921        0.02661979
     1.6000000        0.16077430        0.02976516
     1.6100000        0.11775448        0.03374113
     1.6200000        0.10915997        0.06678208
     1.6300000        0.06957175        0.05846886
     1.6400000        0.04506435        0.07495862
     1.6500000        0.06320562        0.05227126
     1.6600000        0.05635966        0.09328392
     1.6700000        0.08663561        0.11789219
     1.6800000        0.11166365        0.10542849
     1.6900000        0.11519279        0.06326158
     1.7000000        0.12762504        0.06016004
     1.7100000        0.11319342        0.04396969
     1.7200000        0.12434264        0.04761756
     1.7300000        0.11720668        0.06358701
     1.7400000        0.13657634        0.07750690
     1.7500000        0.15636540        0.06835046
     1.7600000        0.17482497        0.10567453
     1.7700000        0.16668985        0.09744827
     1.7800000        0.17359451        0.10973906
     1.7900000        0.14939358        0.08187597
     1.8000000        0.14812603        0.06056042
     1.8100000        0.16208300        0.07845071
     1.8200000        0.13911735        0.06816290
     1.8300000        0.16962028        0.08430999
     1.8400000        0.17446896        0.09488788
     1.8500000        0.17041358        0.09657563
     1.8600000        0.15864215        0.09412616
     1.8700000        0.13763443        0.09251705
     1.8800000        0.14911200        0.13647735
     1.8900000        0.15116015        0.13433778
     1.9000000        0.17195145        0.13602324
     1.9100000        0.15009122        0.09016912
     1.9200000        0.14773057        0.05456335
     1.9300000        0.14446341        0.06279134
     1.9400000        0.14085315        0.07909128
     1.9500000        0.10721500        0.06206702
     1.9600000        0.08790104        0.04155760
     1.9700000        0.06656950        0.04417067
     1.9800000        0.08630951        0.03591191
     1.9900000        0.06558272        0.03595307
     2.0000000        0.04079360        0.05182814
     2.0100000        0.02959998        0.05784010
     2.0200000        0.07440620        0.05621884
     2.0300000        0.08842873        0.04747005
     2.0400000        0.13158738        0.07888044
     2.0500000        0.14325079        0.08813856
     2.0600000        0.12647227        0.08203014
     2.0700000        0.14134605        0.07381063
     2.0800000        0.16596802        0.07195346
     2.0900000        0.18378146        0.04986829
     2.1000000        0.16745773        0.03711540
     2.1100000        0.18961449        0.00837913
     2.1200000        0.17316459        0.05327554
     2.1300000        0.19793765        0.05467035
     2.1400000        0.16131489        0.02902827
     2.1500000        0.14017654        0.02435792
     2.1600000        0.13424462        0.03970937
     2.1700000        0.10601858        0.02100163
     2.1800000        0.11247987        0.03804837
     2.1900000        0.06369931        0.00821346
     2.2000000        0.05479255        0.04173401
     2.2100000        0.06255999        0.04676916
     2.2200000        0.03451879        0.01960987
     2.2300000        0.02438486        0.05357502
     2.2400000        0.07786571        0.04115062
     2.2500000        0.09201760        0.05616547
     2.2600000        0.15295019        0.07104870
     2.2700000        0.14007178        0.04872962
     2.2800000        0.16802109        0.05464983
     2.2900000        0.14289109        0.04266022
     2.3000000        0.11982716        0.02875353
     2.3100000        0.12778700        0.04752601
     2.3200000        0.13623064        0.06351452
     2.3300000        0.10336604        0.01506979
     2.3400000        0.10388389        0.04144384
     2.3500000        0.10596803        0.02365159
     2.3600000        0.07633287        0.02445875
     2.3700000        0.12588126        0.04949186
     2.3800000        0.16469849        0.05811879
     2.3900000        0.16862090        0.04866017
     2.4000000        0.22279363        0.09060381
     2.4100000        0.22739741        0.09428781
     2.4200000        0.23457172        0.12066895
     2.4300000        0.28651939        0.14776500
     2.4400000        0.25461422        0.09668008
     2.4500000        0.20054644        0.09039713
     2.4600000        0.17711613        0.06654791
     2.4700000        0.14292167        0.07559738
     2.4800000        0.16615215        0.06626089
     2.4900000        0.15286625        0.07986976
     2.5000000        0.15556362        0.11407288
     2.5100000        0.18490940        0.13321581
     2.5200000        0.17309892        0.13315000
     2.5300000        0.17090889        0.15192874
     2.5400000        0.17020035        0.15743745
     2.5500000        0.23048729        0.18153859
     2.5600000        0.25604976        0.19432141
     2.5700000        0.26037805        0.17392406
     2.5800000        0.37613503        0.25047939
     2.5900000        0.35402336        0.23301332
     2.6000000        0.38461780        0.27189700
     2.6100000        0.36847156        0.31063570
     2.6200000        0.37488594        0.36607564
     2.6300000        0.48175247        0.46450393
     2.6400000        0.42011527        0.40469120
     2.6500000        0.30621205        0.26643175
     2.6600000        0.34391654        0.30637635
     2.6700000        0.35520120        0.31272694
     2.6800000        0.28542485        0.25453498
     2.6900000        0.21404129        0.18683169
     2.7000000        0.23418515        0.18291225
     2.7100000        0.18780478        0.16183521
     2.7200000        0.18012274        0.14926752
     2.7300000        0.23558922        0.15731314
     2.7400000        0.15083967        0.08830223
     2.7500000        0.11398958        0.11229315
     2.7600000        0.08743771        0.09491661
     2.7700000        0.09752737        0.09753560
     2.7800000        0.13524123        0.16305208
     2.7900000        0.07089289        0.09771230
     2.8000000        0.03420310        0.14017521
     2.8100000       -0.03662526        0.18257087
     2.8200000       -0.05938997        0.16063734
     2.8300000       -0.08976878        0.19239997
     2.8400000       -0.09306710        0.17985711
     2.8500000       -0.00874299        0.14403465
     2.8600000       -0.05684496        0.13888077
     2.8700000       -0.02650633        0.12927611
     2.8800000        0.01994330        0.12429718
     2.8900000        0.03639827        0.11121067
     2.9000000        0.01658830        0.11136699
     2.9100000        0.00739068        0.10799925
     2.9200000        0.02483940        0.11015593
     2.9300000        0.05654930        0.16822271
     2.9400000        0.08852368        0.15934120
     2.9500000        0.10068067        0.17804596
     2.9600000        0.07980026        0.15573178
     2.9700000        0.09775963        0.21845120
     2.9800000        0.13318714        0.26195996
     2.9900000        0.08949269        0.19264405
     3.0000000        0.05295928        0.14705011
     3.0100000        0.06363782        0.12398060
     3.0200000        0.07471114        0.10660529
     3.0300000        0.09427488        0.11248198
     3.0400000        0.05853915        0.09142424
     3.0500000        0.10121061        0.11329931
     3.0600000        0.11032816        0.13415594
     3.0700000        0.12530936        0.14980665
     3.0800000        0.11904716        0.11708379
     3.0900000        0.13724068        0.15125871
     3.1000000        0.11542255        0.11402559
     3.1100000        0.10560630        0.09814742
     3.1200000        0.08950390        0.07218859
     3.1300000        0.07968524        0.08515393
     3.1400000        0.07819713        0.07152594
     3.1500000        0.07643446        0.08495234
     3.1600000        0.11279631        0.11140656
     3.1700000        0.12007689        0.09862854
     3.1800000        0.14638827        0.12782519
     3.1900000        0.15781796        0.14896079
     3.2000000        0.12646367        0.12317346
     3.2100000        0.12715004        0.11020204
     3.2200000        0.05130442        0.04866551
     3.2300000        0.06927367        0.06571837
     3.2400000        0.10541693        0.09581362
     3.2500000        0.09233168        0.10206262
     3.2600000        0.08161160        0.08897639
     3.2700000        0.08145536        0.10451197
     3.2800000        0.05809898        0.08569267
     3.2900000        0.04695684        0.10052130
     3.3000000        0.04739992        0.10026466
     3.3100000        0.03153227        0.06857172
     3.3200000        0.00622752        0.06072973
     3.3300000        0.01296135        0.06545295
     3.3400000        0.02428990        0.06168987
     3.3500000        0.05265108        0.07602861
     3.3600000       -0.00837501        0.09428505
     3.3700000        0.06467360        0.07553421
     3.3800000       -0.01021503        0.07602954
     3.3900000        0.00552391        0.05727345
     3.4000000        0.11910608        0.10724866
     3.4100000        0.09598206        0.09121516
     3.4200000        0.09569569        0.08347588
     3.4300000        0.11434169        0.11577659
     3.4400000        0.15449806        0.16640911
     3.4500000        0.14788278        0.16499351
     3.4600000        0.15513131        0.17127253
     3.4700000        0.14442695        0.17689789
     3.4800000        0.15128810        0.18778797
     3.4900000        0.16638025        0.16844943
     3.5000000        0.09921110        0.09410927
     3.5100000        0.11523137        0.09786195
     3.5200000        0.09613097        0.08187015
     3.5300000        0.05596210        0.05595871
     3.5400000        0.05619704        0.05462560
     3.5500000        0.09826742        0.09389468
     3.5600000        0.06641649        0.06642159
     3.5700000        0.06265377        0.04768112
     3.5800000        0.08531691        0.06473818
     3.5900000        0.12712935        0.10736792
     3.6000000        0.12348401        0.10657229
     3.6100000        0.12602580        0.09732188
     3.6200000        0.16023121        0.13200238
     3.6300000        0.09646235        0.07369772
     3.6400000        0.08981632        0.06896684
     3.6500000        0.09743770        0.08067614
     3.6600000        0.11755620        0.09795678
     3.6700000        0.11475152        0.11051134
     3.6800000        0.13298944        0.11938904
     3.6900000        0.25134885        0.24162823
     3.7000000        0.27674501        0.26578797
     3.7100000        0.21877434        0.20639024
     3.7200000        0.18483815        0.16576897
     3.7300000        0.13869426        0.12016880
     3.7400000        0.10029627        0.08658804
     3.7500000        0.06849570        0.06858529
     3.7600000        0.07751352        0.06896237
     3.7700000        0.05868468        0.05458362
     3.7800000        0.05191337        0.04711036
     3.7900000        0.02135475        0.03536083
     3.8000000        0.02627802        0.03191662
     3.8100000        0.01834162        0.03407544
     3.8200000        0.01596391        0.03107430
     3.8300000        0.01976458        0.04351892
     3.8400000        0.02395992        0.04702151
     3.8500000        0.02882352        0.04468462
     3.8600000        0.02575975        0.05300521
     3.8700000        0.00884733        0.03693909
     3.8800000        0.00006897        0.03377252
     3.8900000        0.01045922        0.04295910
     3.9000000        0.01236708        0.04351402
     3.9100000        0.03012261        0.04404020
     3.9200000        0.01744616        0.03152189
     3.9300000        0.00980502        0.04803337
     3.9400000       -0.00360715        0.04228666
     3.9500000        0.01021780        0.05151042
     3.9600000        0.00393488        0.05258588
     3.9700000       -0.02098777        0.04976172
     3.9800000       -0.02655488        0.07397267
     3.9900000       -0.01471447        0.08100750
     4.0000000       -0.00793936        0.11583721
     4.0100000       -0.01576610        0.11401495
     4.0200000        0.03894738        0.13900892
     4.0300000        0.08267215        0.20257086
     4.0400000        0.12187558        0.24214652
     4.0500000        0.12073720        0.23643855
     4.0600000        0.10794791        0.19572503
     4.0700000        0.14873295        0.24470158
     4.0800000        0.06413700        0.15082569
     4.0900000        0.01512905        0.08457302
     4.1000000        0.01805267        0.09134457
     4.1100000        0.03987756        0.10787846
     4.1200000        0.06241962        0.10201579
     4.1300000        0.10975032        0.16216104
     4.1400000        0.09602134        0.15226014
     4.1500000        0.12314468        0.17364395
     4.1600000        0.24385523        0.29972038
     4.1700000        0.12250593        0.16438017
     4.1800000        0.16162718        0.20703111
     4.1900000        0.12591740        0.16161441
     4.2000000        0.14621016        0.19230831
     4.2100000        0.12789847        0.18755498
     4.2200000        0.12028190        0.17196755
     4.2300000        0.06306646        0.11380414
     4.2400000        0.04457980        0.10334448
     4.2500000        0.04145230        0.11018288
     4.2600000        0.02702585        0.10742956
     4.2700000        0.02211713        0.09941287
     4.2800000        0.03625490        0.13102252
     4.2900000        0.09230287        0.15013499
     4.3000000        0.06982212        0.10058329
     4.3100000        0.03501993        0.07210000
     4.3200000        0.02400848        0.06803128
     4.3300000        0.00954444        0.04838651
     4.3400000        0.00971643        0.05277764
     4.3500000        0.00106473        0.03730120
     4.3600000        0.02063856        0.05864852
     4.3700000        0.00611789        0.04943059
     4.3800000       -0.00980535        0.06282879
     4.3900000        0.00088237        0.06126448
     4.4000000       -0.00018314        0.04539772
     4.4100000       -0.01176353        0.03825644
     4.4200000       -0.00604133        0.03727447
     4.4300000       -0.01048591        0.04426000
     4.4400000       -0.00959981        0.03697751
     4.4500000       -0.02172997        0.04569047
     4.4600000       -0.01547573        0.03287030
     4.4700000       -0.02010669        0.02844647
     4.4800000       -0.03365616        0.01991192
     4.4900000       -0.03420836        0.03636804
     4.5000000       -0.00804410        0.04250843
     4.5100000        0.00080332        0.04387902
     4.5200000       -0.00726717        0.05000033
     4.5300000        0.02580085        0.08104385
     4.5400000        0.01021961        0.06308484
     4.5500000        0.03426920        0.08493800
     4.5600000        0.03581624        0.06724889
     4.5700000        0.11931824        0.14140229
     4.5800000        0.13374535        0.11070892
     4.5900000        0.12248231        0.11001705
     4.6000000        0.13999265        0.11941811
     4.6100000        0.09623639        0.09926249
     4.6200000        0.09332396        0.13395809
     4.6300000        0.20622394        0.26293771
     4.6400000        0.14765645        0.19419673
     4.6500000        0.06119616        0.09251208
     4.6600000        0.06697117        0.11140271
     4.6700000        0.09686317        0.15417130
     4.6800000        0.09064320        0.11833302
     4.6900000        0.15043407        0.15775898
     4.7000000        0.13884670        0.15935171
     4.7100000        0.17265672        0.19365686
     4.7200000        0.20454157        0.23674483
     4.7300000        0.29120174        0.33313923
     4.7400000        0.19132601        0.26581391
     4.7500000        0.26407528        0.32633389
     4.7600000        0.31342706        0.36462576
     4.7700000        0.19587709        0.24586031
     4.7800000        0.19996567        0.26433662
     4.7900000        0.10208143        0.14157592
     4.8000000        0.08209722        0.12799299
     4.8100000        0.03060812        0.12290921
     4.8200000        0.04430807        0.10986782
     4.8300000        0.07533600        0.12428836
     4.8400000        0.12759343        0.19402167
     4.8500000        0.11518444        0.16431145
     4.8600000        0.09478440        0.17895378
     4.8700000        0.09863614        0.19207723
     4.8800000        0.15789348        0.24121120
     4.8900000        0.16470179        0.28184922
     4.9000000        0.07522637        0.20997245
     4.9100000        0.12257950        0.26877415
     4.9200000        0.21040954        0.29116478
     4.9300000        0.17984297        0.23216404
     4.9400000        0.15016999        0.17487254
     4.9500000        0.11906355        0.14776951
     4.9600000        0.06142356        0.09443916
     4.9700000        0.03991210        0.09514621
     4.9800000        0.07093561        0.10784127
     4.9900000        0.03627384        0.08158416
     5.0000000        0.01706005        0.06041851
     5.0100000        0.01770825        0.07362220
     5.0200000        0.03754136        0.07988426
     5.0300000        0.00824439        0.06050468
     5.0400000       -0.03431613        0.04662448
     5.0500000       -0.05859345        0.07329367
     5.0600000       -0.04750050        0.06505323
     5.0700000       -0.01651592        0.05841887
     5.0800000       -0.01603696        0.04633831
     5.0900000       -0.01487170        0.04006219
     5.1000000        0.00422233        0.04018648
     5.1100000       -0.00452334        0.03696559
     5.1200000       -0.02171742        0.03334725
     5.1300000       -0.02281108        0.03195531
     5.1400000       -0.02363673        0.02567639
     5.1500000       -0.01502297        0.02262609
     5.1600000       -0.03144731        0.02142041
     5.1700000       -0.04057615        0.01597303
     5.1800000       -0.02185880        0.02256065
     5.1900000       -0.01935248        0.02097115
     5.2000000       -0.02720695        0.01833563
     5.2100000       -0.04061427        0.03264645
     5.2200000       -0.04866482        0.03430496
     5.2300000       -0.06108489        0.04535410
     5.2400000       -0.06695178        0.05844633
     5.2500000       -0.01551300        0.02620667
     5.2600000       -0.00098236        0.03160123
     5.2700000       -0.02122470        0.01750593
     5.2800000       -0.02399883        0.02029480
     5.2900000       -0.02680464        0.01902573
     5.3000000       -0.02286937        0.02039781
     5.3100000       -0.02879933        0.01923474
     5.3200000       -0.02605580        0.02170414
     5.3300000       -0.01940561        0.02629396
     5.3400000       -0.02625820        0.02131611
     5.3500000       -0.02883615        0.02124159
     5.3600000       -0.03080688        0.02083648
     5.3700000       -0.03488089        0.02512241
     5.3800000        0.01287196        0.04767913
     5.3900000        0.02334835        0.05370416
     5.4000000       -0.00339060        0.02798050
     5.4100000       -0.01158256        0.02100566
     5.4200000       -0.00826844        0.01831500
     5.4300000       -0.01026202        0.01745258
     5.4400000       -0.00773065        0.02174155
     5.4500000       -0.00107320        0.01817963
     5.4600000       -0.00125226        0.02567087
     5.4700000        0.00200435        0.03068179
     5.4800000        0.00011903        0.02902382
     5.4900000       -0.00946329        0.03153232
     5.5000000       -0.04002374        0.03892847
     5.5100000       -0.05929620        0.04935072
     5.5200000       -0.08491603        0.06675085
     5.5300000       -0.10032630        0.08093630
     5.5400000       -0.09682737        0.06693351
     5.5500000       -0.08003592        0.05344413
     5.5600000       -0.06777388        0.05111924
     5.5700000       -0.08965820        0.06832635
     5.5800000       -0.05811160        0.05628014
     5.5900000       -0.02720303        0.04770409
     5.6000000       -0.03770981        0.05102486
     5.6100000       -0.04061932        0.03762063
     5.6200000       -0.02699963        0.03304629
     5.6300000       -0.03169267        0.03017245
     5.6400000       -0.03937479        0.02720809
     5.6500000       -0.01952357        0.03039635
     5.6600000       -0.01121681        0.03816475
     5.6700000       -0.00339839        0.03574928
     5.6800000       -0.00870388        0.03531387
     5.6900000       -0.01698419        0.03488701
     5.7000000       -0.01279895        0.03008789
     5.7100000       -0.00498589        0.04552021
     5.7200000        0.01679655        0.06415217
     5.7300000        0.00815325        0.05299122
     5.7400000        0.03121370        0.08954390
     5.7500000        0.04505659        0.11379999
     5.7600000        0.04318057        0.12550488
     5.7700000        0.09839666        0.20065788
     5.7800000        0.09719333        0.19101505
     5.7900000        0.10802585        0.19121098
     5.8000000        0.09051148        0.18157940
     5.8100000        0.02102175        0.10355638
     5.8200000        0.00174856        0.09796367
     5.8300000       -0.00490885        0.08627206
     5.8400000       -0.02330502        0.05545283
     5.8500000       -0.04020764        0.03371223
     5.8600000       -0.03658110        0.02986300
     5.8700000       -0.02601794        0.03544131
     5.8800000       -0.03636054        0.02217339
     5.8900000       -0.02995313        0.02873501
     5.9000000       -0.04600911        0.02212618
     5.9100000       -0.04630228        0.01153403
     5.9200000       -0.04240849        0.01370114
     5.9300000       -0.02578392        0.01654342
     5.9400000       -0.03569105        0.01759733
     5.9500000       -0.03466551        0.01305444
     5.9600000       -0.01390502        0.02319549
     5.9700000       -0.02084187        0.01531652
     5.9800000       -0.02857815        0.01260216
     5.9900000       -0.02185198        0.02204177
     6.0000000       -0.02918574        0.02413746
     6.0100000       -0.02502076        0.02697418
     6.0200000        0.00263718        0.03883435
     6.0300000       -0.01313787        0.01815863
     6.0400000       -0.00929319        0.02013696
     6.0500000       -0.00017253        0.02275859
     6.0600000        0.00012586        0.02361901
     6.0700000       -0.01067353        0.02314770
     6.0800000       -0.00718221        0.02002605
     6.0900000       -0.03407867        0.04299408
     6.1000000       -0.01273689        0.02485951
     6.1100000       -0.02336785        0.03136371
     6.1200000       -0.03475000        0.04050912
     6.1300000       -0.07074077        0.08278044
     6.1400000       -0.05118390        0.06126857
     6.1500000       -0.04172481        0.05527989
     6.1600000       -0.02167366        0.03375490
     6.1700000       -0.02446916        0.04280380
     6.1800000       -0.04682829        0.05453627
     6.1900000       -0.03821919        0.03848581
     6.2000000       -0.03911673        0.04014960
     6.2100000       -0.05252155        0.05557561
     6.2200000       -0.06073758        0.06769976
     6.2300000       -0.05102002        0.05763569
     6.2400000       -0.04746647        0.05513348
     6.2500000       -0.06898093        0.07981643
     6.2600000       -0.06201340        0.06503126
     6.2700000       -0.06367350        0.06806623
     6.2800000       -0.06359396        0.07160007
     6.2900000       -0.04473268        0.06364915
     6.3000000       -0.08234240        0.07980788
     6.3100000       -0.08397742        0.07706968
     6.3200000       -0.05489218        0.06584819
     6.3300000       -0.07575331        0.08430458
     6.3400000       -0.06429891        0.06910721
     6.3500000       -0.06450438        0.07454856
     6.3600000       -0.02638135        0.04858809
     6.3700000       -0.04328532        0.05946003
     6.3800000       -0.04442476        0.05116372
     6.3900000       -0.04557019        0.05430559
     6.4000000       -0.05012330        0.06023960
     6.4100000       -0.05900031        0.06357636
     6.4200000       -0.08232136        0.08292989
     6.4300000       -0.04201879        0.06423405
     6.4400000       -0.02839587        0.05536489
     6.4500000       -0.02641322        0.04215330
     6.4600000       -0.02499290        0.03879689
     6.4700000       -0.03686835        0.04833234
     6.4800000       -0.03476972        0.04679107
     6.4900000       -0.04394058        0.04958711
     6.5000000       -0.05446714        0.05426445
     6.5100000       -0.07478182        0.07761266
     6.5200000       -0.05439530        0.06393938
     6.5300000       -0.01450705        0.04755995
     6.5400000        0.00981846        0.06646841
     6.5500000        0.00876195        0.06091056
     6.5600000        0.03268189        0.06242774
     6.5700000        0.03354582        0.05583589
     6.5800000        0.03258091        0.04266480
     6.5900000        0.00732903        0.03512417
     6.6000000        0.00807304        0.03915650
     6.6100000       -0.01028444        0.03508562
     6.6200000        0.00972697        0.03709249
     6.6300000        0.01394887        0.04350062
     6.6400000        0.00157933        0.03502694
     6.6500000       -0.01761116        0.01891833
     6.6600000       -0.00914063        0.01764941
     6.6700000       -0.01458460        0.02793658
     6.6800000       -0.03063125        0.02820963
     6.6900000       -0.02081639        0.01177715
     6.7000000       -0.04478458        0.02216288
     6.7100000       -0.03761472        0.02060103
     6.7200000       -0.03297044        0.01885199
     6.7300000       -0.02072963        0.01856909
     6.7400000       -0.00698758        0.02629660
     6.7500000       -0.01004792        0.01860220
     6.7600000       -0.00403634        0.01938030
     6.7700000       -0.02070539        0.02125181
     6.7800000       -0.01447073        0.01883997
     6.7900000       -0.02160856        0.01973255
     6.8000000       -0.01670456        0.01963375
     6.8100000       -0.02025189        0.01930857
     6.8200000       -0.02217721        0.01981002
     6.8300000       -0.02450284        0.01572711
     6.8400000       -0.02552606        0.02579662
     6.8500000       -0.02234976        0.02071296
     6.8600000       -0.02794763        0.02261697
     6.8700000       -0.05206526        0.04040331
     6.8800000       -0.06786205        0.05128303
     6.8900000       -0.04153335        0.03642316
     6.9000000       -0.02259082        0.01892188
     6.9100000       -0.03941890        0.04138579
     6.9200000       -0.01897720        0.03477694
     6.9300000        0.00016593        0.02194364
     6.9400000       -0.01978079        0.03457731
     6.9500000       -0.02043784        0.03065070
     6.9600000       -0.01041822        0.01851668
     6.9700000       -0.00327666        0.01200583
     6.9800000       -0.01536425        0.02788848
     6.9900000       -0.00649057        0.02963094
     7.0000000        0.00029904        0.02157496
     7.0100000        0.00658396        0.01943485
     7.0200000        0.00454518        0.02815902
     7.0300000        0.00658272        0.02936027
     7.0400000        0.01712305        0.02198497
     7.0500000        0.02377508        0.02081786
     7.0600000        0.00726861        0.01882449
     7.0700000        0.00542649        0.01805457
     7.0800000       -0.00557224        0.01963413
     7.0900000        0.00915360        0.01377609
     7.1000000        0.01558913        0.02323810
     7.1100000        0.02514245        0.02991603
     7.1200000        0.03823357        0.04162398
     7.1300000        0.07460197        0.07618918
     7.1400000        0.05164795        0.05399976
     7.1500000        0.02587118        0.02520823
     7.1600000        0.01493162        0.01779310
     7.1700000        0.00876374        0.00950982
     7.1800000        0.01632037        0.01957722
     7.1900000        0.05273736        0.06203268
     7.2000000        0.05374213        0.06267295
     7.2100000        0.03871475        0.04849693
     7.2200000       -0.01211065        0.01159263
     7.2300000        0.03238931        0.04784928
     7.2400000        0.03878426        0.05444485
     7.2500000        0.03608624        0.04806344
     7.2600000        0.04977005        0.06411523
     7.2700000        0.04046128        0.05415815
     7.2800000        0.02660247        0.03805717
     7.2900000        0.10324003        0.12526749
     7.3000000        0.08683673        0.09742248
     7.3100000        0.09656891        0.11099393
     7.3200000        0.04213043        0.04464310
     7.3300000        0.05961193        0.06039596
     7.3400000        0.05503825        0.05369837
     7.3500000        0.07524307        0.07418250
     7.3600000        0.08623541        0.08792460
     7.3700000        0.04612723        0.04310518
     7.3800000        0.04250257        0.03881023
     7.3900000        0.00965689        0.00590955
     7.4000000       -0.00300665        0.01580638
     7.4100000        0.02083309        0.01758330
     7.4200000        0.00579539        0.01035959
     7.4300000       -0.00279945        0.01792363
     7.4400000        0.01370557        0.01386310
     7.4500000        0.00085827        0.02228388
     7.4600000        0.02087641        0.01200642
     7.4700000       -0.01190458        0.03492532
     7.4800000        0.00260526        0.01738159
     7.4900000        0.01444083        0.01526553
     7.5000000        0.02428897        0.02415394
     7.5100000        0.00758772        0.02405395
     7.5200000        0.01936448        0.03176329
     7.5300000        0.02228688        0.03827504
     7.5400000        0.01972973        0.04249464
     7.5500000        0.00899433        0.03123238
     7.5600000       -0.00429973        0.03564484
     7.5700000       -0.01137612        0.03536744
     7.5800000       -0.00691866        0.03011949
     7.5900000       -0.00341071        0.02365159
     7.6000000       -0.00047783        0.02538594
     7.6100000        0.00060186        0.02973573
     7.6200000       -0.00221524        0.02985096
     7.6300000       -0.00456615        0.03241113
     7.6400000       -0.00397539        0.03224616
     7.6500000        0.00024649        0.03714347
     7.6600000        0.00585906        0.04480739
     7.6700000        0.00467885        0.03840567
     7.6800000       -0.00119029        0.03687768
     7.6900000        0.00525467        0.03976098
     7.7000000        0.01567474        0.03655340
     7.7100000        0.01091486        0.04456271
     7.7200000        0.00863199        0.03030650
     7.7300000        0.01740333        0.03533653
     7.7400000        0.01840535        0.04117882
     7.7500000        0.00094410        0.03311504
     7.7600000        0.00012340        0.03564897
     7.7700000        0.00323784        0.03338255
     7.7800000        0.01473693        0.03194745
     7.7900000        0.01337442        0.03399878
     7.8000000        0.01664819        0.03810960
     7.8100000        0.01310762        0.04093678
     7.8200000        0.01683090        0.03520260
     7.8300000        0.01289699        0.03293100
     7.8400000        0.00539186        0.03270424
     7.8500000       -0.00639642        0.05310324
     7.8600000       -0.00814289        0.04054686
     7.8700000       -0.00378693        0.05365648
     7.8800000       -0.02644068        0.08316176
     7.8900000       -0.01865252        0.07623475
     7.9000000       -0.03065910        0.09508457
     7.9100000        0.00632553        0.06460381
     7.9200000       -0.00301516        0.06688249
     7.9300000        0.00517460        0.06715634
     7.9400000       -0.00046268        0.08400322
     7.9500000       -0.02925697        0.09545893
     7.9600000        0.01746394        0.05706856
     7.9700000       -0.01039234        0.06902951
     7.9800000       -0.03039198        0.08631630
     7.9900000       -0.05655407        0.10862096
     8.0000000       -0.02501546        0.07918486
     8.0100000        0.00386049        0.04771855
     8.0200000        0.00945417        0.06763283
     8.0300000        0.02330191        0.04473387
     8.0400000        0.03204847        0.05580306
     8.0500000        0.01356549        0.07483070
     8.0600000       -0.01423463        0.09864492
     8.0700000       -0.04198761        0.11043027
     8.0800000       -0.01083680        0.06881167
     8.0900000       -0.03338600        0.08182043
     8.1000000       -0.03020912        0.07710454
     8.1100000       -0.01240641        0.06591165
     8.1200000       -0.02983334        0.08624509
     8.1300000       -0.03473373        0.08632210
     8.1400000       -0.02971208        0.08544023
     8.1500000       -0.02102104        0.08656193
     8.1600000       -0.07927450        0.13332463
     8.1700000       -0.10747480        0.15522167
     8.1800000       -0.09016608        0.12957508
     8.1900000       -0.05670258        0.09003031
     8.2000000       -0.06503324        0.09906115
     8.2100000       -0.05508658        0.10253734
     8.2200000       -0.02019678        0.07758122
     8.2300000       -0.03260193        0.07538306
     8.2400000       -0.02892247        0.07699297
     8.2500000       -0.00238216        0.05208331
     8.2600000        0.00080001        0.04206292
     8.2700000       -0.00480288        0.04445653
     8.2800000        0.00770509        0.02724982
     8.2900000        0.00631797        0.04219074
     8.3000000        0.00638105        0.04284763
     8.3100000       -0.00113743        0.03072842
     8.3200000       -0.00173542        0.02662719
     8.3300000       -0.00297395        0.03087952
     8.3400000       -0.00069310        0.02176127
     8.3500000       -0.01515453        0.03945343
     8.3600000       -0.01530817        0.04125842
     8.3700000       -0.01335867        0.03799968
     8.3800000       -0.01671453        0.03387823
     8.3900000       -0.00610770        0.02564267
     8.4000000       -0.01321731        0.03921465
     8.4100000        0.02817525        0.02196500
     8.4200000        0.07692058        0.07150779
     8.4300000        0.05064757        0.05085367
     8.4400000        0.05264371        0.04745219
     8.4500000        0.06807097        0.06768065
     8.4600000        0.03182413        0.02098459
     8.4700000       -0.04399649        0.07140766
     8.4800000       -0.03420593        0.08210305
     8.4900000       -0.02078895        0.07364545
     8.5000000        0.00742025        0.05201795
     8.5100000        0.00238412        0.05321759
     8.5200000       -0.01339338        0.05792527
     8.5300000       -0.04842310        0.08874287
     8.5400000       -0.04422830        0.08299996
     8.5500000       -0.05180937        0.10265625
     8.5600000       -0.01605082        0.07317704
     8.5700000        0.01862283        0.05799644
     8.5800000        0.01704532        0.04785989
     8.5900000        0.00512460        0.04539113
     8.6000000        0.06011900        0.06183067
     8.6100000        0.02186723        0.03201491
     8.6200000        0.01971360        0.02801348
     8.6300000        0.02636593        0.04208871
     8.6400000        0.00260529        0.05742128
     8.6500000        0.00534963        0.06218762
     8.6600000        0.04169194        0.07820564
     8.6700000        0.02683029        0.07075780
     8.6800000       -0.02503156        0.08826737
     8.6900000       -0.02889810        0.06553152
     8.7000000       -0.01198468        0.06263153
     8.7100000       -0.01214809        0.04857048
     8.7200000       -0.03262322        0.05686870
     8.7300000       -0.01129199        0.02923527
     8.7400000       -0.01016163        0.02491110
     8.7500000       -0.01279854        0.02752590
     8.7600000       -0.00894575        0.03344713
     8.7700000       -0.00980249        0.04723988
     8.7800000       -0.00102783        0.04835728
     8.7900000        0.00440849        0.05061743
     8.8000000        0.00969514        0.05291131
     8.8100000        0.03268594        0.06167195
     8.8200000        0.04709935        0.06816587
     8.8300000        0.05018892        0.06923053
     8.8400000        0.06778506        0.06944586
     8.8500000        0.05199577        0.05051753
     8.8600000        0.09438858        0.09459147
     8.8700000        0.12540408        0.12008930
     8.8800000        0.09074090        0.07375240
     8.8900000        0.08350095        0.07142943
     8.9000000        0.10334163        0.09322763
     8.9100000        0.10194263        0.09485324
     8.9200000        0.10129225        0.09628176
     8.9300000        0.11998916        0.13627554
     8.9400000        0.08857292        0.08762696
     8.9500000        0.11343097        0.10805931
     8.9600000        0.08266853        0.08243675
     8.9700000        0.06554507        0.05514307
     8.9800000        0.05670558        0.05289073
     8.9900000        0.06723320        0.05555426
     9.0000000        0.07352467        0.05411441
     9.0100000        0.06022271        0.04863005
     9.0200000        0.04513908        0.04209924
     9.0300000        0.04616913        0.05320663
     9.0400000        0.04638482        0.05013842
     9.0500000        0.05985965        0.06187329
     9.0600000        0.05335514        0.06009008
     9.0700000        0.03043330        0.04810668
     9.0800000        0.03370517        0.04009788
     9.0900000        0.03130143        0.03382522
     9.1000000        0.03832737        0.03457060
     9.1100000        0.03938315        0.03632210
     9.1200000        0.05384876        0.04873478
     9.1300000        0.06320305        0.06168911
     9.1400000        0.04767675        0.03586178
     9.1500000        0.06442446        0.05232491
     9.1600000        0.05804925        0.04023356
     9.1700000        0.07149237        0.05128225
     9.1800000        0.08125468        0.06960692
     9.1900000        0.04924819        0.03377847
     9.2000000        0.04875728        0.03446549
     9.2100000        0.06017662        0.04738488
     9.2200000        0.07471574        0.05828052
     9.2300000        0.08313591        0.07330714
     9.2400000        0.12564947        0.12032917
     9.2500000        0.13942234        0.14190186
     9.2600000        0.11782665        0.11908344
     9.2700000        0.09702253        0.09295982
     9.2800000        0.11000818        0.11466172
     9.2900000        0.10112160        0.09887562
     9.3000000        0.11955540        0.10345876
     9.3100000        0.08087923        0.06584224
     9.3200000        0.07071404        0.05355462
     9.3300000        0.08960966        0.07448699
     9.3400000        0.04398052        0.03268149
     9.3500000        0.08215176        0.05610053
     9.3600000        0.07435284        0.04803886
     9.3700000        0.06860180        0.04737294
     9.3800000        0.07345945        0.04364406
     9.3900000        0.06624688        0.03338595
     9.4000000        0.08044702        0.03959481
     9.4100000        0.09008020        0.05768564
     9.4200000        0.09256684        0.06784956
     9.4300000        0.06146954        0.04324680
     9.4400000        0.07746878        0.04217362
     9.4500000        0.09760732        0.06641226
     9.4600000        0.08259248        0.05980021
     9.4700000        0.12065950        0.09811706
     9.4800000        0.13229186        0.11309440
     9.4900000        0.11942287        0.10269987
     9.5000000        0.12938046        0.11142039
     9.5100000        0.13134255        0.11836133
     9.5200000        0.09350515        0.08541764
     9.5300000        0.12992160        0.11504430
     9.5400000        0.09289971        0.08105919
     9.5500000        0.04660597        0.04545810
     9.5600000        0.06336255        0.05102138
     9.5700000        0.05364492        0.04735748
     9.5800000        0.06580088        0.05719864
     9.5900000        0.07487418        0.08211387
     9.6000000        0.09049924        0.10145548
     9.6100000        0.07188396        0.09171405
     9.6200000        0.08634815        0.12210677
     9.6300000        0.06037598        0.11057003
     9.6400000        0.07973600        0.12761576
     9.6500000        0.14932953        0.19250381
     9.6600000        0.12942719        0.17144551
     9.6700000        0.12219652        0.15415251
     9.6800000        0.10508860        0.12134320
     9.6900000        0.08049085        0.10345703
     9.7000000        0.06964665        0.07471934
     9.7100000        0.05136180        0.05888854
     9.7200000        0.04156349        0.06207548
     9.7300000        0.04569893        0.06183644
     9.7400000        0.04328829        0.05813063
     9.7500000        0.03004743        0.05957347
     9.7600000        0.02587409        0.05486120
     9.7700000        0.02829704        0.05483644
     9.7800000        0.04341611        0.06303936
     9.7900000        0.04413126        0.06030305
     9.8000000        0.05618823        0.06849862
     9.8100000        0.05680943        0.06419002
     9.8200000        0.07988193        0.07519291
     9.8300000        0.08553140        0.07729671
     9.8400000        0.09318708        0.08060513
     9.8500000        0.08392135        0.08371596
     9.8600000        0.07921180        0.07700748
     9.8700000        0.09413271        0.08986189
     9.8800000        0.08537250        0.08246079
     9.8900000        0.08292287        0.07507920
     9.9000000        0.06882661        0.06144231
     9.9100000        0.07609125        0.06635309
     9.9200000        0.07120771        0.06402337
     9.9300000        0.07193969        0.07272311
     9.9400000        0.09176449        0.09385651
     9.9500000        0.09863527        0.09961474
     9.9600000        0.06879713        0.07627314
     9.9700000        0.06525010        0.06619146
     9.9800000        0.06100698        0.06442987
     9.9900000        0.05926554        0.06467051
    10.0000000        0.05707883        0.06871595
