          81           4   8.0000000000000000                1
     0.0000000        1.00029951        0.03444792
     0.1000000        0.89878326        0.02772018
     0.2000000        0.84188788        0.02442807
     0.3000000        0.75365709        0.01790510
     0.4000000        0.68374762        0.02191042
     0.5000000        0.60193214        0.01502793
     0.6000000        0.57052089        0.03406211
     0.7000000        0.51495886        0.05245067
     0.8000000        0.47183198        0.04703564
     0.9000000        0.44177345        0.03961614
     1.0000000        0.42013850        0.04323373
     1.1000000        0.39119814        0.02861425
     1.2000000        0.32668821        0.03181247
     1.3000000        0.29147335        0.04138757
     1.4000000        0.28140788        0.02122055
     1.5000000        0.26598594        0.01811211
     1.6000000        0.25999164        0.01861217
     1.7000000        0.24692654        0.02103916
     1.8000000        0.21285333        0.01572303
     1.9000000        0.18353809        0.01271356
     2.0000000        0.16683925        0.01808291
     2.1000000        0.16377828        0.03255353
     2.2000000        0.15630316        0.03544933
     2.3000000        0.14296005        0.02872927
     2.4000000        0.13665573        0.03058604
     2.5000000        0.10601632        0.02367399
     2.6000000        0.10626676        0.03246608
     2.7000000        0.10844412        0.02902600
     2.8000000        0.07491923        0.02194147
     2.9000000        0.06751577        0.03886374
     3.0000000        0.05039148        0.04367940
     3.1000000        0.04650590        0.04164137
     3.2000000        0.04001524        0.04454609
     3.3000000        0.04467498        0.05157460
     3.4000000        0.04832206        0.04593553
     3.5000000        0.03134876        0.04870396
     3.6000000        0.01733806        0.04039737
     3.7000000        0.01764676        0.04119245
     3.8000000        0.01422291        0.04824576
     3.9000000       -0.00804789        0.05015435
     4.0000000       -0.00356616        0.04213608
     4.1000000       -0.00440920        0.05057400
     4.2000000        0.01212844        0.03865783
     4.3000000        0.00217400        0.03182844
     4.4000000        0.01340774        0.02935301
     4.5000000        0.02817408        0.02635848
     4.6000000        0.02846476        0.03757615
     4.7000000        0.04890882        0.03705369
     4.8000000        0.06335214        0.02934167
     4.9000000        0.06068306        0.02531998
     5.0000000        0.05768820        0.03810136
     5.1000000        0.08256957        0.04256130
     5.2000000        0.07065587        0.04340175
     5.3000000        0.08523110        0.03431130
     5.4000000        0.08857442        0.03741305
     5.5000000        0.12081394        0.02041813
     5.6000000        0.13604325        0.01771036
     5.7000000        0.15020712        0.01951918
     5.8000000        0.14760148        0.02838288
     5.9000000        0.13908581        0.02394982
     6.0000000        0.17282010        0.01373144
     6.1000000        0.19213028        0.01146479
     6.2000000        0.19192079        0.01033671
     6.3000000        0.22762356        0.02574619
     6.4000000        0.23879097        0.01174920
     6.5000000        0.28491605        0.02085244
     6.6000000        0.31302857        0.02577084
     6.7000000        0.33906451        0.03143839
     6.8000000        0.34656485        0.04056950
     6.9000000        0.36690408        0.03691555
     7.0000000        0.36516745        0.03682943
     7.1000000        0.38777184        0.03687721
     7.2000000        0.45325397        0.03395042
     7.3000000        0.49806330        0.03325912
     7.4000000        0.53922774        0.03324555
     7.5000000        0.60600620        0.02980567
     7.6000000        0.68103847        0.03214445
     7.7000000        0.73306729        0.02805995
     7.8000000        0.80827161        0.00761010
     7.9000000        0.86734828        0.01158567
     8.0000000        0.99970049        0.03444792
