          51           9   10.000000000000000                1
     0.0000000        1.62795414        0.01557096
     0.1000000        1.05952047        0.01148102
     0.2000000        0.70850526        0.01172249
     0.3000000        0.48154784        0.01090667
     0.4000000        0.32836266        0.00710974
     0.5000000        0.22991158        0.00586478
     0.6000000        0.15897541        0.00488906
     0.7000000        0.10873469        0.00476505
     0.8000000        0.08092326        0.00362380
     0.9000000        0.05999779        0.00424621
     1.0000000        0.03950630        0.00434419
     1.1000000        0.02060892        0.00630993
     1.2000000        0.01463168        0.00823465
     1.3000000        0.01374922        0.00477750
     1.4000000        0.00462493        0.00474451
     1.5000000        0.00017775        0.00354755
     1.6000000       -0.00831818        0.00715213
     1.7000000       -0.01002455        0.00947711
     1.8000000       -0.01613082        0.01302335
     1.9000000       -0.01605704        0.01393665
     2.0000000        0.00102337        0.00153837
     2.1000000        0.00148464        0.00077771
     2.2000000       -0.00478844        0.00189002
     2.3000000       -0.00643319        0.00243675
     2.4000000       -0.00747255        0.00287473
     2.5000000       -0.00636332        0.00298187
     2.6000000       -0.00606707        0.00362740
     2.7000000       -0.00487603        0.00639832
     2.8000000       -0.00353469        0.00516408
     2.9000000       -0.00087407        0.00571728
     3.0000000       -0.00228236        0.00323515
     3.1000000       -0.00111645        0.00560422
     3.2000000       -0.00271944        0.00223574
     3.3000000        0.00179837        0.00582894
     3.4000000       -0.00052435        0.00175584
     3.5000000       -0.00466856        0.00544178
     3.6000000       -0.00101303        0.00521628
     3.7000000       -0.00082593        0.00406480
     3.8000000       -0.00025499        0.00220689
     3.9000000        0.00285009        0.00407813
     4.0000000       -0.00157227        0.00246348
     4.1000000       -0.00372443        0.00604518
     4.2000000       -0.00376140        0.00779713
     4.3000000       -0.00361099        0.00596444
     4.4000000       -0.00063731        0.00398099
     4.5000000       -0.00190936        0.00392698
     4.6000000       -0.00322943        0.00237300
     4.7000000       -0.00366982        0.00176326
     4.8000000       -0.00276340        0.00185299
     4.9000000       -0.00272477        0.00262962
     5.0000000       -0.00139302        0.00253717
