          51           4   10.000000000000000                1
     0.0000000        0.89645763        0.13074989
     0.1000000        0.72647350        0.12359441
     0.2000000        0.59249881        0.09829428
     0.3000000        0.48212915        0.06592225
     0.4000000        0.39510287        0.04101242
     0.5000000        0.33505527        0.03298887
     0.6000000        0.28698750        0.02898268
     0.7000000        0.24619842        0.02547795
     0.8000000        0.21657120        0.02697613
     0.9000000        0.18958017        0.02575481
     1.0000000        0.15196067        0.00819212
     1.1000000        0.11138566        0.01825295
     1.2000000        0.08309564        0.03279518
     1.3000000        0.06678486        0.03587543
     1.4000000        0.05519156        0.03505852
     1.5000000        0.04187362        0.03915786
     1.6000000        0.03292589        0.04002539
     1.7000000        0.03222215        0.03155623
     1.8000000        0.03189280        0.02293285
     1.9000000        0.03179955        0.01484997
     2.0000000        0.03603114        0.00468321
     2.1000000        0.03867075        0.00837379
     2.2000000        0.03851797        0.01303157
     2.3000000        0.03086750        0.00841020
     2.4000000        0.01010418        0.01291550
     2.5000000       -0.00444865        0.02676051
     2.6000000       -0.01267393        0.03451509
     2.7000000       -0.02584348        0.04814790
     2.8000000       -0.02303569        0.04303782
     2.9000000       -0.01752680        0.03540631
     3.0000000       -0.02185307        0.03860654
     3.1000000       -0.01840091        0.03206652
     3.2000000       -0.01438325        0.02638597
     3.3000000       -0.02226206        0.03485258
     3.4000000       -0.03552965        0.04835991
     3.5000000       -0.05413649        0.06744799
     3.6000000       -0.05898048        0.07116031
     3.7000000       -0.02574053        0.03155184
     3.8000000        0.01462269        0.01651256
     3.9000000        0.03835804        0.04311009
     4.0000000        0.05610198        0.06293160
     4.1000000        0.06580387        0.07370163
     4.2000000        0.07880529        0.08882519
     4.3000000        0.10100122        0.11423966
     4.4000000        0.10546366        0.11892573
     4.5000000        0.12105835        0.13613524
     4.6000000        0.15184160        0.17026984
     4.7000000        0.15064612        0.16739999
     4.8000000        0.13148312        0.14453782
     4.9000000        0.12488860        0.13636925
     5.0000000        0.12451268        0.13549454
