          31           9   6.0000000000000000                1
     0.0000000        0.18221661        0.01271721
     0.1000000        0.12208436        0.00705490
     0.2000000        0.08230317        0.00445957
     0.3000000        0.05481612        0.00637616
     0.4000000        0.04147831        0.00308925
     0.5000000        0.03442214        0.00323277
     0.6000000        0.02326640        0.00371165
     0.7000000        0.01755720        0.00354469
     0.8000000        0.01407452        0.00368312
     0.9000000        0.01462422        0.00360401
     1.0000000        0.00872902        0.00313886
     1.1000000        0.00697849        0.00249123
     1.2000000        0.00437076        0.00340339
     1.3000000        0.00354973        0.00278588
     1.4000000        0.00032014        0.00317079
     1.5000000       -0.00150636        0.00286289
     1.6000000        0.00099465        0.00220575
     1.7000000        0.00437336        0.00243227
     1.8000000        0.00741845        0.00267310
     1.9000000        0.00292188        0.00309772
     2.0000000        0.00353371        0.00294382
     2.1000000        0.00056628        0.00232002
     2.2000000        0.00188409        0.00205347
     2.3000000        0.00752243        0.00360466
     2.4000000        0.00249424        0.00181377
     2.5000000        0.00656293        0.00307970
     2.6000000        0.00404839        0.00261016
     2.7000000        0.00034043        0.00334455
     2.8000000       -0.00696082        0.00554462
     2.9000000       -0.00276373        0.00280251
     3.0000000       -0.00027881        0.00434669
