          51           9   10.000000000000000                1
     0.0000000        0.65223470        0.00428847
     0.1000000        0.53551805        0.00408141
     0.2000000        0.44674581        0.00368632
     0.3000000        0.37680336        0.00330917
     0.4000000        0.32108338        0.00303737
     0.5000000        0.27607230        0.00281786
     0.6000000        0.23874660        0.00266728
     0.7000000        0.20754823        0.00252869
     0.8000000        0.18122048        0.00228680
     0.9000000        0.15900014        0.00195582
     1.0000000        0.14031772        0.00168018
     1.1000000        0.12437709        0.00172294
     1.2000000        0.11086379        0.00181654
     1.3000000        0.09931285        0.00189743
     1.4000000        0.08892999        0.00218695
     1.5000000        0.07938786        0.00266386
     1.6000000        0.07130276        0.00297768
     1.7000000        0.06427716        0.00299240
     1.8000000        0.05764724        0.00280454
     1.9000000        0.05194894        0.00261221
     2.0000000        0.04699228        0.00265598
     2.1000000        0.04240087        0.00296230
     2.2000000        0.03835942        0.00314133
     2.3000000        0.03478867        0.00312115
     2.4000000        0.03160690        0.00293408
     2.5000000        0.02888822        0.00272491
     2.6000000        0.02644551        0.00242629
     2.7000000        0.02409034        0.00201483
     2.8000000        0.02193992        0.00169616
     2.9000000        0.02005109        0.00157633
     3.0000000        0.01832654        0.00158240
     3.1000000        0.01672349        0.00164770
     3.2000000        0.01542439        0.00169275
     3.3000000        0.01417832        0.00180335
     3.4000000        0.01292455        0.00177898
     3.5000000        0.01185143        0.00169753
     3.6000000        0.01058840        0.00157477
     3.7000000        0.00928246        0.00133588
     3.8000000        0.00842305        0.00126349
     3.9000000        0.00793546        0.00125831
     4.0000000        0.00750833        0.00129743
     4.1000000        0.00690637        0.00148659
     4.2000000        0.00616481        0.00179714
     4.3000000        0.00547066        0.00222639
     4.4000000        0.00487590        0.00258291
     4.5000000        0.00441200        0.00290432
     4.6000000        0.00361286        0.00316170
     4.7000000        0.00262495        0.00317324
     4.8000000        0.00225924        0.00302373
     4.9000000        0.00232285        0.00299614
     5.0000000        0.00238261        0.00305098
