          41           4   8.0000000000000000                1
     0.0000000        1.64194645        1.39494366
     0.1000000        1.93590046        1.48021203
     0.2000000        1.20332485        0.53369747
     0.3000000        1.35078110        1.06948740
     0.4000000        0.34743264        0.07029349
     0.5000000       -0.47537990        0.41926180
     0.6000000        0.05585746        0.17584855
     0.7000000        0.07071309        0.16343918
     0.8000000       -0.65785636        0.51787939
     0.9000000        0.21105650        0.48964907
     1.0000000       -0.75651586        0.20341767
     1.1000000       -0.92180543        0.47762217
     1.2000000       -0.01226431        0.19480299
     1.3000000        0.38564819        0.40364716
     1.4000000        0.07756465        0.11413057
     1.5000000        0.02877195        0.03983193
     1.6000000        0.01568422        0.09525549
     1.7000000       -0.01164856        0.08353135
     1.8000000        0.02500269        0.01878814
     1.9000000        0.00543314        0.02966729
     2.0000000       -0.04826814        0.02739517
     2.1000000       -0.08837276        0.05966703
     2.2000000       -0.04064252        0.05392203
     2.3000000        0.02486990        0.06227628
     2.4000000       -0.02767497        0.03755140
     2.5000000       -0.02115810        0.02946504
     2.6000000       -0.02253390        0.03469483
     2.7000000       -0.03195097        0.04012926
     2.8000000        0.00125824        0.02725931
     2.9000000        0.00410876        0.02283478
     3.0000000        0.00553311        0.02063469
     3.1000000        0.01610743        0.01694369
     3.2000000        0.02667321        0.01805472
     3.3000000        0.03098757        0.01898426
     3.4000000        0.02227660        0.02703192
     3.5000000        0.03102829        0.02897865
     3.6000000        0.03412596        0.03124905
     3.7000000        0.03684646        0.02752684
     3.8000000        0.03762779        0.02389659
     3.9000000        0.04628210        0.02209529
     4.0000000        0.04335352        0.01999188
