         101           9   10.000000000000000                1
     0.0000000        1.90063128        0.00286642
     0.1000000        1.37014622        0.00285542
     0.2000000        0.99967737        0.00319554
     0.3000000        0.73769143        0.00464553
     0.4000000        0.55029603        0.00386853
     0.5000000        0.41329251        0.00269202
     0.6000000        0.31049458        0.00248474
     0.7000000        0.23737828        0.00223555
     0.8000000        0.17667908        0.00307875
     0.9000000        0.13603511        0.00365273
     1.0000000        0.10600852        0.00331947
     1.1000000        0.08190769        0.00323933
     1.2000000        0.06363456        0.00382445
     1.3000000        0.04753244        0.00388312
     1.4000000        0.03421770        0.00442344
     1.5000000        0.02808179        0.00481318
     1.6000000        0.02179148        0.00311403
     1.7000000        0.01532428        0.00336853
     1.8000000        0.01388056        0.00270032
     1.9000000        0.01385999        0.00308555
     2.0000000        0.01045609        0.00268162
     2.1000000        0.00736499        0.00232667
     2.2000000        0.00489584        0.00443369
     2.3000000        0.00489282        0.00412526
     2.4000000        0.00446117        0.00359562
     2.5000000        0.00152896        0.00473250
     2.6000000        0.00113928        0.00302628
     2.7000000        0.00004836        0.00310761
     2.8000000       -0.00056005        0.00321785
     2.9000000        0.00067111        0.00248442
     3.0000000       -0.00007053        0.00363182
     3.1000000        0.00250264        0.00416236
     3.2000000        0.00327671        0.00509623
     3.3000000        0.00669834        0.00433649
     3.4000000        0.00523622        0.00430087
     3.5000000        0.00423193        0.00325639
     3.6000000        0.00306266        0.00370088
     3.7000000        0.00361879        0.00197297
     3.8000000        0.00037845        0.00197862
     3.9000000       -0.00062228        0.00217844
     4.0000000        0.00213911        0.00171186
     4.1000000       -0.00136304        0.00263476
     4.2000000       -0.00033828        0.00326512
     4.3000000        0.00122667        0.00333204
     4.4000000        0.00075660        0.00245032
     4.5000000        0.00347146        0.00291782
     4.6000000        0.00508582        0.00316105
     4.7000000        0.00644306        0.00272266
     4.8000000        0.00679060        0.00309636
     4.9000000        0.00556349        0.00245696
     5.0000000        0.00834384        0.00236811
     5.1000000        0.00682383        0.00392900
     5.2000000        0.00819898        0.00305126
     5.3000000        0.00760775        0.00211499
     5.4000000        0.00500763        0.00254405
     5.5000000        0.00379526        0.00236318
     5.6000000        0.00217499        0.00343614
     5.7000000        0.00530531        0.00249123
     5.8000000        0.00227813        0.00354333
     5.9000000        0.00005064        0.00395595
     6.0000000       -0.00328227        0.00241080
     6.1000000       -0.01060355        0.00323889
     6.2000000       -0.00614756        0.00282533
     6.3000000        0.00117928        0.00310886
     6.4000000        0.00131120        0.00278809
     6.5000000        0.00085716        0.00260397
     6.6000000        0.00037679        0.00298675
     6.7000000       -0.00111951        0.00417984
     6.8000000       -0.00060052        0.00262157
     6.9000000        0.00132648        0.00353168
     7.0000000        0.00284688        0.00315239
     7.1000000        0.00073406        0.00330545
     7.2000000       -0.00318387        0.00354236
     7.3000000       -0.00121683        0.00353270
     7.4000000       -0.00016546        0.00364708
     7.5000000       -0.00189478        0.00371604
     7.6000000        0.00345962        0.00370132
     7.7000000        0.00156208        0.00453128
     7.8000000        0.00577095        0.00231303
     7.9000000        0.00268824        0.00283870
     8.0000000        0.00397803        0.00365869
     8.1000000        0.00360325        0.00315076
     8.2000000        0.00253122        0.00263883
     8.3000000        0.00223824        0.00343068
     8.4000000        0.00320464        0.00255126
     8.5000000        0.00347280        0.00362670
     8.6000000        0.00051538        0.00353579
     8.7000000        0.00399455        0.00327052
     8.8000000        0.00149569        0.00466321
     8.9000000        0.00018557        0.00377681
     9.0000000        0.00122848        0.00227608
     9.1000000        0.00265189        0.00304976
     9.2000000        0.00372154        0.00213669
     9.3000000        0.00646640        0.00450430
     9.4000000        0.01038845        0.00292055
     9.5000000        0.01306239        0.00267054
     9.6000000        0.01671644        0.00385604
     9.7000000        0.02470603        0.00308242
     9.8000000        0.03857142        0.00318035
     9.9000000        0.06332158        0.00298259
    10.0000000        0.09936872        0.00286642
