          81           4   8.0000000000000000                1
     0.0000000        0.28129170        0.01957234
     0.1000000        0.22655133        0.01261415
     0.2000000        0.14278035        0.01316481
     0.3000000        0.10616002        0.02747427
     0.4000000        0.06489830        0.02504927
     0.5000000        0.06000713        0.03970593
     0.6000000        0.02673302        0.02524514
     0.7000000        0.01348972        0.02959602
     0.8000000       -0.00418592        0.03600432
     0.9000000       -0.00630489        0.03476644
     1.0000000        0.01927744        0.03223593
     1.1000000        0.00743747        0.01495039
     1.2000000        0.00708608        0.02115285
     1.3000000        0.03190156        0.02380134
     1.4000000        0.02097593        0.02961427
     1.5000000        0.01469639        0.03672907
     1.6000000        0.00231878        0.03411344
     1.7000000        0.03324553        0.02202052
     1.8000000        0.03846375        0.01192765
     1.9000000        0.05225520        0.02732941
     2.0000000        0.04609553        0.01616220
     2.1000000        0.02396514        0.02135672
     2.2000000        0.02326508        0.01803020
     2.3000000        0.01944644        0.01783675
     2.4000000        0.02920370        0.01268658
     2.5000000        0.00704182        0.01371319
     2.6000000       -0.00987396        0.03070752
     2.7000000       -0.00114604        0.02811273
     2.8000000        0.00175311        0.01027119
     2.9000000        0.02143168        0.01479991
     3.0000000        0.01184043        0.01956693
     3.1000000        0.01526746        0.02313555
     3.2000000       -0.00355595        0.01817539
     3.3000000       -0.01333988        0.01825138
     3.4000000       -0.00533008        0.00770487
     3.5000000        0.00500019        0.02153250
     3.6000000        0.01870362        0.02218985
     3.7000000        0.01257568        0.01612993
     3.8000000        0.01073824        0.02589924
     3.9000000        0.04230880        0.02999980
     4.0000000        0.01608317        0.03030302
     4.1000000        0.01534899        0.03100197
     4.2000000        0.03653426        0.00808423
     4.3000000        0.02348411        0.02462433
     4.4000000        0.04350392        0.01684368
     4.5000000        0.03801553        0.03090030
     4.6000000        0.02710988        0.01891064
     4.7000000        0.02489551        0.02641294
     4.8000000        0.04253715        0.01572818
     4.9000000        0.05375829        0.02052563
     5.0000000        0.03495196        0.02571146
     5.1000000        0.04007917        0.03047765
     5.2000000        0.05892074        0.02202800
     5.3000000        0.07492865        0.02292119
     5.4000000        0.08108691        0.01994547
     5.5000000        0.09996995        0.01490459
     5.6000000        0.08487395        0.03126224
     5.7000000        0.08928699        0.03741025
     5.8000000        0.09655296        0.03551340
     5.9000000        0.14498758        0.02927815
     6.0000000        0.18744990        0.01788172
     6.1000000        0.20540086        0.03235022
     6.2000000        0.22904089        0.02763285
     6.3000000        0.24497569        0.03213762
     6.4000000        0.26413064        0.03174961
     6.5000000        0.27685309        0.04363201
     6.6000000        0.29326779        0.02341407
     6.7000000        0.33168350        0.01466894
     6.8000000        0.36528192        0.01235437
     6.9000000        0.42428175        0.02017035
     7.0000000        0.46073142        0.03672064
     7.1000000        0.50164191        0.04604909
     7.2000000        0.58540103        0.04376856
     7.3000000        0.66249359        0.05908698
     7.4000000        0.72857808        0.05956418
     7.5000000        0.83819359        0.04416092
     7.6000000        0.96984545        0.02904353
     7.7000000        1.12755486        0.02025638
     7.8000000        1.30218220        0.01710731
     7.9000000        1.49781916        0.02476051
     8.0000000        1.71870830        0.01957234
