          41           4   8.0000000000000000                1
     0.0000000        0.22457436        0.04747868
     0.1000000        0.12464144        0.03417675
     0.2000000        0.05888507        0.03011026
     0.3000000        0.02609701        0.02175552
     0.4000000        0.02322044        0.02006216
     0.5000000        0.01908072        0.02224204
     0.6000000        0.01505871        0.02165087
     0.7000000        0.02432339        0.01313151
     0.8000000        0.01626551        0.01968184
     0.9000000        0.00851315        0.01384104
     1.0000000       -0.00014871        0.01527871
     1.1000000        0.00082495        0.01726609
     1.2000000       -0.00065591        0.01034374
     1.3000000        0.00260993        0.01282261
     1.4000000       -0.00281843        0.01062854
     1.5000000        0.00039361        0.01217253
     1.6000000        0.00658159        0.01321045
     1.7000000        0.00524199        0.00940114
     1.8000000       -0.00271723        0.00929937
     1.9000000       -0.00120073        0.00830069
     2.0000000        0.00016063        0.00880518
     2.1000000       -0.00716453        0.00888704
     2.2000000       -0.00903082        0.01042194
     2.3000000       -0.00148131        0.01371378
     2.4000000       -0.00539514        0.01310901
     2.5000000       -0.00419388        0.01415859
     2.6000000       -0.00275184        0.01402799
     2.7000000       -0.00421918        0.01501928
     2.8000000        0.00173214        0.01344817
     2.9000000        0.00098672        0.01429375
     3.0000000       -0.00254815        0.01486299
     3.1000000       -0.00336635        0.01633232
     3.2000000       -0.00297526        0.01783838
     3.3000000       -0.00928716        0.02098447
     3.4000000       -0.01303041        0.01957091
     3.5000000       -0.01191612        0.01697592
     3.6000000       -0.00190003        0.01584812
     3.7000000       -0.00383858        0.01267026
     3.8000000       -0.00470288        0.01697282
     3.9000000       -0.00280208        0.01592073
     4.0000000        0.00244645        0.01188851
