          51           9   10.000000000000000                1
     0.0000000        1.02417444        0.00967781
     0.1000000        0.82979055        0.00927179
     0.2000000        0.69404866        0.00882008
     0.3000000        0.59411496        0.00855909
     0.4000000        0.51648996        0.00842592
     0.5000000        0.45430193        0.00822569
     0.6000000        0.40441098        0.00819074
     0.7000000        0.36304264        0.00839581
     0.8000000        0.32715275        0.00830723
     0.9000000        0.29547418        0.00817216
     1.0000000        0.26789093        0.00829156
     1.1000000        0.24344471        0.00838163
     1.2000000        0.22136751        0.00823955
     1.3000000        0.20198419        0.00799303
     1.4000000        0.18538055        0.00786416
     1.5000000        0.17042162        0.00747982
     1.6000000        0.15672291        0.00707059
     1.7000000        0.14428936        0.00677549
     1.8000000        0.13285229        0.00634097
     1.9000000        0.12204390        0.00575680
     2.0000000        0.11245460        0.00519198
     2.1000000        0.10406686        0.00476629
     2.2000000        0.09580477        0.00432951
     2.3000000        0.08812352        0.00407874
     2.4000000        0.08142403        0.00405714
     2.5000000        0.07511271        0.00385239
     2.6000000        0.06915099        0.00361723
     2.7000000        0.06425712        0.00364992
     2.8000000        0.06011000        0.00364084
     2.9000000        0.05684415        0.00353506
     3.0000000        0.05371210        0.00346500
     3.1000000        0.05022959        0.00363200
     3.2000000        0.04703809        0.00395020
     3.3000000        0.04417598        0.00425911
     3.4000000        0.04127143        0.00464383
     3.5000000        0.03833122        0.00508109
     3.6000000        0.03550728        0.00553083
     3.7000000        0.03311525        0.00588804
     3.8000000        0.03089021        0.00603735
     3.9000000        0.02892690        0.00622413
     4.0000000        0.02699708        0.00640936
     4.1000000        0.02512785        0.00635549
     4.2000000        0.02380302        0.00627644
     4.3000000        0.02292432        0.00581137
     4.4000000        0.02231917        0.00548102
     4.5000000        0.02159980        0.00562003
     4.6000000        0.02114372        0.00598080
     4.7000000        0.02096579        0.00642062
     4.8000000        0.02047479        0.00659348
     4.9000000        0.02001394        0.00676114
     5.0000000        0.02003587        0.00694508
