 0.10000000000000000E+001          1         64
( 0.10000000000000002E+001, 0.00000000000000000E+000)
-0.23561944901923448E+001 -0.23561944901923448E+001
( 0.10428569665523291E+001,-0.33531685145680106E-014)
-0.23561944901923448E+001 -0.15707963267948966E+001
( 0.75733593266473198E+000, 0.32198925882463187E-014)
-0.23561944901923448E+001 -0.78539816339744828E+000
( 0.59920412701345072E+000,-0.86617061267431402E-015)
-0.23561944901923448E+001  0.00000000000000000E+000
( 0.55717849892292981E+000, 0.49577453834290699E-015)
-0.23561944901923448E+001  0.78539816339744828E+000
( 0.60980003142440931E+000,-0.13767748772685401E-014)
-0.23561944901923448E+001  0.15707963267948966E+001
( 0.76024658433662173E+000,-0.88768678603339543E-016)
-0.23561944901923448E+001  0.23561944901923448E+001
( 0.10508602195061156E+001, 0.00000000000000000E+000)
-0.23561944901923448E+001  0.31415926535897931E+001
( 0.12354115638706629E+001,-0.16234227333270020E-015)
-0.15707963267948966E+001 -0.23561944901923448E+001
( 0.74201934463917119E+000, 0.31088702857838030E-014)
-0.15707963267948966E+001 -0.15707963267948966E+001
( 0.61358198843159140E+000,-0.15323044274494080E-014)
-0.15707963267948966E+001 -0.78539816339744828E+000
( 0.46970471389659774E+000,-0.71039524566008127E-015)
-0.15707963267948966E+001  0.00000000000000000E+000
( 0.43234583279545646E+000,-0.18248662227858370E-015)
-0.15707963267948966E+001  0.78539816339744828E+000
( 0.47421492546592980E+000, 0.68838743863427006E-015)
-0.15707963267948966E+001  0.15707963267948966E+001
( 0.60967817755935183E+000,-0.16653345369377348E-014)
-0.15707963267948966E+001  0.23561944901923448E+001
( 0.74599430142237266E+000, 0.35304600549413247E-014)
-0.15707963267948966E+001  0.31415926535897931E+001
( 0.79368136000110689E+000,-0.52823413407439218E-015)
-0.78539816339744828E+000 -0.23561944901923448E+001
( 0.59255614804702927E+000,-0.89014495436704444E-016)
-0.78539816339744828E+000 -0.15707963267948966E+001
( 0.47013771092908963E+000, 0.36194745503780288E-014)
-0.78539816339744828E+000 -0.78539816339744828E+000
( 0.29940221645669129E+000, 0.11767380793693199E-014)
-0.78539816339744828E+000  0.00000000000000000E+000
( 0.22756931358843580E+000, 0.43100908047148872E-014)
-0.78539816339744828E+000  0.78539816339744828E+000
( 0.29817810236894116E+000,-0.55511151231257827E-015)
-0.78539816339744828E+000  0.15707963267948966E+001
( 0.46535058139776941E+000, 0.86592479584094910E-015)
-0.78539816339744828E+000  0.23561944901923448E+001
( 0.59481385956107991E+000,-0.95469347444428862E-015)
-0.78539816339744828E+000  0.31415926535897931E+001
( 0.63452524021400225E+000,-0.89061320530631243E-015)
 0.00000000000000000E+000 -0.23561944901923448E+001
( 0.54347990432185678E+000, 0.35084522479155136E-014)
 0.00000000000000000E+000 -0.15707963267948966E+001
( 0.41743625194121448E+000,-0.27090425068187278E-014)
 0.00000000000000000E+000 -0.78539816339744828E+000
( 0.22119477346889549E+000, 0.79940974109678571E-015)
 0.00000000000000000E+000  0.00000000000000000E+000
( 0.64086127846109747E+002, 0.00000000000000000E+000)
 0.00000000000000000E+000  0.78539816339744828E+000
( 0.22119477346889549E+000,-0.79940974109678571E-015)
 0.00000000000000000E+000  0.15707963267948966E+001
( 0.41743625194121448E+000, 0.27090425068187278E-014)
 0.00000000000000000E+000  0.23561944901923448E+001
( 0.54347990432185678E+000,-0.35084522479155136E-014)
 0.00000000000000000E+000  0.31415926535897931E+001
( 0.58536129497986422E+000, 0.39174621659606503E-014)
 0.78539816339744828E+000 -0.23561944901923448E+001
( 0.59481385956107991E+000, 0.95469347444428862E-015)
 0.78539816339744828E+000 -0.15707963267948966E+001
( 0.46535058139776941E+000,-0.86592479584094910E-015)
 0.78539816339744828E+000 -0.78539816339744828E+000
( 0.29817810236894116E+000, 0.55511151231257827E-015)
 0.78539816339744828E+000  0.00000000000000000E+000
( 0.22756931358843580E+000,-0.43100908047148872E-014)
 0.78539816339744828E+000  0.78539816339744828E+000
( 0.29940221645669129E+000,-0.11767380793693199E-014)
 0.78539816339744828E+000  0.15707963267948966E+001
( 0.47013771092908963E+000,-0.36194745503780288E-014)
 0.78539816339744828E+000  0.23561944901923448E+001
( 0.59255614804702927E+000, 0.89014495436704444E-016)
 0.78539816339744828E+000  0.31415926535897931E+001
( 0.63452524021400181E+000, 0.12676957267454824E-014)
 0.15707963267948966E+001 -0.23561944901923448E+001
( 0.74599430142237266E+000,-0.35304600549413247E-014)
 0.15707963267948966E+001 -0.15707963267948966E+001
( 0.60967817755935183E+000, 0.16653345369377348E-014)
 0.15707963267948966E+001 -0.78539816339744828E+000
( 0.47421492546592980E+000,-0.68838743863427006E-015)
 0.15707963267948966E+001  0.00000000000000000E+000
( 0.43234583279545646E+000, 0.18248662227858370E-015)
 0.15707963267948966E+001  0.78539816339744828E+000
( 0.46970471389659774E+000, 0.71039524566008127E-015)
 0.15707963267948966E+001  0.15707963267948966E+001
( 0.61358198843159140E+000, 0.15323044274494080E-014)
 0.15707963267948966E+001  0.23561944901923448E+001
( 0.74201934463917119E+000,-0.31088702857838030E-014)
 0.15707963267948966E+001  0.31415926535897931E+001
( 0.79368136000110712E+000, 0.40129310172707142E-016)
 0.23561944901923448E+001 -0.23561944901923448E+001
( 0.10508602195061156E+001, 0.00000000000000000E+000)
 0.23561944901923448E+001 -0.15707963267948966E+001
( 0.76024658433662173E+000, 0.88768678603339543E-016)
 0.23561944901923448E+001 -0.78539816339744828E+000
( 0.60980003142440931E+000, 0.13767748772685401E-014)
 0.23561944901923448E+001  0.00000000000000000E+000
( 0.55717849892292981E+000,-0.49577453834290699E-015)
 0.23561944901923448E+001  0.78539816339744828E+000
( 0.59920412701345072E+000, 0.86617061267431402E-015)
 0.23561944901923448E+001  0.15707963267948966E+001
( 0.75733593266473198E+000,-0.32198925882463187E-014)
 0.23561944901923448E+001  0.23561944901923448E+001
( 0.10428569665523291E+001, 0.33531685145680106E-014)
 0.23561944901923448E+001  0.31415926535897931E+001
( 0.12354115638706624E+001,-0.21251104643285061E-014)
 0.31415926535897931E+001 -0.23561944901923448E+001
( 0.12406212440894742E+001,-0.35532053124672310E-015)
 0.31415926535897931E+001 -0.15707963267948966E+001
( 0.81710878239196805E+000,-0.15098049867568669E-014)
 0.31415926535897931E+001 -0.78539816339744828E+000
( 0.64844936703119083E+000, 0.59937294319756562E-015)
 0.31415926535897931E+001  0.00000000000000000E+000
( 0.59935896955970158E+000, 0.39176869233576678E-014)
 0.31415926535897931E+001  0.78539816339744828E+000
( 0.64844936703118949E+000, 0.22179878809166638E-015)
 0.31415926535897931E+001  0.15707963267948966E+001
( 0.81710878239196794E+000, 0.14657893727052445E-014)
 0.31415926535897931E+001  0.23561944901923448E+001
( 0.12406212440894746E+001,-0.59986457686429527E-015)
 0.31415926535897931E+001  0.31415926535897931E+001
( 0.72229654506767460E+001, 0.69402060524273149E-015)
 0.10000000000000000E+001          1         64
( 0.10000000000000000E+001, 0.00000000000000000E+000)
-0.23561944901923448E+001 -0.23561944901923448E+001
( 0.10848467991741577E+001,-0.29183125386918898E-014)
-0.23561944901923448E+001 -0.15707963267948966E+001
( 0.78211600227397637E+000, 0.14512301104910201E-014)
-0.23561944901923448E+001 -0.78539816339744828E+000
( 0.60636826035354296E+000,-0.76130379952775963E-015)
-0.23561944901923448E+001  0.00000000000000000E+000
( 0.55477321440890415E+000, 0.34941619516647635E-014)
-0.23561944901923448E+001  0.78539816339744828E+000
( 0.61933236678273296E+000, 0.11736603347113394E-014)
-0.23561944901923448E+001  0.15707963267948966E+001
( 0.77191046285929410E+000, 0.23792496188166427E-016)
-0.23561944901923448E+001  0.23561944901923448E+001
( 0.10745822728623193E+001,-0.88817841970012523E-015)
-0.23561944901923448E+001  0.31415926535897931E+001
( 0.12597582540160768E+001, 0.24247384459251949E-014)
-0.15707963267948966E+001 -0.23561944901923448E+001
( 0.78224929886522387E+000, 0.26724754375786921E-014)
-0.15707963267948966E+001 -0.15707963267948966E+001
( 0.62667704826545156E+000,-0.10943707069153065E-014)
-0.15707963267948966E+001 -0.78539816339744828E+000
( 0.47756353886504188E+000, 0.11816005131896557E-014)
-0.15707963267948966E+001  0.00000000000000000E+000
( 0.43476188668044791E+000,-0.25144784718807017E-014)
-0.15707963267948966E+001  0.78539816339744828E+000
( 0.48381687821782604E+000, 0.80094861342577598E-015)
-0.15707963267948966E+001  0.15707963267948966E+001
( 0.62778706779233451E+000,-0.22204460492503131E-015)
-0.15707963267948966E+001  0.23561944901923448E+001
( 0.78034737631634954E+000, 0.11974528308995058E-014)
-0.15707963267948966E+001  0.31415926535897931E+001
( 0.83374141070083163E+000,-0.77060541764079328E-015)
-0.78539816339744828E+000 -0.23561944901923448E+001
( 0.62225037840527497E+000,-0.26486829413905257E-014)
-0.78539816339744828E+000 -0.15707963267948966E+001
( 0.48168073537291312E+000, 0.29342209348953056E-015)
-0.78539816339744828E+000 -0.78539816339744828E+000
( 0.31191672139519433E+000,-0.14908749243890363E-014)
-0.78539816339744828E+000  0.00000000000000000E+000
( 0.22879599469728995E+000, 0.23119511093342497E-014)
-0.78539816339744828E+000  0.78539816339744828E+000
( 0.31377315820391061E+000, 0.66613381477509392E-015)
-0.78539816339744828E+000  0.15707963267948966E+001
( 0.48556181849358282E+000,-0.46788170603822902E-015)
-0.78539816339744828E+000  0.23561944901923448E+001
( 0.61446201962076197E+000, 0.13798526219265207E-014)
-0.78539816339744828E+000  0.31415926535897931E+001
( 0.64793407391665725E+000,-0.32841609833103009E-015)
 0.00000000000000000E+000 -0.23561944901923448E+001
( 0.56523906016368430E+000, 0.35130688649024845E-014)
 0.00000000000000000E+000 -0.15707963267948966E+001
( 0.43231106046419809E+000,-0.21570087391641302E-014)
 0.00000000000000000E+000 -0.78539816339744828E+000
( 0.22796285184019660E+000, 0.46788170603822902E-015)
 0.00000000000000000E+000  0.00000000000000000E+000
( 0.64087693631281056E+002, 0.00000000000000000E+000)
 0.00000000000000000E+000  0.78539816339744828E+000
( 0.22796285184019660E+000,-0.46788170603822902E-015)
 0.00000000000000000E+000  0.15707963267948966E+001
( 0.43231106046419809E+000, 0.21570087391641302E-014)
 0.00000000000000000E+000  0.23561944901923448E+001
( 0.56523906016368430E+000,-0.35130688649024845E-014)
 0.00000000000000000E+000  0.31415926535897931E+001
( 0.60283097738566382E+000, 0.39169558122403772E-014)
 0.78539816339744828E+000 -0.23561944901923448E+001
( 0.61446201962076197E+000,-0.13798526219265207E-014)
 0.78539816339744828E+000 -0.15707963267948966E+001
( 0.48556181849358282E+000, 0.46788170603822902E-015)
 0.78539816339744828E+000 -0.78539816339744828E+000
( 0.31377315820391061E+000,-0.66613381477509392E-015)
 0.78539816339744828E+000  0.00000000000000000E+000
( 0.22879599469728995E+000,-0.23119511093342497E-014)
 0.78539816339744828E+000  0.78539816339744828E+000
( 0.31191672139519433E+000, 0.14908749243890363E-014)
 0.78539816339744828E+000  0.15707963267948966E+001
( 0.48168073537291312E+000,-0.29342209348953056E-015)
 0.78539816339744828E+000  0.23561944901923448E+001
( 0.62225037840527497E+000, 0.26486829413905257E-014)
 0.78539816339744828E+000  0.31415926535897931E+001
( 0.64793407391665592E+000, 0.47114303621324583E-015)
 0.15707963267948966E+001 -0.23561944901923448E+001
( 0.78034737631634954E+000,-0.11974528308995058E-014)
 0.15707963267948966E+001 -0.15707963267948966E+001
( 0.62778706779233451E+000, 0.22204460492503131E-015)
 0.15707963267948966E+001 -0.78539816339744828E+000
( 0.48381687821782604E+000,-0.80094861342577598E-015)
 0.15707963267948966E+001  0.00000000000000000E+000
( 0.43476188668044791E+000, 0.25144784718807017E-014)
 0.15707963267948966E+001  0.78539816339744828E+000
( 0.47756353886504188E+000,-0.11816005131896557E-014)
 0.15707963267948966E+001  0.15707963267948966E+001
( 0.62667704826545156E+000, 0.10943707069153065E-014)
 0.15707963267948966E+001  0.23561944901923448E+001
( 0.78224929886522387E+000,-0.26724754375786921E-014)
 0.15707963267948966E+001  0.31415926535897931E+001
( 0.83374141070083096E+000, 0.73890078222109319E-015)
 0.23561944901923448E+001 -0.23561944901923448E+001
( 0.10745822728623193E+001, 0.88817841970012523E-015)
 0.23561944901923448E+001 -0.15707963267948966E+001
( 0.77191046285929410E+000,-0.23792496188166427E-016)
 0.23561944901923448E+001 -0.78539816339744828E+000
( 0.61933236678273296E+000,-0.11736603347113394E-014)
 0.23561944901923448E+001  0.00000000000000000E+000
( 0.55477321440890415E+000,-0.34941619516647635E-014)
 0.23561944901923448E+001  0.78539816339744828E+000
( 0.60636826035354296E+000, 0.76130379952775963E-015)
 0.23561944901923448E+001  0.15707963267948966E+001
( 0.78211600227397637E+000,-0.14512301104910201E-014)
 0.23561944901923448E+001  0.23561944901923448E+001
( 0.10848467991741577E+001, 0.29183125386918898E-014)
 0.23561944901923448E+001  0.31415926535897931E+001
( 0.12597582540160759E+001,-0.26150784154305265E-014)
 0.31415926535897931E+001 -0.23561944901923448E+001
( 0.12953705946145053E+001,-0.32434392676011204E-014)
 0.31415926535897931E+001 -0.15707963267948966E+001
( 0.82538416042750495E+000,-0.72957112486127677E-015)
 0.31415926535897931E+001 -0.78539816339744828E+000
( 0.65807412368788354E+000, 0.59475632621059472E-015)
 0.31415926535897931E+001  0.00000000000000000E+000
( 0.60770260846980917E+000, 0.39187339191362476E-014)
 0.31415926535897931E+001  0.78539816339744828E+000
( 0.65807412368788420E+000,-0.34100708586586352E-015)
 0.31415926535897931E+001  0.15707963267948966E+001
( 0.82538416042750473E+000, 0.47582188451654547E-015)
 0.31415926535897931E+001  0.23561944901923448E+001
( 0.12953705946145049E+001, 0.21649208783956639E-014)
 0.31415926535897931E+001  0.31415926535897931E+001
( 0.80658599615730218E+001, 0.79223813202250730E-015)
 0.10000000000000000E+001          1         64
( 0.10000000000000000E+001, 0.00000000000000000E+000)
-0.23561944901923448E+001 -0.23561944901923448E+001
( 0.10471438550499426E+001,-0.20218057744136527E-014)
-0.23561944901923448E+001 -0.15707963267948966E+001
( 0.75924974282608626E+000,-0.55411162098268832E-015)
-0.23561944901923448E+001 -0.78539816339744828E+000
( 0.60637356494130201E+000,-0.42268466242147141E-015)
-0.23561944901923448E+001  0.00000000000000000E+000
( 0.55751538036267068E+000, 0.36047107079424985E-014)
-0.23561944901923448E+001  0.78539816339744828E+000
( 0.60660355627488072E+000, 0.39928033233310039E-015)
-0.23561944901923448E+001  0.15707963267948966E+001
( 0.76938232023744968E+000,-0.75475167847912842E-015)
-0.23561944901923448E+001  0.23561944901923448E+001
( 0.10497072190114651E+001, 0.00000000000000000E+000)
-0.23561944901923448E+001  0.31415926535897931E+001
( 0.12416445901761552E+001,-0.26701043528006780E-015)
-0.15707963267948966E+001 -0.23561944901923448E+001
( 0.75514387761812052E+000, 0.15553121258051091E-014)
-0.15707963267948966E+001 -0.15707963267948966E+001
( 0.60922701360439202E+000, 0.35447145481613817E-015)
-0.15707963267948966E+001 -0.78539816339744828E+000
( 0.47296109328018754E+000, 0.62232482858802155E-015)
-0.15707963267948966E+001  0.00000000000000000E+000
( 0.42958795856463183E+000,-0.15149620522615405E-014)
-0.15707963267948966E+001  0.78539816339744828E+000
( 0.47311548873449394E+000, 0.91058285845860639E-015)
-0.15707963267948966E+001  0.15707963267948966E+001
( 0.61090732231967193E+000,-0.77715611723760958E-015)
-0.15707963267948966E+001  0.23561944901923448E+001
( 0.75981729796691955E+000, 0.24200862154168634E-014)
-0.15707963267948966E+001  0.31415926535897931E+001
( 0.81042961884824527E+000,-0.64329144368126683E-015)
-0.78539816339744828E+000 -0.23561944901923448E+001
( 0.59971781175819749E+000,-0.33092645264468786E-014)
-0.78539816339744828E+000 -0.15707963267948966E+001
( 0.46803279662007702E+000, 0.20656147606007251E-014)
-0.78539816339744828E+000 -0.78539816339744828E+000
( 0.29986410510853279E+000,-0.21542326243047597E-014)
-0.78539816339744828E+000  0.00000000000000000E+000
( 0.22263779847615428E+000, 0.51983731246313964E-014)
-0.78539816339744828E+000  0.78539816339744828E+000
( 0.30566463680655009E+000, 0.77715611723760958E-015)
-0.78539816339744828E+000  0.15707963267948966E+001
( 0.47044716469249703E+000,-0.24444904368351242E-015)
-0.78539816339744828E+000  0.23561944901923448E+001
( 0.59886718984230325E+000,-0.21756371717333508E-014)
-0.78539816339744828E+000  0.31415926535897931E+001
( 0.63794221873944190E+000,-0.77787502907022767E-015)
 0.00000000000000000E+000 -0.23561944901923448E+001
( 0.55198773146694768E+000, 0.33978823901509129E-014)
 0.00000000000000000E+000 -0.15707963267948966E+001
( 0.42205727860970055E+000,-0.29313887415423693E-014)
 0.00000000000000000E+000 -0.78539816339744828E+000
( 0.22319645957995893E+000, 0.27979620003213723E-014)
 0.00000000000000000E+000  0.00000000000000000E+000
( 0.64082251269315236E+002, 0.00000000000000000E+000)
 0.00000000000000000E+000  0.78539816339744828E+000
( 0.22319645957995893E+000,-0.27979620003213723E-014)
 0.00000000000000000E+000  0.15707963267948966E+001
( 0.42205727860970055E+000, 0.29313887415423693E-014)
 0.00000000000000000E+000  0.23561944901923448E+001
( 0.55198773146694768E+000,-0.33978823901509129E-014)
 0.00000000000000000E+000  0.31415926535897931E+001
( 0.59688871475419214E+000, 0.39172095133538111E-014)
 0.78539816339744828E+000 -0.23561944901923448E+001
( 0.59886718984230325E+000, 0.21756371717333508E-014)
 0.78539816339744828E+000 -0.15707963267948966E+001
( 0.47044716469249703E+000, 0.24444904368351242E-015)
 0.78539816339744828E+000 -0.78539816339744828E+000
( 0.30566463680655009E+000,-0.77715611723760958E-015)
 0.78539816339744828E+000  0.00000000000000000E+000
( 0.22263779847615428E+000,-0.51983731246313964E-014)
 0.78539816339744828E+000  0.78539816339744828E+000
( 0.29986410510853279E+000, 0.21542326243047597E-014)
 0.78539816339744828E+000  0.15707963267948966E+001
( 0.46803279662007702E+000,-0.20656147606007251E-014)
 0.78539816339744828E+000  0.23561944901923448E+001
( 0.59971781175819749E+000, 0.33092645264468786E-014)
 0.78539816339744828E+000  0.31415926535897931E+001
( 0.63794221873944190E+000, 0.48761721653986293E-015)
 0.15707963267948966E+001 -0.23561944901923448E+001
( 0.75981729796691955E+000,-0.24200862154168634E-014)
 0.15707963267948966E+001 -0.15707963267948966E+001
( 0.61090732231967193E+000, 0.77715611723760958E-015)
 0.15707963267948966E+001 -0.78539816339744828E+000
( 0.47311548873449394E+000,-0.91058285845860639E-015)
 0.15707963267948966E+001  0.00000000000000000E+000
( 0.42958795856463183E+000, 0.15149620522615405E-014)
 0.15707963267948966E+001  0.78539816339744828E+000
( 0.47296109328018754E+000,-0.62232482858802155E-015)
 0.15707963267948966E+001  0.15707963267948966E+001
( 0.60922701360439202E+000,-0.35447145481613817E-015)
 0.15707963267948966E+001  0.23561944901923448E+001
( 0.75514387761812052E+000,-0.15553121258051091E-014)
 0.15707963267948966E+001  0.31415926535897931E+001
( 0.81042961884824549E+000, 0.60048234882408441E-015)
 0.23561944901923448E+001 -0.23561944901923448E+001
( 0.10497072190114651E+001, 0.00000000000000000E+000)
 0.23561944901923448E+001 -0.15707963267948966E+001
( 0.76938232023744968E+000, 0.75475167847912842E-015)
 0.23561944901923448E+001 -0.78539816339744828E+000
( 0.60660355627488072E+000,-0.39928033233310039E-015)
 0.23561944901923448E+001  0.00000000000000000E+000
( 0.55751538036267068E+000,-0.36047107079424985E-014)
 0.23561944901923448E+001  0.78539816339744828E+000
( 0.60637356494130201E+000, 0.42268466242147141E-015)
 0.23561944901923448E+001  0.15707963267948966E+001
( 0.75924974282608626E+000, 0.55411162098268832E-015)
 0.23561944901923448E+001  0.23561944901923448E+001
( 0.10471438550499426E+001, 0.20218057744136527E-014)
 0.23561944901923448E+001  0.31415926535897931E+001
( 0.12416445901761561E+001,-0.68938119202539086E-015)
 0.31415926535897931E+001 -0.23561944901923448E+001
( 0.12474709707928848E+001,-0.12436497658461534E-014)
 0.31415926535897931E+001 -0.15707963267948966E+001
( 0.80674227400917164E+000, 0.48889808736702484E-015)
 0.31415926535897931E+001 -0.78539816339744828E+000
( 0.64507777137869771E+000,-0.67213316275443285E-016)
 0.31415926535897931E+001  0.00000000000000000E+000
( 0.60634930468125248E+000, 0.39181025242232061E-014)
 0.31415926535897931E+001  0.78539816339744828E+000
( 0.64507777137869726E+000,-0.22304449625492126E-015)
 0.31415926535897931E+001  0.15707963267948966E+001
( 0.80674227400917153E+000,-0.97579639207426997E-015)
 0.31415926535897931E+001  0.23561944901923448E+001
( 0.12474709707928857E+001, 0.39828044100321054E-015)
 0.31415926535897931E+001  0.31415926535897931E+001
( 0.73487388115513914E+001, 0.70973109115634002E-015)
 0.10000000000000000E+001          1         64
( 0.10000000000000000E+001, 0.00000000000000000E+000)
-0.23561944901923448E+001 -0.23561944901923448E+001
( 0.10811538313889262E+001,-0.15869731967063429E-014)
-0.23561944901923448E+001 -0.15707963267948966E+001
( 0.78476647238117603E+000, 0.33393828253243202E-014)
-0.23561944901923448E+001 -0.78539816339744828E+000
( 0.61554555577233938E+000,-0.20941902874543748E-014)
-0.23561944901923448E+001  0.00000000000000000E+000
( 0.56407996580755593E+000, 0.47142378617270905E-014)
-0.23561944901923448E+001  0.78539816339744828E+000
( 0.60820769966598665E+000, 0.72926169567306306E-015)
-0.23561944901923448E+001  0.15707963267948966E+001
( 0.77541110507806121E+000,-0.42014199906778936E-015)
-0.23561944901923448E+001  0.23561944901923448E+001
( 0.10913955555847870E+001, 0.55511151231257827E-015)
-0.23561944901923448E+001  0.31415926535897931E+001
( 0.12901418752393277E+001,-0.79638774457495250E-015)
-0.15707963267948966E+001 -0.23561944901923448E+001
( 0.77100361033796516E+000, 0.24512044056241949E-014)
-0.15707963267948966E+001 -0.15707963267948966E+001
( 0.63500548086452713E+000,-0.95788843129092941E-016)
-0.15707963267948966E+001 -0.78539816339744828E+000
( 0.47848946924394586E+000,-0.81633678735330555E-015)
-0.15707963267948966E+001  0.00000000000000000E+000
( 0.43179125839612398E+000,-0.21806319531429245E-014)
-0.15707963267948966E+001  0.78539816339744828E+000
( 0.48038716005059690E+000,-0.53116430153030501E-015)
-0.15707963267948966E+001  0.15707963267948966E+001
( 0.63038367226510394E+000,-0.88817841970012523E-015)
-0.15707963267948966E+001  0.23561944901923448E+001
( 0.78530087671268523E+000,-0.57905872309485153E-015)
-0.15707963267948966E+001  0.31415926535897931E+001
( 0.82220555054414579E+000, 0.22978787003878585E-015)
-0.78539816339744828E+000 -0.23561944901923448E+001
( 0.61090150735060034E+000,-0.15390787751417965E-014)
-0.78539816339744828E+000 -0.15707963267948966E+001
( 0.47719654055602523E+000, 0.71841632346819681E-016)
-0.78539816339744828E+000 -0.78539816339744828E+000
( 0.31108332658734983E+000, 0.17284624178357039E-014)
-0.78539816339744828E+000  0.00000000000000000E+000
( 0.22886724007311776E+000, 0.17564497913465562E-014)
-0.78539816339744828E+000  0.78539816339744828E+000
( 0.30749551858049806E+000, 0.88817841970012523E-015)
-0.78539816339744828E+000  0.15707963267948966E+001
( 0.48769898475978279E+000,-0.11341702354074297E-014)
-0.78539816339744828E+000  0.23561944901923448E+001
( 0.61658161863134486E+000,-0.72926169567306306E-015)
-0.78539816339744828E+000  0.31415926535897931E+001
( 0.64974407844004944E+000, 0.66987891188492826E-015)
 0.00000000000000000E+000 -0.23561944901923448E+001
( 0.56094710271839232E+000, 0.16261538668220388E-014)
 0.00000000000000000E+000 -0.15707963267948966E+001
( 0.43694552768168859E+000,-0.44887865200651725E-014)
 0.00000000000000000E+000 -0.78539816339744828E+000
( 0.22626289618601980E+000, 0.24599181570730457E-015)
 0.00000000000000000E+000  0.00000000000000000E+000
( 0.64088470339808211E+002, 0.00000000000000000E+000)
 0.00000000000000000E+000  0.78539816339744828E+000
( 0.22626289618601980E+000,-0.24599181570730457E-015)
 0.00000000000000000E+000  0.15707963267948966E+001
( 0.43694552768168859E+000, 0.44887865200651725E-014)
 0.00000000000000000E+000  0.23561944901923448E+001
( 0.56094710271839232E+000,-0.16261538668220388E-014)
 0.00000000000000000E+000  0.31415926535897931E+001
( 0.60321411004788594E+000, 0.39183281882945484E-014)
 0.78539816339744828E+000 -0.23561944901923448E+001
( 0.61658161863134486E+000, 0.72926169567306306E-015)
 0.78539816339744828E+000 -0.15707963267948966E+001
( 0.48769898475978279E+000, 0.11341702354074297E-014)
 0.78539816339744828E+000 -0.78539816339744828E+000
( 0.30749551858049806E+000,-0.88817841970012523E-015)
 0.78539816339744828E+000  0.00000000000000000E+000
( 0.22886724007311776E+000,-0.17564497913465562E-014)
 0.78539816339744828E+000  0.78539816339744828E+000
( 0.31108332658734983E+000,-0.17284624178357039E-014)
 0.78539816339744828E+000  0.15707963267948966E+001
( 0.47719654055602523E+000,-0.71841632346819681E-016)
 0.78539816339744828E+000  0.23561944901923448E+001
( 0.61090150735060034E+000, 0.15390787751417965E-014)
 0.78539816339744828E+000  0.31415926535897931E+001
( 0.64974407844004944E+000,-0.84300480905504168E-016)
 0.15707963267948966E+001 -0.23561944901923448E+001
( 0.78530087671268523E+000, 0.57905872309485153E-015)
 0.15707963267948966E+001 -0.15707963267948966E+001
( 0.63038367226510394E+000, 0.88817841970012523E-015)
 0.15707963267948966E+001 -0.78539816339744828E+000
( 0.48038716005059690E+000, 0.53116430153030501E-015)
 0.15707963267948966E+001  0.00000000000000000E+000
( 0.43179125839612398E+000, 0.21806319531429245E-014)
 0.15707963267948966E+001  0.78539816339744828E+000
( 0.47848946924394586E+000, 0.81633678735330555E-015)
 0.15707963267948966E+001  0.15707963267948966E+001
( 0.63500548086452713E+000, 0.95788843129092941E-016)
 0.15707963267948966E+001  0.23561944901923448E+001
( 0.77100361033796516E+000,-0.24512044056241949E-014)
 0.15707963267948966E+001  0.31415926535897931E+001
( 0.82220555054414557E+000,-0.26025478870563127E-015)
 0.23561944901923448E+001 -0.23561944901923448E+001
( 0.10913955555847870E+001,-0.55511151231257827E-015)
 0.23561944901923448E+001 -0.15707963267948966E+001
( 0.77541110507806121E+000, 0.42014199906778936E-015)
 0.23561944901923448E+001 -0.78539816339744828E+000
( 0.60820769966598665E+000,-0.72926169567306306E-015)
 0.23561944901923448E+001  0.00000000000000000E+000
( 0.56407996580755593E+000,-0.47142378617270905E-014)
 0.23561944901923448E+001  0.78539816339744828E+000
( 0.61554555577233938E+000, 0.20941902874543748E-014)
 0.23561944901923448E+001  0.15707963267948966E+001
( 0.78476647238117603E+000,-0.33393828253243202E-014)
 0.23561944901923448E+001  0.23561944901923448E+001
( 0.10811538313889262E+001, 0.15869731967063429E-014)
 0.23561944901923448E+001  0.31415926535897931E+001
( 0.12901418752393268E+001, 0.38276545339173540E-015)
 0.31415926535897931E+001 -0.23561944901923448E+001
( 0.12540718197880738E+001,-0.12451925378699454E-014)
 0.31415926535897931E+001 -0.15707963267948966E+001
( 0.81181544683916207E+000, 0.47894421564546471E-016)
 0.31415926535897931E+001 -0.78539816339744828E+000
( 0.64465186594463231E+000,-0.71841632346819681E-016)
 0.31415926535897931E+001  0.00000000000000000E+000
( 0.60615911093415009E+000, 0.39171746964357865E-014)
 0.31415926535897931E+001  0.78539816339744828E+000
( 0.64465186594463164E+000,-0.10079144736114914E-014)
 0.31415926535897931E+001  0.15707963267948966E+001
( 0.81181544683916207E+000, 0.14368326469363936E-015)
 0.31415926535897931E+001  0.23561944901923448E+001
( 0.12540718197880756E+001, 0.27645873437414989E-015)
 0.31415926535897931E+001  0.31415926535897931E+001
( 0.81341971034568132E+001, 0.80022035445100039E-015)
 0.10000000000000000E+001          1         64
( 0.10000000000000000E+001, 0.00000000000000000E+000)
-0.23561944901923448E+001 -0.23561944901923448E+001
( 0.10658912410238459E+001,-0.30208297010073232E-014)
-0.23561944901923448E+001 -0.15707963267948966E+001
( 0.75682024726711239E+000, 0.17772094010893318E-014)
-0.23561944901923448E+001 -0.78539816339744828E+000
( 0.60405136532266812E+000,-0.64461140363385579E-015)
-0.23561944901923448E+001  0.00000000000000000E+000
( 0.55925672387179381E+000, 0.40477477008141423E-014)
-0.23561944901923448E+001  0.78539816339744828E+000
( 0.60215107420160874E+000, 0.21756961035896742E-014)
-0.23561944901923448E+001  0.15707963267948966E+001
( 0.76502115907581514E+000,-0.64375884194477449E-015)
-0.23561944901923448E+001  0.23561944901923448E+001
( 0.10573753673873592E+001,-0.12212453270876722E-014)
-0.23561944901923448E+001  0.31415926535897931E+001
( 0.12530040752956839E+001,-0.12687118265712365E-014)
-0.15707963267948966E+001 -0.23561944901923448E+001
( 0.76815632525074595E+000, 0.12220978887767535E-014)
-0.15707963267948966E+001 -0.15707963267948966E+001
( 0.62000175474860986E+000, 0.57663392345381640E-015)
-0.15707963267948966E+001 -0.78539816339744828E+000
( 0.47349661421269928E+000, 0.62223643080353636E-015)
-0.15707963267948966E+001  0.00000000000000000E+000
( 0.43047515894064159E+000,-0.10701713644258650E-014)
-0.15707963267948966E+001  0.78539816339744828E+000
( 0.47842231871793439E+000, 0.16877095097680542E-014)
-0.15707963267948966E+001  0.15707963267948966E+001
( 0.61744280230062776E+000, 0.77715611723760958E-015)
-0.15707963267948966E+001  0.23561944901923448E+001
( 0.76065344179202010E+000, 0.18650041690324469E-014)
-0.15707963267948966E+001  0.31415926535897931E+001
( 0.81351410269782853E+000, 0.80162631317957295E-015)
-0.78539816339744828E+000 -0.23561944901923448E+001
( 0.60312740464746595E+000,-0.17548344282590123E-014)
-0.78539816339744828E+000 -0.15707963267948966E+001
( 0.47262582341962256E+000, 0.40019182587850510E-015)
-0.78539816339744828E+000 -0.78539816339744828E+000
( 0.30247213655546235E+000, 0.39933926418942386E-015)
-0.78539816339744828E+000  0.00000000000000000E+000
( 0.22641659015258653E+000, 0.38657547560884033E-014)
-0.78539816339744828E+000  0.78539816339744828E+000
( 0.30302930160512653E+000, 0.22204460492503131E-015)
-0.78539816339744828E+000  0.15707963267948966E+001
( 0.46892097806883148E+000,-0.20207764171556010E-014)
-0.78539816339744828E+000  0.23561944901923448E+001
( 0.60403020711865696E+000, 0.82190606289824834E-015)
-0.78539816339744828E+000  0.31415926535897931E+001
( 0.64085736679929828E+000, 0.10954841006215299E-015)
 0.00000000000000000E+000 -0.23561944901923448E+001
( 0.55372397952255348E+000, 0.40639278071415216E-014)
 0.00000000000000000E+000 -0.15707963267948966E+001
( 0.42555538193171705E+000,-0.82190606289824834E-015)
 0.00000000000000000E+000 -0.78539816339744828E+000
( 0.22347639311163836E+000, 0.68850878760541335E-015)
 0.00000000000000000E+000  0.00000000000000000E+000
( 0.64080262314954140E+002, 0.00000000000000000E+000)
 0.00000000000000000E+000  0.78539816339744828E+000
( 0.22347639311163836E+000,-0.68850878760541335E-015)
 0.00000000000000000E+000  0.15707963267948966E+001
( 0.42555538193171705E+000, 0.82190606289824834E-015)
 0.00000000000000000E+000  0.23561944901923448E+001
( 0.55372397952255348E+000,-0.40639278071415216E-014)
 0.00000000000000000E+000  0.31415926535897931E+001
( 0.59427145362049094E+000, 0.39171089470716186E-014)
 0.78539816339744828E+000 -0.23561944901923448E+001
( 0.60403020711865696E+000,-0.82190606289824834E-015)
 0.78539816339744828E+000 -0.15707963267948966E+001
( 0.46892097806883148E+000, 0.20207764171556010E-014)
 0.78539816339744828E+000 -0.78539816339744828E+000
( 0.30302930160512653E+000,-0.22204460492503131E-015)
 0.78539816339744828E+000  0.00000000000000000E+000
( 0.22641659015258653E+000,-0.38657547560884033E-014)
 0.78539816339744828E+000  0.78539816339744828E+000
( 0.30247213655546235E+000,-0.39933926418942386E-015)
 0.78539816339744828E+000  0.15707963267948966E+001
( 0.47262582341962256E+000,-0.40019182587850510E-015)
 0.78539816339744828E+000  0.23561944901923448E+001
( 0.60312740464746595E+000, 0.17548344282590123E-014)
 0.78539816339744828E+000  0.31415926535897931E+001
( 0.64085736679929783E+000, 0.26656331960787019E-015)
 0.15707963267948966E+001 -0.23561944901923448E+001
( 0.76065344179202010E+000,-0.18650041690324469E-014)
 0.15707963267948966E+001 -0.15707963267948966E+001
( 0.61744280230062776E+000,-0.77715611723760958E-015)
 0.15707963267948966E+001 -0.78539816339744828E+000
( 0.47842231871793439E+000,-0.16877095097680542E-014)
 0.15707963267948966E+001  0.00000000000000000E+000
( 0.43047515894064159E+000, 0.10701713644258650E-014)
 0.15707963267948966E+001  0.78539816339744828E+000
( 0.47349661421269928E+000,-0.62223643080353636E-015)
 0.15707963267948966E+001  0.15707963267948966E+001
( 0.62000175474860986E+000,-0.57663392345381640E-015)
 0.15707963267948966E+001  0.23561944901923448E+001
( 0.76815632525074595E+000,-0.12220978887767535E-014)
 0.15707963267948966E+001  0.31415926535897931E+001
( 0.81351410269782831E+000,-0.84467113546204892E-015)
 0.23561944901923448E+001 -0.23561944901923448E+001
( 0.10573753673873592E+001, 0.12212453270876722E-014)
 0.23561944901923448E+001 -0.15707963267948966E+001
( 0.76502115907581514E+000, 0.64375884194477449E-015)
 0.23561944901923448E+001 -0.78539816339744828E+000
( 0.60215107420160874E+000,-0.21756961035896742E-014)
 0.23561944901923448E+001  0.00000000000000000E+000
( 0.55925672387179381E+000,-0.40477477008141423E-014)
 0.23561944901923448E+001  0.78539816339744828E+000
( 0.60405136532266812E+000, 0.64461140363385579E-015)
 0.23561944901923448E+001  0.15707963267948966E+001
( 0.75682024726711239E+000,-0.17772094010893318E-014)
 0.23561944901923448E+001  0.23561944901923448E+001
( 0.10658912410238459E+001, 0.30208297010073232E-014)
 0.23561944901923448E+001  0.31415926535897931E+001
( 0.12530040752956835E+001,-0.20510980696475465E-016)
 0.31415926535897931E+001 -0.23561944901923448E+001
( 0.12513081143420977E+001,-0.14656649048430229E-014)
 0.31415926535897931E+001 -0.15707963267948966E+001
( 0.81240397547225141E+000, 0.21541736924484363E-014)
 0.31415926535897931E+001 -0.78539816339744828E+000
( 0.64564768479538714E+000,-0.12883702455786303E-014)
 0.31415926535897931E+001  0.00000000000000000E+000
( 0.59469211889337548E+000, 0.39166995682519805E-014)
 0.31415926535897931E+001  0.78539816339744828E+000
( 0.64564768479538670E+000, 0.66528125308601263E-015)
 0.31415926535897931E+001  0.15707963267948966E+001
( 0.81240397547225174E+000,-0.21972185147309126E-014)
 0.31415926535897931E+001  0.23561944901923448E+001
( 0.12513081143420985E+001, 0.50950900496285831E-015)
 0.31415926535897931E+001  0.31415926535897931E+001
( 0.73167178559001256E+001, 0.70371884886622094E-015)
