          51           9   10.000000000000000                1
     0.0000000        0.19996035        0.01002417
     0.1000000        0.12693971        0.00496769
     0.2000000        0.08570311        0.00195151
     0.3000000        0.06127240        0.00320211
     0.4000000        0.04141380        0.00341174
     0.5000000        0.02784968        0.00208881
     0.6000000        0.01694995        0.00087014
     0.7000000        0.01184153        0.00112384
     0.8000000        0.00765952        0.00235795
     0.9000000        0.00612525        0.00277422
     1.0000000        0.00140767        0.00146436
     1.1000000       -0.00030540        0.00231475
     1.2000000        0.00164869        0.00164481
     1.3000000        0.00090424        0.00169417
     1.4000000        0.00038952        0.00159805
     1.5000000       -0.00115656        0.00317535
     1.6000000       -0.00056557        0.00151659
     1.7000000        0.00085672        0.00325594
     1.8000000       -0.00282622        0.00280028
     1.9000000        0.00022593        0.00372119
     2.0000000       -0.00027299        0.00225726
     2.1000000       -0.00379427        0.00074734
     2.2000000       -0.00619862        0.00235280
     2.3000000       -0.00222655        0.00239323
     2.4000000       -0.00250090        0.00325260
     2.5000000        0.00220944        0.00179085
     2.6000000        0.00381674        0.00323281
     2.7000000        0.00348548        0.00320452
     2.8000000       -0.00000650        0.00238082
     2.9000000       -0.00272366        0.00269035
     3.0000000       -0.00219984        0.00228361
     3.1000000        0.00087158        0.00375174
     3.2000000       -0.00060689        0.00138352
     3.3000000       -0.00028960        0.00297062
     3.4000000       -0.00045199        0.00276362
     3.5000000        0.00201249        0.00155119
     3.6000000       -0.00228555        0.00200967
     3.7000000       -0.00186974        0.00226687
     3.8000000       -0.00229654        0.00167171
     3.9000000       -0.00164141        0.00155147
     4.0000000       -0.00266811        0.00139156
     4.1000000       -0.00204610        0.00233907
     4.2000000       -0.00102209        0.00170001
     4.3000000        0.00152559        0.00125162
     4.4000000       -0.00041785        0.00255543
     4.5000000       -0.00293969        0.00243073
     4.6000000       -0.00584638        0.00231786
     4.7000000       -0.00102173        0.00170259
     4.8000000       -0.00196579        0.00209818
     4.9000000       -0.00234665        0.00305698
     5.0000000        0.00260429        0.00211639
