          11           4   2.0000000000000000                1
     0.0000000        1.00007896        0.01269642
     0.1000000        0.62607517        0.01135451
     0.2000000        0.42567431        0.00839157
     0.3000000        0.30976277        0.00595975
     0.4000000        0.23858710        0.00614145
     0.5000000        0.18606713        0.00368798
     0.6000000        0.15697979        0.00267441
     0.7000000        0.13992111        0.00394790
     0.8000000        0.12857747        0.00263165
     0.9000000        0.12277937        0.00635675
     1.0000000        0.12359518        0.00831961
