         101           9   10.000000000000000                1
     0.0000000        1.53132105        0.02304662
     0.1000000        1.32364019        0.01771666
     0.2000000        1.18257167        0.02250130
     0.3000000        1.04468476        0.02229510
     0.4000000        0.93660686        0.01776218
     0.5000000        0.84522183        0.01453961
     0.6000000        0.77159770        0.01604991
     0.7000000        0.69336083        0.02368010
     0.8000000        0.61737245        0.01272296
     0.9000000        0.55471439        0.01438956
     1.0000000        0.49857183        0.02110342
     1.1000000        0.46489235        0.02233273
     1.2000000        0.42565529        0.02016058
     1.3000000        0.37592490        0.02051844
     1.4000000        0.34132184        0.01881787
     1.5000000        0.29439086        0.01324633
     1.6000000        0.26213876        0.01289824
     1.7000000        0.23659510        0.01337924
     1.8000000        0.21772959        0.01408259
     1.9000000        0.20770246        0.01992969
     2.0000000        0.19692056        0.01858649
     2.1000000        0.19154792        0.02140742
     2.2000000        0.17570188        0.02030910
     2.3000000        0.17385596        0.02487849
     2.4000000        0.15215036        0.01557825
     2.5000000        0.14148021        0.01742361
     2.6000000        0.12979007        0.01542591
     2.7000000        0.12052868        0.01719270
     2.8000000        0.10570937        0.01686818
     2.9000000        0.10734043        0.02110397
     3.0000000        0.10209535        0.02182316
     3.1000000        0.08757111        0.02027177
     3.2000000        0.06895294        0.01908338
     3.3000000        0.06195011        0.01614119
     3.4000000        0.05815614        0.01272340
     3.5000000        0.04208260        0.00816700
     3.6000000        0.04197472        0.00733856
     3.7000000        0.03179770        0.00833894
     3.8000000        0.03031554        0.00821907
     3.9000000        0.03315585        0.01270367
     4.0000000        0.02920959        0.01472743
     4.1000000        0.03395994        0.01479546
     4.2000000        0.03967988        0.01649774
     4.3000000        0.04498408        0.01722109
     4.4000000        0.03881093        0.01493593
     4.5000000        0.03112648        0.01181393
     4.6000000        0.02353557        0.01525721
     4.7000000        0.01191938        0.01110774
     4.8000000        0.01383451        0.01641043
     4.9000000        0.01599114        0.02032998
     5.0000000        0.02735845        0.02942428
     5.1000000        0.02662998        0.02854083
     5.2000000        0.02600251        0.02591300
     5.3000000        0.02868209        0.02546866
     5.4000000        0.02463693        0.03256291
     5.5000000        0.02204523        0.02928341
     5.6000000        0.00953204        0.01801265
     5.7000000        0.01739439        0.02152977
     5.8000000        0.01032553        0.01146847
     5.9000000        0.01577036        0.01292983
     6.0000000        0.00723503        0.02037240
     6.1000000        0.01665464        0.02215125
     6.2000000        0.01823426        0.02071000
     6.3000000        0.00143543        0.00937661
     6.4000000        0.00232537        0.00924166
     6.5000000        0.00623760        0.01052515
     6.6000000        0.00931994        0.00373154
     6.7000000        0.01342921        0.01518856
     6.8000000        0.01974045        0.00723664
     6.9000000        0.02872855        0.01165496
     7.0000000        0.02580654        0.01026353
     7.1000000        0.01178100        0.00873788
     7.2000000        0.01944804        0.00980942
     7.3000000        0.02760456        0.01143427
     7.4000000        0.02371256        0.00868689
     7.5000000        0.03252461        0.00793455
     7.6000000        0.04706035        0.00845817
     7.7000000        0.05713060        0.01550869
     7.8000000        0.05375357        0.02065787
     7.9000000        0.04786120        0.01268438
     8.0000000        0.04275988        0.01196635
     8.1000000        0.04923929        0.01181875
     8.2000000        0.06183513        0.01428970
     8.3000000        0.05413305        0.01027279
     8.4000000        0.06069945        0.00761432
     8.5000000        0.07059880        0.00871423
     8.6000000        0.08256093        0.01048518
     8.7000000        0.08680482        0.01184571
     8.8000000        0.09731238        0.01055950
     8.9000000        0.10373703        0.01388645
     9.0000000        0.12266392        0.01559353
     9.1000000        0.12800598        0.01937847
     9.2000000        0.14898161        0.01747190
     9.3000000        0.16208768        0.01713066
     9.4000000        0.19694144        0.02146645
     9.5000000        0.22764756        0.02038314
     9.6000000        0.25572583        0.02593863
     9.7000000        0.28900484        0.02348840
     9.8000000        0.33630193        0.02301968
     9.9000000        0.38191784        0.02191816
    10.0000000        0.46867895        0.02304662
