   -2.513274     -2.513274        0.57794149        0.01243343       -0.00858507        0.00564430
   -2.513274     -1.884956        0.79495595        0.00146022       -0.00446014        0.00946974
   -2.513274     -1.256637        1.39660016        0.03384467       -0.00629932        0.02798726
   -2.513274     -0.628319        2.34346428        0.04143443        0.02166434        0.02182058
   -2.513274      0.000000        2.40943467        0.08437433       -0.00947794        0.04265008
   -2.513274      0.628319        2.34981438        0.10882480        0.04916272        0.05270247
   -2.513274      1.256637        1.38200355        0.03695446       -0.00582911        0.02457681
   -2.513274      1.884956        0.77784479        0.01037548        0.02575197        0.01237364
   -2.513274      2.513274        0.57817105        0.00485324        0.00980622        0.00699456
   -2.513274      3.141593        0.52622960        0.00102656        0.00100116        0.00713075
   -1.884956     -2.513274        0.79562626        0.01244606        0.00564216        0.00541991
   -1.884956     -1.884956        1.23260938        0.01937271        0.03475852        0.02245154
   -1.884956     -1.256637        2.36359184        0.03574892        0.00665045        0.06130664
   -1.884956     -0.628319        1.97165421        0.05865359        0.01002138        0.02453424
   -1.884956      0.000000        1.59753865        0.01209207        0.02225969        0.02137196
   -1.884956      0.628319        2.03770810        0.02923161        0.01955361        0.03294322
   -1.884956      1.256637        2.37499097        0.06054996        0.03751645        0.08272990
   -1.884956      1.884956        1.21305890        0.01275632       -0.01647089        0.01206300
   -1.884956      2.513274        0.80034316        0.00970056       -0.01510681        0.00708870
   -1.884956      3.141593        0.69637483        0.01363318       -0.01225260        0.00874061
   -1.256637     -2.513274        1.35473733        0.02090807        0.00928972        0.02289089
   -1.256637     -1.884956        2.33998227        0.03046988       -0.04995875        0.04175292
   -1.256637     -1.256637        1.76970874        0.04032792       -0.00193782        0.03325518
   -1.256637     -0.628319        1.02003029        0.02523074       -0.01691119        0.01356194
   -1.256637      0.000000        0.87297257        0.01494720       -0.02356969        0.00704475
   -1.256637      0.628319        1.03577750        0.00752478       -0.01000962        0.00931837
   -1.256637      1.256637        1.76175904        0.05228147       -0.02358580        0.03328509
   -1.256637      1.884956        2.35187776        0.06400252       -0.01193214        0.04349506
   -1.256637      2.513274        1.43143216        0.02749456       -0.00722902        0.01690801
   -1.256637      3.141593        1.13166256        0.03100412       -0.01166729        0.01297962
   -0.628319     -2.513274        2.31583860        0.05588100       -0.03259104        0.02172644
   -0.628319     -1.884956        2.04908443        0.00791925       -0.01963214        0.00753599
   -0.628319     -1.256637        1.04504250        0.01692852       -0.00029140        0.01096082
   -0.628319     -0.628319        0.68654800        0.00788612       -0.01181787        0.00790848
   -0.628319      0.000000        0.61424723        0.00986656       -0.00739400        0.00798641
   -0.628319      0.628319        0.70600575        0.00256514        0.00737350        0.01088676
   -0.628319      1.256637        1.02789019        0.01975671       -0.00275561        0.01938978
   -0.628319      1.884956        2.04139460        0.03570707        0.02358831        0.03801985
   -0.628319      2.513274        2.32101098        0.05844025        0.04202538        0.06293420
   -0.628319      3.141593        1.93363127        0.06435652       -0.04406031        0.03678351
    0.000000     -2.513274        2.42049764        0.05902711       -0.08151911        0.05362163
    0.000000     -1.884956        1.64488918        0.00173332       -0.03363655        0.01758159
    0.000000     -1.256637        0.87497316        0.01143989        0.00135486        0.02314042
    0.000000     -0.628319        0.61020007        0.01626906       -0.01424641        0.00461581
    0.000000      0.000000        0.54800954        0.02004602        0.00000000        0.00000000
    0.000000      0.628319        0.61020007        0.01626906        0.01424641        0.00461581
    0.000000      1.256637        0.87497316        0.01143989       -0.00135486        0.02314042
    0.000000      1.884956        1.64488918        0.00173332        0.03363655        0.01758159
    0.000000      2.513274        2.42049764        0.05902711        0.08151911        0.05362163
    0.000000      3.141593        2.22885525        0.10420272        0.00000000        0.00000000
    0.628319     -2.513274        2.32101098        0.05844025       -0.04202538        0.06293420
    0.628319     -1.884956        2.04139460        0.03570707       -0.02358831        0.03801985
    0.628319     -1.256637        1.02789019        0.01975671        0.00275561        0.01938978
    0.628319     -0.628319        0.70600575        0.00256514       -0.00737350        0.01088676
    0.628319      0.000000        0.61424723        0.00986656        0.00739400        0.00798641
    0.628319      0.628319        0.68654800        0.00788612        0.01181787        0.00790848
    0.628319      1.256637        1.04504250        0.01692852        0.00029140        0.01096082
    0.628319      1.884956        2.04908443        0.00791925        0.01963214        0.00753599
    0.628319      2.513274        2.31583860        0.05588100        0.03259104        0.02172644
    0.628319      3.141593        1.93363127        0.06435652        0.04406031        0.03678351
    1.256637     -2.513274        1.43143216        0.02749456        0.00722902        0.01690801
    1.256637     -1.884956        2.35187776        0.06400252        0.01193214        0.04349506
    1.256637     -1.256637        1.76175904        0.05228147        0.02358580        0.03328509
    1.256637     -0.628319        1.03577750        0.00752478        0.01000962        0.00931837
    1.256637      0.000000        0.87297257        0.01494720        0.02356969        0.00704475
    1.256637      0.628319        1.02003029        0.02523074        0.01691119        0.01356194
    1.256637      1.256637        1.76970874        0.04032792        0.00193782        0.03325518
    1.256637      1.884956        2.33998227        0.03046988        0.04995875        0.04175292
    1.256637      2.513274        1.35473733        0.02090807       -0.00928972        0.02289089
    1.256637      3.141593        1.13166256        0.03100412        0.01166729        0.01297962
    1.884956     -2.513274        0.80034316        0.00970056        0.01510681        0.00708870
    1.884956     -1.884956        1.21305890        0.01275632        0.01647089        0.01206300
    1.884956     -1.256637        2.37499097        0.06054996       -0.03751645        0.08272990
    1.884956     -0.628319        2.03770810        0.02923161       -0.01955361        0.03294322
    1.884956      0.000000        1.59753865        0.01209207       -0.02225969        0.02137196
    1.884956      0.628319        1.97165421        0.05865359       -0.01002138        0.02453424
    1.884956      1.256637        2.36359184        0.03574892       -0.00665045        0.06130664
    1.884956      1.884956        1.23260938        0.01937271       -0.03475852        0.02245154
    1.884956      2.513274        0.79562626        0.01244606       -0.00564216        0.00541991
    1.884956      3.141593        0.69637483        0.01363318        0.01225260        0.00874061
    2.513274     -2.513274        0.57817105        0.00485324       -0.00980622        0.00699456
    2.513274     -1.884956        0.77784479        0.01037548       -0.02575197        0.01237364
    2.513274     -1.256637        1.38200355        0.03695446        0.00582911        0.02457681
    2.513274     -0.628319        2.34981438        0.10882480       -0.04916272        0.05270247
    2.513274      0.000000        2.40943467        0.08437433        0.00947794        0.04265008
    2.513274      0.628319        2.34346428        0.04143443       -0.02166434        0.02182058
    2.513274      1.256637        1.39660016        0.03384467        0.00629932        0.02798726
    2.513274      1.884956        0.79495595        0.00146022        0.00446014        0.00946974
    2.513274      2.513274        0.57794149        0.01243343        0.00858507        0.00564430
    2.513274      3.141593        0.52622960        0.00102656       -0.00100116        0.00713075
    3.141593     -2.513274        0.52667136        0.00883094       -0.01341384        0.00223933
    3.141593     -1.884956        0.68881044        0.00720887       -0.00265330        0.00957828
    3.141593     -1.256637        1.13391887        0.03561246       -0.03501761        0.02013904
    3.141593     -0.628319        1.97686991        0.02093489        0.00799874        0.01603037
    3.141593      0.000000        2.34136396        0.08400912       -0.00000000        0.00000000
    3.141593      0.628319        1.97686991        0.02093489       -0.00799874        0.01603037
    3.141593      1.256637        1.13391887        0.03561246        0.03501761        0.02013904
    3.141593      1.884956        0.68881044        0.00720887        0.00265330        0.00957828
    3.141593      2.513274        0.52667136        0.00883094        0.01341384        0.00223933
    3.141593      3.141593        0.47402323        0.00705731        0.00000000        0.00000000
