          21           9   4.0000000000000000                1
     0.0000000        0.40670672        0.00317415
     0.1000000        0.22514303        0.00226562
     0.2000000        0.12824297        0.00159557
     0.3000000        0.07670319        0.00140221
     0.4000000        0.04829055        0.00217047
     0.5000000        0.03083486        0.00187761
     0.6000000        0.02161704        0.00198421
     0.7000000        0.01870891        0.00271651
     0.8000000        0.01479720        0.00146966
     0.9000000        0.00899399        0.00239876
     1.0000000        0.00690159        0.00195907
     1.1000000        0.00518079        0.00186865
     1.2000000        0.00280235        0.00140853
     1.3000000        0.00227726        0.00152505
     1.4000000        0.00500937        0.00112245
     1.5000000        0.00286963        0.00129490
     1.6000000        0.00379374        0.00090935
     1.7000000        0.00399798        0.00108157
     1.8000000        0.00678575        0.00111269
     1.9000000        0.00675247        0.00140779
     2.0000000        0.00650436        0.00220975
