 0.10000000000000000E+001          1         64
( 0.00000000000000000E+000, 0.22775460983068938E-003)
-0.23561944901923448E+001 -0.23561944901923448E+001
( 0.11486358586875203E+001, 0.30124352478178148E-003)
-0.23561944901923448E+001 -0.15707963267948966E+001
( 0.10220648209325867E+001, 0.30124352478177037E-003)
-0.23561944901923448E+001 -0.78539816339744828E+000
( 0.93900185439027184E+000, 0.30124352478178333E-003)
-0.23561944901923448E+001  0.00000000000000000E+000
( 0.91212872053029193E+000, 0.30124352478178484E-003)
-0.23561944901923448E+001  0.78539816339744828E+000
( 0.93852742288620661E+000, 0.30124352478177541E-003)
-0.23561944901923448E+001  0.15707963267948966E+001
( 0.10245632593305625E+001, 0.30124352478176007E-003)
-0.23561944901923448E+001  0.23561944901923448E+001
( 0.11489599979533127E+001, 0.30124352478177704E-003)
-0.23561944901923448E+001  0.31415926535897931E+001
( 0.12098148841268257E+001, 0.30124352478179232E-003)
-0.15707963267948966E+001 -0.23561944901923448E+001
( 0.10901922711524781E+001, 0.42602267832347657E-003)
-0.15707963267948966E+001 -0.15707963267948966E+001
( 0.92248594155264163E+000, 0.42602267832345434E-003)
-0.15707963267948966E+001 -0.78539816339744828E+000
( 0.79499484196320291E+000, 0.42602267832347028E-003)
-0.15707963267948966E+001  0.00000000000000000E+000
( 0.76165923504436783E+000, 0.42602267832347776E-003)
-0.15707963267948966E+001  0.78539816339744828E+000
( 0.79658189490650699E+000, 0.42602267832345309E-003)
-0.15707963267948966E+001  0.15707963267948966E+001
( 0.92123402806189114E+000, 0.42602267832345136E-003)
-0.15707963267948966E+001  0.23561944901923448E+001
( 0.10888232450046136E+001, 0.42602267832347429E-003)
-0.15707963267948966E+001  0.31415926535897931E+001
( 0.11633802634415726E+001, 0.42602267832349370E-003)
-0.78539816339744828E+000 -0.23561944901923448E+001
( 0.10496008358993465E+001, 0.30124352478178246E-003)
-0.78539816339744828E+000 -0.15707963267948966E+001
( 0.84758596309181489E+000, 0.30124352478178576E-003)
-0.78539816339744828E+000 -0.78539816339744828E+000
( 0.62861114102780236E+000, 0.30124352478178604E-003)
-0.78539816339744828E+000  0.00000000000000000E+000
( 0.54631546481218130E+000, 0.30124352478177666E-003)
-0.78539816339744828E+000  0.78539816339744828E+000
( 0.62858175050485809E+000, 0.30124352478178560E-003)
-0.78539816339744828E+000  0.15707963267948966E+001
( 0.84605444178551270E+000, 0.30124352478179276E-003)
-0.78539816339744828E+000  0.23561944901923448E+001
( 0.10488197395040224E+001, 0.30124352478178712E-003)
-0.78539816339744828E+000  0.31415926535897931E+001
( 0.11371168169143298E+001, 0.30124352478178295E-003)
 0.00000000000000000E+000 -0.23561944901923448E+001
( 0.10482390403889941E+001, 0.43639137442541553E-017)
 0.00000000000000000E+000 -0.15707963267948966E+001
( 0.81977340137146837E+000,-0.11132754851342913E-017)
 0.00000000000000000E+000 -0.78539816339744828E+000
( 0.55605972077101651E+000, 0.11926223897340549E-017)
 0.00000000000000000E+000  0.00000000000000000E+000
( 0.40736895937534723E+000, 0.48882373435527260E-019)
 0.00000000000000000E+000  0.78539816339744828E+000
( 0.55605972077101651E+000,-0.11926223897340549E-017)
 0.00000000000000000E+000  0.15707963267948966E+001
( 0.81977340137146837E+000, 0.11232747503833059E-017)
 0.00000000000000000E+000  0.23561944901923448E+001
( 0.10482390403889941E+001,-0.43639137442541553E-017)
 0.00000000000000000E+000  0.31415926535897931E+001
( 0.11269392775493063E+001,-0.20886877633427900E-017)
 0.78539816339744828E+000 -0.23561944901923448E+001
( 0.10488197395040224E+001,-0.30124352478178712E-003)
 0.78539816339744828E+000 -0.15707963267948966E+001
( 0.84605444178551270E+000,-0.30124352478179276E-003)
 0.78539816339744828E+000 -0.78539816339744828E+000
( 0.62858175050485809E+000,-0.30124352478178560E-003)
 0.78539816339744828E+000  0.00000000000000000E+000
( 0.54631546481218130E+000,-0.30124352478177671E-003)
 0.78539816339744828E+000  0.78539816339744828E+000
( 0.62861114102780236E+000,-0.30124352478178604E-003)
 0.78539816339744828E+000  0.15707963267948966E+001
( 0.84758596309181489E+000,-0.30124352478178576E-003)
 0.78539816339744828E+000  0.23561944901923448E+001
( 0.10496008358993465E+001,-0.30124352478178246E-003)
 0.78539816339744828E+000  0.31415926535897931E+001
( 0.11371168169143298E+001,-0.30124352478179216E-003)
 0.15707963267948966E+001 -0.23561944901923448E+001
( 0.10888232450046136E+001,-0.42602267832347429E-003)
 0.15707963267948966E+001 -0.15707963267948966E+001
( 0.92123402806189114E+000,-0.42602267832345136E-003)
 0.15707963267948966E+001 -0.78539816339744828E+000
( 0.79658189490650699E+000,-0.42602267832345309E-003)
 0.15707963267948966E+001  0.00000000000000000E+000
( 0.76165923504436783E+000,-0.42602267832347776E-003)
 0.15707963267948966E+001  0.78539816339744828E+000
( 0.79499484196320291E+000,-0.42602267832347028E-003)
 0.15707963267948966E+001  0.15707963267948966E+001
( 0.92248594155264163E+000,-0.42602267832345439E-003)
 0.15707963267948966E+001  0.23561944901923448E+001
( 0.10901922711524781E+001,-0.42602267832347743E-003)
 0.15707963267948966E+001  0.31415926535897931E+001
( 0.11633802634415726E+001,-0.42602267832349500E-003)
 0.23561944901923448E+001 -0.23561944901923448E+001
( 0.11489599979533127E+001,-0.30124352478177704E-003)
 0.23561944901923448E+001 -0.15707963267948966E+001
( 0.10245632593305625E+001,-0.30124352478176012E-003)
 0.23561944901923448E+001 -0.78539816339744828E+000
( 0.93852742288620661E+000,-0.30124352478177541E-003)
 0.23561944901923448E+001  0.00000000000000000E+000
( 0.91212872053029193E+000,-0.30124352478178495E-003)
 0.23561944901923448E+001  0.78539816339744828E+000
( 0.93900185439027184E+000,-0.30124352478178333E-003)
 0.23561944901923448E+001  0.15707963267948966E+001
( 0.10220648209325867E+001,-0.30124352478177037E-003)
 0.23561944901923448E+001  0.23561944901923448E+001
( 0.11486358586875203E+001,-0.30124352478178148E-003)
 0.23561944901923448E+001  0.31415926535897931E+001
( 0.12098148841268257E+001,-0.30124352478179390E-003)
 0.31415926535897931E+001 -0.23561944901923448E+001
( 0.11765511437573155E+001,-0.20870891820345960E-017)
 0.31415926535897931E+001 -0.15707963267948966E+001
( 0.10612783347726007E+001,-0.82546760686471712E-017)
 0.31415926535897931E+001 -0.78539816339744828E+000
( 0.99335857265814653E+000,-0.54210108624275222E-018)
 0.31415926535897931E+001  0.00000000000000000E+000
( 0.97842315702282379E+000,-0.54722907244637172E-018)
 0.31415926535897931E+001  0.78539816339744828E+000
( 0.99335857265814653E+000, 0.97307144980574023E-017)
 0.31415926535897931E+001  0.15707963267948966E+001
( 0.10612783347726007E+001, 0.11291820323477149E-016)
 0.31415926535897931E+001  0.23561944901923448E+001
( 0.11765511437573155E+001, 0.33339216803929261E-017)
 0.31415926535897931E+001  0.31415926535897931E+001
( 0.12406715213979369E+001, 0.74896807058288551E-019)
 0.10000000000000000E+001          1         64
( 0.00000000000000000E+000, 0.17229539756649648E-003)
-0.23561944901923448E+001 -0.23561944901923448E+001
( 0.11454660467157536E+001,-0.34063065296903520E-003)
-0.23561944901923448E+001 -0.15707963267948966E+001
( 0.10153948784192353E+001,-0.34063065296904176E-003)
-0.23561944901923448E+001 -0.78539816339744828E+000
( 0.93276763491638093E+000,-0.34063065296904019E-003)
-0.23561944901923448E+001  0.00000000000000000E+000
( 0.90704248196322990E+000,-0.34063065296903661E-003)
-0.23561944901923448E+001  0.78539816339744828E+000
( 0.93393636404775315E+000,-0.34063065296901737E-003)
-0.23561944901923448E+001  0.15707963267948966E+001
( 0.10220566485698797E+001,-0.34063065296901710E-003)
-0.23561944901923448E+001  0.23561944901923448E+001
( 0.11467682496800307E+001,-0.34063065296900701E-003)
-0.23561944901923448E+001  0.31415926535897931E+001
( 0.12070406839912562E+001,-0.34063065296901834E-003)
-0.15707963267948966E+001 -0.23561944901923448E+001
( 0.10870366985404725E+001,-0.48172448918880551E-003)
-0.15707963267948966E+001 -0.15707963267948966E+001
( 0.92085464876663614E+000,-0.48172448918881180E-003)
-0.15707963267948966E+001 -0.78539816339744828E+000
( 0.79233345564754887E+000,-0.48172448918882855E-003)
-0.15707963267948966E+001  0.00000000000000000E+000
( 0.75485693668741760E+000,-0.48172448918881272E-003)
-0.15707963267948966E+001  0.78539816339744828E+000
( 0.79303310760486656E+000,-0.48172448918878247E-003)
-0.15707963267948966E+001  0.15707963267948966E+001
( 0.91918515407732981E+000,-0.48172448918879212E-003)
-0.15707963267948966E+001  0.23561944901923448E+001
( 0.10856604009496722E+001,-0.48172448918880085E-003)
-0.15707963267948966E+001  0.31415926535897931E+001
( 0.11597015026804325E+001,-0.48172448918880903E-003)
-0.78539816339744828E+000 -0.23561944901923448E+001
( 0.10468407037389662E+001,-0.34063065296905385E-003)
-0.78539816339744828E+000 -0.15707963267948966E+001
( 0.84344832110695922E+000,-0.34063065296902962E-003)
-0.78539816339744828E+000 -0.78539816339744828E+000
( 0.62465113435127595E+000,-0.34063065296903173E-003)
-0.78539816339744828E+000  0.00000000000000000E+000
( 0.54500106752405186E+000,-0.34063065296903688E-003)
-0.78539816339744828E+000  0.78539816339744828E+000
( 0.62821911251396467E+000,-0.34063065296902008E-003)
-0.78539816339744828E+000  0.15707963267948966E+001
( 0.84499696543791147E+000,-0.34063065296900414E-003)
-0.78539816339744828E+000  0.23561944901923448E+001
( 0.10466554297447723E+001,-0.34063065296901314E-003)
-0.78539816339744828E+000  0.31415926535897931E+001
( 0.11310916321730748E+001,-0.34063065296904257E-003)
 0.00000000000000000E+000 -0.23561944901923448E+001
( 0.10417261947904177E+001,-0.83754617824505218E-017)
 0.00000000000000000E+000 -0.15707963267948966E+001
( 0.81753011728011671E+000,-0.10236522318750092E-017)
 0.00000000000000000E+000 -0.78539816339744828E+000
( 0.55196406986061430E+000,-0.95138740635603014E-017)
 0.00000000000000000E+000  0.00000000000000000E+000
( 0.40905705342552984E+000, 0.34380853292796478E-019)
 0.00000000000000000E+000  0.78539816339744828E+000
( 0.55196406986061430E+000, 0.95138740635603014E-017)
 0.00000000000000000E+000  0.15707963267948966E+001
( 0.81753011728011671E+000, 0.96894152270582721E-018)
 0.00000000000000000E+000  0.23561944901923448E+001
( 0.10417261947904177E+001, 0.83754617824505218E-017)
 0.00000000000000000E+000  0.31415926535897931E+001
( 0.11209150347790851E+001,-0.13397107780128450E-017)
 0.78539816339744828E+000 -0.23561944901923448E+001
( 0.10466554297447723E+001, 0.34063065296901314E-003)
 0.78539816339744828E+000 -0.15707963267948966E+001
( 0.84499696543791147E+000, 0.34063065296900414E-003)
 0.78539816339744828E+000 -0.78539816339744828E+000
( 0.62821911251396467E+000, 0.34063065296902008E-003)
 0.78539816339744828E+000  0.00000000000000000E+000
( 0.54500106752405186E+000, 0.34063065296903688E-003)
 0.78539816339744828E+000  0.78539816339744828E+000
( 0.62465113435127595E+000, 0.34063065296903173E-003)
 0.78539816339744828E+000  0.15707963267948966E+001
( 0.84344832110695922E+000, 0.34063065296902967E-003)
 0.78539816339744828E+000  0.23561944901923448E+001
( 0.10468407037389662E+001, 0.34063065296905385E-003)
 0.78539816339744828E+000  0.31415926535897931E+001
( 0.11310916321730748E+001, 0.34063065296903840E-003)
 0.15707963267948966E+001 -0.23561944901923448E+001
( 0.10856604009496722E+001, 0.48172448918880085E-003)
 0.15707963267948966E+001 -0.15707963267948966E+001
( 0.91918515407732981E+000, 0.48172448918879212E-003)
 0.15707963267948966E+001 -0.78539816339744828E+000
( 0.79303310760486656E+000, 0.48172448918878247E-003)
 0.15707963267948966E+001  0.00000000000000000E+000
( 0.75485693668741760E+000, 0.48172448918881272E-003)
 0.15707963267948966E+001  0.78539816339744828E+000
( 0.79233345564754887E+000, 0.48172448918882855E-003)
 0.15707963267948966E+001  0.15707963267948966E+001
( 0.92085464876663614E+000, 0.48172448918881207E-003)
 0.15707963267948966E+001  0.23561944901923448E+001
( 0.10870366985404725E+001, 0.48172448918880551E-003)
 0.15707963267948966E+001  0.31415926535897931E+001
( 0.11597015026804325E+001, 0.48172448918880817E-003)
 0.23561944901923448E+001 -0.23561944901923448E+001
( 0.11467682496800307E+001, 0.34063065296900701E-003)
 0.23561944901923448E+001 -0.15707963267948966E+001
( 0.10220566485698797E+001, 0.34063065296901710E-003)
 0.23561944901923448E+001 -0.78539816339744828E+000
( 0.93393636404775315E+000, 0.34063065296901737E-003)
 0.23561944901923448E+001  0.00000000000000000E+000
( 0.90704248196322990E+000, 0.34063065296903672E-003)
 0.23561944901923448E+001  0.78539816339744828E+000
( 0.93276763491638093E+000, 0.34063065296904019E-003)
 0.23561944901923448E+001  0.15707963267948966E+001
( 0.10153948784192353E+001, 0.34063065296904176E-003)
 0.23561944901923448E+001  0.23561944901923448E+001
( 0.11454660467157536E+001, 0.34063065296903520E-003)
 0.23561944901923448E+001  0.31415926535897931E+001
( 0.12070406839912562E+001, 0.34063065296902756E-003)
 0.31415926535897931E+001 -0.23561944901923448E+001
( 0.11725300870810915E+001,-0.13525422101756668E-016)
 0.31415926535897931E+001 -0.15707963267948966E+001
( 0.10563714176480037E+001,-0.13974203872071859E-016)
 0.31415926535897931E+001 -0.78539816339744828E+000
( 0.98897467888453883E+000,-0.18838012746935640E-016)
 0.31415926535897931E+001  0.00000000000000000E+000
( 0.97138314642247758E+000,-0.80095544203510039E-018)
 0.31415926535897931E+001  0.78539816339744828E+000
( 0.98897467888453883E+000, 0.27755575615628914E-016)
 0.31415926535897931E+001  0.15707963267948966E+001
( 0.10563714176480037E+001, 0.17661937394824867E-016)
 0.31415926535897931E+001  0.23561944901923448E+001
( 0.11725300870810915E+001, 0.15233040523421337E-016)
 0.31415926535897931E+001  0.31415926535897931E+001
( 0.12349738089821813E+001,-0.23772089125683881E-018)
 0.10000000000000000E+001          1         64
( 0.00000000000000000E+000,-0.29604061253499101E-003)
-0.23561944901923448E+001 -0.23561944901923448E+001
( 0.11447009545332283E+001,-0.49076095137217540E-003)
-0.23561944901923448E+001 -0.15707963267948966E+001
( 0.10202920782932170E+001,-0.49076095137217128E-003)
-0.23561944901923448E+001 -0.78539816339744828E+000
( 0.93530843903050020E+000,-0.49076095137215751E-003)
-0.23561944901923448E+001  0.00000000000000000E+000
( 0.91190379283442424E+000,-0.49076095137215946E-003)
-0.23561944901923448E+001  0.78539816339744828E+000
( 0.93652836602009759E+000,-0.49076095137217638E-003)
-0.23561944901923448E+001  0.15707963267948966E+001
( 0.10221605512745142E+001,-0.49076095137218397E-003)
-0.23561944901923448E+001  0.23561944901923448E+001
( 0.11433472375151725E+001,-0.49076095137219286E-003)
-0.23561944901923448E+001  0.31415926535897931E+001
( 0.12047347784671019E+001,-0.49076095137220110E-003)
-0.15707963267948966E+001 -0.23561944901923448E+001
( 0.10866610582853129E+001,-0.69404079331365559E-003)
-0.15707963267948966E+001 -0.15707963267948966E+001
( 0.91920312602322163E+000,-0.69404079331364735E-003)
-0.15707963267948966E+001 -0.78539816339744828E+000
( 0.79305062137197901E+000,-0.69404079331362154E-003)
-0.15707963267948966E+001  0.00000000000000000E+000
( 0.75915241096583319E+000,-0.69404079331363781E-003)
-0.15707963267948966E+001  0.78539816339744828E+000
( 0.79521035580002719E+000,-0.69404079331363477E-003)
-0.15707963267948966E+001  0.15707963267948966E+001
( 0.92121517500941119E+000,-0.69404079331364399E-003)
-0.15707963267948966E+001  0.23561944901923448E+001
( 0.10844035252171111E+001,-0.69404079331364323E-003)
-0.15707963267948966E+001  0.31415926535897931E+001
( 0.11601890611690926E+001,-0.69404079331366849E-003)
-0.78539816339744828E+000 -0.23561944901923448E+001
( 0.10448045000315749E+001,-0.49076095137217898E-003)
-0.78539816339744828E+000 -0.15707963267948966E+001
( 0.84218417473184293E+000,-0.49076095137218928E-003)
-0.78539816339744828E+000 -0.78539816339744828E+000
( 0.62542947606751187E+000,-0.49076095137215957E-003)
-0.78539816339744828E+000  0.00000000000000000E+000
( 0.54752569855758337E+000,-0.49076095137215447E-003)
-0.78539816339744828E+000  0.78539816339744828E+000
( 0.62648608883743051E+000,-0.49076095137214927E-003)
-0.78539816339744828E+000  0.15707963267948966E+001
( 0.84214863102942383E+000,-0.49076095137216749E-003)
-0.78539816339744828E+000  0.23561944901923448E+001
( 0.10448054493192211E+001,-0.49076095137218852E-003)
-0.78539816339744828E+000  0.31415926535897931E+001
( 0.11295096064893335E+001,-0.49076095137217074E-003)
 0.00000000000000000E+000 -0.23561944901923448E+001
( 0.10378307843382475E+001,-0.18431436932253575E-017)
 0.00000000000000000E+000 -0.15707963267948966E+001
( 0.81660619296935699E+000,-0.35751237749454034E-017)
 0.00000000000000000E+000 -0.78539816339744828E+000
( 0.55620125347379867E+000,-0.81586213479534209E-017)
 0.00000000000000000E+000  0.00000000000000000E+000
( 0.41213152338749698E+000, 0.69044216021166255E-020)
 0.00000000000000000E+000  0.78539816339744828E+000
( 0.55620125347379867E+000, 0.81586213479534209E-017)
 0.00000000000000000E+000  0.15707963267948966E+001
( 0.81660619296935699E+000, 0.35767754611835858E-017)
 0.00000000000000000E+000  0.23561944901923448E+001
( 0.10378307843382475E+001, 0.18431436932253575E-017)
 0.00000000000000000E+000  0.31415926535897931E+001
( 0.11196392595827300E+001,-0.14264511382424711E-017)
 0.78539816339744828E+000 -0.23561944901923448E+001
( 0.10448054493192211E+001, 0.49076095137218852E-003)
 0.78539816339744828E+000 -0.15707963267948966E+001
( 0.84214863102942383E+000, 0.49076095137216749E-003)
 0.78539816339744828E+000 -0.78539816339744828E+000
( 0.62648608883743051E+000, 0.49076095137214927E-003)
 0.78539816339744828E+000  0.00000000000000000E+000
( 0.54752569855758337E+000, 0.49076095137215447E-003)
 0.78539816339744828E+000  0.78539816339744828E+000
( 0.62542947606751187E+000, 0.49076095137215957E-003)
 0.78539816339744828E+000  0.15707963267948966E+001
( 0.84218417473184293E+000, 0.49076095137218928E-003)
 0.78539816339744828E+000  0.23561944901923448E+001
( 0.10448045000315749E+001, 0.49076095137217898E-003)
 0.78539816339744828E+000  0.31415926535897931E+001
( 0.11295096064893335E+001, 0.49076095137218201E-003)
 0.15707963267948966E+001 -0.23561944901923448E+001
( 0.10844035252171111E+001, 0.69404079331364323E-003)
 0.15707963267948966E+001 -0.15707963267948966E+001
( 0.92121517500941119E+000, 0.69404079331364399E-003)
 0.15707963267948966E+001 -0.78539816339744828E+000
( 0.79521035580002719E+000, 0.69404079331363477E-003)
 0.15707963267948966E+001  0.00000000000000000E+000
( 0.75915241096583319E+000, 0.69404079331363781E-003)
 0.15707963267948966E+001  0.78539816339744828E+000
( 0.79305062137197901E+000, 0.69404079331362154E-003)
 0.15707963267948966E+001  0.15707963267948966E+001
( 0.91920312602322163E+000, 0.69404079331364735E-003)
 0.15707963267948966E+001  0.23561944901923448E+001
( 0.10866610582853129E+001, 0.69404079331365559E-003)
 0.15707963267948966E+001  0.31415926535897931E+001
( 0.11601890611690926E+001, 0.69404079331366762E-003)
 0.23561944901923448E+001 -0.23561944901923448E+001
( 0.11433472375151725E+001, 0.49076095137219286E-003)
 0.23561944901923448E+001 -0.15707963267948966E+001
( 0.10221605512745142E+001, 0.49076095137218397E-003)
 0.23561944901923448E+001 -0.78539816339744828E+000
( 0.93652836602009759E+000, 0.49076095137217638E-003)
 0.23561944901923448E+001  0.00000000000000000E+000
( 0.91190379283442424E+000, 0.49076095137215946E-003)
 0.23561944901923448E+001  0.78539816339744828E+000
( 0.93530843903050020E+000, 0.49076095137215751E-003)
 0.23561944901923448E+001  0.15707963267948966E+001
( 0.10202920782932170E+001, 0.49076095137217128E-003)
 0.23561944901923448E+001  0.23561944901923448E+001
( 0.11447009545332283E+001, 0.49076095137217540E-003)
 0.23561944901923448E+001  0.31415926535897931E+001
( 0.12047347784671019E+001, 0.49076095137219275E-003)
 0.31415926535897931E+001 -0.23561944901923448E+001
( 0.11716428492462800E+001, 0.90801931945660996E-017)
 0.31415926535897931E+001 -0.15707963267948966E+001
( 0.10581942989666209E+001, 0.71118229498364573E-017)
 0.31415926535897931E+001 -0.78539816339744828E+000
( 0.99115089302107140E+000,-0.26291902682773483E-017)
 0.31415926535897931E+001  0.00000000000000000E+000
( 0.97676491911287155E+000,-0.65706001844818849E-018)
 0.31415926535897931E+001  0.78539816339744828E+000
( 0.99115089302107140E+000,-0.20328790734103208E-017)
 0.31415926535897931E+001  0.15707963267948966E+001
( 0.10581942989666209E+001,-0.17301282171827820E-016)
 0.31415926535897931E+001  0.23561944901923448E+001
( 0.11716428492462798E+001,-0.72912596099650173E-017)
 0.31415926535897931E+001  0.31415926535897931E+001
( 0.12321309210795637E+001, 0.24335400520307704E-018)
 0.10000000000000000E+001          1         64
( 0.00000000000000000E+000, 0.41577736524419853E-003)
-0.23561944901923448E+001 -0.23561944901923448E+001
( 0.11224688661074538E+001,-0.25286778756382269E-003)
-0.23561944901923448E+001 -0.15707963267948966E+001
( 0.10100297950207273E+001,-0.25286778756382540E-003)
-0.23561944901923448E+001 -0.78539816339744828E+000
( 0.92905733577319682E+000,-0.25286778756384258E-003)
-0.23561944901923448E+001  0.00000000000000000E+000
( 0.89325553254727430E+000,-0.25286778756383862E-003)
-0.23561944901923448E+001  0.78539816339744828E+000
( 0.93393251062046501E+000,-0.25286778756380572E-003)
-0.23561944901923448E+001  0.15707963267948966E+001
( 0.10117487411944275E+001,-0.25286778756377997E-003)
-0.23561944901923448E+001  0.23561944901923448E+001
( 0.11320920834289943E+001,-0.25286778756378550E-003)
-0.23561944901923448E+001  0.31415926535897931E+001
( 0.11970060456597953E+001,-0.25286778756379569E-003)
-0.15707963267948966E+001 -0.23561944901923448E+001
( 0.10725124374654997E+001,-0.35760905466001783E-003)
-0.15707963267948966E+001 -0.15707963267948966E+001
( 0.91694380740420556E+000,-0.35760905466006185E-003)
-0.15707963267948966E+001 -0.78539816339744828E+000
( 0.77927769963262605E+000,-0.35760905466004103E-003)
-0.15707963267948966E+001  0.00000000000000000E+000
( 0.74584694114300409E+000,-0.35760905466004336E-003)
-0.15707963267948966E+001  0.78539816339744828E+000
( 0.79113216902498817E+000,-0.35760905466000612E-003)
-0.15707963267948966E+001  0.15707963267948966E+001
( 0.91041370228769547E+000,-0.35760905465999262E-003)
-0.15707963267948966E+001  0.23561944901923448E+001
( 0.10760311251080537E+001,-0.35760905465998926E-003)
-0.15707963267948966E+001  0.31415926535897931E+001
( 0.11467837230625197E+001,-0.35760905466002195E-003)
-0.78539816339744828E+000 -0.23561944901923448E+001
( 0.10396771315818301E+001,-0.25286778756383450E-003)
-0.78539816339744828E+000 -0.15707963267948966E+001
( 0.83753095840519454E+000,-0.25286778756383423E-003)
-0.78539816339744828E+000 -0.78539816339744828E+000
( 0.61676164703951342E+000,-0.25286778756379753E-003)
-0.78539816339744828E+000  0.00000000000000000E+000
( 0.54137773190803629E+000,-0.25286778756381125E-003)
-0.78539816339744828E+000  0.78539816339744828E+000
( 0.62101070874802400E+000,-0.25286778756380160E-003)
-0.78539816339744828E+000  0.15707963267948966E+001
( 0.82970420155850322E+000,-0.25286778756376924E-003)
-0.78539816339744828E+000  0.23561944901923448E+001
( 0.10399578252646522E+001,-0.25286778756380778E-003)
-0.78539816339744828E+000  0.31415926535897931E+001
( 0.11240714096893152E+001,-0.25286778756380789E-003)
 0.00000000000000000E+000 -0.23561944901923448E+001
( 0.10352317239214146E+001,-0.86465123255718979E-017)
 0.00000000000000000E+000 -0.15707963267948966E+001
( 0.80842691201468220E+000,-0.21752236872269358E-016)
 0.00000000000000000E+000 -0.78539816339744828E+000
( 0.54539566109213133E+000,-0.15368565794982025E-016)
 0.00000000000000000E+000  0.00000000000000000E+000
( 0.40454651815282566E+000, 0.58052522639503190E-019)
 0.00000000000000000E+000  0.78539816339744828E+000
( 0.54539566109213133E+000, 0.15368565794982025E-016)
 0.00000000000000000E+000  0.15707963267948966E+001
( 0.80842691201468220E+000, 0.21587698325797328E-016)
 0.00000000000000000E+000  0.23561944901923448E+001
( 0.10352317239214146E+001, 0.86465123255718979E-017)
 0.00000000000000000E+000  0.31415926535897931E+001
( 0.11163764009299484E+001,-0.13357953762383404E-017)
 0.78539816339744828E+000 -0.23561944901923448E+001
( 0.10399578252646522E+001, 0.25286778756380778E-003)
 0.78539816339744828E+000 -0.15707963267948966E+001
( 0.82970420155850322E+000, 0.25286778756376929E-003)
 0.78539816339744828E+000 -0.78539816339744828E+000
( 0.62101070874802400E+000, 0.25286778756380160E-003)
 0.78539816339744828E+000  0.00000000000000000E+000
( 0.54137773190803629E+000, 0.25286778756381125E-003)
 0.78539816339744828E+000  0.78539816339744828E+000
( 0.61676164703951342E+000, 0.25286778756379753E-003)
 0.78539816339744828E+000  0.15707963267948966E+001
( 0.83753095840519454E+000, 0.25286778756383423E-003)
 0.78539816339744828E+000  0.23561944901923448E+001
( 0.10396771315818301E+001, 0.25286778756383450E-003)
 0.78539816339744828E+000  0.31415926535897931E+001
( 0.11240714096893152E+001, 0.25286778756380415E-003)
 0.15707963267948966E+001 -0.23561944901923448E+001
( 0.10760311251080537E+001, 0.35760905465998948E-003)
 0.15707963267948966E+001 -0.15707963267948966E+001
( 0.91041370228769547E+000, 0.35760905465999257E-003)
 0.15707963267948966E+001 -0.78539816339744828E+000
( 0.79113216902498817E+000, 0.35760905466000612E-003)
 0.15707963267948966E+001  0.00000000000000000E+000
( 0.74584694114300409E+000, 0.35760905466004298E-003)
 0.15707963267948966E+001  0.78539816339744828E+000
( 0.77927769963262605E+000, 0.35760905466004103E-003)
 0.15707963267948966E+001  0.15707963267948966E+001
( 0.91694380740420556E+000, 0.35760905466006206E-003)
 0.15707963267948966E+001  0.23561944901923448E+001
( 0.10725124374654997E+001, 0.35760905466001783E-003)
 0.15707963267948966E+001  0.31415926535897931E+001
( 0.11467837230625197E+001, 0.35760905466000617E-003)
 0.23561944901923448E+001 -0.23561944901923448E+001
( 0.11320920834289943E+001, 0.25286778756378550E-003)
 0.23561944901923448E+001 -0.15707963267948966E+001
( 0.10117487411944275E+001, 0.25286778756377997E-003)
 0.23561944901923448E+001 -0.78539816339744828E+000
( 0.93393251062046501E+000, 0.25286778756380572E-003)
 0.23561944901923448E+001  0.00000000000000000E+000
( 0.89325553254727430E+000, 0.25286778756383857E-003)
 0.23561944901923448E+001  0.78539816339744828E+000
( 0.92905733577319682E+000, 0.25286778756384258E-003)
 0.23561944901923448E+001  0.15707963267948966E+001
( 0.10100297950207273E+001, 0.25286778756382540E-003)
 0.23561944901923448E+001  0.23561944901923448E+001
( 0.11224688661074538E+001, 0.25286778756382269E-003)
 0.23561944901923448E+001  0.31415926535897931E+001
( 0.11970060456597953E+001, 0.25286778756380756E-003)
 0.31415926535897931E+001 -0.23561944901923448E+001
( 0.11577303253422770E+001,-0.12929110906889640E-016)
 0.31415926535897931E+001 -0.15707963267948966E+001
( 0.10478619084575072E+001,-0.31703407624642382E-016)
 0.31415926535897931E+001 -0.78539816339744828E+000
( 0.98242073875970481E+000,-0.86465123255718979E-017)
 0.31415926535897931E+001  0.00000000000000000E+000
( 0.95689278394003074E+000,-0.95955519200527775E-018)
 0.31415926535897931E+001  0.78539816339744828E+000
( 0.98242073875970481E+000, 0.20681156440160997E-016)
 0.31415926535897931E+001  0.15707963267948966E+001
( 0.10478619084575072E+001, 0.21995829562448369E-016)
 0.31415926535897931E+001  0.23561944901923448E+001
( 0.11577303253422770E+001, 0.15395670849294163E-016)
 0.31415926535897931E+001  0.31415926535897931E+001
( 0.12273102279632992E+001,-0.30705886667621536E-018)
 0.10000000000000000E+001          1         64
( 0.00000000000000000E+000, 0.59834949460438433E-003)
-0.23561944901923448E+001 -0.23561944901923448E+001
( 0.11409741087956100E+001, 0.94105012343127261E-003)
-0.23561944901923448E+001 -0.15707963267948966E+001
( 0.10185476930670272E+001, 0.94105012343127380E-003)
-0.23561944901923448E+001 -0.78539816339744828E+000
( 0.93245461158890464E+000, 0.94105012343129646E-003)
-0.23561944901923448E+001  0.00000000000000000E+000
( 0.90701694200599048E+000, 0.94105012343130351E-003)
-0.23561944901923448E+001  0.78539816339744828E+000
( 0.93158126881267223E+000, 0.94105012343128616E-003)
-0.23561944901923448E+001  0.15707963267948966E+001
( 0.10168133275050755E+001, 0.94105012343126849E-003)
-0.23561944901923448E+001  0.23561944901923448E+001
( 0.11435390413131479E+001, 0.94105012343126252E-003)
-0.23561944901923448E+001  0.31415926535897931E+001
( 0.12065921019477179E+001, 0.94105012343127336E-003)
-0.15707963267948966E+001 -0.23561944901923448E+001
( 0.10854515472453139E+001, 0.13308458474293621E-002)
-0.15707963267948966E+001 -0.15707963267948966E+001
( 0.91673512429807280E+000, 0.13308458474293771E-002)
-0.15707963267948966E+001 -0.78539816339744828E+000
( 0.78876280826279432E+000, 0.13308458474293986E-002)
-0.15707963267948966E+001  0.00000000000000000E+000
( 0.75494145138593405E+000, 0.13308458474294014E-002)
-0.15707963267948966E+001  0.78539816339744828E+000
( 0.79121718362617532E+000, 0.13308458474293825E-002)
-0.15707963267948966E+001  0.15707963267948966E+001
( 0.91926211223838372E+000, 0.13308458474293734E-002)
-0.15707963267948966E+001  0.23561944901923448E+001
( 0.10834288912861394E+001, 0.13308458474293890E-002)
-0.15707963267948966E+001  0.31415926535897931E+001
( 0.11600377680006502E+001, 0.13308458474293617E-002)
-0.78539816339744828E+000 -0.23561944901923448E+001
( 0.10434071283559307E+001, 0.94105012343125970E-003)
-0.78539816339744828E+000 -0.15707963267948966E+001
( 0.84154478370846075E+000, 0.94105012343126957E-003)
-0.78539816339744828E+000 -0.78539816339744828E+000
( 0.62065242466824799E+000, 0.94105012343128388E-003)
-0.78539816339744828E+000  0.00000000000000000E+000
( 0.54176080079792710E+000, 0.94105012343129234E-003)
-0.78539816339744828E+000  0.78539816339744828E+000
( 0.62285905471600700E+000, 0.94105012343129819E-003)
-0.78539816339744828E+000  0.15707963267948966E+001
( 0.84081459684098525E+000, 0.94105012343128095E-003)
-0.78539816339744828E+000  0.23561944901923448E+001
( 0.10439404007738808E+001, 0.94105012343127694E-003)
-0.78539816339744828E+000  0.31415926535897931E+001
( 0.11315779004797379E+001, 0.94105012343128215E-003)
 0.00000000000000000E+000 -0.23561944901923448E+001
( 0.10412706045849147E+001,-0.11763593571467723E-016)
 0.00000000000000000E+000 -0.15707963267948966E+001
( 0.81481403881990033E+000,-0.10051307835169081E-016)
 0.00000000000000000E+000 -0.78539816339744828E+000
( 0.54931750444269112E+000,-0.10083080204115191E-016)
 0.00000000000000000E+000  0.00000000000000000E+000
( 0.40351275189340874E+000, 0.17094910116553127E-019)
 0.00000000000000000E+000  0.78539816339744828E+000
( 0.54931750444269112E+000, 0.10083080204115191E-016)
 0.00000000000000000E+000  0.15707963267948966E+001
( 0.81481403881990033E+000, 0.10071267052730551E-016)
 0.00000000000000000E+000  0.23561944901923448E+001
( 0.10412706045849147E+001, 0.11763593571467723E-016)
 0.00000000000000000E+000  0.31415926535897931E+001
( 0.11216493534372798E+001,-0.16250148144844220E-017)
 0.78539816339744828E+000 -0.23561944901923448E+001
( 0.10439404007738808E+001,-0.94105012343127694E-003)
 0.78539816339744828E+000 -0.15707963267948966E+001
( 0.84081459684098525E+000,-0.94105012343128095E-003)
 0.78539816339744828E+000 -0.78539816339744828E+000
( 0.62285905471600700E+000,-0.94105012343129819E-003)
 0.78539816339744828E+000  0.00000000000000000E+000
( 0.54176080079792710E+000,-0.94105012343129234E-003)
 0.78539816339744828E+000  0.78539816339744828E+000
( 0.62065242466824799E+000,-0.94105012343128388E-003)
 0.78539816339744828E+000  0.15707963267948966E+001
( 0.84154478370846075E+000,-0.94105012343126968E-003)
 0.78539816339744828E+000  0.23561944901923448E+001
( 0.10434071283559307E+001,-0.94105012343125970E-003)
 0.78539816339744828E+000  0.31415926535897931E+001
( 0.11315779004797379E+001,-0.94105012343128095E-003)
 0.15707963267948966E+001 -0.23561944901923448E+001
( 0.10834288912861394E+001,-0.13308458474293890E-002)
 0.15707963267948966E+001 -0.15707963267948966E+001
( 0.91926211223838372E+000,-0.13308458474293734E-002)
 0.15707963267948966E+001 -0.78539816339744828E+000
( 0.79121718362617532E+000,-0.13308458474293825E-002)
 0.15707963267948966E+001  0.00000000000000000E+000
( 0.75494145138593405E+000,-0.13308458474294014E-002)
 0.15707963267948966E+001  0.78539816339744828E+000
( 0.78876280826279432E+000,-0.13308458474293986E-002)
 0.15707963267948966E+001  0.15707963267948966E+001
( 0.91673512429807280E+000,-0.13308458474293771E-002)
 0.15707963267948966E+001  0.23561944901923448E+001
( 0.10854515472453139E+001,-0.13308458474293621E-002)
 0.15707963267948966E+001  0.31415926535897931E+001
( 0.11600377680006502E+001,-0.13308458474293630E-002)
 0.23561944901923448E+001 -0.23561944901923448E+001
( 0.11435390413131479E+001,-0.94105012343126252E-003)
 0.23561944901923448E+001 -0.15707963267948966E+001
( 0.10168133275050755E+001,-0.94105012343126849E-003)
 0.23561944901923448E+001 -0.78539816339744828E+000
( 0.93158126881267223E+000,-0.94105012343128616E-003)
 0.23561944901923448E+001  0.00000000000000000E+000
( 0.90701694200599048E+000,-0.94105012343130351E-003)
 0.23561944901923448E+001  0.78539816339744828E+000
( 0.93245461158890464E+000,-0.94105012343129646E-003)
 0.23561944901923448E+001  0.15707963267948966E+001
( 0.10185476930670272E+001,-0.94105012343127380E-003)
 0.23561944901923448E+001  0.23561944901923448E+001
( 0.11409741087956100E+001,-0.94105012343127261E-003)
 0.23561944901923448E+001  0.31415926535897931E+001
( 0.12065921019477179E+001,-0.94105012343127000E-003)
 0.31415926535897931E+001 -0.23561944901923448E+001
( 0.11717772014071197E+001,-0.32526065174565133E-018)
 0.31415926535897931E+001 -0.15707963267948966E+001
( 0.10538539171786481E+001, 0.28644607736682977E-017)
 0.31415926535897931E+001 -0.78539816339744828E+000
( 0.98719377712583312E+000, 0.12197274440461925E-016)
 0.31415926535897931E+001  0.00000000000000000E+000
( 0.97172829276438544E+000,-0.90338391722454736E-018)
 0.31415926535897931E+001  0.78539816339744828E+000
( 0.98719377712583312E+000,-0.16263032587282567E-016)
 0.31415926535897931E+001  0.15707963267948966E+001
( 0.10538539171786481E+001,-0.13658232588651650E-016)
 0.31415926535897931E+001  0.23561944901923448E+001
( 0.11717772014071197E+001, 0.33068166260807885E-017)
 0.31415926535897931E+001  0.31415926535897931E+001
( 0.12369212024543692E+001,-0.10754657280405338E-018)
 0.10000000000000000E+001          1         64
( 0.00000000000000000E+000, 0.23891277760160640E-003)
-0.23561944901923448E+001 -0.23561944901923448E+001
( 0.11489420562004569E+001, 0.61936775587399383E-003)
-0.23561944901923448E+001 -0.15707963267948966E+001
( 0.10236841191944719E+001, 0.61936775587398754E-003)
-0.23561944901923448E+001 -0.78539816339744828E+000
( 0.93668253794619805E+000, 0.61936775587398104E-003)
-0.23561944901923448E+001  0.00000000000000000E+000
( 0.91114181516195392E+000, 0.61936775587400825E-003)
-0.23561944901923448E+001  0.78539816339744828E+000
( 0.93764722431992875E+000, 0.61936775587403145E-003)
-0.23561944901923448E+001  0.15707963267948966E+001
( 0.10232039215674742E+001, 0.61936775587401801E-003)
-0.23561944901923448E+001  0.23561944901923448E+001
( 0.11495558817023750E+001, 0.61936775587401703E-003)
-0.23561944901923448E+001  0.31415926535897931E+001
( 0.12111450679090570E+001, 0.61936775587400402E-003)
-0.15707963267948966E+001 -0.23561944901923448E+001
( 0.10886366721164351E+001, 0.87591828045358966E-003)
-0.15707963267948966E+001 -0.15707963267948966E+001
( 0.92212841100547771E+000, 0.87591828045360863E-003)
-0.15707963267948966E+001 -0.78539816339744828E+000
( 0.79303070795628372E+000, 0.87591828045358315E-003)
-0.15707963267948966E+001  0.00000000000000000E+000
( 0.75750679663808007E+000, 0.87591828045359595E-003)
-0.15707963267948966E+001  0.78539816339744828E+000
( 0.79542155664942127E+000, 0.87591828045361004E-003)
-0.15707963267948966E+001  0.15707963267948966E+001
( 0.92260640418246109E+000, 0.87591828045363097E-003)
-0.15707963267948966E+001  0.23561944901923448E+001
( 0.10901941081180344E+001, 0.87591828045361080E-003)
-0.15707963267948966E+001  0.31415926535897931E+001
( 0.11640549609552253E+001, 0.87591828045361091E-003)
-0.78539816339744828E+000 -0.23561944901923448E+001
( 0.10497115153107062E+001, 0.61936775587400283E-003)
-0.78539816339744828E+000 -0.15707963267948966E+001
( 0.84472000262951086E+000, 0.61936775587399134E-003)
-0.78539816339744828E+000 -0.78539816339744828E+000
( 0.62347004930761674E+000, 0.61936775587398711E-003)
-0.78539816339744828E+000  0.00000000000000000E+000
( 0.54281437540460220E+000, 0.61936775587399556E-003)
-0.78539816339744828E+000  0.78539816339744828E+000
( 0.62426285155006922E+000, 0.61936775587400380E-003)
-0.78539816339744828E+000  0.15707963267948966E+001
( 0.84548326682935049E+000, 0.61936775587401703E-003)
-0.78539816339744828E+000  0.23561944901923448E+001
( 0.10499038221336285E+001, 0.61936775587402560E-003)
-0.78539816339744828E+000  0.31415926535897931E+001
( 0.11356082537463037E+001, 0.61936775587399936E-003)
 0.00000000000000000E+000 -0.23561944901923448E+001
( 0.10490003640491596E+001,-0.14148838350935833E-016)
 0.00000000000000000E+000 -0.15707963267948966E+001
( 0.82018588287658944E+000,-0.40309978930282293E-017)
 0.00000000000000000E+000 -0.78539816339744828E+000
( 0.55157651240032535E+000,-0.15883561826912640E-016)
 0.00000000000000000E+000  0.00000000000000000E+000
( 0.40381617814917165E+000, 0.31981274926768636E-019)
 0.00000000000000000E+000  0.78539816339744828E+000
( 0.55157651240032535E+000, 0.15883561826912640E-016)
 0.00000000000000000E+000  0.15707963267948966E+001
( 0.82018588287658944E+000, 0.39638536471340725E-017)
 0.00000000000000000E+000  0.23561944901923448E+001
( 0.10490003640491596E+001, 0.14148838350935833E-016)
 0.00000000000000000E+000  0.31415926535897931E+001
( 0.11299449929358487E+001,-0.16590641138697021E-017)
 0.78539816339744828E+000 -0.23561944901923448E+001
( 0.10499038221336285E+001,-0.61936775587402560E-003)
 0.78539816339744828E+000 -0.15707963267948966E+001
( 0.84548326682935049E+000,-0.61936775587401703E-003)
 0.78539816339744828E+000 -0.78539816339744828E+000
( 0.62426285155006922E+000,-0.61936775587400380E-003)
 0.78539816339744828E+000  0.00000000000000000E+000
( 0.54281437540460220E+000,-0.61936775587399556E-003)
 0.78539816339744828E+000  0.78539816339744828E+000
( 0.62347004930761674E+000,-0.61936775587398711E-003)
 0.78539816339744828E+000  0.15707963267948966E+001
( 0.84472000262951086E+000,-0.61936775587399134E-003)
 0.78539816339744828E+000  0.23561944901923448E+001
( 0.10497115153107062E+001,-0.61936775587400283E-003)
 0.78539816339744828E+000  0.31415926535897931E+001
( 0.11356082537463037E+001,-0.61936775587400586E-003)
 0.15707963267948966E+001 -0.23561944901923448E+001
( 0.10901941081180344E+001,-0.87591828045361080E-003)
 0.15707963267948966E+001 -0.15707963267948966E+001
( 0.92260640418246109E+000,-0.87591828045363097E-003)
 0.15707963267948966E+001 -0.78539816339744828E+000
( 0.79542155664942127E+000,-0.87591828045361004E-003)
 0.15707963267948966E+001  0.00000000000000000E+000
( 0.75750679663808007E+000,-0.87591828045359595E-003)
 0.15707963267948966E+001  0.78539816339744828E+000
( 0.79303070795628372E+000,-0.87591828045358315E-003)
 0.15707963267948966E+001  0.15707963267948966E+001
( 0.92212841100547771E+000,-0.87591828045360863E-003)
 0.15707963267948966E+001  0.23561944901923448E+001
( 0.10886366721164351E+001,-0.87591828045358966E-003)
 0.15707963267948966E+001  0.31415926535897931E+001
( 0.11640549609552253E+001,-0.87591828045361253E-003)
 0.23561944901923448E+001 -0.23561944901923448E+001
( 0.11495558817023750E+001,-0.61936775587401703E-003)
 0.23561944901923448E+001 -0.15707963267948966E+001
( 0.10232039215674742E+001,-0.61936775587401801E-003)
 0.23561944901923448E+001 -0.78539816339744828E+000
( 0.93764722431992875E+000,-0.61936775587403145E-003)
 0.23561944901923448E+001  0.00000000000000000E+000
( 0.91114181516195392E+000,-0.61936775587400825E-003)
 0.23561944901923448E+001  0.78539816339744828E+000
( 0.93668253794619805E+000,-0.61936775587398104E-003)
 0.23561944901923448E+001  0.15707963267948966E+001
( 0.10236841191944719E+001,-0.61936775587398754E-003)
 0.23561944901923448E+001  0.23561944901923448E+001
( 0.11489420562004569E+001,-0.61936775587399383E-003)
 0.23561944901923448E+001  0.31415926535897931E+001
( 0.12111450679090570E+001,-0.61936775587400467E-003)
 0.31415926535897931E+001 -0.23561944901923448E+001
( 0.11769517788062875E+001,-0.83483567281383841E-017)
 0.31415926535897931E+001 -0.15707963267948966E+001
( 0.10577235097730624E+001,-0.20863157204031064E-016)
 0.31415926535897931E+001 -0.78539816339744828E+000
( 0.99144666634904133E+000,-0.22334564753201391E-016)
 0.31415926535897931E+001  0.00000000000000000E+000
( 0.97878360796621666E+000,-0.72749831316474448E-018)
 0.31415926535897931E+001  0.78539816339744828E+000
( 0.99144666634904133E+000, 0.14365678785432934E-016)
 0.31415926535897931E+001  0.15707963267948966E+001
( 0.10577235097730624E+001, 0.23870884666593483E-016)
 0.31415926535897931E+001  0.23561944901923448E+001
( 0.11769517788062875E+001, 0.13769367590565906E-016)
 0.31415926535897931E+001  0.31415926535897931E+001
( 0.12418557256367937E+001, 0.27119222497114935E-018)
 0.10000000000000000E+001          1         64
( 0.00000000000000000E+000,-0.65361410498165489E-004)
-0.23561944901923448E+001 -0.23561944901923448E+001
( 0.11427232826046749E+001,-0.78202277709679899E-004)
-0.23561944901923448E+001 -0.15707963267948966E+001
( 0.10218170132661375E+001,-0.78202277709669938E-004)
-0.23561944901923448E+001 -0.78539816339744828E+000
( 0.93969552686691937E+000,-0.78202277709631747E-004)
-0.23561944901923448E+001  0.00000000000000000E+000
( 0.91457787722693951E+000,-0.78202277709639066E-004)
-0.23561944901923448E+001  0.78539816339744828E+000
( 0.93746785544781452E+000,-0.78202277709634309E-004)
-0.23561944901923448E+001  0.15707963267948966E+001
( 0.10239405141353091E+001,-0.78202277709636450E-004)
-0.23561944901923448E+001  0.23561944901923448E+001
( 0.11476319074680426E+001,-0.78202277709674167E-004)
-0.23561944901923448E+001  0.31415926535897931E+001
( 0.12084545412296803E+001,-0.78202277709683789E-004)
-0.15707963267948966E+001 -0.23561944901923448E+001
( 0.10821767412884482E+001,-0.11059472174548631E-003)
-0.15707963267948966E+001 -0.15707963267948966E+001
( 0.92253728263628754E+000,-0.11059472174546091E-003)
-0.15707963267948966E+001 -0.78539816339744828E+000
( 0.79642423789607231E+000,-0.11059472174543262E-003)
-0.15707963267948966E+001  0.00000000000000000E+000
( 0.75977200070051398E+000,-0.11059472174541053E-003)
-0.15707963267948966E+001  0.78539816339744828E+000
( 0.79570856096197606E+000,-0.11059472174545292E-003)
-0.15707963267948966E+001  0.15707963267948966E+001
( 0.92272023762663780E+000,-0.11059472174546860E-003)
-0.15707963267948966E+001  0.23561944901923448E+001
( 0.10826992097848158E+001,-0.11059472174545921E-003)
-0.15707963267948966E+001  0.31415926535897931E+001
( 0.11581224759746149E+001,-0.11059472174546751E-003)
-0.78539816339744828E+000 -0.23561944901923448E+001
( 0.10410110731618170E+001,-0.78202277709670033E-004)
-0.78539816339744828E+000 -0.15707963267948966E+001
( 0.84335518484768290E+000,-0.78202277709632723E-004)
-0.78539816339744828E+000 -0.78539816339744828E+000
( 0.62769720402895612E+000,-0.78202277709608911E-004)
-0.78539816339744828E+000  0.00000000000000000E+000
( 0.54656936344298479E+000,-0.78202277709635203E-004)
-0.78539816339744828E+000  0.78539816339744828E+000
( 0.62512197787320045E+000,-0.78202277709648376E-004)
-0.78539816339744828E+000  0.15707963267948966E+001
( 0.84014135071656559E+000,-0.78202277709662810E-004)
-0.78539816339744828E+000  0.23561944901923448E+001
( 0.10428772149694603E+001,-0.78202277709667878E-004)
-0.78539816339744828E+000  0.31415926535897931E+001
( 0.11267877260460040E+001,-0.78202277709671659E-004)
 0.00000000000000000E+000 -0.23561944901923448E+001
( 0.10363601527183801E+001, 0.16249480060126498E-016)
 0.00000000000000000E+000 -0.15707963267948966E+001
( 0.81374890642682818E+000, 0.18980177398568654E-016)
 0.00000000000000000E+000 -0.78539816339744828E+000
( 0.55007305995751321E+000, 0.79417809134563200E-017)
 0.00000000000000000E+000  0.00000000000000000E+000
( 0.40687401311089777E+000,-0.48424419351959755E-020)
 0.00000000000000000E+000  0.78539816339744828E+000
( 0.55007305995751321E+000,-0.79417809134563200E-017)
 0.00000000000000000E+000  0.15707963267948966E+001
( 0.81374890642682818E+000,-0.19106434669058184E-016)
 0.00000000000000000E+000  0.23561944901923448E+001
( 0.10363601527183801E+001,-0.16249480060126498E-016)
 0.00000000000000000E+000  0.31415926535897931E+001
( 0.11123122100712957E+001,-0.16410366453633234E-017)
 0.78539816339744828E+000 -0.23561944901923448E+001
( 0.10428772149694603E+001, 0.78202277709667878E-004)
 0.78539816339744828E+000 -0.15707963267948966E+001
( 0.84014135071656559E+000, 0.78202277709662823E-004)
 0.78539816339744828E+000 -0.78539816339744828E+000
( 0.62512197787320045E+000, 0.78202277709648376E-004)
 0.78539816339744828E+000  0.00000000000000000E+000
( 0.54656936344298479E+000, 0.78202277709635190E-004)
 0.78539816339744828E+000  0.78539816339744828E+000
( 0.62769720402895612E+000, 0.78202277709608911E-004)
 0.78539816339744828E+000  0.15707963267948966E+001
( 0.84335518484768290E+000, 0.78202277709632723E-004)
 0.78539816339744828E+000  0.23561944901923448E+001
( 0.10410110731618170E+001, 0.78202277709670033E-004)
 0.78539816339744828E+000  0.31415926535897931E+001
( 0.11267877260460040E+001, 0.78202277709675088E-004)
 0.15707963267948966E+001 -0.23561944901923448E+001
( 0.10826992097848158E+001, 0.11059472174545921E-003)
 0.15707963267948966E+001 -0.15707963267948966E+001
( 0.92272023762663780E+000, 0.11059472174546859E-003)
 0.15707963267948966E+001 -0.78539816339744828E+000
( 0.79570856096197606E+000, 0.11059472174545292E-003)
 0.15707963267948966E+001  0.00000000000000000E+000
( 0.75977200070051398E+000, 0.11059472174541054E-003)
 0.15707963267948966E+001  0.78539816339744828E+000
( 0.79642423789607231E+000, 0.11059472174543262E-003)
 0.15707963267948966E+001  0.15707963267948966E+001
( 0.92253728263628754E+000, 0.11059472174546093E-003)
 0.15707963267948966E+001  0.23561944901923448E+001
( 0.10821767412884482E+001, 0.11059472174548631E-003)
 0.15707963267948966E+001  0.31415926535897931E+001
( 0.11581224759746149E+001, 0.11059472174546669E-003)
 0.23561944901923448E+001 -0.23561944901923448E+001
( 0.11476319074680426E+001, 0.78202277709674167E-004)
 0.23561944901923448E+001 -0.15707963267948966E+001
( 0.10239405141353091E+001, 0.78202277709636450E-004)
 0.23561944901923448E+001 -0.78539816339744828E+000
( 0.93746785544781452E+000, 0.78202277709634309E-004)
 0.23561944901923448E+001  0.00000000000000000E+000
( 0.91457787722693951E+000, 0.78202277709639066E-004)
 0.23561944901923448E+001  0.78539816339744828E+000
( 0.93969552686691937E+000, 0.78202277709631747E-004)
 0.23561944901923448E+001  0.15707963267948966E+001
( 0.10218170132661375E+001, 0.78202277709669952E-004)
 0.23561944901923448E+001  0.23561944901923448E+001
( 0.11427232826046749E+001, 0.78202277709679899E-004)
 0.23561944901923448E+001  0.31415926535897931E+001
( 0.12084545412296803E+001, 0.78202277709685483E-004)
 0.31415926535897931E+001 -0.23561944901923448E+001
( 0.11738599469683542E+001, 0.23581397251559721E-017)
 0.31415926535897931E+001 -0.15707963267948966E+001
( 0.10593625870162138E+001,-0.90546084913238990E-017)
 0.31415926535897931E+001 -0.78539816339744828E+000
( 0.99013241651021522E+000,-0.17062631689490626E-016)
 0.31415926535897931E+001  0.00000000000000000E+000
( 0.97579773911296597E+000,-0.12177175757551436E-017)
 0.31415926535897931E+001  0.78539816339744828E+000
( 0.99013241651021522E+000, 0.10421893383016911E-016)
 0.31415926535897931E+001  0.15707963267948966E+001
( 0.10593625870162138E+001, 0.12689272070290527E-016)
 0.31415926535897931E+001  0.23561944901923448E+001
( 0.11738599469683542E+001, 0.23310346708438345E-017)
 0.31415926535897931E+001  0.31415926535897931E+001
( 0.12353243462677654E+001,-0.26665478812815500E-018)
 0.10000000000000000E+001          1         64
( 0.00000000000000000E+000,-0.10258150082205612E-003)
-0.23561944901923448E+001 -0.23561944901923448E+001
( 0.11472244062565482E+001,-0.21912285300974103E-003)
-0.23561944901923448E+001 -0.15707963267948966E+001
( 0.10222675478196508E+001,-0.21912285300972788E-003)
-0.23561944901923448E+001 -0.78539816339744828E+000
( 0.93519583262873929E+000,-0.21912285300973084E-003)
-0.23561944901923448E+001  0.00000000000000000E+000
( 0.91158047894738126E+000,-0.21912285300975694E-003)
-0.23561944901923448E+001  0.78539816339744828E+000
( 0.93800150786396208E+000,-0.21912285300978345E-003)
-0.23561944901923448E+001  0.15707963267948966E+001
( 0.10210703259160026E+001,-0.21912285300980283E-003)
-0.23561944901923448E+001  0.23561944901923448E+001
( 0.11460157161180853E+001,-0.21912285300978174E-003)
-0.23561944901923448E+001  0.31415926535897931E+001
( 0.12108349851868410E+001,-0.21912285300975989E-003)
-0.15707963267948966E+001 -0.23561944901923448E+001
( 0.10866902702390056E+001,-0.30988651055226880E-003)
-0.15707963267948966E+001 -0.15707963267948966E+001
( 0.91917219851556820E+000,-0.30988651055227103E-003)
-0.15707963267948966E+001 -0.78539816339744828E+000
( 0.78861205920265454E+000,-0.30988651055226496E-003)
-0.15707963267948966E+001  0.00000000000000000E+000
( 0.75642798372078512E+000,-0.30988651055229537E-003)
-0.15707963267948966E+001  0.78539816339744828E+000
( 0.79386769615229269E+000,-0.30988651055231277E-003)
-0.15707963267948966E+001  0.15707963267948966E+001
( 0.92122207571833192E+000,-0.30988651055234220E-003)
-0.15707963267948966E+001  0.23561944901923448E+001
( 0.10854218984710005E+001,-0.30988651055232036E-003)
-0.15707963267948966E+001  0.31415926535897931E+001
( 0.11614442529847884E+001,-0.30988651055229428E-003)
-0.78539816339744828E+000 -0.23561944901923448E+001
( 0.10455366876656560E+001,-0.21912285300972111E-003)
-0.78539816339744828E+000 -0.15707963267948966E+001
( 0.84127285148436126E+000,-0.21912285300972403E-003)
-0.78539816339744828E+000 -0.78539816339744828E+000
( 0.62027881491831760E+000,-0.21912285300972168E-003)
-0.78539816339744828E+000  0.00000000000000000E+000
( 0.53790522872852164E+000,-0.21912285300975279E-003)
-0.78539816339744828E+000  0.78539816339744828E+000
( 0.62164863779494695E+000,-0.21912285300979592E-003)
-0.78539816339744828E+000  0.15707963267948966E+001
( 0.84133074714523404E+000,-0.21912285300981600E-003)
-0.78539816339744828E+000  0.23561944901923448E+001
( 0.10459432366727939E+001,-0.21912285300979963E-003)
-0.78539816339744828E+000  0.31415926535897931E+001
( 0.11332189522868332E+001,-0.21912285300975249E-003)
 0.00000000000000000E+000 -0.23561944901923448E+001
( 0.10412231404908989E+001, 0.36537613212761499E-016)
 0.00000000000000000E+000 -0.15707963267948966E+001
( 0.81661862252806061E+000, 0.49287110326248057E-016)
 0.00000000000000000E+000 -0.78539816339744828E+000
( 0.54813826448122327E+000, 0.25261910618912253E-016)
 0.00000000000000000E+000  0.00000000000000000E+000
( 0.40165366268073360E+000,-0.30304046673189275E-019)
 0.00000000000000000E+000  0.78539816339744828E+000
( 0.54813826448122327E+000,-0.25261910618912253E-016)
 0.00000000000000000E+000  0.15707963267948966E+001
( 0.81661862252806061E+000,-0.49344960226546491E-016)
 0.00000000000000000E+000  0.23561944901923448E+001
( 0.10412231404908989E+001,-0.36537613212761499E-016)
 0.00000000000000000E+000  0.31415926535897931E+001
( 0.11239648620808989E+001,-0.12140314546078793E-017)
 0.78539816339744828E+000 -0.23561944901923448E+001
( 0.10459432366727939E+001, 0.21912285300979963E-003)
 0.78539816339744828E+000 -0.15707963267948966E+001
( 0.84133074714523404E+000, 0.21912285300981600E-003)
 0.78539816339744828E+000 -0.78539816339744828E+000
( 0.62164863779494695E+000, 0.21912285300979592E-003)
 0.78539816339744828E+000  0.00000000000000000E+000
( 0.53790522872852164E+000, 0.21912285300975276E-003)
 0.78539816339744828E+000  0.78539816339744828E+000
( 0.62027881491831760E+000, 0.21912285300972168E-003)
 0.78539816339744828E+000  0.15707963267948966E+001
( 0.84127285148436126E+000, 0.21912285300972403E-003)
 0.78539816339744828E+000  0.23561944901923448E+001
( 0.10455366876656560E+001, 0.21912285300972111E-003)
 0.78539816339744828E+000  0.31415926535897931E+001
( 0.11332189522868332E+001, 0.21912285300975870E-003)
 0.15707963267948966E+001 -0.23561944901923448E+001
( 0.10854218984710005E+001, 0.30988651055232036E-003)
 0.15707963267948966E+001 -0.15707963267948966E+001
( 0.92122207571833192E+000, 0.30988651055234220E-003)
 0.15707963267948966E+001 -0.78539816339744828E+000
( 0.79386769615229269E+000, 0.30988651055231277E-003)
 0.15707963267948966E+001  0.00000000000000000E+000
( 0.75642798372078512E+000, 0.30988651055229537E-003)
 0.15707963267948966E+001  0.78539816339744828E+000
( 0.78861205920265454E+000, 0.30988651055226496E-003)
 0.15707963267948966E+001  0.15707963267948966E+001
( 0.91917219851556820E+000, 0.30988651055227103E-003)
 0.15707963267948966E+001  0.23561944901923448E+001
( 0.10866902702390056E+001, 0.30988651055226880E-003)
 0.15707963267948966E+001  0.31415926535897931E+001
( 0.11614442529847884E+001, 0.30988651055229932E-003)
 0.23561944901923448E+001 -0.23561944901923448E+001
( 0.11460157161180853E+001, 0.21912285300978174E-003)
 0.23561944901923448E+001 -0.15707963267948966E+001
( 0.10210703259160026E+001, 0.21912285300980283E-003)
 0.23561944901923448E+001 -0.78539816339744828E+000
( 0.93800150786396208E+000, 0.21912285300978345E-003)
 0.23561944901923448E+001  0.00000000000000000E+000
( 0.91158047894738126E+000, 0.21912285300975694E-003)
 0.23561944901923448E+001  0.78539816339744828E+000
( 0.93519583262873929E+000, 0.21912285300973084E-003)
 0.23561944901923448E+001  0.15707963267948966E+001
( 0.10222675478196508E+001, 0.21912285300972788E-003)
 0.23561944901923448E+001  0.23561944901923448E+001
( 0.11472244062565482E+001, 0.21912285300974103E-003)
 0.23561944901923448E+001  0.31415926535897931E+001
( 0.12108349851868410E+001, 0.21912285300975591E-003)
 0.31415926535897931E+001 -0.23561944901923448E+001
( 0.11746307998467189E+001, 0.10137290312739466E-016)
 0.31415926535897931E+001 -0.15707963267948966E+001
( 0.10564450792234763E+001, 0.42828759818558638E-016)
 0.31415926535897931E+001 -0.78539816339744828E+000
( 0.99062306961628355E+000, 0.35101045334218206E-016)
 0.31415926535897931E+001  0.00000000000000000E+000
( 0.97654744182554676E+000,-0.43965100847893817E-018)
 0.31415926535897931E+001  0.78539816339744828E+000
( 0.99062306961628332E+000,-0.39302328752599536E-016)
 0.31415926535897931E+001  0.15707963267948966E+001
( 0.10564450792234763E+001,-0.39290918504442608E-016)
 0.31415926535897931E+001  0.23561944901923448E+001
( 0.11746307998467191E+001,-0.78062556418956319E-017)
 0.31415926535897931E+001  0.31415926535897931E+001
( 0.12403258609420820E+001,-0.59915421088415709E-019)
 0.10000000000000000E+001          1         64
( 0.00000000000000000E+000,-0.12458963427789486E-003)
-0.23561944901923448E+001 -0.23561944901923448E+001
( 0.11276655133851117E+001, 0.45190696034546626E-003)
-0.23561944901923448E+001 -0.15707963267948966E+001
( 0.10144654996294773E+001, 0.45190696034547184E-003)
-0.23561944901923448E+001 -0.78539816339744828E+000
( 0.93115082703999885E+000, 0.45190696034546951E-003)
-0.23561944901923448E+001  0.00000000000000000E+000
( 0.90604342226987744E+000, 0.45190696034549461E-003)
-0.23561944901923448E+001  0.78539816339744828E+000
( 0.93097386595854870E+000, 0.45190696034550588E-003)
-0.23561944901923448E+001  0.15707963267948966E+001
( 0.10087971088783250E+001, 0.45190696034551683E-003)
-0.23561944901923448E+001  0.23561944901923448E+001
( 0.11255582874286447E+001, 0.45190696034548919E-003)
-0.23561944901923448E+001  0.31415926535897931E+001
( 0.11871066538836559E+001, 0.45190696034546295E-003)
-0.15707963267948966E+001 -0.23561944901923448E+001
( 0.10736523105990941E+001, 0.63909295225137136E-003)
-0.15707963267948966E+001 -0.15707963267948966E+001
( 0.91410240706979395E+000, 0.63909295225139543E-003)
-0.15707963267948966E+001 -0.78539816339744828E+000
( 0.78932525629232830E+000, 0.63909295225137905E-003)
-0.15707963267948966E+001  0.00000000000000000E+000
( 0.75406747425307696E+000, 0.63909295225138740E-003)
-0.15707963267948966E+001  0.78539816339744828E+000
( 0.78839847441615252E+000, 0.63909295225140453E-003)
-0.15707963267948966E+001  0.15707963267948966E+001
( 0.91121861825686123E+000, 0.63909295225141462E-003)
-0.15707963267948966E+001  0.23561944901923448E+001
( 0.10708646493913416E+001, 0.63909295225138469E-003)
-0.15707963267948966E+001  0.31415926535897931E+001
( 0.11423602546107223E+001, 0.63909295225137385E-003)
-0.78539816339744828E+000 -0.23561944901923448E+001
( 0.10324418023722148E+001, 0.45190696034549992E-003)
-0.78539816339744828E+000 -0.15707963267948966E+001
( 0.83599151779379910E+000, 0.45190696034548279E-003)
-0.78539816339744828E+000 -0.78539816339744828E+000
( 0.61821487854546553E+000, 0.45190696034545883E-003)
-0.78539816339744828E+000  0.00000000000000000E+000
( 0.54216519556017717E+000, 0.45190696034547254E-003)
-0.78539816339744828E+000  0.78539816339744828E+000
( 0.61907364600689685E+000, 0.45190696034551185E-003)
-0.78539816339744828E+000  0.15707963267948966E+001
( 0.83333178657542195E+000, 0.45190696034550100E-003)
-0.78539816339744828E+000  0.23561944901923448E+001
( 0.10337736484877906E+001, 0.45190696034547471E-003)
-0.78539816339744828E+000  0.31415926535897931E+001
( 0.11186271251703872E+001, 0.45190696034548892E-003)
 0.00000000000000000E+000 -0.23561944901923448E+001
( 0.10330989821228040E+001, 0.78875708048320448E-017)
 0.00000000000000000E+000 -0.15707963267948966E+001
( 0.80421231646003311E+000,-0.16449233203257246E-017)
 0.00000000000000000E+000 -0.78539816339744828E+000
( 0.54425190694932790E+000,-0.63696877633523385E-017)
 0.00000000000000000E+000  0.00000000000000000E+000
( 0.40579352012644104E+000, 0.54468169375661262E-019)
 0.00000000000000000E+000  0.78539816339744828E+000
( 0.54425190694932790E+000, 0.63696877633523385E-017)
 0.00000000000000000E+000  0.15707963267948966E+001
( 0.80421231646003311E+000, 0.18241229505223776E-017)
 0.00000000000000000E+000  0.23561944901923448E+001
( 0.10330989821228040E+001,-0.78875708048320448E-017)
 0.00000000000000000E+000  0.31415926535897931E+001
( 0.11068349876250994E+001,-0.20488907693474433E-017)
 0.78539816339744828E+000 -0.23561944901923448E+001
( 0.10337736484877906E+001,-0.45190696034547471E-003)
 0.78539816339744828E+000 -0.15707963267948966E+001
( 0.83333178657542195E+000,-0.45190696034550100E-003)
 0.78539816339744828E+000 -0.78539816339744828E+000
( 0.61907364600689685E+000,-0.45190696034551185E-003)
 0.78539816339744828E+000  0.00000000000000000E+000
( 0.54216519556017717E+000,-0.45190696034547254E-003)
 0.78539816339744828E+000  0.78539816339744828E+000
( 0.61821487854546553E+000,-0.45190696034545883E-003)
 0.78539816339744828E+000  0.15707963267948966E+001
( 0.83599151779379910E+000,-0.45190696034548279E-003)
 0.78539816339744828E+000  0.23561944901923448E+001
( 0.10324418023722148E+001,-0.45190696034549992E-003)
 0.78539816339744828E+000  0.31415926535897931E+001
( 0.11186271251703872E+001,-0.45190696034547878E-003)
 0.15707963267948966E+001 -0.23561944901923448E+001
( 0.10708646493913416E+001,-0.63909295225138469E-003)
 0.15707963267948966E+001 -0.15707963267948966E+001
( 0.91121861825686123E+000,-0.63909295225141462E-003)
 0.15707963267948966E+001 -0.78539816339744828E+000
( 0.78839847441615252E+000,-0.63909295225140453E-003)
 0.15707963267948966E+001  0.00000000000000000E+000
( 0.75406747425307696E+000,-0.63909295225138740E-003)
 0.15707963267948966E+001  0.78539816339744828E+000
( 0.78932525629232830E+000,-0.63909295225137905E-003)
 0.15707963267948966E+001  0.15707963267948966E+001
( 0.91410240706979395E+000,-0.63909295225139543E-003)
 0.15707963267948966E+001  0.23561944901923448E+001
( 0.10736523105990941E+001,-0.63909295225137136E-003)
 0.15707963267948966E+001  0.31415926535897931E+001
( 0.11423602546107223E+001,-0.63909295225136181E-003)
 0.23561944901923448E+001 -0.23561944901923448E+001
( 0.11255582874286447E+001,-0.45190696034548919E-003)
 0.23561944901923448E+001 -0.15707963267948966E+001
( 0.10087971088783250E+001,-0.45190696034551689E-003)
 0.23561944901923448E+001 -0.78539816339744828E+000
( 0.93097386595854870E+000,-0.45190696034550588E-003)
 0.23561944901923448E+001  0.00000000000000000E+000
( 0.90604342226987744E+000,-0.45190696034549461E-003)
 0.23561944901923448E+001  0.78539816339744828E+000
( 0.93115082703999885E+000,-0.45190696034546951E-003)
 0.23561944901923448E+001  0.15707963267948966E+001
( 0.10144654996294773E+001,-0.45190696034547189E-003)
 0.23561944901923448E+001  0.23561944901923448E+001
( 0.11276655133851117E+001,-0.45190696034546626E-003)
 0.23561944901923448E+001  0.31415926535897931E+001
( 0.11871066538836559E+001,-0.45190696034547081E-003)
 0.31415926535897931E+001 -0.23561944901923448E+001
( 0.11602782239849458E+001,-0.45265440701269810E-017)
 0.31415926535897931E+001 -0.15707963267948966E+001
( 0.10465367638145260E+001,-0.33228354381451915E-016)
 0.31415926535897931E+001 -0.78539816339744828E+000
( 0.98643003176473987E+000,-0.18675382421062814E-016)
 0.31415926535897931E+001  0.00000000000000000E+000
( 0.97046213333765774E+000,-0.79297756972034989E-018)
 0.31415926535897931E+001  0.78539816339744828E+000
( 0.98643003176473987E+000, 0.17130394325270970E-016)
 0.31415926535897931E+001  0.15707963267948966E+001
( 0.10465367638145260E+001, 0.36097777372877848E-016)
 0.31415926535897931E+001  0.23561944901923448E+001
( 0.11602782239849458E+001, 0.81044112393291456E-017)
 0.31415926535897931E+001  0.31415926535897931E+001
( 0.12155753558428213E+001,-0.12378262853616099E-017)
 0.10000000000000000E+001          1         64
( 0.00000000000000000E+000, 0.41871592410051569E-004)
-0.23561944901923448E+001 -0.23561944901923448E+001
( 0.11419786809845600E+001, 0.33399857198907574E-003)
-0.23561944901923448E+001 -0.15707963267948966E+001
( 0.10193861989143373E+001, 0.33399857198907406E-003)
-0.23561944901923448E+001 -0.78539816339744828E+000
( 0.93392384748870960E+000, 0.33399857198909157E-003)
-0.23561944901923448E+001  0.00000000000000000E+000
( 0.90981087381242931E+000, 0.33399857198905986E-003)
-0.23561944901923448E+001  0.78539816339744828E+000
( 0.93355836664730707E+000, 0.33399857198904755E-003)
-0.23561944901923448E+001  0.15707963267948966E+001
( 0.10181002712191534E+001, 0.33399857198905704E-003)
-0.23561944901923448E+001  0.23561944901923448E+001
( 0.11476100610507374E+001, 0.33399857198906083E-003)
-0.23561944901923448E+001  0.31415926535897931E+001
( 0.12093692299512058E+001, 0.33399857198906241E-003)
-0.15707963267948966E+001 -0.23561944901923448E+001
( 0.10890958672945725E+001, 0.47234531032018610E-003)
-0.15707963267948966E+001 -0.15707963267948966E+001
( 0.92292974280134865E+000, 0.47234531032019569E-003)
-0.15707963267948966E+001 -0.78539816339744828E+000
( 0.79478774810154751E+000, 0.47234531032016680E-003)
-0.15707963267948966E+001  0.00000000000000000E+000
( 0.75727966392353208E+000, 0.47234531032015758E-003)
-0.15707963267948966E+001  0.78539816339744828E+000
( 0.79340638870633551E+000, 0.47234531032017423E-003)
-0.15707963267948966E+001  0.15707963267948966E+001
( 0.92186279846625052E+000, 0.47234531032016111E-003)
-0.15707963267948966E+001  0.23561944901923448E+001
( 0.10850598129943598E+001, 0.47234531032015769E-003)
-0.15707963267948966E+001  0.31415926535897931E+001
( 0.11633282806700949E+001, 0.47234531032016273E-003)
-0.78539816339744828E+000 -0.23561944901923448E+001
( 0.10464501980913135E+001, 0.33399857198908978E-003)
-0.78539816339744828E+000 -0.15707963267948966E+001
( 0.84459579104637328E+000, 0.33399857198908003E-003)
-0.78539816339744828E+000 -0.78539816339744828E+000
( 0.62623216298305417E+000, 0.33399857198906024E-003)
-0.78539816339744828E+000  0.00000000000000000E+000
( 0.54424558312076232E+000, 0.33399857198904750E-003)
-0.78539816339744828E+000  0.78539816339744828E+000
( 0.62484374074663385E+000, 0.33399857198904408E-003)
-0.78539816339744828E+000  0.15707963267948966E+001
( 0.84554642444068773E+000, 0.33399857198905146E-003)
-0.78539816339744828E+000  0.23561944901923448E+001
( 0.10473357418239002E+001, 0.33399857198904267E-003)
-0.78539816339744828E+000  0.31415926535897931E+001
( 0.11346387394715749E+001, 0.33399857198906344E-003)
 0.00000000000000000E+000 -0.23561944901923448E+001
( 0.10447201542734679E+001, 0.21473979278791022E-016)
 0.00000000000000000E+000 -0.15707963267948966E+001
( 0.81863460305000524E+000, 0.14973223842745170E-016)
 0.00000000000000000E+000 -0.78539816339744828E+000
( 0.55327316454699260E+000, 0.12725822999548608E-016)
 0.00000000000000000E+000  0.00000000000000000E+000
( 0.40978158550699767E+000, 0.11703391531398713E-019)
 0.00000000000000000E+000  0.78539816339744828E+000
( 0.55327316454699260E+000,-0.12725822999548608E-016)
 0.00000000000000000E+000  0.15707963267948966E+001
( 0.81863460305000524E+000,-0.14990921617487264E-016)
 0.00000000000000000E+000  0.23561944901923448E+001
( 0.10447201542734679E+001,-0.21473979278791022E-016)
 0.00000000000000000E+000  0.31415926535897931E+001
( 0.11250402893388975E+001,-0.14795244354890510E-017)
 0.78539816339744828E+000 -0.23561944901923448E+001
( 0.10473357418239002E+001,-0.33399857198904267E-003)
 0.78539816339744828E+000 -0.15707963267948966E+001
( 0.84554642444068773E+000,-0.33399857198905146E-003)
 0.78539816339744828E+000 -0.78539816339744828E+000
( 0.62484374074663385E+000,-0.33399857198904408E-003)
 0.78539816339744828E+000  0.00000000000000000E+000
( 0.54424558312076232E+000,-0.33399857198904750E-003)
 0.78539816339744828E+000  0.78539816339744828E+000
( 0.62623216298305417E+000,-0.33399857198906024E-003)
 0.78539816339744828E+000  0.15707963267948966E+001
( 0.84459579104637328E+000,-0.33399857198908003E-003)
 0.78539816339744828E+000  0.23561944901923448E+001
( 0.10464501980913135E+001,-0.33399857198908978E-003)
 0.78539816339744828E+000  0.31415926535897931E+001
( 0.11346387394715749E+001,-0.33399857198904913E-003)
 0.15707963267948966E+001 -0.23561944901923448E+001
( 0.10850598129943598E+001,-0.47234531032015769E-003)
 0.15707963267948966E+001 -0.15707963267948966E+001
( 0.92186279846625052E+000,-0.47234531032016111E-003)
 0.15707963267948966E+001 -0.78539816339744828E+000
( 0.79340638870633551E+000,-0.47234531032017423E-003)
 0.15707963267948966E+001  0.00000000000000000E+000
( 0.75727966392353208E+000,-0.47234531032015758E-003)
 0.15707963267948966E+001  0.78539816339744828E+000
( 0.79478774810154751E+000,-0.47234531032016680E-003)
 0.15707963267948966E+001  0.15707963267948966E+001
( 0.92292974280134865E+000,-0.47234531032019569E-003)
 0.15707963267948966E+001  0.23561944901923448E+001
( 0.10890958672945725E+001,-0.47234531032018610E-003)
 0.15707963267948966E+001  0.31415926535897931E+001
( 0.11633282806700949E+001,-0.47234531032016365E-003)
 0.23561944901923448E+001 -0.23561944901923448E+001
( 0.11476100610507374E+001,-0.33399857198906083E-003)
 0.23561944901923448E+001 -0.15707963267948966E+001
( 0.10181002712191534E+001,-0.33399857198905704E-003)
 0.23561944901923448E+001 -0.78539816339744828E+000
( 0.93355836664730707E+000,-0.33399857198904755E-003)
 0.23561944901923448E+001  0.00000000000000000E+000
( 0.90981087381242931E+000,-0.33399857198905986E-003)
 0.23561944901923448E+001  0.78539816339744828E+000
( 0.93392384748870960E+000,-0.33399857198909157E-003)
 0.23561944901923448E+001  0.15707963267948966E+001
( 0.10193861989143373E+001,-0.33399857198907406E-003)
 0.23561944901923448E+001  0.23561944901923448E+001
( 0.11419786809845600E+001,-0.33399857198907574E-003)
 0.23561944901923448E+001  0.31415926535897931E+001
( 0.12093692299512058E+001,-0.33399857198906517E-003)
 0.31415926535897931E+001 -0.23561944901923448E+001
( 0.11733410686445240E+001, 0.95545316450285078E-018)
 0.31415926535897931E+001 -0.15707963267948966E+001
( 0.10543555909868723E+001, 0.24339974022854680E-016)
 0.31415926535897931E+001 -0.78539816339744828E+000
( 0.98661072109159198E+000, 0.33061389997229851E-016)
 0.31415926535897931E+001  0.00000000000000000E+000
( 0.97328266263061258E+000,-0.70996856536854257E-018)
 0.31415926535897931E+001  0.78539816339744828E+000
( 0.98661072109159187E+000,-0.33691582509987050E-016)
 0.31415926535897931E+001  0.15707963267948966E+001
( 0.10543555909868723E+001,-0.20764854850556448E-016)
 0.31415926535897931E+001  0.23561944901923448E+001
( 0.11733410686445240E+001,-0.13281476612947429E-016)
 0.31415926535897931E+001  0.31415926535897931E+001
( 0.12305728946543988E+001,-0.84190178855199599E-018)
