          31           4   6.0000000000000000                1
     0.0000000        0.44690671        0.02036280
     0.1000000        0.30618365        0.03103666
     0.2000000        0.22757841        0.02407364
     0.3000000        0.17829875        0.02491551
     0.4000000        0.16613196        0.01319147
     0.5000000        0.12125318        0.00959703
     0.6000000        0.11092614        0.00708049
     0.7000000        0.09313101        0.00702225
     0.8000000        0.08459264        0.00598778
     0.9000000        0.07373923        0.00201551
     1.0000000        0.06055780        0.00255296
     1.1000000        0.05694297        0.00551952
     1.2000000        0.06159927        0.00964367
     1.3000000        0.05023202        0.00660395
     1.4000000        0.04174374        0.01037396
     1.5000000        0.03945075        0.00481609
     1.6000000        0.03196881        0.01285997
     1.7000000        0.03893377        0.01352699
     1.8000000        0.02173680        0.00856626
     1.9000000        0.03215942        0.00772325
     2.0000000        0.01884530        0.00938404
     2.1000000        0.02007397        0.01483056
     2.2000000        0.01611280        0.01069775
     2.3000000        0.01425009        0.01360648
     2.4000000        0.00179210        0.01509645
     2.5000000        0.00212833        0.01334103
     2.6000000        0.01871915        0.00806990
     2.7000000        0.01913515        0.01047304
     2.8000000        0.02841356        0.01182529
     2.9000000        0.01761436        0.00939013
     3.0000000        0.02511514        0.02304297
