          21           4   4.0000000000000000                1
     0.0000000        2.43391724        0.08388765
     0.1000000        2.21324083        0.08451284
     0.2000000        2.05986978        0.08567171
     0.3000000        1.94784698        0.08465752
     0.4000000        1.86173059        0.08154435
     0.5000000        1.80278689        0.08056569
     0.6000000        1.75693264        0.08252159
     0.7000000        1.71011768        0.08009857
     0.8000000        1.66682971        0.07452098
     0.9000000        1.63592007        0.07040766
     1.0000000        1.61376500        0.06810298
     1.1000000        1.59648311        0.06816100
     1.2000000        1.58753099        0.06910588
     1.3000000        1.57899938        0.07007818
     1.4000000        1.57042710        0.07118782
     1.5000000        1.56311494        0.06812113
     1.6000000        1.55427128        0.06470237
     1.7000000        1.54498120        0.05974613
     1.8000000        1.53696315        0.05451672
     1.9000000        1.52634364        0.05285928
     2.0000000        1.51979548        0.05274740
