          11           9   2.0000000000000000                1
     0.0000000        0.74468123        0.00830138
     0.1000000        0.54985668        0.00538521
     0.2000000        0.43113626        0.00452782
     0.3000000        0.35511065        0.00195805
     0.4000000        0.30114996        0.00269144
     0.5000000        0.26562897        0.00328496
     0.6000000        0.23721733        0.00252831
     0.7000000        0.22350155        0.00275802
     0.8000000        0.20920541        0.00219765
     0.9000000        0.20298359        0.00396199
     1.0000000        0.20101041        0.00409033
