          11           4   2.0000000000000000                1
     0.0000000        0.29555787        0.12735939
     0.1000000        0.16178511        0.12629821
     0.2000000        0.08918274        0.12292813
     0.3000000        0.05017516        0.11509165
     0.4000000        0.02910367        0.10779754
     0.5000000        0.02561226        0.10228880
     0.6000000        0.02615416        0.09001503
     0.7000000        0.02533017        0.08084220
     0.8000000        0.02191635        0.07834951
     0.9000000        0.02224825        0.07775914
     1.0000000        0.02532436        0.07912852
