          31           9   6.0000000000000000                1
     0.0000000        0.26719707        0.00621548
     0.1000000        0.15847712        0.00275359
     0.2000000        0.09640341        0.00245105
     0.3000000        0.05769819        0.00253354
     0.4000000        0.04019242        0.00223429
     0.5000000        0.02503813        0.00184127
     0.6000000        0.01939969        0.00290521
     0.7000000        0.01190792        0.00250226
     0.8000000        0.00596672        0.00241109
     0.9000000        0.00632107        0.00179498
     1.0000000        0.00865893        0.00248388
     1.1000000        0.00185634        0.00181411
     1.2000000        0.00211607        0.00217434
     1.3000000        0.00406768        0.00226017
     1.4000000        0.00132933        0.00226307
     1.5000000       -0.00011120        0.00257322
     1.6000000        0.00157976        0.00290158
     1.7000000        0.00486124        0.00191085
     1.8000000        0.00333929        0.00237629
     1.9000000        0.00482646        0.00248119
     2.0000000        0.00121239        0.00206226
     2.1000000       -0.00014093        0.00140341
     2.2000000        0.00022541        0.00219670
     2.3000000        0.00216464        0.00236062
     2.4000000       -0.00113525        0.00203268
     2.5000000        0.00377703        0.00271103
     2.6000000        0.00197596        0.00200296
     2.7000000       -0.00011386        0.00160163
     2.8000000       -0.00023860        0.00241137
     2.9000000        0.00100705        0.00251612
     3.0000000        0.00498635        0.00276800
