          21           4   5.0000000000000000                1
     0.0000000        0.27815170        0.00377934
     0.1250000        0.15204214        0.00273769
     0.2500000        0.08674418        0.00180161
     0.3750000        0.05183586        0.00096364
     0.5000000        0.03222657        0.00064791
     0.6250000        0.02100823        0.00077096
     0.7500000        0.01402084        0.00103315
     0.8750000        0.00946384        0.00110374
     1.0000000        0.00663758        0.00096979
     1.1250000        0.00508810        0.00079449
     1.2500000        0.00399977        0.00076424
     1.3750000        0.00330044        0.00078079
     1.5000000        0.00287345        0.00080525
     1.6250000        0.00259232        0.00084757
     1.7500000        0.00250440        0.00079908
     1.8750000        0.00245486        0.00069050
     2.0000000        0.00233624        0.00062112
     2.1250000        0.00212137        0.00052341
     2.2500000        0.00197870        0.00038650
     2.3750000        0.00192962        0.00040172
     2.5000000        0.00188730        0.00047547
