          31           9   6.0000000000000000                1
     0.0000000        0.33199949        0.01787361
     0.1000000        0.18051080        0.01742566
     0.2000000        0.10106497        0.01627303
     0.3000000        0.06033043        0.01493418
     0.4000000        0.04075311        0.01340719
     0.5000000        0.02880307        0.01187725
     0.6000000        0.01971354        0.01104619
     0.7000000        0.01515300        0.01034974
     0.8000000        0.01182769        0.00942315
     0.9000000        0.00778058        0.00873302
     1.0000000        0.00388763        0.00862393
     1.1000000        0.00056257        0.00885385
     1.2000000       -0.00142066        0.00878136
     1.3000000       -0.00190106        0.00846517
     1.4000000       -0.00127254        0.00851057
     1.5000000        0.00051301        0.00849826
     1.6000000        0.00263415        0.00851009
     1.7000000        0.00378306        0.00914371
     1.8000000        0.00349593        0.01001149
     1.9000000        0.00335684        0.01018718
     2.0000000        0.00291909        0.00908616
     2.1000000        0.00264743        0.00771363
     2.2000000        0.00241745        0.00623023
     2.3000000        0.00246431        0.00525362
     2.4000000        0.00278692        0.00455431
     2.5000000        0.00156834        0.00454953
     2.6000000        0.00156718        0.00522265
     2.7000000        0.00165165        0.00618657
     2.8000000        0.00150050        0.00744194
     2.9000000        0.00244755        0.00803848
     3.0000000        0.00283376        0.00809839
