          51           9   10.000000000000000                1
     0.0000000        0.58890712        0.02692127
     0.1000000        0.46357546        0.02683901
     0.2000000        0.37318838        0.02578665
     0.3000000        0.30564671        0.02412573
     0.4000000        0.25380604        0.02253942
     0.5000000        0.20959819        0.02088388
     0.6000000        0.17154581        0.01918963
     0.7000000        0.14139010        0.01764968
     0.8000000        0.11757131        0.01686253
     0.9000000        0.09705238        0.01559938
     1.0000000        0.07985397        0.01400316
     1.1000000        0.06712295        0.01347741
     1.2000000        0.05890576        0.01249946
     1.3000000        0.05429909        0.01162898
     1.4000000        0.04926082        0.01105149
     1.5000000        0.04385739        0.00993550
     1.6000000        0.03937789        0.00953221
     1.7000000        0.03469753        0.01091506
     1.8000000        0.02882439        0.01343874
     1.9000000        0.02422780        0.01529543
     2.0000000        0.02100510        0.01588086
     2.1000000        0.01802724        0.01543797
     2.2000000        0.01418183        0.01496511
     2.3000000        0.00938369        0.01489082
     2.4000000        0.00884658        0.01445963
     2.5000000        0.00954803        0.01364834
     2.6000000        0.00909101        0.01296789
     2.7000000        0.01078517        0.01247986
     2.8000000        0.01215361        0.01250535
     2.9000000        0.00984030        0.01173230
     3.0000000        0.00623150        0.01108712
     3.1000000        0.00235633        0.01169206
     3.2000000       -0.00036937        0.01272942
     3.3000000        0.00053240        0.01319996
     3.4000000       -0.00007302        0.01300516
     3.5000000       -0.00151177        0.01308129
     3.6000000       -0.00186834        0.01271979
     3.7000000       -0.00222509        0.01138156
     3.8000000       -0.00151826        0.00989745
     3.9000000        0.00006117        0.00949739
     4.0000000        0.00109855        0.00930433
     4.1000000        0.00172814        0.00830404
     4.2000000        0.00286286        0.00733835
     4.3000000        0.00446027        0.00691482
     4.4000000        0.00700780        0.00730002
     4.5000000        0.00906784        0.00829173
     4.6000000        0.01025140        0.00925114
     4.7000000        0.00885238        0.01012288
     4.8000000        0.00594034        0.01085584
     4.9000000        0.00505446        0.01090601
     5.0000000        0.00519646        0.01090686
