          51           9   10.000000000000000                1
     0.0000000        0.16427030        0.00577762
     0.1000000        0.10952089        0.00518662
     0.2000000        0.07406037        0.00444769
     0.3000000        0.05033269        0.00384356
     0.4000000        0.03423901        0.00318058
     0.5000000        0.02373855        0.00221767
     0.6000000        0.01668694        0.00144327
     0.7000000        0.01137558        0.00117947
     0.8000000        0.00744511        0.00099231
     0.9000000        0.00479905        0.00080971
     1.0000000        0.00316106        0.00071553
     1.1000000        0.00215844        0.00070099
     1.2000000        0.00157415        0.00061152
     1.3000000        0.00122181        0.00050766
     1.4000000        0.00090504        0.00049791
     1.5000000        0.00058546        0.00047395
     1.6000000        0.00038873        0.00044675
     1.7000000        0.00029912        0.00043068
     1.8000000        0.00022299        0.00038122
     1.9000000        0.00016395        0.00033122
     2.0000000        0.00011969        0.00030724
     2.1000000        0.00010181        0.00027360
     2.2000000        0.00009493        0.00023621
     2.3000000        0.00007724        0.00020355
     2.4000000        0.00006411        0.00017560
     2.5000000        0.00007242        0.00016604
     2.6000000        0.00008593        0.00015898
     2.7000000        0.00009651        0.00014327
     2.8000000        0.00010967        0.00013703
     2.9000000        0.00012716        0.00013319
     3.0000000        0.00015638        0.00013271
     3.1000000        0.00016563        0.00013647
     3.2000000        0.00014550        0.00011627
     3.3000000        0.00012157        0.00007674
     3.4000000        0.00009794        0.00004163
     3.5000000        0.00008499        0.00002801
     3.6000000        0.00007490        0.00002673
     3.7000000        0.00005878        0.00002979
     3.8000000        0.00004242        0.00002349
     3.9000000        0.00004009        0.00001654
     4.0000000        0.00005535        0.00004434
     4.1000000        0.00006098        0.00006522
     4.2000000        0.00006203        0.00006709
     4.3000000        0.00006052        0.00006280
     4.4000000        0.00005301        0.00005379
     4.5000000        0.00005058        0.00004538
     4.6000000        0.00005050        0.00004174
     4.7000000        0.00003850        0.00003739
     4.8000000        0.00002050        0.00003442
     4.9000000        0.00000825        0.00003358
     5.0000000        0.00000321        0.00003267
