          41           9   8.0000000000000000                1
     0.0000000        2.83789415        0.15230205
     0.1000000        2.61112722        0.14874994
     0.2000000        2.44273011        0.14344462
     0.3000000        2.30883676        0.13810852
     0.4000000        2.20024343        0.13295881
     0.5000000        2.11337631        0.13007311
     0.6000000        2.04059584        0.12809885
     0.7000000        1.98392640        0.12951307
     0.8000000        1.93525901        0.13131413
     0.9000000        1.88618675        0.13130555
     1.0000000        1.83968689        0.13153610
     1.1000000        1.79604723        0.13027974
     1.2000000        1.75906143        0.12996375
     1.3000000        1.72896905        0.13154060
     1.4000000        1.69857009        0.13032180
     1.5000000        1.66735947        0.12851296
     1.6000000        1.63661899        0.12749894
     1.7000000        1.60598159        0.12632733
     1.8000000        1.58005001        0.12654553
     1.9000000        1.55625523        0.12722801
     2.0000000        1.53764696        0.12958398
     2.1000000        1.52221283        0.13191831
     2.2000000        1.50562740        0.13187937
     2.3000000        1.48803259        0.12905628
     2.4000000        1.46820361        0.12440384
     2.5000000        1.44852176        0.11927068
     2.6000000        1.42957682        0.11438305
     2.7000000        1.41445897        0.11284571
     2.8000000        1.40398905        0.11412975
     2.9000000        1.39557482        0.11676386
     3.0000000        1.38409461        0.11535647
     3.1000000        1.37371246        0.11226838
     3.2000000        1.36895934        0.11212032
     3.3000000        1.36309187        0.11066638
     3.4000000        1.35348930        0.10828424
     3.5000000        1.34658359        0.10742002
     3.6000000        1.34124789        0.10763997
     3.7000000        1.33663895        0.10824598
     3.8000000        1.33423374        0.10821256
     3.9000000        1.33099719        0.10714123
     4.0000000        1.32929238        0.10635664
