   -2.513274     -2.513274
  1    1        0.97127551        0.00524391        0.00010096        0.00040233
   -2.513274     -1.884956
  1    1        0.90600137        0.00747878        0.00010096        0.00040233
   -2.513274     -1.256637
  1    1        0.86136407        0.00881472        0.00010096        0.00040233
   -2.513274     -0.628319
  1    1        0.84424837        0.01754152        0.00010096        0.00040233
   -2.513274      0.000000
  1    1        0.84487444        0.01303816        0.00010096        0.00040233
   -2.513274      0.628319
  1    1        0.84977076        0.00995639        0.00010096        0.00040233
   -2.513274      1.256637
  1    1        0.85887170        0.00639108        0.00010096        0.00040233
   -2.513274      1.884956
  1    1        0.90557436        0.01394054        0.00010096        0.00040233
   -2.513274      2.513274
  1    1        0.96606491        0.00965336        0.00010096        0.00040233
   -2.513274      3.141593
  1    1        1.00146520        0.00958769        0.00010096        0.00040233
   -1.884956     -2.513274
  1    1        0.92188412        0.00668197        0.00016336        0.00065099
   -1.884956     -1.884956
  1    1        0.82922456        0.00636051        0.00016336        0.00065099
   -1.884956     -1.256637
  1    1        0.75762399        0.00559412        0.00016336        0.00065099
   -1.884956     -0.628319
  1    1        0.73579009        0.00634263        0.00016336        0.00065099
   -1.884956      0.000000
  1    1        0.73362094        0.00296780        0.00016336        0.00065099
   -1.884956      0.628319
  1    1        0.73408166        0.00942308        0.00016336        0.00065099
   -1.884956      1.256637
  1    1        0.75099089        0.01048920        0.00016336        0.00065099
   -1.884956      1.884956
  1    1        0.82498817        0.01341635        0.00016336        0.00065099
   -1.884956      2.513274
  1    1        0.92912308        0.00736415        0.00016336        0.00065099
   -1.884956      3.141593
  1    1        0.96914646        0.00793042        0.00016336        0.00065099
   -1.256637     -2.513274
  1    1        0.89384868        0.00553747        0.00016336        0.00065099
   -1.256637     -1.884956
  1    1        0.76111484        0.00556016        0.00016336        0.00065099
   -1.256637     -1.256637
  1    1        0.61428847        0.00714208        0.00016336        0.00065099
   -1.256637     -0.628319
  1    1        0.55483459        0.00451075        0.00016336        0.00065099
   -1.256637      0.000000
  1    1        0.54969337        0.00593875        0.00016336        0.00065099
   -1.256637      0.628319
  1    1        0.55754432        0.00382640        0.00016336        0.00065099
   -1.256637      1.256637
  1    1        0.61416307        0.00427522        0.00016336        0.00065099
   -1.256637      1.884956
  1    1        0.75911697        0.00322452        0.00016336        0.00065099
   -1.256637      2.513274
  1    1        0.89572407        0.00109371        0.00016336        0.00065099
   -1.256637      3.141593
  1    1        0.94508154        0.00607150        0.00016336        0.00065099
   -0.628319     -2.513274
  1    1        0.89122231        0.00727471        0.00010096        0.00040233
   -0.628319     -1.884956
  1    1        0.73815885        0.00206144        0.00010096        0.00040233
   -0.628319     -1.256637
  1    1        0.51939845        0.00934160        0.00010096        0.00040233
   -0.628319     -0.628319
  1    1        0.35974823        0.00218256        0.00010096        0.00040233
   -0.628319      0.000000
  1    1        0.33710515        0.00692774        0.00010096        0.00040233
   -0.628319      0.628319
  1    1        0.35499893        0.00331767        0.00010096        0.00040233
   -0.628319      1.256637
  1    1        0.52344079        0.00423949        0.00010096        0.00040233
   -0.628319      1.884956
  1    1        0.73052205        0.00493112        0.00010096        0.00040233
   -0.628319      2.513274
  1    1        0.89311339        0.00351372        0.00010096        0.00040233
   -0.628319      3.141593
  1    1        0.93695918        0.00384881        0.00010096        0.00040233
    0.000000     -2.513274
  1    1        0.88652746        0.00415808        0.00000000        0.00000000
    0.000000     -1.884956
  1    1        0.72646029        0.00752140        0.00000000        0.00000000
    0.000000     -1.256637
  1    1        0.50644923        0.00601255        0.00000000        0.00000000
    0.000000     -0.628319
  1    1        0.25682891        0.00259655        0.00000000        0.00000000
    0.000000      0.000000
  1    1        0.12305409        0.01209657       -0.00000000        0.00000000
    0.000000      0.628319
  1    1        0.25682891        0.00259655       -0.00000000        0.00000000
    0.000000      1.256637
  1    1        0.50644923        0.00601255       -0.00000000        0.00000000
    0.000000      1.884956
  1    1        0.72646029        0.00752140       -0.00000000        0.00000000
    0.000000      2.513274
  1    1        0.88652746        0.00415808       -0.00000000        0.00000000
    0.000000      3.141593
  1    1        0.95050693        0.00554619        0.00000000        0.00000000
    0.628319     -2.513274
  1    1        0.89311339        0.00351372       -0.00010096        0.00040233
    0.628319     -1.884956
  1    1        0.73052205        0.00493112       -0.00010096        0.00040233
    0.628319     -1.256637
  1    1        0.52344079        0.00423949       -0.00010096        0.00040233
    0.628319     -0.628319
  1    1        0.35499893        0.00331767       -0.00010096        0.00040233
    0.628319      0.000000
  1    1        0.33710515        0.00692774       -0.00010096        0.00040233
    0.628319      0.628319
  1    1        0.35974823        0.00218256       -0.00010096        0.00040233
    0.628319      1.256637
  1    1        0.51939845        0.00934160       -0.00010096        0.00040233
    0.628319      1.884956
  1    1        0.73815885        0.00206144       -0.00010096        0.00040233
    0.628319      2.513274
  1    1        0.89122231        0.00727471       -0.00010096        0.00040233
    0.628319      3.141593
  1    1        0.93695918        0.00384881       -0.00010096        0.00040233
    1.256637     -2.513274
  1    1        0.89572407        0.00109371       -0.00016336        0.00065099
    1.256637     -1.884956
  1    1        0.75911697        0.00322452       -0.00016336        0.00065099
    1.256637     -1.256637
  1    1        0.61416307        0.00427522       -0.00016336        0.00065099
    1.256637     -0.628319
  1    1        0.55754432        0.00382640       -0.00016336        0.00065099
    1.256637      0.000000
  1    1        0.54969337        0.00593875       -0.00016336        0.00065099
    1.256637      0.628319
  1    1        0.55483459        0.00451075       -0.00016336        0.00065099
    1.256637      1.256637
  1    1        0.61428847        0.00714208       -0.00016336        0.00065099
    1.256637      1.884956
  1    1        0.76111484        0.00556016       -0.00016336        0.00065099
    1.256637      2.513274
  1    1        0.89384868        0.00553747       -0.00016336        0.00065099
    1.256637      3.141593
  1    1        0.94508154        0.00607150       -0.00016336        0.00065099
    1.884956     -2.513274
  1    1        0.92912308        0.00736415       -0.00016336        0.00065099
    1.884956     -1.884956
  1    1        0.82498817        0.01341635       -0.00016336        0.00065099
    1.884956     -1.256637
  1    1        0.75099089        0.01048920       -0.00016336        0.00065099
    1.884956     -0.628319
  1    1        0.73408166        0.00942308       -0.00016336        0.00065099
    1.884956      0.000000
  1    1        0.73362094        0.00296780       -0.00016336        0.00065099
    1.884956      0.628319
  1    1        0.73579009        0.00634263       -0.00016336        0.00065099
    1.884956      1.256637
  1    1        0.75762399        0.00559412       -0.00016336        0.00065099
    1.884956      1.884956
  1    1        0.82922456        0.00636051       -0.00016336        0.00065099
    1.884956      2.513274
  1    1        0.92188412        0.00668197       -0.00016336        0.00065099
    1.884956      3.141593
  1    1        0.96914646        0.00793042       -0.00016336        0.00065099
    2.513274     -2.513274
  1    1        0.96606491        0.00965336       -0.00010096        0.00040233
    2.513274     -1.884956
  1    1        0.90557436        0.01394054       -0.00010096        0.00040233
    2.513274     -1.256637
  1    1        0.85887170        0.00639108       -0.00010096        0.00040233
    2.513274     -0.628319
  1    1        0.84977076        0.00995639       -0.00010096        0.00040233
    2.513274      0.000000
  1    1        0.84487444        0.01303816       -0.00010096        0.00040233
    2.513274      0.628319
  1    1        0.84424837        0.01754152       -0.00010096        0.00040233
    2.513274      1.256637
  1    1        0.86136407        0.00881472       -0.00010096        0.00040233
    2.513274      1.884956
  1    1        0.90600137        0.00747878       -0.00010096        0.00040233
    2.513274      2.513274
  1    1        0.97127551        0.00524391       -0.00010096        0.00040233
    2.513274      3.141593
  1    1        1.00146520        0.00958769       -0.00010096        0.00040233
    3.141593     -2.513274
  1    1        0.98083267        0.01215277        0.00000000        0.00000000
    3.141593     -1.884956
  1    1        0.92683530        0.01224888        0.00000000        0.00000000
    3.141593     -1.256637
  1    1        0.89817137        0.01331453        0.00000000        0.00000000
    3.141593     -0.628319
  1    1        0.88440536        0.01516948        0.00000000        0.00000000
    3.141593      0.000000
  1    1        0.89252187        0.01118533        0.00000000        0.00000000
    3.141593      0.628319
  1    1        0.88440536        0.01516948       -0.00000000        0.00000000
    3.141593      1.256637
  1    1        0.89817137        0.01331453       -0.00000000        0.00000000
    3.141593      1.884956
  1    1        0.92683530        0.01224888       -0.00000000        0.00000000
    3.141593      2.513274
  1    1        0.98083267        0.01215277       -0.00000000        0.00000000
    3.141593      3.141593
  1    1        1.01190301        0.00933781       -0.00000000        0.00000000
