   -2.513274     -2.513274
  1    1        1.29192453        0.01479665        0.00000000        0.00000000
   -2.513274     -1.884956
  1    1        0.98910234        0.00567850       -0.00000000        0.00000000
   -2.513274     -1.256637
  1    1        0.77257288        0.00209882        0.00000000        0.00000000
   -2.513274     -0.628319
  1    1        0.66915192        0.00149785       -0.00000000        0.00000000
   -2.513274      0.000000
  1    1        0.62784703        0.00357457       -0.00000000        0.00000000
   -2.513274      0.628319
  1    1        0.67018593        0.00147383        0.00000000        0.00000000
   -2.513274      1.256637
  1    1        0.77425221        0.00185785       -0.00000000        0.00000000
   -2.513274      1.884956
  1    1        0.98291369        0.00442574        0.00000000        0.00000000
   -2.513274      2.513274
  1    1        1.28925506        0.01092880       -0.00000000        0.00000000
   -2.513274      3.141593
  1    1        1.56354402        0.01095274        0.00000000        0.00000000
   -1.884956     -2.513274
  1    1        0.98760506        0.01133382        0.00000000        0.00000000
   -1.884956     -1.884956
  1    1        0.82279320        0.00507865        0.00000000        0.00000000
   -1.884956     -1.256637
  1    1        0.67318805        0.00217647       -0.00000000        0.00000000
   -1.884956     -0.628319
  1    1        0.58022490        0.00300725       -0.00000000        0.00000000
   -1.884956      0.000000
  1    1        0.55247944        0.00194473        0.00000000        0.00000000
   -1.884956      0.628319
  1    1        0.57773436        0.00147592       -0.00000000        0.00000000
   -1.884956      1.256637
  1    1        0.67539018        0.00381223        0.00000000        0.00000000
   -1.884956      1.884956
  1    1        0.82457379        0.00262552       -0.00000000        0.00000000
   -1.884956      2.513274
  1    1        0.98910808        0.00979359        0.00000000        0.00000000
   -1.884956      3.141593
  1    1        1.04675494        0.00650878        0.00000000        0.00000000
   -1.256637     -2.513274
  1    1        0.77264935        0.00483568        0.00000000        0.00000000
   -1.256637     -1.884956
  1    1        0.67466078        0.00576392        0.00000000        0.00000000
   -1.256637     -1.256637
  1    1        0.52972026        0.00295376       -0.00000000        0.00000000
   -1.256637     -0.628319
  1    1        0.43606127        0.00348238        0.00000000        0.00000000
   -1.256637      0.000000
  1    1        0.40264536        0.00259884       -0.00000000        0.00000000
   -1.256637      0.628319
  1    1        0.43412281        0.00225779       -0.00000000        0.00000000
   -1.256637      1.256637
  1    1        0.53071062        0.00305221        0.00000000        0.00000000
   -1.256637      1.884956
  1    1        0.67580053        0.00656353       -0.00000000        0.00000000
   -1.256637      2.513274
  1    1        0.77112958        0.00396295        0.00000000        0.00000000
   -1.256637      3.141593
  1    1        0.81381910        0.00576904        0.00000000        0.00000000
   -0.628319     -2.513274
  1    1        0.66942465        0.00300064       -0.00000000        0.00000000
   -0.628319     -1.884956
  1    1        0.58030285        0.00212622       -0.00000000        0.00000000
   -0.628319     -1.256637
  1    1        0.43130007        0.00323025        0.00000000        0.00000000
   -0.628319     -0.628319
  1    1        0.28011391        0.00230286        0.00000000        0.00000000
   -0.628319      0.000000
  1    1        0.21552025        0.00251295        0.00000000        0.00000000
   -0.628319      0.628319
  1    1        0.27955605        0.00218103        0.00000000        0.00000000
   -0.628319      1.256637
  1    1        0.43397283        0.00244171       -0.00000000        0.00000000
   -0.628319      1.884956
  1    1        0.58171874        0.00300961        0.00000000        0.00000000
   -0.628319      2.513274
  1    1        0.67127832        0.00231808       -0.00000000        0.00000000
   -0.628319      3.141593
  1    1        0.68906206        0.00570506        0.00000000        0.00000000
    0.000000     -2.513274
  1    1        0.63037623        0.00740019       -0.00000000        0.00000000
    0.000000     -1.884956
  1    1        0.55425019        0.00192740        0.00000000        0.00000000
    0.000000     -1.256637
  1    1        0.40358062        0.00490360       -0.00000000        0.00000000
    0.000000     -0.628319
  1    1        0.21506482        0.00208288        0.00000000        0.00000000
    0.000000      0.000000
  1    1        0.07850022        0.00221542        0.00000000        0.00000000
    0.000000      0.628319
  1    1        0.21506482        0.00208288       -0.00000000        0.00000000
    0.000000      1.256637
  1    1        0.40358062        0.00490360        0.00000000        0.00000000
    0.000000      1.884956
  1    1        0.55425019        0.00192740       -0.00000000        0.00000000
    0.000000      2.513274
  1    1        0.63037623        0.00740019        0.00000000        0.00000000
    0.000000      3.141593
  1    1        0.66439108        0.00580893       -0.00000000        0.00000000
    0.628319     -2.513274
  1    1        0.67127832        0.00231808        0.00000000        0.00000000
    0.628319     -1.884956
  1    1        0.58171874        0.00300961       -0.00000000        0.00000000
    0.628319     -1.256637
  1    1        0.43397283        0.00244171        0.00000000        0.00000000
    0.628319     -0.628319
  1    1        0.27955605        0.00218103       -0.00000000        0.00000000
    0.628319      0.000000
  1    1        0.21552025        0.00251295       -0.00000000        0.00000000
    0.628319      0.628319
  1    1        0.28011391        0.00230286       -0.00000000        0.00000000
    0.628319      1.256637
  1    1        0.43130007        0.00323025       -0.00000000        0.00000000
    0.628319      1.884956
  1    1        0.58030285        0.00212622        0.00000000        0.00000000
    0.628319      2.513274
  1    1        0.66942465        0.00300064        0.00000000        0.00000000
    0.628319      3.141593
  1    1        0.68906206        0.00570506       -0.00000000        0.00000000
    1.256637     -2.513274
  1    1        0.77112958        0.00396295       -0.00000000        0.00000000
    1.256637     -1.884956
  1    1        0.67580053        0.00656353        0.00000000        0.00000000
    1.256637     -1.256637
  1    1        0.53071062        0.00305221       -0.00000000        0.00000000
    1.256637     -0.628319
  1    1        0.43412281        0.00225779        0.00000000        0.00000000
    1.256637      0.000000
  1    1        0.40264536        0.00259884        0.00000000        0.00000000
    1.256637      0.628319
  1    1        0.43606127        0.00348238       -0.00000000        0.00000000
    1.256637      1.256637
  1    1        0.52972026        0.00295376        0.00000000        0.00000000
    1.256637      1.884956
  1    1        0.67466078        0.00576392       -0.00000000        0.00000000
    1.256637      2.513274
  1    1        0.77264935        0.00483568       -0.00000000        0.00000000
    1.256637      3.141593
  1    1        0.81381910        0.00576904       -0.00000000        0.00000000
    1.884956     -2.513274
  1    1        0.98910808        0.00979359       -0.00000000        0.00000000
    1.884956     -1.884956
  1    1        0.82457379        0.00262552        0.00000000        0.00000000
    1.884956     -1.256637
  1    1        0.67539018        0.00381223       -0.00000000        0.00000000
    1.884956     -0.628319
  1    1        0.57773436        0.00147592        0.00000000        0.00000000
    1.884956      0.000000
  1    1        0.55247944        0.00194473       -0.00000000        0.00000000
    1.884956      0.628319
  1    1        0.58022490        0.00300725        0.00000000        0.00000000
    1.884956      1.256637
  1    1        0.67318805        0.00217647        0.00000000        0.00000000
    1.884956      1.884956
  1    1        0.82279320        0.00507865       -0.00000000        0.00000000
    1.884956      2.513274
  1    1        0.98760506        0.01133382       -0.00000000        0.00000000
    1.884956      3.141593
  1    1        1.04675494        0.00650878       -0.00000000        0.00000000
    2.513274     -2.513274
  1    1        1.28925506        0.01092880        0.00000000        0.00000000
    2.513274     -1.884956
  1    1        0.98291369        0.00442574       -0.00000000        0.00000000
    2.513274     -1.256637
  1    1        0.77425221        0.00185785        0.00000000        0.00000000
    2.513274     -0.628319
  1    1        0.67018593        0.00147383       -0.00000000        0.00000000
    2.513274      0.000000
  1    1        0.62784703        0.00357457        0.00000000        0.00000000
    2.513274      0.628319
  1    1        0.66915192        0.00149785        0.00000000        0.00000000
    2.513274      1.256637
  1    1        0.77257288        0.00209882       -0.00000000        0.00000000
    2.513274      1.884956
  1    1        0.98910234        0.00567850        0.00000000        0.00000000
    2.513274      2.513274
  1    1        1.29192453        0.01479665       -0.00000000        0.00000000
    2.513274      3.141593
  1    1        1.56354402        0.01095274        0.00000000        0.00000000
    3.141593     -2.513274
  1    1        1.56793117        0.01359702       -0.00000000        0.00000000
    3.141593     -1.884956
  1    1        1.04589962        0.00802807        0.00000000        0.00000000
    3.141593     -1.256637
  1    1        0.80710444        0.00494312        0.00000000        0.00000000
    3.141593     -0.628319
  1    1        0.68766296        0.00104196        0.00000000        0.00000000
    3.141593      0.000000
  1    1        0.66442383        0.00271498       -0.00000000        0.00000000
    3.141593      0.628319
  1    1        0.68766296        0.00104196       -0.00000000        0.00000000
    3.141593      1.256637
  1    1        0.80710444        0.00494312        0.00000000        0.00000000
    3.141593      1.884956
  1    1        1.04589962        0.00802807       -0.00000000        0.00000000
    3.141593      2.513274
  1    1        1.56793117        0.01359702        0.00000000        0.00000000
    3.141593      3.141593
  1    1        2.07384526        0.03827207        0.00000000        0.00000000
