   -2.513274     -2.513274
  1    1        0.38929525        0.00437747        0.00000000        0.00000000
   -2.513274     -1.884956
  1    1        0.34867171        0.00574736        0.00000000        0.00000000
   -2.513274     -1.256637
  1    1        0.30531722        0.00315743       -0.00000000        0.00000000
   -2.513274     -0.628319
  1    1        0.26865907        0.00642075       -0.00000000        0.00000000
   -2.513274      0.000000
  1    1        0.25736385        0.00425942       -0.00000000        0.00000000
   -2.513274      0.628319
  1    1        0.27070727        0.00424242       -0.00000000        0.00000000
   -2.513274      1.256637
  1    1        0.30310621        0.00402705       -0.00000000        0.00000000
   -2.513274      1.884956
  1    1        0.34663053        0.00358718       -0.00000000        0.00000000
   -2.513274      2.513274
  1    1        0.38815379        0.00405699       -0.00000000        0.00000000
   -2.513274      3.141593
  1    1        0.40478332        0.00285435        0.00000000        0.00000000
   -1.884956     -2.513274
  1    1        0.35022153        0.00374592        0.00000000        0.00000000
   -1.884956     -1.884956
  1    1        0.31287670        0.00416752        0.00000000        0.00000000
   -1.884956     -1.256637
  1    1        0.26427145        0.00378471        0.00000000        0.00000000
   -1.884956     -0.628319
  1    1        0.21885931        0.00434175        0.00000000        0.00000000
   -1.884956      0.000000
  1    1        0.20724380        0.00764696       -0.00000000        0.00000000
   -1.884956      0.628319
  1    1        0.22075864        0.00511608       -0.00000000        0.00000000
   -1.884956      1.256637
  1    1        0.25905258        0.00261248        0.00000000        0.00000000
   -1.884956      1.884956
  1    1        0.30804649        0.00323470       -0.00000000        0.00000000
   -1.884956      2.513274
  1    1        0.34876834        0.00814119        0.00000000        0.00000000
   -1.884956      3.141593
  1    1        0.36318056        0.00530198       -0.00000000        0.00000000
   -1.256637     -2.513274
  1    1        0.30300956        0.00681250        0.00000000        0.00000000
   -1.256637     -1.884956
  1    1        0.26254278        0.00274938        0.00000000        0.00000000
   -1.256637     -1.256637
  1    1        0.20217726        0.00320648        0.00000000        0.00000000
   -1.256637     -0.628319
  1    1        0.15503584        0.00166082       -0.00000000        0.00000000
   -1.256637      0.000000
  1    1        0.13715002        0.00332842       -0.00000000        0.00000000
   -1.256637      0.628319
  1    1        0.15242477        0.00479107       -0.00000000        0.00000000
   -1.256637      1.256637
  1    1        0.20034268        0.00352819        0.00000000        0.00000000
   -1.256637      1.884956
  1    1        0.25891256        0.00438057        0.00000000        0.00000000
   -1.256637      2.513274
  1    1        0.30297799        0.00385771       -0.00000000        0.00000000
   -1.256637      3.141593
  1    1        0.31523603        0.00480093       -0.00000000        0.00000000
   -0.628319     -2.513274
  1    1        0.27185951        0.00303299       -0.00000000        0.00000000
   -0.628319     -1.884956
  1    1        0.22460077        0.00346041       -0.00000000        0.00000000
   -0.628319     -1.256637
  1    1        0.15519304        0.00277799       -0.00000000        0.00000000
   -0.628319     -0.628319
  1    1        0.08293707        0.00824090       -0.00000000        0.00000000
   -0.628319      0.000000
  1    1        0.05231029        0.00665358       -0.00000000        0.00000000
   -0.628319      0.628319
  1    1        0.08301014        0.00449297        0.00000000        0.00000000
   -0.628319      1.256637
  1    1        0.15359328        0.00240582        0.00000000        0.00000000
   -0.628319      1.884956
  1    1        0.22134361        0.00441430        0.00000000        0.00000000
   -0.628319      2.513274
  1    1        0.27051174        0.00477490        0.00000000        0.00000000
   -0.628319      3.141593
  1    1        0.28312669        0.00502591       -0.00000000        0.00000000
    0.000000     -2.513274
  1    1        0.25664393        0.00246266       -0.00000000        0.00000000
    0.000000     -1.884956
  1    1        0.20434407        0.00672542       -0.00000000        0.00000000
    0.000000     -1.256637
  1    1        0.13686904        0.00509801       -0.00000000        0.00000000
    0.000000     -0.628319
  1    1        0.05189533        0.00449389       -0.00000000        0.00000000
    0.000000      0.000000
  1    1        0.00254838        0.00670663        0.00000000        0.00000000
    0.000000      0.628319
  1    1        0.05189533        0.00449389        0.00000000        0.00000000
    0.000000      1.256637
  1    1        0.13686904        0.00509801        0.00000000        0.00000000
    0.000000      1.884956
  1    1        0.20434407        0.00672542        0.00000000        0.00000000
    0.000000      2.513274
  1    1        0.25664393        0.00246266        0.00000000        0.00000000
    0.000000      3.141593
  1    1        0.27016615        0.00442527       -0.00000000        0.00000000
    0.628319     -2.513274
  1    1        0.27051174        0.00477490       -0.00000000        0.00000000
    0.628319     -1.884956
  1    1        0.22134361        0.00441430       -0.00000000        0.00000000
    0.628319     -1.256637
  1    1        0.15359328        0.00240582       -0.00000000        0.00000000
    0.628319     -0.628319
  1    1        0.08301014        0.00449297       -0.00000000        0.00000000
    0.628319      0.000000
  1    1        0.05231029        0.00665358        0.00000000        0.00000000
    0.628319      0.628319
  1    1        0.08293707        0.00824090        0.00000000        0.00000000
    0.628319      1.256637
  1    1        0.15519304        0.00277799        0.00000000        0.00000000
    0.628319      1.884956
  1    1        0.22460077        0.00346041        0.00000000        0.00000000
    0.628319      2.513274
  1    1        0.27185951        0.00303299        0.00000000        0.00000000
    0.628319      3.141593
  1    1        0.28312669        0.00502591        0.00000000        0.00000000
    1.256637     -2.513274
  1    1        0.30297799        0.00385771        0.00000000        0.00000000
    1.256637     -1.884956
  1    1        0.25891256        0.00438057       -0.00000000        0.00000000
    1.256637     -1.256637
  1    1        0.20034268        0.00352819       -0.00000000        0.00000000
    1.256637     -0.628319
  1    1        0.15242477        0.00479107        0.00000000        0.00000000
    1.256637      0.000000
  1    1        0.13715002        0.00332842        0.00000000        0.00000000
    1.256637      0.628319
  1    1        0.15503584        0.00166082        0.00000000        0.00000000
    1.256637      1.256637
  1    1        0.20217726        0.00320648       -0.00000000        0.00000000
    1.256637      1.884956
  1    1        0.26254278        0.00274938       -0.00000000        0.00000000
    1.256637      2.513274
  1    1        0.30300956        0.00681250       -0.00000000        0.00000000
    1.256637      3.141593
  1    1        0.31523603        0.00480093        0.00000000        0.00000000
    1.884956     -2.513274
  1    1        0.34876834        0.00814119       -0.00000000        0.00000000
    1.884956     -1.884956
  1    1        0.30804649        0.00323470        0.00000000        0.00000000
    1.884956     -1.256637
  1    1        0.25905258        0.00261248       -0.00000000        0.00000000
    1.884956     -0.628319
  1    1        0.22075864        0.00511608        0.00000000        0.00000000
    1.884956      0.000000
  1    1        0.20724380        0.00764696        0.00000000        0.00000000
    1.884956      0.628319
  1    1        0.21885931        0.00434175       -0.00000000        0.00000000
    1.884956      1.256637
  1    1        0.26427145        0.00378471       -0.00000000        0.00000000
    1.884956      1.884956
  1    1        0.31287670        0.00416752       -0.00000000        0.00000000
    1.884956      2.513274
  1    1        0.35022153        0.00374592       -0.00000000        0.00000000
    1.884956      3.141593
  1    1        0.36318056        0.00530198       -0.00000000        0.00000000
    2.513274     -2.513274
  1    1        0.38815379        0.00405699        0.00000000        0.00000000
    2.513274     -1.884956
  1    1        0.34663053        0.00358718        0.00000000        0.00000000
    2.513274     -1.256637
  1    1        0.30310621        0.00402705        0.00000000        0.00000000
    2.513274     -0.628319
  1    1        0.27070727        0.00424242        0.00000000        0.00000000
    2.513274      0.000000
  1    1        0.25736385        0.00425942        0.00000000        0.00000000
    2.513274      0.628319
  1    1        0.26865907        0.00642075        0.00000000        0.00000000
    2.513274      1.256637
  1    1        0.30531722        0.00315743        0.00000000        0.00000000
    2.513274      1.884956
  1    1        0.34867171        0.00574736       -0.00000000        0.00000000
    2.513274      2.513274
  1    1        0.38929525        0.00437747       -0.00000000        0.00000000
    2.513274      3.141593
  1    1        0.40478332        0.00285435       -0.00000000        0.00000000
    3.141593     -2.513274
  1    1        0.40286534        0.00656946        0.00000000        0.00000000
    3.141593     -1.884956
  1    1        0.36851951        0.00245113        0.00000000        0.00000000
    3.141593     -1.256637
  1    1        0.32033331        0.00426331       -0.00000000        0.00000000
    3.141593     -0.628319
  1    1        0.28381854        0.00570590       -0.00000000        0.00000000
    3.141593      0.000000
  1    1        0.26977765        0.00368199       -0.00000000        0.00000000
    3.141593      0.628319
  1    1        0.28381854        0.00570590        0.00000000        0.00000000
    3.141593      1.256637
  1    1        0.32033331        0.00426331        0.00000000        0.00000000
    3.141593      1.884956
  1    1        0.36851951        0.00245113        0.00000000        0.00000000
    3.141593      2.513274
  1    1        0.40286534        0.00656946       -0.00000000        0.00000000
    3.141593      3.141593
  1    1        0.42209515        0.00243969        0.00000000        0.00000000
