          11           4   2.0000000000000000                1
     0.0000000        0.43643410        0.01396472
     0.1000000        0.22711835        0.00676673
     0.2000000        0.14754148        0.00448215
     0.3000000        0.09777145        0.00259132
     0.4000000        0.06969842        0.00359708
     0.5000000        0.05555528        0.00267377
     0.6000000        0.03873636        0.00306290
     0.7000000        0.03058584        0.00843248
     0.8000000        0.02468152        0.00701128
     0.9000000        0.02253439        0.00561523
     1.0000000        0.02540321        0.01430165
