          41           9   8.0000000000000000                1
     0.0000000        0.59046307        0.00509300
     0.1000000        0.48786245        0.00492115
     0.2000000        0.40701262        0.00468391
     0.3000000        0.34209060        0.00429588
     0.4000000        0.28957219        0.00380012
     0.5000000        0.24655252        0.00338953
     0.6000000        0.21076126        0.00302977
     0.7000000        0.18091872        0.00272490
     0.8000000        0.15570765        0.00250200
     0.9000000        0.13413523        0.00236607
     1.0000000        0.11579299        0.00218808
     1.1000000        0.10010256        0.00216232
     1.2000000        0.08632095        0.00225156
     1.3000000        0.07435047        0.00234058
     1.4000000        0.06451559        0.00232516
     1.5000000        0.05633440        0.00211924
     1.6000000        0.04903816        0.00183410
     1.7000000        0.04292636        0.00167510
     1.8000000        0.03804296        0.00163012
     1.9000000        0.03421449        0.00166193
     2.0000000        0.03107836        0.00176155
     2.1000000        0.02783344        0.00177253
     2.2000000        0.02444207        0.00179005
     2.3000000        0.02118227        0.00177617
     2.4000000        0.01839096        0.00185140
     2.5000000        0.01626674        0.00190150
     2.6000000        0.01490966        0.00198370
     2.7000000        0.01393647        0.00209942
     2.8000000        0.01296646        0.00212890
     2.9000000        0.01211503        0.00212875
     3.0000000        0.01132792        0.00217418
     3.1000000        0.01064035        0.00228333
     3.2000000        0.01024764        0.00225680
     3.3000000        0.00992420        0.00218670
     3.4000000        0.00940342        0.00231691
     3.5000000        0.00874799        0.00260988
     3.6000000        0.00817829        0.00288120
     3.7000000        0.00802591        0.00297985
     3.8000000        0.00799825        0.00306369
     3.9000000        0.00808566        0.00317116
     4.0000000        0.00821428        0.00321644
