          51           4   10.000000000000000                1
     0.0000000        0.41995786        0.02125546
     0.1000000        0.35889697        0.02338558
     0.2000000        0.30396140        0.03143914
     0.3000000        0.27454611        0.00613403
     0.4000000        0.24531950        0.02747470
     0.5000000        0.19151017        0.02139757
     0.6000000        0.14658955        0.03633933
     0.7000000        0.11143532        0.02676480
     0.8000000        0.10682069        0.03989130
     0.9000000        0.08227176        0.01641566
     1.0000000        0.14986884        0.06544513
     1.1000000        0.06070337        0.02720086
     1.2000000        0.06269084        0.01811381
     1.3000000        0.06424665        0.01323326
     1.4000000        0.07317725        0.01858603
     1.5000000        0.07910851        0.04690268
     1.6000000        0.04684912        0.01467522
     1.7000000        0.04575371        0.01849963
     1.8000000        0.03688057        0.01349087
     1.9000000        0.05334426        0.03639503
     2.0000000        0.01655882        0.03589556
     2.1000000        0.00649615        0.01406593
     2.2000000       -0.00160088        0.02574091
     2.3000000        0.02195191        0.00536410
     2.4000000        0.02275902        0.01585848
     2.5000000        0.04509435        0.04377013
     2.6000000        0.01756963        0.03087064
     2.7000000        0.06361198        0.03420316
     2.8000000        0.05833162        0.06172007
     2.9000000        0.01493232        0.03479961
     3.0000000        0.01810479        0.02000998
     3.1000000        0.00291534        0.01921936
     3.2000000        0.01763161        0.04906265
     3.3000000        0.02213105        0.07568311
     3.4000000        0.01841127        0.05104205
     3.5000000        0.07033479        0.06455724
     3.6000000        0.02432315        0.00633682
     3.7000000        0.07039659        0.03664432
     3.8000000        0.05023057        0.02351744
     3.9000000        0.04401908        0.02112088
     4.0000000        0.02283641        0.00552578
     4.1000000        0.02063185        0.02066491
     4.2000000       -0.00341492        0.01225391
     4.3000000       -0.00496588        0.01168034
     4.4000000       -0.01811681        0.02238408
     4.5000000       -0.05834713        0.03819592
     4.6000000       -0.03734188        0.05025000
     4.7000000        0.00495098        0.03322454
     4.8000000       -0.03157010        0.02330685
     4.9000000       -0.04305507        0.03940822
     5.0000000       -0.00242894        0.01278135
