          11           9   2.0000000000000000                1
     0.0000000        0.42902260        0.00479078
     0.1000000        0.39674467        0.00475174
     0.2000000        0.37148919        0.00459408
     0.3000000        0.35134587        0.00435331
     0.4000000        0.33533484        0.00419885
     0.5000000        0.32271286        0.00412444
     0.6000000        0.31298857        0.00407586
     0.7000000        0.30592817        0.00405327
     0.8000000        0.30122853        0.00409520
     0.9000000        0.29870768        0.00416031
     1.0000000        0.29798409        0.00418677
