          21           4   4.0000000000000000                1
     0.0000000        0.35024948        0.00978440
     0.1000000        0.31961412        0.00903526
     0.2000000        0.29347546        0.00825046
     0.3000000        0.27124713        0.00793549
     0.4000000        0.25251203        0.00808953
     0.5000000        0.23653474        0.00865377
     0.6000000        0.22263746        0.00935282
     0.7000000        0.21041726        0.00953055
     0.8000000        0.19918029        0.00932488
     0.9000000        0.18900715        0.00907242
     1.0000000        0.18001231        0.00848758
     1.1000000        0.17206411        0.00808881
     1.2000000        0.16532673        0.00799912
     1.3000000        0.15931752        0.00784922
     1.4000000        0.15384371        0.00745054
     1.5000000        0.14921474        0.00686028
     1.6000000        0.14565075        0.00638124
     1.7000000        0.14334715        0.00655925
     1.8000000        0.14215655        0.00734078
     1.9000000        0.14156162        0.00793800
     2.0000000        0.14135473        0.00807092
