          51           9   10.000000000000000                1
     0.0000000        0.27165759        0.01259741
     0.1000000        0.15960730        0.00893215
     0.2000000        0.09627395        0.00603957
     0.3000000        0.06175152        0.00598444
     0.4000000        0.03885123        0.00611202
     0.5000000        0.02737356        0.00451458
     0.6000000        0.02019261        0.00619587
     0.7000000        0.01564891        0.00600718
     0.8000000        0.01284988        0.00517082
     0.9000000        0.00988351        0.00496617
     1.0000000        0.00592050        0.00469907
     1.1000000        0.00502848        0.00460760
     1.2000000        0.00875528        0.00506384
     1.3000000        0.00541903        0.00393749
     1.4000000        0.00691106        0.00296935
     1.5000000        0.00593641        0.00418641
     1.6000000        0.00343586        0.00322231
     1.7000000        0.00024003        0.00186528
     1.8000000        0.00198210        0.00155060
     1.9000000        0.00044050        0.00177658
     2.0000000       -0.00181008        0.00240347
     2.1000000       -0.00175319        0.00216612
     2.2000000       -0.00168355        0.00267851
     2.3000000       -0.00298991        0.00343415
     2.4000000       -0.00167859        0.00238811
     2.5000000       -0.00154258        0.00264626
     2.6000000       -0.00366714        0.00305892
     2.7000000       -0.00233534        0.00308873
     2.8000000       -0.00076329        0.00295323
     2.9000000       -0.00087457        0.00284046
     3.0000000        0.00292169        0.00261435
     3.1000000        0.00294122        0.00207047
     3.2000000        0.00295541        0.00342408
     3.3000000        0.00275917        0.00345978
     3.4000000        0.00070898        0.00327093
     3.5000000        0.00207794        0.00285118
     3.6000000        0.00190131        0.00249472
     3.7000000        0.00016799        0.00203062
     3.8000000        0.00113936        0.00337641
     3.9000000        0.00199769        0.00367628
     4.0000000       -0.00094561        0.00367642
     4.1000000        0.00254026        0.00256751
     4.2000000        0.00141281        0.00345696
     4.3000000        0.00056765        0.00295268
     4.4000000        0.00210260        0.00453968
     4.5000000        0.00421846        0.00397785
     4.6000000        0.00310487        0.00351690
     4.7000000        0.00181381        0.00353503
     4.8000000        0.00466165        0.00193289
     4.9000000        0.00750609        0.00196937
     5.0000000        0.00540703        0.00224479
