           9           4   2.0000000000000000                1
     0.0000000        0.64925539        0.01584585
     0.1250000        0.50978402        0.02044304
     0.2500000        0.42358335        0.02643597
     0.3750000        0.36138897        0.01766214
     0.5000000        0.29569374        0.01790744
     0.6250000        0.27573392        0.01951463
     0.7500000        0.24304193        0.02093840
     0.8750000        0.22725152        0.03331307
     1.0000000        0.21372583        0.04132139
