          21           4   4.0000000000000000                1
     0.0000000        0.27430286        0.05498315
     0.1000000        0.17047226        0.05575687
     0.2000000        0.10668428        0.05495730
     0.3000000        0.06783961        0.05292225
     0.4000000        0.04470253        0.05063737
     0.5000000        0.02612430        0.04967682
     0.6000000        0.01326241        0.05074528
     0.7000000        0.00298270        0.05142516
     0.8000000       -0.00832385        0.04899693
     0.9000000       -0.01429864        0.04557274
     1.0000000       -0.01740713        0.04634314
     1.1000000       -0.01541874        0.04679294
     1.2000000       -0.00778790        0.04379413
     1.3000000       -0.00383107        0.03954217
     1.4000000       -0.00530508        0.03441507
     1.5000000       -0.00922090        0.03173587
     1.6000000       -0.01226627        0.03164612
     1.7000000       -0.01097893        0.03182660
     1.8000000       -0.01174640        0.03193198
     1.9000000       -0.01901734        0.03456590
     2.0000000       -0.02301522        0.03721297
