          31           9   6.0000000000000000                1
     0.0000000        1.59377594        0.01912583
     0.1000000        1.01696513        0.01758203
     0.2000000        0.66965200        0.01012436
     0.3000000        0.46358047        0.01140115
     0.4000000        0.32933642        0.01371678
     0.5000000        0.24241181        0.01003015
     0.6000000        0.17865647        0.00883043
     0.7000000        0.13741429        0.01031789
     0.8000000        0.10348537        0.00437389
     0.9000000        0.07727701        0.00298299
     1.0000000        0.06550403        0.00377697
     1.1000000        0.05055874        0.00439840
     1.2000000        0.04444849        0.00578585
     1.3000000        0.03583562        0.00574178
     1.4000000        0.03081503        0.00583874
     1.5000000        0.02588680        0.00314088
     1.6000000        0.01699422        0.00217768
     1.7000000        0.01658719        0.00253913
     1.8000000        0.01424343        0.00259763
     1.9000000        0.01380531        0.00329304
     2.0000000        0.01325805        0.00427155
     2.1000000        0.01249260        0.00358062
     2.2000000        0.01011014        0.00295884
     2.3000000        0.00976272        0.00343891
     2.4000000        0.00910769        0.00252278
     2.5000000        0.00897995        0.00252507
     2.6000000        0.00614877        0.00124607
     2.7000000        0.00501456        0.00202790
     2.8000000        0.00289417        0.00325839
     2.9000000        0.00556819        0.00156980
     3.0000000        0.00838700        0.00323497
