 0.10000000000000000E+001          1         36
( 0.00000000000000000E+000,-0.68990582008002818E-016)
-0.20943951023931953E+001 -0.20943951023931953E+001
( 0.11605043631295955E+001,-0.45681883708420155E-003)
-0.20943951023931953E+001 -0.10471975511965976E+001
( 0.99643955558970865E+000,-0.45681883708419694E-003)
-0.20943951023931953E+001  0.00000000000000000E+000
( 0.92991152380465647E+000,-0.45681883708422708E-003)
-0.20943951023931953E+001  0.10471975511965976E+001
( 0.99335537109641692E+000,-0.45681883708424811E-003)
-0.20943951023931953E+001  0.20943951023931953E+001
( 0.11608573624416201E+001,-0.45681883708425109E-003)
-0.20943951023931953E+001  0.31415926535897931E+001
( 0.12553907052527571E+001,-0.45681883708422014E-003)
-0.10471975511965976E+001 -0.20943951023931953E+001
( 0.10622737307267129E+001,-0.45681883708420388E-003)
-0.10471975511965976E+001 -0.10471975511965976E+001
( 0.82850531572569985E+000,-0.45681883708421965E-003)
-0.10471975511965976E+001  0.00000000000000000E+000
( 0.71360016475708743E+000,-0.45681883708421651E-003)
-0.10471975511965976E+001  0.10471975511965976E+001
( 0.82764516511782382E+000,-0.45681883708424811E-003)
-0.10471975511965976E+001  0.20943951023931953E+001
( 0.10630545127926727E+001,-0.45681883708425733E-003)
-0.10471975511965976E+001  0.31415926535897931E+001
( 0.11843734815171434E+001,-0.45681883708422421E-003)
 0.00000000000000000E+000 -0.20943951023931953E+001
( 0.10080116885903965E+001, 0.34918628297937375E-016)
 0.00000000000000000E+000 -0.10471975511965976E+001
( 0.74660101662969836E+000, 0.25306438210181763E-016)
 0.00000000000000000E+000  0.00000000000000000E+000
( 0.59637201624359282E+000, 0.00000000000000000E+000)
 0.00000000000000000E+000  0.10471975511965976E+001
( 0.74660101662969836E+000,-0.25306438210181763E-016)
 0.00000000000000000E+000  0.20943951023931953E+001
( 0.10080116885903965E+001,-0.34918628297937375E-016)
 0.00000000000000000E+000  0.31415926535897931E+001
( 0.11260858396032154E+001, 0.42204264411066073E-018)
 0.10471975511965976E+001 -0.20943951023931953E+001
( 0.10630545127926727E+001, 0.45681883708425733E-003)
 0.10471975511965976E+001 -0.10471975511965976E+001
( 0.82764516511782382E+000, 0.45681883708424811E-003)
 0.10471975511965976E+001  0.00000000000000000E+000
( 0.71360016475708743E+000, 0.45681883708421651E-003)
 0.10471975511965976E+001  0.10471975511965976E+001
( 0.82850531572569985E+000, 0.45681883708421965E-003)
 0.10471975511965976E+001  0.20943951023931953E+001
( 0.10622737307267129E+001, 0.45681883708420388E-003)
 0.10471975511965976E+001  0.31415926535897931E+001
( 0.11843734815171434E+001, 0.45681883708422014E-003)
 0.20943951023931953E+001 -0.20943951023931953E+001
( 0.11608573624416201E+001, 0.45681883708425109E-003)
 0.20943951023931953E+001 -0.10471975511965976E+001
( 0.99335537109641692E+000, 0.45681883708424811E-003)
 0.20943951023931953E+001  0.00000000000000000E+000
( 0.92991152380465647E+000, 0.45681883708422708E-003)
 0.20943951023931953E+001  0.10471975511965976E+001
( 0.99643955558970865E+000, 0.45681883708419694E-003)
 0.20943951023931953E+001  0.20943951023931953E+001
( 0.11605043631295955E+001, 0.45681883708420155E-003)
 0.20943951023931953E+001  0.31415926535897931E+001
( 0.12553907052527571E+001, 0.45681883708422122E-003)
 0.31415926535897931E+001 -0.20943951023931953E+001
( 0.12207088071272165E+001, 0.30349273310740792E-016)
 0.31415926535897931E+001 -0.10471975511965976E+001
( 0.10603548702479195E+001, 0.23435541963393550E-016)
 0.31415926535897931E+001  0.00000000000000000E+000
( 0.99151904599755836E+000,-0.22301253223503484E-017)
 0.31415926535897931E+001  0.10471975511965976E+001
( 0.10603548702479195E+001,-0.28637574041425582E-016)
 0.31415926535897931E+001  0.20943951023931953E+001
( 0.12207088071272165E+001,-0.21485047227868838E-016)
 0.31415926535897931E+001  0.31415926535897931E+001
( 0.13203837627044293E+001, 0.37642762538090832E-017)
 0.10000000000000000E+001          1         36
( 0.00000000000000000E+000, 0.35388376594152837E-016)
-0.20943951023931953E+001 -0.20943951023931953E+001
( 0.11535358755859635E+001, 0.29325581050600462E-002)
-0.20943951023931953E+001 -0.10471975511965976E+001
( 0.98385050338127844E+000, 0.29325581050600393E-002)
-0.20943951023931953E+001  0.00000000000000000E+000
( 0.92046524509833549E+000, 0.29325581050600605E-002)
-0.20943951023931953E+001  0.10471975511965976E+001
( 0.98281059059020115E+000, 0.29325581050600579E-002)
-0.20943951023931953E+001  0.20943951023931953E+001
( 0.11538684969856066E+001, 0.29325581050600688E-002)
-0.20943951023931953E+001  0.31415926535897931E+001
( 0.12529406236034506E+001, 0.29325581050600531E-002)
-0.10471975511965976E+001 -0.20943951023931953E+001
( 0.10651814118285334E+001, 0.29325581050600297E-002)
-0.10471975511965976E+001 -0.10471975511965976E+001
( 0.82484627866866278E+000, 0.29325581050600393E-002)
-0.10471975511965976E+001  0.00000000000000000E+000
( 0.70107083151598271E+000, 0.29325581050600592E-002)
-0.10471975511965976E+001  0.10471975511965976E+001
( 0.82264571727510616E+000, 0.29325581050600688E-002)
-0.10471975511965976E+001  0.20943951023931953E+001
( 0.10673046739667549E+001, 0.29325581050600731E-002)
-0.10471975511965976E+001  0.31415926535897931E+001
( 0.11944551078005043E+001, 0.29325581050600610E-002)
 0.00000000000000000E+000 -0.20943951023931953E+001
( 0.10246824300156296E+001,-0.22665831179113775E-016)
 0.00000000000000000E+000 -0.10471975511965976E+001
( 0.74764316279356313E+000,-0.15796232104191512E-016)
 0.00000000000000000E+000  0.00000000000000000E+000
( 0.59160773909189124E+000, 0.00000000000000000E+000)
 0.00000000000000000E+000  0.10471975511965976E+001
( 0.74764316279356313E+000, 0.15796232104191512E-016)
 0.00000000000000000E+000  0.20943951023931953E+001
( 0.10246824300156296E+001, 0.22665831179113775E-016)
 0.00000000000000000E+000  0.31415926535897931E+001
( 0.11454740590064982E+001,-0.12994392215851061E-019)
 0.10471975511965976E+001 -0.20943951023931953E+001
( 0.10673046739667549E+001,-0.29325581050600731E-002)
 0.10471975511965976E+001 -0.10471975511965976E+001
( 0.82264571727510616E+000,-0.29325581050600688E-002)
 0.10471975511965976E+001  0.00000000000000000E+000
( 0.70107083151598271E+000,-0.29325581050600592E-002)
 0.10471975511965976E+001  0.10471975511965976E+001
( 0.82484627866866278E+000,-0.29325581050600393E-002)
 0.10471975511965976E+001  0.20943951023931953E+001
( 0.10651814118285334E+001,-0.29325581050600297E-002)
 0.10471975511965976E+001  0.31415926535897931E+001
( 0.11944551078005043E+001,-0.29325581050600570E-002)
 0.20943951023931953E+001 -0.20943951023931953E+001
( 0.11538684969856066E+001,-0.29325581050600688E-002)
 0.20943951023931953E+001 -0.10471975511965976E+001
( 0.98281059059020115E+000,-0.29325581050600579E-002)
 0.20943951023931953E+001  0.00000000000000000E+000
( 0.92046524509833549E+000,-0.29325581050600605E-002)
 0.20943951023931953E+001  0.10471975511965976E+001
( 0.98385050338127844E+000,-0.29325581050600393E-002)
 0.20943951023931953E+001  0.20943951023931953E+001
( 0.11535358755859635E+001,-0.29325581050600462E-002)
 0.20943951023931953E+001  0.31415926535897931E+001
( 0.12529406236034506E+001,-0.29325581050600588E-002)
 0.31415926535897931E+001 -0.20943951023931953E+001
( 0.12112863349001579E+001,-0.32857261315533656E-017)
 0.31415926535897931E+001 -0.10471975511965976E+001
( 0.10505740404560993E+001,-0.13040560368075503E-016)
 0.31415926535897931E+001  0.00000000000000000E+000
( 0.98280604869751298E+000,-0.33287718849047596E-017)
 0.31415926535897931E+001  0.10471975511965976E+001
( 0.10505740404560993E+001, 0.26863769071310432E-017)
 0.31415926535897931E+001  0.20943951023931953E+001
( 0.12112863349001579E+001, 0.10989637615311037E-016)
 0.31415926535897931E+001  0.31415926535897931E+001
( 0.13158508985842012E+001, 0.35670052263057320E-017)
 0.10000000000000000E+001          1         36
( 0.00000000000000000E+000,-0.18661192628306897E-016)
-0.20943951023931953E+001 -0.20943951023931953E+001
( 0.11586918808743540E+001,-0.21444819221184373E-002)
-0.20943951023931953E+001 -0.10471975511965976E+001
( 0.98744809910696751E+000,-0.21444819221184464E-002)
-0.20943951023931953E+001  0.00000000000000000E+000
( 0.92247368549708408E+000,-0.21444819221184573E-002)
-0.20943951023931953E+001  0.10471975511965976E+001
( 0.98923841419083614E+000,-0.21444819221184620E-002)
-0.20943951023931953E+001  0.20943951023931953E+001
( 0.11601632198475560E+001,-0.21444819221184347E-002)
-0.20943951023931953E+001  0.31415926535897931E+001
( 0.12568711591958179E+001,-0.21444819221184404E-002)
-0.10471975511965976E+001 -0.20943951023931953E+001
( 0.10660041744660753E+001,-0.21444819221184451E-002)
-0.10471975511965976E+001 -0.10471975511965976E+001
( 0.83038870970006951E+000,-0.21444819221184581E-002)
-0.10471975511965976E+001  0.00000000000000000E+000
( 0.71236050451897959E+000,-0.21444819221184460E-002)
-0.10471975511965976E+001  0.10471975511965976E+001
( 0.83224120495866238E+000,-0.21444819221184421E-002)
-0.10471975511965976E+001  0.20943951023931953E+001
( 0.10698821294869161E+001,-0.21444819221184404E-002)
-0.10471975511965976E+001  0.31415926535897931E+001
( 0.11907911596940230E+001,-0.21444819221184343E-002)
 0.00000000000000000E+000 -0.20943951023931953E+001
( 0.10205591382940007E+001,-0.63405638492699978E-017)
 0.00000000000000000E+000 -0.10471975511965976E+001
( 0.75564357434265095E+000, 0.36340296697808241E-018)
 0.00000000000000000E+000  0.00000000000000000E+000
( 0.60535867231268781E+000, 0.00000000000000000E+000)
 0.00000000000000000E+000  0.10471975511965976E+001
( 0.75564357434265095E+000,-0.36340296697808241E-018)
 0.00000000000000000E+000  0.20943951023931953E+001
( 0.10205591382940007E+001, 0.63405638492699978E-017)
 0.00000000000000000E+000  0.31415926535897931E+001
( 0.11399623707244011E+001, 0.29223565987842693E-018)
 0.10471975511965976E+001 -0.20943951023931953E+001
( 0.10698821294869161E+001, 0.21444819221184404E-002)
 0.10471975511965976E+001 -0.10471975511965976E+001
( 0.83224120495866238E+000, 0.21444819221184421E-002)
 0.10471975511965976E+001  0.00000000000000000E+000
( 0.71236050451897959E+000, 0.21444819221184460E-002)
 0.10471975511965976E+001  0.10471975511965976E+001
( 0.83038870970006951E+000, 0.21444819221184581E-002)
 0.10471975511965976E+001  0.20943951023931953E+001
( 0.10660041744660753E+001, 0.21444819221184451E-002)
 0.10471975511965976E+001  0.31415926535897931E+001
( 0.11907911596940230E+001, 0.21444819221184434E-002)
 0.20943951023931953E+001 -0.20943951023931953E+001
( 0.11601632198475560E+001, 0.21444819221184347E-002)
 0.20943951023931953E+001 -0.10471975511965976E+001
( 0.98923841419083614E+000, 0.21444819221184620E-002)
 0.20943951023931953E+001  0.00000000000000000E+000
( 0.92247368549708408E+000, 0.21444819221184573E-002)
 0.20943951023931953E+001  0.10471975511965976E+001
( 0.98744809910696751E+000, 0.21444819221184464E-002)
 0.20943951023931953E+001  0.20943951023931953E+001
( 0.11586918808743540E+001, 0.21444819221184373E-002)
 0.20943951023931953E+001  0.31415926535897931E+001
( 0.12568711591958179E+001, 0.21444819221184360E-002)
 0.31415926535897931E+001 -0.20943951023931953E+001
( 0.12163487956398384E+001,-0.13271382314096419E-017)
 0.31415926535897931E+001 -0.10471975511965976E+001
( 0.10545268446610696E+001, 0.76416064562526031E-017)
 0.31415926535897931E+001  0.00000000000000000E+000
( 0.98535395263962511E+000,-0.21601920103106103E-017)
 0.31415926535897931E+001  0.10471975511965976E+001
( 0.10545268446610696E+001, 0.61034351153471509E-018)
 0.31415926535897931E+001  0.20943951023931953E+001
( 0.12163487956398384E+001,-0.13592405842854214E-017)
 0.31415926535897931E+001  0.31415926535897931E+001
( 0.13167984341118015E+001, 0.35165189558772575E-017)
 0.10000000000000000E+001          1         36
( 0.00000000000000000E+000,-0.16281516758652083E-016)
-0.20943951023931953E+001 -0.20943951023931953E+001
( 0.11478290205832180E+001, 0.95899081694809690E-003)
-0.20943951023931953E+001 -0.10471975511965976E+001
( 0.96269414390010033E+000, 0.95899081694810157E-003)
-0.20943951023931953E+001  0.00000000000000000E+000
( 0.89894645268443985E+000, 0.95899081694808942E-003)
-0.20943951023931953E+001  0.10471975511965976E+001
( 0.97718727075278933E+000, 0.95899081694811577E-003)
-0.20943951023931953E+001  0.20943951023931953E+001
( 0.11301763062499093E+001, 0.95899081694811317E-003)
-0.20943951023931953E+001  0.31415926535897931E+001
( 0.12302122709105177E+001, 0.95899081694810970E-003)
-0.10471975511965976E+001 -0.20943951023931953E+001
( 0.10501604924360748E+001, 0.95899081694809658E-003)
-0.10471975511965976E+001 -0.10471975511965976E+001
( 0.77855843406922398E+000, 0.95899081694809484E-003)
-0.10471975511965976E+001  0.00000000000000000E+000
( 0.69420439047040550E+000, 0.95899081694812509E-003)
-0.10471975511965976E+001  0.10471975511965976E+001
( 0.82281469852734646E+000, 0.95899081694811143E-003)
-0.10471975511965976E+001  0.20943951023931953E+001
( 0.10399946468918011E+001, 0.95899081694811913E-003)
-0.10471975511965976E+001  0.31415926535897931E+001
( 0.11808542946539327E+001, 0.95899081694810384E-003)
 0.00000000000000000E+000 -0.20943951023931953E+001
( 0.99488726013315021E+000,-0.24866466643717451E-016)
 0.00000000000000000E+000 -0.10471975511965976E+001
( 0.72094210391223479E+000,-0.23224971462108972E-016)
 0.00000000000000000E+000  0.00000000000000000E+000
( 0.59541458563882244E+000, 0.00000000000000000E+000)
 0.00000000000000000E+000  0.10471975511965976E+001
( 0.72094210391223479E+000, 0.23224971462108972E-016)
 0.00000000000000000E+000  0.20943951023931953E+001
( 0.99488726013315021E+000, 0.24866466643717451E-016)
 0.00000000000000000E+000  0.31415926535897931E+001
( 0.11328350623534975E+001,-0.64109254054297515E-018)
 0.10471975511965976E+001 -0.20943951023931953E+001
( 0.10399946468918011E+001,-0.95899081694811913E-003)
 0.10471975511965976E+001 -0.10471975511965976E+001
( 0.82281469852734646E+000,-0.95899081694811143E-003)
 0.10471975511965976E+001  0.00000000000000000E+000
( 0.69420439047040550E+000,-0.95899081694812509E-003)
 0.10471975511965976E+001  0.10471975511965976E+001
( 0.77855843406922398E+000,-0.95899081694809484E-003)
 0.10471975511965976E+001  0.20943951023931953E+001
( 0.10501604924360748E+001,-0.95899081694809658E-003)
 0.10471975511965976E+001  0.31415926535897931E+001
( 0.11808542946539327E+001,-0.95899081694809842E-003)
 0.20943951023931953E+001 -0.20943951023931953E+001
( 0.11301763062499093E+001,-0.95899081694811317E-003)
 0.20943951023931953E+001 -0.10471975511965976E+001
( 0.97718727075278933E+000,-0.95899081694811577E-003)
 0.20943951023931953E+001  0.00000000000000000E+000
( 0.89894645268443985E+000,-0.95899081694808942E-003)
 0.20943951023931953E+001  0.10471975511965976E+001
( 0.96269414390010033E+000,-0.95899081694810157E-003)
 0.20943951023931953E+001  0.20943951023931953E+001
( 0.11478290205832180E+001,-0.95899081694809690E-003)
 0.20943951023931953E+001  0.31415926535897931E+001
( 0.12302122709105177E+001,-0.95899081694811176E-003)
 0.31415926535897931E+001 -0.20943951023931953E+001
( 0.11994895716103442E+001,-0.17357718866684146E-017)
 0.31415926535897931E+001 -0.10471975511965976E+001
( 0.10288709391227515E+001,-0.10406244034477628E-016)
 0.31415926535897931E+001  0.00000000000000000E+000
( 0.94630636762259790E+000,-0.37233571533967694E-017)
 0.31415926535897931E+001  0.10471975511965976E+001
( 0.10288709391227515E+001, 0.15461700658569251E-017)
 0.31415926535897931E+001  0.20943951023931953E+001
( 0.11994895716103442E+001, 0.14403608431893014E-017)
 0.31415926535897931E+001  0.31415926535897931E+001
( 0.12962601915826544E+001, 0.43604186881056090E-017)
 0.10000000000000000E+001          1         36
( 0.00000000000000000E+000,-0.25931936605583564E-016)
-0.20943951023931953E+001 -0.20943951023931953E+001
( 0.11496299486630430E+001, 0.14364583612745787E-002)
-0.20943951023931953E+001 -0.10471975511965976E+001
( 0.98570796085576196E+000, 0.14364583612745559E-002)
-0.20943951023931953E+001  0.00000000000000000E+000
( 0.92016828170754728E+000, 0.14364583612745793E-002)
-0.20943951023931953E+001  0.10471975511965976E+001
( 0.98432116680497939E+000, 0.14364583612745719E-002)
-0.20943951023931953E+001  0.20943951023931953E+001
( 0.11510261553640102E+001, 0.14364583612745921E-002)
-0.20943951023931953E+001  0.31415926535897931E+001
( 0.12450415979907543E+001, 0.14364583612745869E-002)
-0.10471975511965976E+001 -0.20943951023931953E+001
( 0.10497038258382416E+001, 0.14364583612745886E-002)
-0.10471975511965976E+001 -0.10471975511965976E+001
( 0.81776775924752321E+000, 0.14364583612745849E-002)
-0.10471975511965976E+001  0.00000000000000000E+000
( 0.70140837015728075E+000, 0.14364583612745739E-002)
-0.10471975511965976E+001  0.10471975511965976E+001
( 0.81789728329349742E+000, 0.14364583612745832E-002)
-0.10471975511965976E+001  0.20943951023931953E+001
( 0.10540972415356782E+001, 0.14364583612745815E-002)
-0.10471975511965976E+001  0.31415926535897931E+001
( 0.11723745767680172E+001, 0.14364583612745845E-002)
 0.00000000000000000E+000 -0.20943951023931953E+001
( 0.99948348845194102E+000, 0.10713941941193984E-016)
 0.00000000000000000E+000 -0.10471975511965976E+001
( 0.73736813273391544E+000, 0.10592847655745317E-016)
 0.00000000000000000E+000  0.00000000000000000E+000
( 0.58851928833304723E+000, 0.00000000000000000E+000)
 0.00000000000000000E+000  0.10471975511965976E+001
( 0.73736813273391544E+000,-0.10592847655745317E-016)
 0.00000000000000000E+000  0.20943951023931953E+001
( 0.99948348845194102E+000,-0.10713941941193984E-016)
 0.00000000000000000E+000  0.31415926535897931E+001
( 0.11102448947958234E+001,-0.15339343935251481E-018)
 0.10471975511965976E+001 -0.20943951023931953E+001
( 0.10540972415356782E+001,-0.14364583612745815E-002)
 0.10471975511965976E+001 -0.10471975511965976E+001
( 0.81789728329349742E+000,-0.14364583612745832E-002)
 0.10471975511965976E+001  0.00000000000000000E+000
( 0.70140837015728075E+000,-0.14364583612745739E-002)
 0.10471975511965976E+001  0.10471975511965976E+001
( 0.81776775924752321E+000,-0.14364583612745849E-002)
 0.10471975511965976E+001  0.20943951023931953E+001
( 0.10497038258382416E+001,-0.14364583612745886E-002)
 0.10471975511965976E+001  0.31415926535897931E+001
( 0.11723745767680174E+001,-0.14364583612745819E-002)
 0.20943951023931953E+001 -0.20943951023931953E+001
( 0.11510261553640102E+001,-0.14364583612745921E-002)
 0.20943951023931953E+001 -0.10471975511965976E+001
( 0.98432116680497939E+000,-0.14364583612745719E-002)
 0.20943951023931953E+001  0.00000000000000000E+000
( 0.92016828170754728E+000,-0.14364583612745793E-002)
 0.20943951023931953E+001  0.10471975511965976E+001
( 0.98570796085576196E+000,-0.14364583612745559E-002)
 0.20943951023931953E+001  0.20943951023931953E+001
( 0.11496299486630430E+001,-0.14364583612745787E-002)
 0.20943951023931953E+001  0.31415926535897931E+001
( 0.12450415979907543E+001,-0.14364583612745915E-002)
 0.31415926535897931E+001 -0.20943951023931953E+001
( 0.12082132970617954E+001,-0.10303727076415849E-016)
 0.31415926535897931E+001 -0.10471975511965976E+001
( 0.10496152799752139E+001,-0.12641412470057102E-016)
 0.31415926535897931E+001  0.00000000000000000E+000
( 0.98206418656528838E+000,-0.28958171717252302E-017)
 0.31415926535897931E+001  0.10471975511965976E+001
( 0.10496152799752141E+001, 0.83997225517687973E-017)
 0.31415926535897931E+001  0.20943951023931953E+001
( 0.12082132970617954E+001, 0.17484809551220411E-016)
 0.31415926535897931E+001  0.31415926535897931E+001
( 0.13054952925472003E+001, 0.32351536515855224E-017)
