          51           5   10.000000000000000                1
     0.0000000        0.62242522        0.02909043
     0.1000000        0.50748894        0.02797672
     0.2000000        0.42180604        0.02681959
     0.3000000        0.35520147        0.02543870
     0.4000000        0.30109474        0.02392564
     0.5000000        0.25724923        0.02269884
     0.6000000        0.22210229        0.02217276
     0.7000000        0.19223676        0.02084080
     0.8000000        0.16413772        0.01966958
     0.9000000        0.13592739        0.01752822
     1.0000000        0.11248970        0.01403755
     1.1000000        0.09484053        0.01245208
     1.2000000        0.07873643        0.00913050
     1.3000000        0.06413687        0.00525068
     1.4000000        0.05665690        0.00432566
     1.5000000        0.05334397        0.00522984
     1.6000000        0.04680894        0.00746369
     1.7000000        0.03936837        0.01016736
     1.8000000        0.03139726        0.01147570
     1.9000000        0.02612240        0.01088709
     2.0000000        0.02316424        0.01167670
     2.1000000        0.02141748        0.01265065
     2.2000000        0.01681574        0.01310684
     2.3000000        0.00908595        0.01266258
     2.4000000        0.00629353        0.01068048
     2.5000000        0.00369753        0.01027356
     2.6000000       -0.00176976        0.00944688
     2.7000000       -0.00379182        0.00785232
     2.8000000       -0.00281545        0.00541479
     2.9000000       -0.00229054        0.00459296
     3.0000000       -0.00373762        0.00496053
     3.1000000       -0.00328727        0.00461441
     3.2000000        0.00117293        0.00608741
     3.3000000        0.00438786        0.00841376
     3.4000000        0.00404428        0.00966257
     3.5000000        0.00216920        0.00955530
     3.6000000        0.00270219        0.01091322
     3.7000000        0.00439984        0.01297844
     3.8000000        0.00563392        0.01352801
     3.9000000        0.00365055        0.01236266
     4.0000000        0.00045487        0.00979905
     4.1000000       -0.00097145        0.00743887
     4.2000000       -0.00225895        0.00744887
     4.3000000       -0.00150328        0.00859769
     4.4000000        0.00167327        0.00992837
     4.5000000        0.00313468        0.01024113
     4.6000000        0.00346453        0.01099111
     4.7000000        0.00319022        0.01294060
     4.8000000        0.00239813        0.01471239
     4.9000000        0.00409073        0.01503306
     5.0000000        0.00564830        0.01508809
