          26           4   5.0000000000000000                1
     0.0000000        0.52449921        0.11482441
     0.1000000        0.45015223        0.11418731
     0.2000000        0.40486982        0.12327867
     0.3000000        0.36829175        0.13136154
     0.4000000        0.34127699        0.13358922
     0.5000000        0.32431761        0.13875416
     0.6000000        0.30289790        0.14116433
     0.7000000        0.28129282        0.13532922
     0.8000000        0.26529390        0.12546310
     0.9000000        0.25686529        0.11564217
     1.0000000        0.24979787        0.10337538
     1.1000000        0.23600492        0.09041751
     1.2000000        0.22115333        0.08477740
     1.3000000        0.21027570        0.07969509
     1.4000000        0.20431408        0.06853081
     1.5000000        0.19706429        0.05860359
     1.6000000        0.17961873        0.05386522
     1.7000000        0.16417717        0.05126346
     1.8000000        0.16788381        0.04592571
     1.9000000        0.17461210        0.03656806
     2.0000000        0.17423075        0.02509673
     2.1000000        0.17272165        0.01368789
     2.2000000        0.16517231        0.01032730
     2.3000000        0.14829333        0.01546266
     2.4000000        0.14066266        0.02156185
     2.5000000        0.14400500        0.02490532
