          41           9   8.0000000000000000                1
     0.0000000        0.17952971        0.00767528
     0.1000000        0.12068014        0.00553468
     0.2000000        0.08157382        0.00275855
     0.3000000        0.05312523        0.00342040
     0.4000000        0.03786402        0.00275036
     0.5000000        0.03129732        0.00295336
     0.6000000        0.02358646        0.00148043
     0.7000000        0.01551079        0.00137208
     0.8000000        0.01508313        0.00215450
     0.9000000        0.01499248        0.00433409
     1.0000000        0.00709458        0.00215274
     1.1000000       -0.00073509        0.00439908
     1.2000000        0.00076285        0.00346953
     1.3000000        0.00241099        0.00315624
     1.4000000        0.00336263        0.00395433
     1.5000000        0.00384720        0.00382096
     1.6000000        0.00282814        0.00280404
     1.7000000        0.00436056        0.00122509
     1.8000000        0.00191392        0.00224498
     1.9000000        0.00049431        0.00142209
     2.0000000       -0.00158280        0.00158872
     2.1000000        0.00008947        0.00184953
     2.2000000       -0.00019776        0.00203008
     2.3000000        0.00009667        0.00129623
     2.4000000       -0.00093875        0.00254629
     2.5000000        0.00196824        0.00400289
     2.6000000       -0.00030669        0.00249484
     2.7000000        0.00414712        0.00174491
     2.8000000        0.00233862        0.00238561
     2.9000000       -0.00020740        0.00491960
     3.0000000       -0.00130388        0.00372660
     3.1000000       -0.00598336        0.00318097
     3.2000000       -0.00417977        0.00279415
     3.3000000       -0.00177949        0.00200264
     3.4000000       -0.00455550        0.00278449
     3.5000000       -0.00426705        0.00297454
     3.6000000        0.00007518        0.00216837
     3.7000000        0.00084591        0.00456959
     3.8000000       -0.00148863        0.00319645
     3.9000000       -0.00076392        0.00243006
     4.0000000       -0.00364259        0.00378495
