          41           4   8.0000000000000000                1
     0.0000000        0.32417554        0.02284980
     0.1000000        0.18156791        0.00926908
     0.2000000        0.11414149        0.00656108
     0.3000000        0.06961545        0.00734091
     0.4000000        0.04228638        0.00684918
     0.5000000        0.02178624        0.00598499
     0.6000000        0.01440609        0.00599501
     0.7000000        0.00710421        0.00508174
     0.8000000        0.00516867        0.00465879
     0.9000000        0.00956849        0.00693977
     1.0000000        0.00151604        0.00370783
     1.1000000        0.00717376        0.00673292
     1.2000000        0.01038411        0.00304139
     1.3000000        0.00424882        0.00351875
     1.4000000        0.00140333        0.00203265
     1.5000000       -0.00162612        0.00452263
     1.6000000        0.00201115        0.00794444
     1.7000000        0.00033334        0.00454096
     1.8000000        0.00372783        0.00508992
     1.9000000       -0.00260790        0.00560519
     2.0000000       -0.00199797        0.00344425
     2.1000000        0.00000048        0.00282667
     2.2000000       -0.00165484        0.00395464
     2.3000000        0.00281795        0.00229746
     2.4000000        0.00214984        0.00448442
     2.5000000        0.00321359        0.00719030
     2.6000000       -0.00176312        0.00346169
     2.7000000        0.00255825        0.00326812
     2.8000000        0.00782998        0.00595452
     2.9000000        0.00090953        0.00593248
     3.0000000        0.00107524        0.00408252
     3.1000000       -0.00562039        0.00425158
     3.2000000       -0.00661113        0.00275647
     3.3000000       -0.00274711        0.00812305
     3.4000000        0.00009542        0.00962239
     3.5000000        0.00668322        0.01145083
     3.6000000        0.00854752        0.00627504
     3.7000000        0.00564422        0.00450594
     3.8000000        0.00155664        0.00666844
     3.9000000        0.00368813        0.00438128
     4.0000000        0.00324256        0.00426008
