          51           5   10.000000000000000                1
     0.0000000        1.20954523        0.03526080
     0.1000000        0.79699749        0.01692244
     0.2000000        0.55105838        0.01156136
     0.3000000        0.38460341        0.01138884
     0.4000000        0.26930929        0.00540162
     0.5000000        0.18966963        0.00180219
     0.6000000        0.13527563        0.00211452
     0.7000000        0.09898846        0.00230566
     0.8000000        0.08006450        0.00392831
     0.9000000        0.06122946        0.00248490
     1.0000000        0.04658860        0.00426067
     1.1000000        0.03482921        0.00276336
     1.2000000        0.03193264        0.00734659
     1.3000000        0.02083026        0.00256161
     1.4000000        0.01480076        0.00328376
     1.5000000        0.00787328        0.00319193
     1.6000000        0.01272441        0.00545685
     1.7000000        0.00637644        0.00383962
     1.8000000        0.00054705        0.00481211
     1.9000000        0.00366884        0.00186192
     2.0000000        0.00080336        0.00129800
     2.1000000       -0.00063072        0.00416630
     2.2000000        0.00380075        0.00391822
     2.3000000        0.00195332        0.00243832
     2.4000000       -0.00038953        0.00397184
     2.5000000       -0.00371741        0.00217272
     2.6000000       -0.00136122        0.00178230
     2.7000000        0.00078480        0.00287447
     2.8000000       -0.00289336        0.00341331
     2.9000000       -0.00048687        0.00273132
     3.0000000       -0.00366222        0.00393006
     3.1000000       -0.00066059        0.00257348
     3.2000000        0.00048004        0.00096810
     3.3000000        0.00412387        0.00572832
     3.4000000       -0.00242653        0.00292421
     3.5000000       -0.00133729        0.00163583
     3.6000000        0.00138084        0.00317881
     3.7000000        0.00204116        0.00360061
     3.8000000        0.00065212        0.00187461
     3.9000000        0.00257004        0.00323746
     4.0000000        0.00131796        0.00170951
     4.1000000        0.00076940        0.00430388
     4.2000000        0.00066142        0.00161502
     4.3000000       -0.00209166        0.00201103
     4.4000000        0.00161259        0.00325676
     4.5000000       -0.00080861        0.00156221
     4.6000000       -0.00270542        0.00214887
     4.7000000        0.00073829        0.00194340
     4.8000000        0.00191430        0.00288217
     4.9000000        0.00185962        0.00160001
     5.0000000       -0.00250321        0.00328772
