          51           4   10.000000000000000                1
     0.0000000        0.03158237        0.00860046
     0.1000000        0.02672390        0.00790202
     0.2000000        0.02339503        0.00723314
     0.3000000        0.02029452        0.00662989
     0.4000000        0.01773028        0.00610725
     0.5000000        0.01592923        0.00567933
     0.6000000        0.01444759        0.00530379
     0.7000000        0.01300143        0.00501375
     0.8000000        0.01163686        0.00480831
     0.9000000        0.01047170        0.00448884
     1.0000000        0.00918320        0.00392518
     1.1000000        0.00747589        0.00329591
     1.2000000        0.00620321        0.00282179
     1.3000000        0.00560568        0.00251845
     1.4000000        0.00520350        0.00238563
     1.5000000        0.00499985        0.00244170
     1.6000000        0.00494849        0.00255167
     1.7000000        0.00509606        0.00263070
     1.8000000        0.00518437        0.00262960
     1.9000000        0.00496480        0.00254395
     2.0000000        0.00443525        0.00239174
     2.1000000        0.00372660        0.00207188
     2.2000000        0.00347493        0.00190547
     2.3000000        0.00349396        0.00186142
     2.4000000        0.00339396        0.00170054
     2.5000000        0.00317878        0.00167309
     2.6000000        0.00284438        0.00179493
     2.7000000        0.00268881        0.00202216
     2.8000000        0.00280457        0.00210254
     2.9000000        0.00299213        0.00214593
     3.0000000        0.00308433        0.00223232
     3.1000000        0.00298747        0.00229430
     3.2000000        0.00290355        0.00243900
     3.3000000        0.00291929        0.00264204
     3.4000000        0.00296103        0.00270830
     3.5000000        0.00304889        0.00272179
     3.6000000        0.00312518        0.00273796
     3.7000000        0.00318117        0.00270226
     3.8000000        0.00332485        0.00268689
     3.9000000        0.00347457        0.00275133
     4.0000000        0.00348501        0.00286435
     4.1000000        0.00343509        0.00278013
     4.2000000        0.00327773        0.00254956
     4.3000000        0.00289190        0.00228306
     4.4000000        0.00259584        0.00205382
     4.5000000        0.00249238        0.00194441
     4.6000000        0.00250680        0.00191486
     4.7000000        0.00272594        0.00192347
     4.8000000        0.00297808        0.00197223
     4.9000000        0.00318775        0.00191412
     5.0000000        0.00326861        0.00183623
