          81           4   10.000000000000000                1
     0.0000000        1.76420176        0.01443647
     0.1250000        1.40032142        0.01289224
     0.2500000        1.11054643        0.01130811
     0.3750000        0.93755370        0.01856672
     0.5000000        0.74774792        0.03164652
     0.6250000        0.62336335        0.03304199
     0.7500000        0.51882336        0.03195935
     0.8750000        0.43949547        0.02204092
     1.0000000        0.37589305        0.01450748
     1.1250000        0.29321177        0.02533367
     1.2500000        0.23781943        0.03283313
     1.3750000        0.19161732        0.02150892
     1.5000000        0.17621153        0.02111445
     1.6250000        0.15312046        0.01488536
     1.7500000        0.10946142        0.00916156
     1.8750000        0.08663725        0.01203101
     2.0000000        0.07627671        0.02741561
     2.1250000        0.05077990        0.03053329
     2.2500000        0.03368184        0.02481250
     2.3750000        0.02496388        0.02599021
     2.5000000        0.02499981        0.02241997
     2.6250000        0.02004670        0.01548654
     2.7500000        0.02322350        0.01707232
     2.8750000        0.03035411        0.02623115
     3.0000000       -0.00055309        0.03352248
     3.1250000        0.00212309        0.02019183
     3.2500000       -0.00875256        0.03345670
     3.3750000        0.00324165        0.03680189
     3.5000000        0.02730598        0.02394952
     3.6250000        0.04202239        0.02505120
     3.7500000        0.02039472        0.01408348
     3.8750000        0.00782174        0.01124338
     4.0000000        0.01769606        0.01887288
     4.1250000        0.03909744        0.02819196
     4.2500000        0.02365307        0.03423359
     4.3750000       -0.00402501        0.01460296
     4.5000000       -0.00790499        0.03488546
     4.6250000       -0.02082603        0.03395660
     4.7500000        0.00492213        0.03096976
     4.8750000        0.00678909        0.04168676
     5.0000000       -0.01348067        0.03594269
     5.1250000       -0.00720242        0.03317770
     5.2500000        0.00181193        0.03199009
     5.3750000        0.03644066        0.04648564
     5.5000000        0.03234929        0.02641739
     5.6250000        0.00487855        0.01553569
     5.7500000        0.01853148        0.03141268
     5.8750000        0.01931862        0.02921529
     6.0000000        0.02962064        0.02363307
     6.1250000        0.00524783        0.03780952
     6.2500000       -0.02277858        0.03250778
     6.3750000       -0.00966923        0.02930594
     6.5000000        0.00882652        0.04722160
     6.6250000        0.00713453        0.05892690
     6.7500000        0.01862967        0.03584330
     6.8750000        0.07548650        0.04460961
     7.0000000        0.06015874        0.03579968
     7.1250000        0.05365209        0.03187963
     7.2500000        0.03685066        0.04885759
     7.3750000        0.04455753        0.04252536
     7.5000000        0.01345996        0.04485528
     7.6250000        0.00450562        0.03790496
     7.7500000       -0.00441917        0.03257041
     7.8750000       -0.03434297        0.03843544
     8.0000000       -0.02031454        0.03046972
     8.1250000        0.00416698        0.03021969
     8.2500000        0.01298294        0.03893581
     8.3750000        0.03344453        0.02535001
     8.5000000        0.03436927        0.03197093
     8.6250000        0.05524448        0.02507356
     8.7500000        0.06622988        0.02791924
     8.8750000        0.05192114        0.02029269
     9.0000000        0.04041420        0.01825494
     9.1250000        0.05609026        0.01346207
     9.2500000        0.08240754        0.02497892
     9.3750000        0.07127510        0.02617745
     9.5000000        0.08033035        0.01889420
     9.6250000        0.10669056        0.00655107
     9.7500000        0.14517358        0.01320161
     9.8750000        0.16385680        0.02832082
    10.0000000        0.23579824        0.01443647
