          41           4   8.0000000000000000                1
     0.0000000        0.21539239        0.01333722
     0.1000000        0.08034323        0.00468414
     0.2000000        0.03057663        0.00183607
     0.3000000        0.01217237        0.00077770
     0.4000000        0.00461145        0.00059834
     0.5000000        0.00195016        0.00048842
     0.6000000        0.00097625        0.00026638
     0.7000000        0.00071324        0.00011553
     0.8000000        0.00057848        0.00039689
     0.9000000        0.00035373        0.00048572
     1.0000000        0.00022199        0.00042454
     1.1000000        0.00008929        0.00026785
     1.2000000        0.00007201        0.00018082
     1.3000000        0.00007861        0.00013449
     1.4000000        0.00003985        0.00010548
     1.5000000       -0.00000479        0.00006858
     1.6000000       -0.00004385        0.00003036
     1.7000000       -0.00003042        0.00001676
     1.8000000       -0.00001106        0.00000708
     1.9000000        0.00000221        0.00000995
     2.0000000        0.00000575        0.00000603
     2.1000000       -0.00000611        0.00000747
     2.2000000       -0.00000596        0.00000808
     2.3000000        0.00000178        0.00000435
     2.4000000       -0.00000027        0.00000300
     2.5000000       -0.00000016        0.00000216
     2.6000000        0.00000074        0.00000203
     2.7000000        0.00000174        0.00000167
     2.8000000        0.00000061        0.00000328
     2.9000000       -0.00000007        0.00000424
     3.0000000        0.00000052        0.00000430
     3.1000000       -0.00000025        0.00000216
     3.2000000       -0.00000135        0.00000120
     3.3000000       -0.00000022        0.00000023
     3.4000000        0.00000054        0.00000063
     3.5000000        0.00000012        0.00000055
     3.6000000       -0.00000041        0.00000023
     3.7000000       -0.00000078        0.00000042
     3.8000000       -0.00000072        0.00000057
     3.9000000       -0.00000024        0.00000060
     4.0000000       -0.00000003        0.00000049
