          31           4   6.0000000000000000                1
     0.0000000        1.00473880        0.02988940
     0.1000000        0.67196306        0.02204735
     0.2000000        0.47628245        0.01962658
     0.3000000        0.35983754        0.01177172
     0.4000000        0.25931268        0.01220482
     0.5000000        0.20122956        0.01002372
     0.6000000        0.16503649        0.00735439
     0.7000000        0.12415085        0.00505671
     0.8000000        0.08624877        0.01307363
     0.9000000        0.07804586        0.00537166
     1.0000000        0.06331864        0.00500351
     1.1000000        0.03966988        0.00564513
     1.2000000        0.05029869        0.01457156
     1.3000000        0.04484341        0.01149335
     1.4000000        0.04885986        0.00893957
     1.5000000        0.04030736        0.00762499
     1.6000000        0.04210672        0.00749714
     1.7000000        0.03664969        0.00845972
     1.8000000        0.02793267        0.00951556
     1.9000000        0.02262980        0.00703213
     2.0000000        0.02288180        0.00793450
     2.1000000        0.02081625        0.00852235
     2.2000000        0.01826859        0.01556729
     2.3000000        0.02333371        0.00718561
     2.4000000        0.02296637        0.00797245
     2.5000000        0.01383039        0.00426342
     2.6000000       -0.00039058        0.00773324
     2.7000000        0.00578069        0.00845420
     2.8000000        0.00802235        0.00629245
     2.9000000       -0.00037026        0.01035600
     3.0000000        0.00306254        0.01203837
