          41           4   8.0000000000000000                1
     0.0000000        0.91963346        0.01557139
     0.1000000        0.63135956        0.01593848
     0.2000000        0.46772443        0.02307729
     0.3000000        0.35195943        0.01851002
     0.4000000        0.27348382        0.00758866
     0.5000000        0.22063778        0.02995372
     0.6000000        0.16282172        0.01007399
     0.7000000        0.12019661        0.02089783
     0.8000000        0.09572557        0.01351893
     0.9000000        0.08896926        0.01698019
     1.0000000        0.08573325        0.02009455
     1.1000000        0.06003000        0.00797825
     1.2000000        0.05143007        0.00807079
     1.3000000        0.03043389        0.00640588
     1.4000000        0.02197519        0.01693003
     1.5000000        0.01681522        0.00344378
     1.6000000        0.04048987        0.00405386
     1.7000000        0.04215856        0.00696113
     1.8000000        0.03981414        0.00743557
     1.9000000        0.02601968        0.00487620
     2.0000000        0.02188342        0.00688965
     2.1000000        0.00274163        0.00591829
     2.2000000       -0.00091804        0.01367549
     2.3000000       -0.00499076        0.01166977
     2.4000000       -0.01291726        0.00588306
     2.5000000       -0.00453279        0.00886913
     2.6000000        0.01162188        0.00913472
     2.7000000        0.01244150        0.00704050
     2.8000000        0.00859196        0.01400925
     2.9000000        0.00687766        0.00986336
     3.0000000        0.01624807        0.00897587
     3.1000000        0.00974674        0.00695842
     3.2000000        0.01040699        0.00850534
     3.3000000       -0.00500495        0.00850212
     3.4000000        0.00080744        0.00922582
     3.5000000        0.00555336        0.00744655
     3.6000000       -0.00536076        0.00494053
     3.7000000        0.00268985        0.00960832
     3.8000000        0.01431410        0.01946579
     3.9000000        0.02098792        0.01711624
     4.0000000        0.00472039        0.01870847
