   -2.094395     -2.094395        0.24229922        0.02848764       -0.02968412        0.01483183
   -2.094395     -1.047198        0.14572681        0.02127315       -0.01247713        0.01075234
   -2.094395      0.000000        0.00112388        0.00017984       -0.00005898        0.00004736
   -2.094395      1.047198        0.17886882        0.01968719        0.00768329        0.01264311
   -2.094395      2.094395        0.20529412        0.04710120        0.01061479        0.04415896
   -2.094395      3.141593        0.78183563        0.19981534       -0.00264525        0.07031008
   -1.047198     -2.094395        0.18285615        0.03237478        0.01017168        0.03623647
   -1.047198     -1.047198        0.11657991        0.02070559        0.01698591        0.00976923
   -1.047198      0.000000        0.00172071        0.00011574       -0.00005665        0.00001610
   -1.047198      1.047198        0.15506082        0.00641543        0.00636008        0.00486897
   -1.047198      2.094395        0.20129405        0.01393502        0.00161240        0.02220276
   -1.047198      3.141593        0.51315597        0.15988352        0.13307650        0.07691599
    0.000000     -2.094395        0.14473281        0.01024387       -0.04026726        0.04399889
    0.000000     -1.047198        0.13772769        0.02799258       -0.03192319        0.02990036
    0.000000      0.000000        0.00344508        0.00036539        0.00000000        0.00000000
    0.000000      1.047198        0.13772769        0.02799258        0.03192319        0.02990036
    0.000000      2.094395        0.14473281        0.01024387        0.04026726        0.04399889
    0.000000      3.141593        0.41570083        0.03543400        0.00000000        0.00000000
    1.047198     -2.094395        0.20129405        0.01393502       -0.00161240        0.02220276
    1.047198     -1.047198        0.15506082        0.00641543       -0.00636008        0.00486897
    1.047198      0.000000        0.00172071        0.00011574        0.00005665        0.00001610
    1.047198      1.047198        0.11657991        0.02070559       -0.01698591        0.00976923
    1.047198      2.094395        0.18285615        0.03237478       -0.01017168        0.03623647
    1.047198      3.141593        0.51315597        0.15988352       -0.13307650        0.07691599
    2.094395     -2.094395        0.20529412        0.04710120       -0.01061479        0.04415896
    2.094395     -1.047198        0.17886882        0.01968719       -0.00768329        0.01264311
    2.094395      0.000000        0.00112388        0.00017984        0.00005898        0.00004736
    2.094395      1.047198        0.14572681        0.02127315        0.01247713        0.01075234
    2.094395      2.094395        0.24229922        0.02848764        0.02968412        0.01483183
    2.094395      3.141593        0.78183563        0.19981534        0.00264525        0.07031008
    3.141593     -2.094395        0.25808486        0.02404250       -0.00100152        0.04504424
    3.141593     -1.047198        0.16062734        0.02379204        0.02279989        0.00821932
    3.141593      0.000000        0.00106742        0.00026067       -0.00000000        0.00000000
    3.141593      1.047198        0.16062734        0.02379204       -0.02279989        0.00821932
    3.141593      2.094395        0.25808486        0.02404250        0.00100152        0.04504424
    3.141593      3.141593        1.23090201        0.37476362        0.00000000        0.00000000
