          21           4   5.0000000000000000                1
     0.0000000        0.66046213        0.04478542
     0.1250000        0.52493720        0.04174046
     0.2500000        0.43702116        0.03923706
     0.3750000        0.37321163        0.03843971
     0.5000000        0.32091629        0.03700008
     0.6250000        0.27541217        0.03817743
     0.7500000        0.23761587        0.03768754
     0.8750000        0.20895829        0.03140706
     1.0000000        0.18356302        0.02472693
     1.1250000        0.16121472        0.02098557
     1.2500000        0.14758047        0.01763932
     1.3750000        0.14344483        0.01656435
     1.5000000        0.14605737        0.02254478
     1.6250000        0.15293721        0.02792579
     1.7500000        0.15555060        0.02463657
     1.8750000        0.14688285        0.01763922
     2.0000000        0.13515671        0.01421941
     2.1250000        0.13719799        0.01819362
     2.2500000        0.14651757        0.02628714
     2.3750000        0.15149106        0.03466996
     2.5000000        0.15410393        0.03908154
