   -1.570796     -1.570796       -0.04499279        0.18389428       -0.19338092        0.24559823
   -1.570796      0.000000        0.17720314        0.06723595       -0.21145674        0.23036986
   -1.570796      1.570796        0.77054432        0.78170597        0.04995951        0.04226971
   -1.570796      3.141593       -0.22653489        0.43277452        0.02670765        0.03317021
    0.000000     -1.570796        0.00325459        0.09193826       -0.14151615        0.17467194
    0.000000      0.000000        0.01339898        0.04530361       -0.00000000        0.00000000
    0.000000      1.570796        0.00325459        0.09193826        0.14151615        0.17467194
    0.000000      3.141593       -0.60062808        0.75235112       -0.00000000        0.00000000
    1.570796     -1.570796        0.77054432        0.78170597       -0.04995951        0.04226971
    1.570796      0.000000        0.17720314        0.06723595        0.21145674        0.23036986
    1.570796      1.570796       -0.04499279        0.18389428        0.19338092        0.24559823
    1.570796      3.141593       -0.22653489        0.43277452       -0.02670765        0.03317021
    3.141593     -1.570796        0.11959363        0.01752110        0.04432219        0.05201154
    3.141593      0.000000       -0.32507110        0.47523745       -0.00000000        0.00000000
    3.141593      1.570796        0.11959363        0.01752110       -0.04432219        0.05201154
    3.141593      3.141593        0.16356351        0.06389913       -0.00000000        0.00000000
