   -1.000000     -1.000000
  1    1       -0.00389056        0.00051838        0.00000000        0.00000000
   -1.000000      0.000000
  1    1       -0.04577420        0.00079106       -0.00000000        0.00000000
   -1.000000      1.000000
  1    1       -0.00374479        0.00045592        0.00000000        0.00000000
   -1.000000      2.000000
  1    1       -0.00501827        0.00044244        0.00000000        0.00000000
    0.000000     -1.000000
  1    1       -0.04674384        0.00106294       -0.00000000        0.00000000
    0.000000      0.000000
  1    1        0.24103011        0.00237770       -0.00000000        0.00000000
    0.000000      1.000000
  1    1       -0.04674384        0.00106294        0.00000000        0.00000000
    0.000000      2.000000
  1    1       -0.00425523        0.00088924       -0.00000000        0.00000000
    1.000000     -1.000000
  1    1       -0.00374479        0.00045592        0.00000000        0.00000000
    1.000000      0.000000
  1    1       -0.04577420        0.00079106        0.00000000        0.00000000
    1.000000      1.000000
  1    1       -0.00389056        0.00051838       -0.00000000        0.00000000
    1.000000      2.000000
  1    1       -0.00501827        0.00044244        0.00000000        0.00000000
    2.000000     -1.000000
  1    1       -0.00507207        0.00059012        0.00000000        0.00000000
    2.000000      0.000000
  1    1       -0.00360200        0.00064092       -0.00000000        0.00000000
    2.000000      1.000000
  1    1       -0.00507207        0.00059012        0.00000000        0.00000000
    2.000000      2.000000
  1    1       -0.00748170        0.00068146       -0.00000000        0.00000000
