          51           9   10.000000000000000                1
     0.0000000        0.24254108        0.01992837
     0.1000000        0.15426506        0.00561262
     0.2000000        0.10705013        0.00804606
     0.3000000        0.06458604        0.00729932
     0.4000000        0.04294465        0.00882037
     0.5000000        0.01740903        0.00818388
     0.6000000        0.01365411        0.00779961
     0.7000000        0.01911684        0.00737830
     0.8000000        0.01546086        0.00451058
     0.9000000        0.00843802        0.00335735
     1.0000000        0.00581756        0.00269456
     1.1000000       -0.00032482        0.00385521
     1.2000000        0.00192736        0.00303652
     1.3000000        0.00369677        0.00460445
     1.4000000        0.00445980        0.00466515
     1.5000000       -0.00283039        0.00321674
     1.6000000        0.00015634        0.00328311
     1.7000000        0.00055315        0.00316569
     1.8000000       -0.00349029        0.00312896
     1.9000000        0.00020261        0.00356552
     2.0000000       -0.00519888        0.00350790
     2.1000000       -0.00270675        0.00714344
     2.2000000       -0.00268796        0.00359723
     2.3000000       -0.00418735        0.00391108
     2.4000000        0.00142247        0.00297932
     2.5000000        0.01018479        0.00646876
     2.6000000        0.00051871        0.00225274
     2.7000000       -0.00305816        0.00311724
     2.8000000        0.00585240        0.00416079
     2.9000000       -0.00427815        0.00413209
     3.0000000       -0.00094566        0.00563492
     3.1000000        0.00130750        0.00392165
     3.2000000        0.00498419        0.00243679
     3.3000000        0.00720458        0.00274326
     3.4000000        0.00111579        0.00360547
     3.5000000        0.00634696        0.00495209
     3.6000000        0.00302814        0.00266704
     3.7000000        0.00250099        0.00385827
     3.8000000       -0.00016629        0.00334211
     3.9000000        0.00784526        0.00580686
     4.0000000        0.00819510        0.00805345
     4.1000000        0.00251969        0.00331129
     4.2000000        0.00373816        0.00328574
     4.3000000       -0.00430164        0.00501678
     4.4000000        0.00153535        0.00443921
     4.5000000        0.00496975        0.00298270
     4.6000000       -0.00304986        0.00288679
     4.7000000        0.00089463        0.00319439
     4.8000000        0.00271347        0.00420942
     4.9000000        0.00142403        0.00342203
     5.0000000        0.00384472        0.00793804
