          41           4   8.0000000000000000                1
     0.0000000        0.06218816        0.03074520
     0.1000000        0.03229999        0.03170665
     0.2000000        0.01120293        0.03262544
     0.3000000       -0.00326948        0.03379941
     0.4000000       -0.01237191        0.03476273
     0.5000000       -0.01815548        0.03386838
     0.6000000       -0.02199409        0.03186058
     0.7000000       -0.02328019        0.02938435
     0.8000000       -0.02347108        0.02612771
     0.9000000       -0.02420484        0.02306540
     1.0000000       -0.02532189        0.02132622
     1.1000000       -0.02652830        0.02120133
     1.2000000       -0.02576105        0.02045147
     1.3000000       -0.02285341        0.01874466
     1.4000000       -0.02047938        0.01818650
     1.5000000       -0.01843032        0.01861145
     1.6000000       -0.01667283        0.01968568
     1.7000000       -0.01552790        0.02050197
     1.8000000       -0.01445065        0.01991019
     1.9000000       -0.01411908        0.01903949
     2.0000000       -0.01426297        0.01838372
     2.1000000       -0.01484006        0.01776121
     2.2000000       -0.01455317        0.01740652
     2.3000000       -0.01207376        0.01543996
     2.4000000       -0.00981148        0.01203003
     2.5000000       -0.00820387        0.00900598
     2.6000000       -0.00715638        0.00731721
     2.7000000       -0.00721170        0.00648320
     2.8000000       -0.00817657        0.00662893
     2.9000000       -0.00878692        0.00678847
     3.0000000       -0.00828370        0.00715526
     3.1000000       -0.00823104        0.00815492
     3.2000000       -0.00873271        0.00811302
     3.3000000       -0.00976322        0.00744483
     3.4000000       -0.01116420        0.00701744
     3.5000000       -0.01253022        0.00648332
     3.6000000       -0.01408063        0.00642367
     3.7000000       -0.01552279        0.00666278
     3.8000000       -0.01650631        0.00700298
     3.9000000       -0.01712704        0.00759606
     4.0000000       -0.01750427        0.00792619
