          51           5   10.000000000000000                1
     0.0000000        0.58549820        0.10355586
     0.1000000        0.43150214        0.08183997
     0.2000000        0.47250270        0.05595425
     0.3000000        0.45456898        0.12935022
     0.4000000        0.51175866        0.28594746
     0.5000000        0.29077920        0.08305909
     0.6000000        0.30223142        0.06519858
     0.7000000        0.30768613        0.13228089
     0.8000000        0.23091314        0.05757922
     0.9000000        0.11750627        0.04866155
     1.0000000        0.17699978        0.01797848
     1.1000000        0.11135305        0.05130819
     1.2000000        0.16279765        0.06382950
     1.3000000        0.12003079        0.04074763
     1.4000000        0.17235627        0.09829969
     1.5000000        0.09376710        0.04823057
     1.6000000        0.14471449        0.14235418
     1.7000000        0.10747874        0.06945799
     1.8000000        0.15748417        0.15994792
     1.9000000        0.05589575        0.10162128
     2.0000000        0.18813535        0.22619290
     2.1000000        0.04753680        0.03138702
     2.2000000        0.02380559        0.01950755
     2.3000000        0.02884132        0.03095256
     2.4000000        0.06607335        0.04630725
     2.5000000        0.07492827        0.04104869
     2.6000000        0.05084479        0.04379580
     2.7000000        0.05232147        0.05453115
     2.8000000       -0.00341613        0.06093851
     2.9000000       -0.17572452        0.16305497
     3.0000000       -0.09813641        0.07737137
     3.1000000        0.00747610        0.02546014
     3.2000000       -0.00136761        0.03069291
     3.3000000        0.15835231        0.26146697
     3.4000000        0.55238249        0.63827306
     3.5000000        0.25821787        0.29553012
     3.6000000        0.03285851        0.02613565
     3.7000000        0.04141265        0.04690983
     3.8000000        0.13102107        0.14649996
     3.9000000        0.10322800        0.11095344
     4.0000000        0.25903220        0.27710060
     4.1000000       -0.29489032        0.32654208
     4.2000000       -0.16237787        0.16195457
     4.3000000        0.01031515        0.02432385
     4.4000000        0.05936267        0.04373706
     4.5000000       -0.01314026        0.02452871
     4.6000000       -0.05767891        0.04555014
     4.7000000       -0.14233580        0.14395552
     4.8000000       -0.07067130        0.07163247
     4.9000000       -0.01632719        0.01911876
     5.0000000        0.00655037        0.04351249
