          41           4   4.0000000000000000                1
     0.0000000        1.82753096        0.00820149
     0.1000000        1.47172748        0.01114233
     0.2000000        1.20314072        0.01614214
     0.3000000        0.99577051        0.01114332
     0.4000000        0.83778778        0.00515039
     0.5000000        0.69919417        0.00636711
     0.6000000        0.58893838        0.02546339
     0.7000000        0.50179213        0.02402850
     0.8000000        0.42686334        0.02693526
     0.9000000        0.37136399        0.01876444
     1.0000000        0.31973285        0.01782685
     1.1000000        0.27453533        0.01866636
     1.2000000        0.22084869        0.01725699
     1.3000000        0.19521021        0.01023937
     1.4000000        0.17656680        0.01439308
     1.5000000        0.15016694        0.01287703
     1.6000000        0.14350190        0.01692165
     1.7000000        0.13406050        0.01647559
     1.8000000        0.12644037        0.01863908
     1.9000000        0.11559578        0.00903122
     2.0000000        0.09886471        0.01630761
     2.1000000        0.08994599        0.01233335
     2.2000000        0.08292881        0.01585204
     2.3000000        0.07568328        0.01016797
     2.4000000        0.06751555        0.01008017
     2.5000000        0.06110456        0.01466985
     2.6000000        0.05566219        0.01591788
     2.7000000        0.04764845        0.01066175
     2.8000000        0.05665646        0.01014922
     2.9000000        0.05845189        0.01729927
     3.0000000        0.04575769        0.01882883
     3.1000000        0.05132994        0.01965323
     3.2000000        0.04234557        0.01534909
     3.3000000        0.04869986        0.01281071
     3.4000000        0.06011577        0.00446318
     3.5000000        0.06411053        0.00667905
     3.6000000        0.06693167        0.00634410
     3.7000000        0.07993296        0.00769516
     3.8000000        0.09912279        0.00667349
     3.9000000        0.13314216        0.01276241
     4.0000000        0.17246904        0.00820149
