         2 (-0.78711073719159245E+002, 0.00000000000000000E+000)  0.10000000000000000E+001
         2 (-0.78246501662033282E+002, 0.00000000000000000E+000)  0.10000000000000000E+001
         2 (-0.78172952429382875E+002, 0.00000000000000000E+000)  0.10000000000000000E+001
         2 (-0.78400798420285369E+002, 0.00000000000000000E+000)  0.10000000000000000E+001
         2 (-0.78255471502228616E+002, 0.00000000000000000E+000)  0.10000000000000000E+001
         2 (-0.78074729794297554E+002, 0.00000000000000000E+000)  0.10000000000000000E+001
         2 (-0.78062898581137134E+002, 0.00000000000000000E+000)  0.10000000000000000E+001
         2 (-0.78110727897983196E+002, 0.00000000000000000E+000)  0.10000000000000000E+001
         2 (-0.78833465989484111E+002, 0.00000000000000000E+000)  0.10000000000000000E+001
         2 (-0.78601924159946847E+002, 0.00000000000000000E+000)  0.10000000000000000E+001
