          11           9   2.0000000000000000                1
     0.0000000        0.77422219        0.00624366
     0.1000000        0.64555345        0.00637153
     0.2000000        0.55186063        0.00425859
     0.3000000        0.48901385        0.00522394
     0.4000000        0.43376259        0.00494664
     0.5000000        0.39400505        0.00461826
     0.6000000        0.37284896        0.00604028
     0.7000000        0.35519510        0.00450525
     0.8000000        0.34362724        0.00600600
     0.9000000        0.32594562        0.00531719
     1.0000000        0.32667207        0.00672867
