           9           4   2.0000000000000000                1
     0.0000000        0.94345525        0.01183032
     0.1250000        0.60821600        0.01786921
     0.2500000        0.40640356        0.00911334
     0.3750000        0.30844981        0.00338436
     0.5000000        0.23895974        0.00385876
     0.6250000        0.19117677        0.00393262
     0.7500000        0.16720676        0.00626934
     0.8750000        0.14973910        0.00572251
     1.0000000        0.14745611        0.00648159
