          51           4   10.000000000000000                1
     0.0000000        0.52264897        0.01442798
     0.1000000        0.44423014        0.01432657
     0.2000000        0.37995086        0.01367313
     0.3000000        0.32741004        0.01368952
     0.4000000        0.28403230        0.01338195
     0.5000000        0.24713589        0.01202536
     0.6000000        0.21623989        0.01058965
     0.7000000        0.19015274        0.00992647
     0.8000000        0.16750471        0.00941526
     0.9000000        0.14772957        0.00853889
     1.0000000        0.13057347        0.00841873
     1.1000000        0.11606574        0.00826697
     1.2000000        0.10382479        0.00823217
     1.3000000        0.09248387        0.00956957
     1.4000000        0.08264373        0.01053775
     1.5000000        0.07436480        0.01009556
     1.6000000        0.06708693        0.00978814
     1.7000000        0.06112712        0.00980498
     1.8000000        0.05646560        0.01008368
     1.9000000        0.05249112        0.01037632
     2.0000000        0.04856962        0.01042282
     2.1000000        0.04470600        0.01111205
     2.2000000        0.04012827        0.01170621
     2.3000000        0.03497826        0.01136192
     2.4000000        0.03028116        0.01067907
     2.5000000        0.02493811        0.00915128
     2.6000000        0.02050630        0.00800064
     2.7000000        0.01743009        0.00740449
     2.8000000        0.01389198        0.00627520
     2.9000000        0.01106396        0.00514706
     3.0000000        0.00915382        0.00476550
     3.1000000        0.00718012        0.00459996
     3.2000000        0.00527377        0.00409385
     3.3000000        0.00348820        0.00360956
     3.4000000        0.00175939        0.00327985
     3.5000000       -0.00038621        0.00433229
     3.6000000       -0.00238326        0.00563695
     3.7000000       -0.00363974        0.00543721
     3.8000000       -0.00458574        0.00452115
     3.9000000       -0.00499436        0.00452198
     4.0000000       -0.00501686        0.00530615
     4.1000000       -0.00475317        0.00588535
     4.2000000       -0.00365273        0.00572736
     4.3000000       -0.00147303        0.00481192
     4.4000000        0.00093310        0.00454094
     4.5000000        0.00285350        0.00501373
     4.6000000        0.00387969        0.00624713
     4.7000000        0.00456541        0.00767711
     4.8000000        0.00556086        0.00880670
     4.9000000        0.00577842        0.00954090
     5.0000000        0.00558229        0.00982052
