          11           4   2.0000000000000000                1
     0.0000000        1.68516160        0.41545731
     0.1000000        0.90753516        0.64130856
     0.2000000       -0.90284529        2.28507225
     0.3000000        0.56552253        0.40073794
     0.4000000        0.97682362        0.17791115
     0.5000000        1.19508978        0.20962765
     0.6000000        1.21817552        0.37705944
     0.7000000        0.75830871        0.04530766
     0.8000000        1.05384202        0.15357243
     0.9000000        1.71622062        0.73081216
     1.0000000        2.43274023        0.66656488
