         2 ( 0.61704710636937079E+002, 0.00000000000000000E+000)  0.10000000000000000E+001
         2 ( 0.61722835184591574E+002, 0.00000000000000000E+000)  0.10000000000000000E+001
         2 ( 0.61741123267858690E+002, 0.00000000000000000E+000)  0.10000000000000000E+001
         2 ( 0.61726606971897226E+002, 0.00000000000000000E+000)  0.10000000000000000E+001
         2 ( 0.61713077644210422E+002, 0.00000000000000000E+000)  0.10000000000000000E+001
         2 ( 0.61706735713725301E+002, 0.00000000000000000E+000)  0.10000000000000000E+001
         2 ( 0.61717525235921002E+002, 0.00000000000000000E+000)  0.10000000000000000E+001
         2 ( 0.61724329332903118E+002, 0.00000000000000000E+000)  0.10000000000000000E+001
         2 ( 0.61704471890343314E+002, 0.00000000000000000E+000)  0.10000000000000000E+001
         2 ( 0.61734300846402220E+002, 0.00000000000000000E+000)  0.10000000000000000E+001
