 0.10000000000000000E+001          1         36
( 0.00000000000000000E+000, 0.00000000000000000E+000)
-0.20943951023931953E+001 -0.20943951023931953E+001
( 0.34073800695514039E+000,-0.81917497476682559E-017)
-0.20943951023931953E+001 -0.10471975511965976E+001
( 0.26699520747441730E+000,-0.13010426069826053E-016)
-0.20943951023931953E+001  0.00000000000000000E+000
( 0.22467267397138529E+000, 0.36198062161980454E-017)
-0.20943951023931953E+001  0.10471975511965976E+001
( 0.26437951264429671E+000, 0.10119220276531374E-016)
-0.20943951023931953E+001  0.20943951023931953E+001
( 0.33996537680206651E+000, 0.77098821154524763E-017)
-0.20943951023931953E+001  0.31415926535897931E+001
( 0.38043822848214842E+000, 0.26789207210508797E-017)
-0.10471975511965976E+001 -0.20943951023931953E+001
( 0.26659982595336029E+000,-0.12143064331837650E-016)
-0.10471975511965976E+001 -0.10471975511965976E+001
( 0.16531986445880770E+000,-0.18889211182858564E-016)
-0.10471975511965976E+001  0.00000000000000000E+000
( 0.11027335393336757E+000,-0.75441279314668013E-017)
-0.10471975511965976E+001  0.10471975511965976E+001
( 0.16584822679719460E+000, 0.69388939039072284E-017)
-0.10471975511965976E+001  0.20943951023931953E+001
( 0.26948728008408301E+000, 0.41440616370557058E-017)
-0.10471975511965976E+001  0.31415926535897931E+001
( 0.30417512504578409E+000,-0.12912787898538680E-016)
 0.00000000000000000E+000 -0.20943951023931953E+001
( 0.22720384194885720E+000,-0.13492293702041831E-017)
 0.00000000000000000E+000 -0.10471975511965976E+001
( 0.11297728646537325E+000,-0.12143064331837650E-016)
 0.00000000000000000E+000  0.00000000000000000E+000
( 0.10718438747272617E-001, 0.00000000000000000E+000)
 0.00000000000000000E+000  0.10471975511965976E+001
( 0.11297728646537325E+000, 0.12143064331837650E-016)
 0.00000000000000000E+000  0.20943951023931953E+001
( 0.22720384194885720E+000, 0.13492293702041831E-017)
 0.00000000000000000E+000  0.31415926535897931E+001
( 0.27870907235757891E+000, 0.24209750275690176E-017)
 0.10471975511965976E+001 -0.20943951023931953E+001
( 0.26948728008408301E+000,-0.41440616370557058E-017)
 0.10471975511965976E+001 -0.10471975511965976E+001
( 0.16584822679719460E+000,-0.69388939039072284E-017)
 0.10471975511965976E+001  0.00000000000000000E+000
( 0.11027335393336757E+000, 0.75441279314668013E-017)
 0.10471975511965976E+001  0.10471975511965976E+001
( 0.16531986445880770E+000, 0.18889211182858564E-016)
 0.10471975511965976E+001  0.20943951023931953E+001
( 0.26659982595336029E+000, 0.12143064331837650E-016)
 0.10471975511965976E+001  0.31415926535897931E+001
( 0.30417512504578409E+000, 0.14131626282961602E-016)
 0.20943951023931953E+001 -0.20943951023931953E+001
( 0.33996537680206651E+000,-0.77098821154524763E-017)
 0.20943951023931953E+001 -0.10471975511965976E+001
( 0.26437951264429671E+000,-0.10119220276531374E-016)
 0.20943951023931953E+001  0.00000000000000000E+000
( 0.22467267397138529E+000,-0.36198062161980454E-017)
 0.20943951023931953E+001  0.10471975511965976E+001
( 0.26699520747441730E+000, 0.13010426069826053E-016)
 0.20943951023931953E+001  0.20943951023931953E+001
( 0.34073800695514039E+000, 0.81917497476682559E-017)
 0.20943951023931953E+001  0.31415926535897931E+001
( 0.38043822848214842E+000,-0.16811679972812157E-017)
 0.31415926535897931E+001 -0.20943951023931953E+001
( 0.38245352268936905E+000,-0.78062556418956319E-017)
 0.31415926535897931E+001 -0.10471975511965976E+001
( 0.30414367121149821E+000,-0.13685040754928144E-016)
 0.31415926535897931E+001  0.00000000000000000E+000
( 0.27159682919797012E+000, 0.19643181806888007E-017)
 0.31415926535897931E+001  0.10471975511965976E+001
( 0.30414367121149821E+000, 0.13492293702041833E-016)
 0.31415926535897931E+001  0.20943951023931953E+001
( 0.38245352268936905E+000, 0.92518585385429707E-017)
 0.31415926535897931E+001  0.31415926535897931E+001
( 0.42024738830135827E+000,-0.11607835983123810E-017)
 0.10000000000000000E+001          1         36
( 0.00000000000000000E+000, 0.00000000000000000E+000)
-0.20943951023931953E+001 -0.20943951023931953E+001
( 0.33681832518923510E+000,-0.26984587404083662E-017)
-0.20943951023931953E+001 -0.10471975511965976E+001
( 0.26264001638828627E+000,-0.24093381610788987E-017)
-0.20943951023931953E+001  0.00000000000000000E+000
( 0.22209642930155274E+000,-0.24544483414554390E-017)
-0.20943951023931953E+001  0.10471975511965976E+001
( 0.25867627330363957E+000,-0.14937896598689172E-016)
-0.20943951023931953E+001  0.20943951023931953E+001
( 0.33402195975429899E+000, 0.96373526443155954E-018)
-0.20943951023931953E+001  0.31415926535897931E+001
( 0.37905990090159825E+000, 0.23548762043909002E-017)
-0.10471975511965976E+001 -0.20943951023931953E+001
( 0.25805900311134294E+000,-0.21202175817494307E-017)
-0.10471975511965976E+001 -0.10471975511965976E+001
( 0.15786209450521385E+000,-0.24575249243004766E-016)
-0.10471975511965976E+001  0.00000000000000000E+000
( 0.10701224753557508E+000,-0.22287916281402331E-016)
-0.10471975511965976E+001  0.10471975511965976E+001
( 0.16079229694076455E+000,-0.11757570226065026E-016)
-0.10471975511965976E+001  0.20943951023931953E+001
( 0.26532222299479008E+000,-0.47223027957146409E-017)
-0.10471975511965976E+001  0.31415926535897931E+001
( 0.30378550883866884E+000, 0.26894042700240611E-017)
 0.00000000000000000E+000 -0.20943951023931953E+001
( 0.22457721044182311E+000, 0.35658204783967698E-017)
 0.00000000000000000E+000 -0.10471975511965976E+001
( 0.10746055034918184E+000,-0.64570262716914480E-017)
 0.00000000000000000E+000  0.00000000000000000E+000
( 0.61472063408846266E-002, 0.00000000000000000E+000)
 0.00000000000000000E+000  0.10471975511965976E+001
( 0.10746055034918184E+000, 0.64570262716914480E-017)
 0.00000000000000000E+000  0.20943951023931953E+001
( 0.22457721044182311E+000,-0.35658204783967698E-017)
 0.00000000000000000E+000  0.31415926535897931E+001
( 0.27587383582642150E+000, 0.21733383812851682E-017)
 0.10471975511965976E+001 -0.20943951023931953E+001
( 0.26532222299479008E+000, 0.47223027957146409E-017)
 0.10471975511965976E+001 -0.10471975511965976E+001
( 0.16079229694076455E+000, 0.11757570226065026E-016)
 0.10471975511965976E+001  0.00000000000000000E+000
( 0.10701224753557508E+000, 0.22287916281402331E-016)
 0.10471975511965976E+001  0.10471975511965976E+001
( 0.15786209450521385E+000, 0.24575249243004766E-016)
 0.10471975511965976E+001  0.20943951023931953E+001
( 0.25805900311134294E+000, 0.21202175817494307E-017)
 0.10471975511965976E+001  0.31415926535897931E+001
( 0.30378550883866889E+000,-0.10544428180389753E-016)
 0.20943951023931953E+001 -0.20943951023931953E+001
( 0.33402195975429899E+000,-0.96373526443155954E-018)
 0.20943951023931953E+001 -0.10471975511965976E+001
( 0.25867627330363957E+000, 0.14937896598689172E-016)
 0.20943951023931953E+001  0.00000000000000000E+000
( 0.22209642930155274E+000, 0.24544483414554390E-017)
 0.20943951023931953E+001  0.10471975511965976E+001
( 0.26264001638828627E+000, 0.24093381610788987E-017)
 0.20943951023931953E+001  0.20943951023931953E+001
( 0.33681832518923510E+000, 0.26984587404083662E-017)
 0.20943951023931953E+001  0.31415926535897931E+001
( 0.37905990090159825E+000,-0.24988549888071541E-017)
 0.31415926535897931E+001 -0.20943951023931953E+001
( 0.37737857908179684E+000, 0.13974161334257612E-016)
 0.31415926535897931E+001 -0.10471975511965976E+001
( 0.29965750140683728E+000, 0.69388939039072284E-017)
 0.31415926535897931E+001  0.00000000000000000E+000
( 0.27094083178676803E+000, 0.21201858086265437E-017)
 0.31415926535897931E+001  0.10471975511965976E+001
( 0.29965750140683728E+000,-0.81917497476682559E-017)
 0.31415926535897931E+001  0.20943951023931953E+001
( 0.37737857908179684E+000,-0.13685040754928144E-016)
 0.31415926535897931E+001  0.31415926535897931E+001
( 0.41282214251733523E+000,-0.16631513057202674E-017)
 0.10000000000000000E+001          1         36
( 0.00000000000000000E+000, 0.00000000000000000E+000)
-0.20943951023931953E+001 -0.20943951023931953E+001
( 0.33699876025340475E+000,-0.18696464129972253E-016)
-0.20943951023931953E+001 -0.10471975511965976E+001
( 0.26245271037389850E+000,-0.33682547491883000E-016)
-0.20943951023931953E+001  0.00000000000000000E+000
( 0.22225228294300528E+000,-0.21826910012596491E-016)
-0.20943951023931953E+001  0.10471975511965976E+001
( 0.26248036932459123E+000,-0.52523571911519991E-017)
-0.20943951023931953E+001  0.20943951023931953E+001
( 0.33822801180930567E+000,-0.16624433311444399E-016)
-0.20943951023931953E+001  0.31415926535897931E+001
( 0.37849519856413893E+000,-0.18023975194634746E-016)
-0.10471975511965976E+001 -0.20943951023931953E+001
( 0.26300264914414362E+000,-0.10890208488076622E-016)
-0.10471975511965976E+001 -0.10471975511965976E+001
( 0.16243727926936008E+000,-0.19322892051852766E-016)
-0.10471975511965976E+001  0.00000000000000000E+000
( 0.10937248351943089E+000,-0.58073518315893101E-017)
-0.10471975511965976E+001  0.10471975511965976E+001
( 0.16143259572194840E+000,-0.23129646346357427E-017)
-0.10471975511965976E+001  0.20943951023931953E+001
( 0.26109708168787649E+000,-0.12817679016939740E-016)
-0.10471975511965976E+001  0.31415926535897931E+001
( 0.29929267277497923E+000,-0.15329872686398975E-016)
 0.00000000000000000E+000 -0.20943951023931953E+001
( 0.22285840004303070E+000, 0.38549410577262378E-018)
 0.00000000000000000E+000 -0.10471975511965976E+001
( 0.10724836072225510E+000,-0.91072982488782372E-017)
 0.00000000000000000E+000  0.00000000000000000E+000
( 0.27821373512890960E-002, 0.00000000000000000E+000)
 0.00000000000000000E+000  0.10471975511965976E+001
( 0.10724836072225510E+000, 0.91072982488782372E-017)
 0.00000000000000000E+000  0.20943951023931953E+001
( 0.22285840004303070E+000,-0.38549410577262378E-018)
 0.00000000000000000E+000  0.31415926535897931E+001
( 0.27747261996233336E+000, 0.26617945539441063E-017)
 0.10471975511965976E+001 -0.20943951023931953E+001
( 0.26109708168787649E+000, 0.12817679016939740E-016)
 0.10471975511965976E+001 -0.10471975511965976E+001
( 0.16143259572194840E+000, 0.23129646346357427E-017)
 0.10471975511965976E+001  0.00000000000000000E+000
( 0.10937248351943089E+000, 0.58073518315893101E-017)
 0.10471975511965976E+001  0.10471975511965976E+001
( 0.16243727926936008E+000, 0.19322892051852766E-016)
 0.10471975511965976E+001  0.20943951023931953E+001
( 0.26300264914414362E+000, 0.10890208488076622E-016)
 0.10471975511965976E+001  0.31415926535897931E+001
( 0.29929267277497923E+000, 0.53732200354760197E-017)
 0.20943951023931953E+001 -0.20943951023931953E+001
( 0.33822801180930567E+000, 0.16624433311444399E-016)
 0.20943951023931953E+001 -0.10471975511965976E+001
( 0.26248036932459123E+000, 0.52523571911519991E-017)
 0.20943951023931953E+001  0.00000000000000000E+000
( 0.22225228294300528E+000, 0.21826910012596491E-016)
 0.20943951023931953E+001  0.10471975511965976E+001
( 0.26245271037389850E+000, 0.33682547491883000E-016)
 0.20943951023931953E+001  0.20943951023931953E+001
( 0.33699876025340475E+000, 0.18696464129972253E-016)
 0.20943951023931953E+001  0.31415926535897931E+001
( 0.37849519856413888E+000, 0.18150528148355796E-016)
 0.31415926535897931E+001 -0.20943951023931953E+001
( 0.37820289499618581E+000, 0.83363100373329893E-017)
 0.31415926535897931E+001 -0.10471975511965976E+001
( 0.30263927096548948E+000,-0.96373526443155954E-018)
 0.31415926535897931E+001  0.00000000000000000E+000
( 0.27076115878167906E+000, 0.25851940364207876E-017)
 0.31415926535897931E+001  0.10471975511965976E+001
( 0.30263927096548948E+000,-0.43368086899420177E-018)
 0.31415926535897931E+001  0.20943951023931953E+001
( 0.37820289499618581E+000,-0.72762012464582745E-017)
 0.31415926535897931E+001  0.31415926535897931E+001
( 0.40975104730464867E+000,-0.23429932625989283E-017)
 0.10000000000000000E+001          1         36
( 0.00000000000000000E+000, 0.00000000000000000E+000)
-0.20943951023931953E+001 -0.20943951023931953E+001
( 0.33861198771970941E+000,-0.12239437858280805E-016)
-0.20943951023931953E+001 -0.10471975511965976E+001
( 0.26479524575612406E+000,-0.10601087908747153E-017)
-0.20943951023931953E+001  0.00000000000000000E+000
( 0.22759954254609940E+000, 0.10074942509229394E-016)
-0.20943951023931953E+001  0.10471975511965976E+001
( 0.26517764177522241E+000, 0.40476881106125494E-017)
-0.20943951023931953E+001  0.20943951023931953E+001
( 0.33769324449452076E+000,-0.20238440553062747E-017)
-0.20943951023931953E+001  0.31415926535897931E+001
( 0.38015039108044574E+000,-0.16917952949308491E-017)
-0.10471975511965976E+001 -0.20943951023931953E+001
( 0.26529127276110986E+000,-0.12143064331837650E-016)
-0.10471975511965976E+001 -0.10471975511965976E+001
( 0.16571997231694940E+000,-0.73243880096798523E-017)
-0.10471975511965976E+001  0.00000000000000000E+000
( 0.11158937745739707E+000, 0.12550697321261264E-016)
-0.10471975511965976E+001  0.10471975511965976E+001
( 0.16104482681672891E+000,-0.11082955540962933E-016)
-0.10471975511965976E+001  0.20943951023931953E+001
( 0.26313243584410750E+000, 0.69388939039072284E-017)
-0.10471975511965976E+001  0.31415926535897931E+001
( 0.30348482030709573E+000, 0.11381781921353481E-016)
 0.00000000000000000E+000 -0.20943951023931953E+001
( 0.22535268558117522E+000,-0.73243880096798523E-017)
 0.00000000000000000E+000 -0.10471975511965976E+001
( 0.10871078931050775E+000, 0.78062556418956319E-017)
 0.00000000000000000E+000  0.00000000000000000E+000
( 0.70946950159220812E-002, 0.00000000000000000E+000)
 0.00000000000000000E+000  0.10471975511965976E+001
( 0.10871078931050775E+000,-0.78062556418956319E-017)
 0.00000000000000000E+000  0.20943951023931953E+001
( 0.22535268558117522E+000, 0.73243880096798523E-017)
 0.00000000000000000E+000  0.31415926535897931E+001
( 0.27143348803328116E+000, 0.19015703465241216E-017)
 0.10471975511965976E+001 -0.20943951023931953E+001
( 0.26313243584410750E+000,-0.69388939039072284E-017)
 0.10471975511965976E+001 -0.10471975511965976E+001
( 0.16104482681672891E+000, 0.11082955540962933E-016)
 0.10471975511965976E+001  0.00000000000000000E+000
( 0.11158937745739707E+000,-0.12550697321261264E-016)
 0.10471975511965976E+001  0.10471975511965976E+001
( 0.16571997231694940E+000, 0.73243880096798523E-017)
 0.10471975511965976E+001  0.20943951023931953E+001
( 0.26529127276110986E+000, 0.12143064331837650E-016)
 0.10471975511965976E+001  0.31415926535897931E+001
( 0.30348482030709573E+000,-0.12991825830994051E-016)
 0.20943951023931953E+001 -0.20943951023931953E+001
( 0.33769324449452076E+000, 0.20238440553062747E-017)
 0.20943951023931953E+001 -0.10471975511965976E+001
( 0.26517764177522241E+000,-0.40476881106125494E-017)
 0.20943951023931953E+001  0.00000000000000000E+000
( 0.22759954254609940E+000,-0.10074942509229394E-016)
 0.20943951023931953E+001  0.10471975511965976E+001
( 0.26479524575612406E+000, 0.10601087908747153E-017)
 0.20943951023931953E+001  0.20943951023931953E+001
( 0.33861198771970941E+000, 0.12239437858280805E-016)
 0.20943951023931953E+001  0.31415926535897931E+001
( 0.38015039108044579E+000,-0.26733194349042481E-017)
 0.31415926535897931E+001 -0.20943951023931953E+001
( 0.37931208364415114E+000,-0.59751586394756685E-017)
 0.31415926535897931E+001 -0.10471975511965976E+001
( 0.30468152190818654E+000,-0.10119220276531374E-016)
 0.31415926535897931E+001  0.00000000000000000E+000
( 0.27694436507739578E+000, 0.23163790001441151E-017)
 0.31415926535897931E+001  0.10471975511965976E+001
( 0.30468152190818648E+000, 0.10890208488076622E-016)
 0.31415926535897931E+001  0.20943951023931953E+001
( 0.37931208364415114E+000, 0.56860380601462009E-017)
 0.31415926535897931E+001  0.31415926535897931E+001
( 0.41808631705064192E+000,-0.90608457251757676E-018)
 0.10000000000000000E+001          1         36
( 0.00000000000000000E+000, 0.00000000000000000E+000)
-0.20943951023931953E+001 -0.20943951023931953E+001
( 0.33506687514034328E+000, 0.18792837656415408E-016)
-0.20943951023931953E+001 -0.10471975511965976E+001
( 0.25825488133086205E+000, 0.16383499495336511E-017)
-0.20943951023931953E+001  0.00000000000000000E+000
( 0.21845617306176540E+000, 0.12093411125304646E-016)
-0.20943951023931953E+001  0.10471975511965976E+001
( 0.25746102505430712E+000, 0.10408340855860843E-016)
-0.20943951023931953E+001  0.20943951023931953E+001
( 0.33550408472346460E+000, 0.21202175817494307E-017)
-0.20943951023931953E+001  0.31415926535897931E+001
( 0.37935560342041136E+000, 0.93797993847616130E-017)
-0.10471975511965976E+001 -0.20943951023931953E+001
( 0.26342289130972107E+000, 0.23129646346357427E-017)
-0.10471975511965976E+001 -0.10471975511965976E+001
( 0.15999238885685302E+000,-0.57824115865893567E-018)
-0.10471975511965976E+001  0.00000000000000000E+000
( 0.10521168180917954E+000, 0.50362499783106104E-017)
-0.10471975511965976E+001  0.10471975511965976E+001
( 0.16000039337060601E+000, 0.24093381610788987E-017)
-0.10471975511965976E+001  0.20943951023931953E+001
( 0.26311341078029571E+000,-0.48668630853793751E-017)
-0.10471975511965976E+001  0.31415926535897931E+001
( 0.30255578742382611E+000, 0.45063555856201881E-017)
 0.00000000000000000E+000 -0.20943951023931953E+001
( 0.22366146483568647E+000,-0.45295557428283297E-017)
 0.00000000000000000E+000 -0.10471975511965976E+001
( 0.10797676676772300E+000,-0.57824115865893565E-017)
 0.00000000000000000E+000  0.00000000000000000E+000
( 0.35601614937420655E-002, 0.00000000000000000E+000)
 0.00000000000000000E+000  0.10471975511965976E+001
( 0.10797676676772300E+000, 0.57824115865893565E-017)
 0.00000000000000000E+000  0.20943951023931953E+001
( 0.22366146483568647E+000, 0.45295557428283297E-017)
 0.00000000000000000E+000  0.31415926535897931E+001
( 0.27675191788118086E+000, 0.25608809807400750E-017)
 0.10471975511965976E+001 -0.20943951023931953E+001
( 0.26311341078029571E+000, 0.48668630853793751E-017)
 0.10471975511965976E+001 -0.10471975511965976E+001
( 0.16000039337060601E+000,-0.24093381610788987E-017)
 0.10471975511965976E+001  0.00000000000000000E+000
( 0.10521168180917954E+000,-0.50362499783106104E-017)
 0.10471975511965976E+001  0.10471975511965976E+001
( 0.15999238885685302E+000, 0.57824115865893567E-018)
 0.10471975511965976E+001  0.20943951023931953E+001
( 0.26342289130972107E+000,-0.23129646346357427E-017)
 0.10471975511965976E+001  0.31415926535897931E+001
( 0.30255578742382611E+000,-0.57888774186628064E-017)
 0.20943951023931953E+001 -0.20943951023931953E+001
( 0.33550408472346460E+000,-0.21202175817494307E-017)
 0.20943951023931953E+001 -0.10471975511965976E+001
( 0.25746102505430712E+000,-0.10408340855860843E-016)
 0.20943951023931953E+001  0.00000000000000000E+000
( 0.21845617306176540E+000,-0.12093411125304646E-016)
 0.20943951023931953E+001  0.10471975511965976E+001
( 0.25825488133086205E+000,-0.16383499495336511E-017)
 0.20943951023931953E+001  0.20943951023931953E+001
( 0.33506687514034328E+000,-0.18792837656415408E-016)
 0.20943951023931953E+001  0.31415926535897931E+001
( 0.37935560342041141E+000,-0.10121121607025269E-016)
 0.31415926535897931E+001 -0.20943951023931953E+001
( 0.37672847364741718E+000,-0.44813689796067511E-017)
 0.31415926535897931E+001 -0.10471975511965976E+001
( 0.29751143511954364E+000,-0.47223027957146409E-017)
 0.31415926535897931E+001  0.00000000000000000E+000
( 0.26620372352539612E+000, 0.22138295045812561E-017)
 0.31415926535897931E+001  0.10471975511965976E+001
( 0.29751143511954375E+000, 0.62642792188051360E-017)
 0.31415926535897931E+001  0.20943951023931953E+001
( 0.37672847364741718E+000, 0.53969174808167325E-017)
 0.31415926535897931E+001  0.31415926535897931E+001
( 0.41281304715963263E+000,-0.17979808819888341E-017)
 0.10000000000000000E+001          1         36
( 0.00000000000000000E+000, 0.00000000000000000E+000)
-0.20943951023931953E+001 -0.20943951023931953E+001
( 0.33838751853103782E+000, 0.12335811384723961E-016)
-0.20943951023931953E+001 -0.10471975511965976E+001
( 0.26617996569752411E+000, 0.84808703269977227E-017)
-0.20943951023931953E+001  0.00000000000000000E+000
( 0.22732416134697941E+000, 0.10544744480806801E-016)
-0.20943951023931953E+001  0.10471975511965976E+001
( 0.26629123994667758E+000, 0.17829102391983849E-016)
-0.20943951023931953E+001  0.20943951023931953E+001
( 0.33721811158766979E+000, 0.98300996972019058E-017)
-0.20943951023931953E+001  0.31415926535897931E+001
( 0.37968869445638898E+000, 0.26591354187800479E-017)
-0.10471975511965976E+001 -0.20943951023931953E+001
( 0.26370480558269910E+000, 0.24575249243004766E-016)
-0.10471975511965976E+001 -0.10471975511965976E+001
( 0.16236639916022325E+000, 0.18310970024199630E-016)
-0.10471975511965976E+001  0.00000000000000000E+000
( 0.11336822887632955E+000, 0.17760900579510871E-016)
-0.10471975511965976E+001  0.10471975511965976E+001
( 0.16279396373986657E+000, 0.15516137757348108E-016)
-0.10471975511965976E+001  0.20943951023931953E+001
( 0.26494169949195401E+000, 0.19274705288631189E-016)
-0.10471975511965976E+001  0.31415926535897931E+001
( 0.30168307730989347E+000, 0.24785965964569516E-016)
 0.00000000000000000E+000 -0.20943951023931953E+001
( 0.22370788479517051E+000, 0.57824115865893567E-018)
 0.00000000000000000E+000 -0.10471975511965976E+001
( 0.11085930430160840E+000, 0.10601087908747154E-016)
 0.00000000000000000E+000  0.00000000000000000E+000
( 0.47899104006182813E-002, 0.00000000000000000E+000)
 0.00000000000000000E+000  0.10471975511965976E+001
( 0.11085930430160840E+000,-0.10601087908747154E-016)
 0.00000000000000000E+000  0.20943951023931953E+001
( 0.22370788479517051E+000,-0.57824115865893567E-018)
 0.00000000000000000E+000  0.31415926535897931E+001
( 0.27070580924929771E+000, 0.24626874293950053E-017)
 0.10471975511965976E+001 -0.20943951023931953E+001
( 0.26494169949195401E+000,-0.19274705288631189E-016)
 0.10471975511965976E+001 -0.10471975511965976E+001
( 0.16279396373986657E+000,-0.15516137757348108E-016)
 0.10471975511965976E+001  0.00000000000000000E+000
( 0.11336822887632955E+000,-0.17760900579510871E-016)
 0.10471975511965976E+001  0.10471975511965976E+001
( 0.16236639916022325E+000,-0.18310970024199630E-016)
 0.10471975511965976E+001  0.20943951023931953E+001
( 0.26370480558269910E+000,-0.24575249243004766E-016)
 0.10471975511965976E+001  0.31415926535897931E+001
( 0.30168307730989347E+000,-0.26334710356202897E-016)
 0.20943951023931953E+001 -0.20943951023931953E+001
( 0.33721811158766979E+000,-0.98300996972019058E-017)
 0.20943951023931953E+001 -0.10471975511965976E+001
( 0.26629123994667758E+000,-0.17829102391983849E-016)
 0.20943951023931953E+001  0.00000000000000000E+000
( 0.22732416134697941E+000,-0.10544744480806801E-016)
 0.20943951023931953E+001  0.10471975511965976E+001
( 0.26617996569752411E+000,-0.84808703269977227E-017)
 0.20943951023931953E+001  0.20943951023931953E+001
( 0.33838751853103782E+000,-0.12335811384723961E-016)
 0.20943951023931953E+001  0.31415926535897931E+001
( 0.37968869445638898E+000,-0.61218144021907733E-017)
 0.31415926535897931E+001 -0.20943951023931953E+001
( 0.38175787349545032E+000,-0.57824115865893565E-017)
 0.31415926535897931E+001 -0.10471975511965976E+001
( 0.30501426702309337E+000,-0.34694469519536142E-017)
 0.31415926535897931E+001  0.00000000000000000E+000
( 0.27466381051766275E+000, 0.25694336031842192E-017)
 0.31415926535897931E+001  0.10471975511965976E+001
( 0.30501426702309337E+000, 0.28912057932946782E-017)
 0.31415926535897931E+001  0.20943951023931953E+001
( 0.38175787349545032E+000, 0.74207615361230080E-017)
 0.31415926535897931E+001  0.31415926535897931E+001
( 0.41756059912645688E+000,-0.12091469805007707E-017)
 0.10000000000000000E+001          1         36
( 0.00000000000000000E+000, 0.00000000000000000E+000)
-0.20943951023931953E+001 -0.20943951023931953E+001
( 0.33963594435467848E+000,-0.43368086899420177E-016)
-0.20943951023931953E+001 -0.10471975511965976E+001
( 0.26522480538119064E+000,-0.16865367127552290E-016)
-0.20943951023931953E+001  0.00000000000000000E+000
( 0.22320111169740511E+000,-0.77147983350394533E-017)
-0.20943951023931953E+001  0.10471975511965976E+001
( 0.26436921604888231E+000, 0.76135085890093192E-017)
-0.20943951023931953E+001  0.20943951023931953E+001
( 0.33823408870554306E+000, 0.10601087908747154E-016)
-0.20943951023931953E+001  0.31415926535897931E+001
( 0.38035717085790138E+000,-0.29413388313389068E-016)
-0.10471975511965976E+001 -0.20943951023931953E+001
( 0.26334592811901608E+000,-0.13106799596269209E-016)
-0.10471975511965976E+001 -0.10471975511965976E+001
( 0.16468105830008925E+000,-0.73243880096798523E-017)
-0.10471975511965976E+001  0.00000000000000000E+000
( 0.11172173825262721E+000,-0.11514178300163645E-016)
-0.10471975511965976E+001  0.10471975511965976E+001
( 0.16258194099416959E+000,-0.32766998990673022E-017)
-0.10471975511965976E+001  0.20943951023931953E+001
( 0.26326448495060528E+000, 0.48186763221577973E-017)
-0.10471975511965976E+001  0.31415926535897931E+001
( 0.29924284663318412E+000,-0.12593455658343877E-016)
 0.00000000000000000E+000 -0.20943951023931953E+001
( 0.22609712491355269E+000, 0.60715321659188248E-017)
 0.00000000000000000E+000 -0.10471975511965976E+001
( 0.11002212250978377E+000,-0.67461468510209156E-018)
 0.00000000000000000E+000  0.00000000000000000E+000
( 0.18034333636992212E-002, 0.00000000000000000E+000)
 0.00000000000000000E+000  0.10471975511965976E+001
( 0.11002212250978377E+000, 0.67461468510209156E-018)
 0.00000000000000000E+000  0.20943951023931953E+001
( 0.22609712491355269E+000,-0.60715321659188248E-017)
 0.00000000000000000E+000  0.31415926535897931E+001
( 0.27496560027298306E+000, 0.25112706522007739E-017)
 0.10471975511965976E+001 -0.20943951023931953E+001
( 0.26326448495060528E+000,-0.48186763221577973E-017)
 0.10471975511965976E+001 -0.10471975511965976E+001
( 0.16258194099416959E+000, 0.32766998990673022E-017)
 0.10471975511965976E+001  0.00000000000000000E+000
( 0.11172173825262721E+000, 0.11514178300163645E-016)
 0.10471975511965976E+001  0.10471975511965976E+001
( 0.16468105830008925E+000, 0.73243880096798523E-017)
 0.10471975511965976E+001  0.20943951023931953E+001
( 0.26334592811901608E+000, 0.13106799596269209E-016)
 0.10471975511965976E+001  0.31415926535897931E+001
( 0.29924284663318412E+000, 0.10752964855865967E-016)
 0.20943951023931953E+001 -0.20943951023931953E+001
( 0.33823408870554306E+000,-0.10601087908747154E-016)
 0.20943951023931953E+001 -0.10471975511965976E+001
( 0.26436921604888231E+000,-0.76135085890093192E-017)
 0.20943951023931953E+001  0.00000000000000000E+000
( 0.22320111169740511E+000, 0.77147983350394533E-017)
 0.20943951023931953E+001  0.10471975511965976E+001
( 0.26522480538119064E+000, 0.16865367127552290E-016)
 0.20943951023931953E+001  0.20943951023931953E+001
( 0.33963594435467848E+000, 0.43368086899420177E-016)
 0.20943951023931953E+001  0.31415926535897931E+001
( 0.38035717085790138E+000, 0.17857958940268295E-016)
 0.31415926535897931E+001 -0.20943951023931953E+001
( 0.38207123577856639E+000,-0.20527561132392215E-016)
 0.31415926535897931E+001 -0.10471975511965976E+001
( 0.30114928847041794E+000,-0.21009428764607996E-016)
 0.31415926535897931E+001  0.00000000000000000E+000
( 0.27534338246712142E+000, 0.30972053694118151E-017)
 0.31415926535897931E+001  0.10471975511965976E+001
( 0.30114928847041794E+000, 0.19081958235744878E-016)
 0.31415926535897931E+001  0.20943951023931953E+001
( 0.38207123577856639E+000, 0.19756572920846967E-016)
 0.31415926535897931E+001  0.31415926535897931E+001
( 0.41534887578454915E+000,-0.26748597146847995E-017)
 0.10000000000000000E+001          1         36
( 0.00000000000000000E+000, 0.00000000000000000E+000)
-0.20943951023931953E+001 -0.20943951023931953E+001
( 0.34114778638190107E+000,-0.82881232741114115E-017)
-0.20943951023931953E+001 -0.10471975511965976E+001
( 0.26523880712858899E+000,-0.19081958235744878E-016)
-0.20943951023931953E+001  0.00000000000000000E+000
( 0.22232336616962994E+000,-0.45605164478456670E-017)
-0.20943951023931953E+001  0.10471975511965976E+001
( 0.26645742626319652E+000, 0.11950317278951337E-016)
-0.20943951023931953E+001  0.20943951023931953E+001
( 0.33858506059410615E+000, 0.11468449646735557E-016)
-0.20943951023931953E+001  0.31415926535897931E+001
( 0.38299453202059947E+000, 0.38004026529967628E-017)
-0.10471975511965976E+001 -0.20943951023931953E+001
( 0.26400398313177459E+000,-0.16768993601109134E-016)
-0.10471975511965976E+001 -0.10471975511965976E+001
( 0.16338819066847587E+000,-0.17347234759768071E-017)
-0.10471975511965976E+001  0.00000000000000000E+000
( 0.10926828117840075E+000,-0.14681482430072612E-016)
-0.10471975511965976E+001  0.10471975511965976E+001
( 0.16224793024873224E+000, 0.18310970024199630E-016)
-0.10471975511965976E+001  0.20943951023931953E+001
( 0.26306941676796980E+000, 0.18118222971313319E-016)
-0.10471975511965976E+001  0.31415926535897931E+001
( 0.30123262338996099E+000, 0.19698709420397225E-018)
 0.00000000000000000E+000 -0.20943951023931953E+001
( 0.22386084072624082E+000,-0.12721305490496585E-016)
 0.00000000000000000E+000 -0.10471975511965976E+001
( 0.10847877723856972E+000,-0.17636355339097538E-016)
 0.00000000000000000E+000  0.00000000000000000E+000
( 0.19297743525196567E-002, 0.00000000000000000E+000)
 0.00000000000000000E+000  0.10471975511965976E+001
( 0.10847877723856972E+000, 0.17636355339097538E-016)
 0.00000000000000000E+000  0.20943951023931953E+001
( 0.22386084072624082E+000, 0.12721305490496585E-016)
 0.00000000000000000E+000  0.31415926535897931E+001
( 0.27267685426529875E+000, 0.24482497667645678E-017)
 0.10471975511965976E+001 -0.20943951023931953E+001
( 0.26306941676796980E+000,-0.18118222971313319E-016)
 0.10471975511965976E+001 -0.10471975511965976E+001
( 0.16224793024873224E+000,-0.18310970024199630E-016)
 0.10471975511965976E+001  0.00000000000000000E+000
( 0.10926828117840075E+000, 0.14681482430072612E-016)
 0.10471975511965976E+001  0.10471975511965976E+001
( 0.16338819066847587E+000, 0.17347234759768071E-017)
 0.10471975511965976E+001  0.20943951023931953E+001
( 0.26400398313177459E+000, 0.16768993601109134E-016)
 0.10471975511965976E+001  0.31415926535897931E+001
( 0.30123262338996093E+000, 0.96375210536874792E-018)
 0.20943951023931953E+001 -0.20943951023931953E+001
( 0.33858506059410615E+000,-0.11468449646735557E-016)
 0.20943951023931953E+001 -0.10471975511965976E+001
( 0.26645742626319652E+000,-0.11950317278951337E-016)
 0.20943951023931953E+001  0.00000000000000000E+000
( 0.22232336616962994E+000, 0.45605164478456670E-017)
 0.20943951023931953E+001  0.10471975511965976E+001
( 0.26523880712858899E+000, 0.19081958235744878E-016)
 0.20943951023931953E+001  0.20943951023931953E+001
( 0.34114778638190107E+000, 0.82881232741114115E-017)
 0.20943951023931953E+001  0.31415926535897931E+001
( 0.38299453202059947E+000,-0.34191654294789891E-017)
 0.31415926535897931E+001 -0.20943951023931953E+001
( 0.38372259092902011E+000,-0.74207615361230080E-017)
 0.31415926535897931E+001 -0.10471975511965976E+001
( 0.30481351566087900E+000,-0.11950317278951337E-016)
 0.31415926535897931E+001  0.00000000000000000E+000
( 0.27642022829065616E+000, 0.29624379944080686E-017)
 0.31415926535897931E+001  0.10471975511965976E+001
( 0.30481351566087900E+000, 0.12143064331837650E-016)
 0.31415926535897931E+001  0.20943951023931953E+001
( 0.38372259092902011E+000, 0.65533997981346044E-017)
 0.31415926535897931E+001  0.31415926535897931E+001
( 0.41611926457558585E+000,-0.23391073008104489E-017)
 0.10000000000000000E+001          1         36
( 0.00000000000000000E+000, 0.00000000000000000E+000)
-0.20943951023931953E+001 -0.20943951023931953E+001
( 0.33474209886139678E+000, 0.18792837656415408E-016)
-0.20943951023931953E+001 -0.10471975511965976E+001
( 0.26116598517112793E+000, 0.85772438534408783E-017)
-0.20943951023931953E+001  0.00000000000000000E+000
( 0.22059976131684589E+000, 0.15086508150573387E-017)
-0.20943951023931953E+001  0.10471975511965976E+001
( 0.25691723838789460E+000, 0.30839528461809902E-017)
-0.20943951023931953E+001  0.20943951023931953E+001
( 0.33408922947737008E+000, 0.10504714382303998E-016)
-0.20943951023931953E+001  0.31415926535897931E+001
( 0.37467097793797854E+000, 0.19940097109178828E-016)
-0.10471975511965976E+001 -0.20943951023931953E+001
( 0.26240544429476748E+000, 0.10311967329417685E-016)
-0.10471975511965976E+001 -0.10471975511965976E+001
( 0.16155379400409553E+000, 0.13781414281371300E-016)
-0.10471975511965976E+001  0.00000000000000000E+000
( 0.10639331308715787E+000, 0.18857687223653569E-016)
-0.10471975511965976E+001  0.10471975511965976E+001
( 0.16134868625860280E+000, 0.13877787807814457E-016)
-0.10471975511965976E+001  0.20943951023931953E+001
( 0.26278257821603129E+000, 0.22647778714141648E-016)
-0.10471975511965976E+001  0.31415926535897931E+001
( 0.30030875148953418E+000, 0.16531352473142168E-016)
 0.00000000000000000E+000 -0.20943951023931953E+001
( 0.22397574740931178E+000,-0.67461468510209164E-017)
 0.00000000000000000E+000 -0.10471975511965976E+001
( 0.10745359217040340E+000,-0.11661196699621869E-016)
 0.00000000000000000E+000  0.00000000000000000E+000
( 0.45165183457511497E-002, 0.00000000000000000E+000)
 0.00000000000000000E+000  0.10471975511965976E+001
( 0.10745359217040340E+000, 0.11661196699621869E-016)
 0.00000000000000000E+000  0.20943951023931953E+001
( 0.22397574740931178E+000, 0.67461468510209164E-017)
 0.00000000000000000E+000  0.31415926535897931E+001
( 0.27220944569830197E+000, 0.21216158875263035E-017)
 0.10471975511965976E+001 -0.20943951023931953E+001
( 0.26278257821603129E+000,-0.22647778714141648E-016)
 0.10471975511965976E+001 -0.10471975511965976E+001
( 0.16134868625860280E+000,-0.13877787807814457E-016)
 0.10471975511965976E+001  0.00000000000000000E+000
( 0.10639331308715787E+000,-0.18857687223653569E-016)
 0.10471975511965976E+001  0.10471975511965976E+001
( 0.16155379400409553E+000,-0.13781414281371300E-016)
 0.10471975511965976E+001  0.20943951023931953E+001
( 0.26240544429476748E+000,-0.10311967329417685E-016)
 0.10471975511965976E+001  0.31415926535897931E+001
( 0.30030875148953418E+000,-0.19716953822311526E-016)
 0.20943951023931953E+001 -0.20943951023931953E+001
( 0.33408922947737008E+000,-0.10504714382303998E-016)
 0.20943951023931953E+001 -0.10471975511965976E+001
( 0.25691723838789460E+000,-0.30839528461809902E-017)
 0.20943951023931953E+001  0.00000000000000000E+000
( 0.22059976131684589E+000,-0.15086508150573387E-017)
 0.20943951023931953E+001  0.10471975511965976E+001
( 0.26116598517112793E+000,-0.85772438534408783E-017)
 0.20943951023931953E+001  0.20943951023931953E+001
( 0.33474209886139678E+000,-0.18792837656415408E-016)
 0.20943951023931953E+001  0.31415926535897931E+001
( 0.37467097793797854E+000,-0.21187677976394643E-016)
 0.31415926535897931E+001 -0.20943951023931953E+001
( 0.37244234525122072E+000, 0.51077969014872649E-017)
 0.31415926535897931E+001 -0.10471975511965976E+001
( 0.30012066906956714E+000, 0.12528558437610273E-017)
 0.31415926535897931E+001  0.00000000000000000E+000
( 0.26824721312450478E+000, 0.21625914332378702E-017)
 0.31415926535897931E+001  0.10471975511965976E+001
( 0.30012066906956714E+000,-0.18310970024199631E-017)
 0.31415926535897931E+001  0.20943951023931953E+001
( 0.37244234525122077E+000,-0.55896645337030445E-017)
 0.31415926535897931E+001  0.31415926535897931E+001
( 0.41113110059522984E+000,-0.70798441211265157E-018)
 0.10000000000000000E+001          1         36
( 0.00000000000000000E+000, 0.00000000000000000E+000)
-0.20943951023931953E+001 -0.20943951023931953E+001
( 0.33885546306597869E+000, 0.66497733245777600E-017)
-0.20943951023931953E+001 -0.10471975511965976E+001
( 0.26162645116153205E+000,-0.86736173798840355E-018)
-0.20943951023931953E+001  0.00000000000000000E+000
( 0.22399694763921271E+000, 0.30404630726987148E-017)
-0.20943951023931953E+001  0.10471975511965976E+001
( 0.26324924722949217E+000, 0.13010426069826053E-016)
-0.20943951023931953E+001  0.20943951023931953E+001
( 0.33878708973089428E+000, 0.12046690805394493E-016)
-0.20943951023931953E+001  0.31415926535897931E+001
( 0.38017986206161714E+000, 0.35464767156167630E-017)
-0.10471975511965976E+001 -0.20943951023931953E+001
( 0.26446020155025707E+000, 0.11564823173178713E-017)
-0.10471975511965976E+001 -0.10471975511965976E+001
( 0.16255731525396167E+000, 0.19467452341517500E-016)
-0.10471975511965976E+001  0.00000000000000000E+000
( 0.10780279223051813E+000, 0.20452932492690199E-016)
-0.10471975511965976E+001  0.10471975511965976E+001
( 0.16120297754540505E+000, 0.72280144832366952E-017)
-0.10471975511965976E+001  0.20943951023931953E+001
( 0.26281965419311970E+000,-0.77098821154524755E-018)
-0.10471975511965976E+001  0.31415926535897931E+001
( 0.30107416787272928E+000,-0.80521579285712395E-017)
 0.00000000000000000E+000 -0.20943951023931953E+001
( 0.22628189936340351E+000, 0.43368086899420177E-017)
 0.00000000000000000E+000 -0.10471975511965976E+001
( 0.10754707350446852E+000,-0.78062556418956319E-017)
 0.00000000000000000E+000  0.00000000000000000E+000
( 0.22465146707241323E-002, 0.00000000000000000E+000)
 0.00000000000000000E+000  0.10471975511965976E+001
( 0.10754707350446852E+000, 0.78062556418956319E-017)
 0.00000000000000000E+000  0.20943951023931953E+001
( 0.22628189936340351E+000,-0.43368086899420177E-017)
 0.00000000000000000E+000  0.31415926535897931E+001
( 0.27585076784379436E+000, 0.22126062005288067E-017)
 0.10471975511965976E+001 -0.20943951023931953E+001
( 0.26281965419311970E+000, 0.77098821154524755E-018)
 0.10471975511965976E+001 -0.10471975511965976E+001
( 0.16120297754540505E+000,-0.72280144832366952E-017)
 0.10471975511965976E+001  0.00000000000000000E+000
( 0.10780279223051813E+000,-0.20452932492690199E-016)
 0.10471975511965976E+001  0.10471975511965976E+001
( 0.16255731525396167E+000,-0.19467452341517500E-016)
 0.10471975511965976E+001  0.20943951023931953E+001
( 0.26446020155025707E+000,-0.11564823173178713E-017)
 0.10471975511965976E+001  0.31415926535897931E+001
( 0.30107416787272928E+000, 0.50060172010025163E-017)
 0.20943951023931953E+001 -0.20943951023931953E+001
( 0.33878708973089428E+000,-0.12046690805394493E-016)
 0.20943951023931953E+001 -0.10471975511965976E+001
( 0.26324924722949217E+000,-0.13010426069826053E-016)
 0.20943951023931953E+001  0.00000000000000000E+000
( 0.22399694763921271E+000,-0.30404630726987148E-017)
 0.20943951023931953E+001  0.10471975511965976E+001
( 0.26162645116153205E+000, 0.86736173798840355E-018)
 0.20943951023931953E+001  0.20943951023931953E+001
( 0.33885546306597869E+000,-0.66497733245777600E-017)
 0.20943951023931953E+001  0.31415926535897931E+001
( 0.38017986206161719E+000,-0.83065916299436709E-017)
 0.31415926535897931E+001 -0.20943951023931953E+001
( 0.38036640137240280E+000, 0.96373526443155944E-019)
 0.31415926535897931E+001 -0.10471975511965976E+001
( 0.30051839144012849E+000,-0.31803263726241462E-017)
 0.31415926535897931E+001  0.00000000000000000E+000
( 0.27367115518168905E+000, 0.23902858104849010E-017)
 0.31415926535897931E+001  0.10471975511965976E+001
( 0.30051839144012849E+000, 0.16383499495336511E-017)
 0.31415926535897931E+001  0.20943951023931953E+001
( 0.38036640137240280E+000, 0.86736173798840355E-018)
 0.31415926535897931E+001  0.31415926535897931E+001
( 0.41155856872995183E+000,-0.27133393155023559E-017)
