          21           4   4.0000000000000000                1
     0.0000000        1.15049414        0.01919772
     0.1000000        0.78064059        0.01044568
     0.2000000        0.55517420        0.01477314
     0.3000000        0.39551711        0.00816904
     0.4000000        0.30577018        0.00965827
     0.5000000        0.24282462        0.00793475
     0.6000000        0.20303936        0.01621249
     0.7000000        0.16054430        0.01225028
     0.8000000        0.13785183        0.01717120
     0.9000000        0.11954073        0.01696465
     1.0000000        0.10895397        0.01661850
     1.1000000        0.08553282        0.00835823
     1.2000000        0.06593430        0.00560907
     1.3000000        0.04962707        0.00903828
     1.4000000        0.04917672        0.01099011
     1.5000000        0.04959397        0.01560609
     1.6000000        0.04520567        0.00703230
     1.7000000        0.05270594        0.00456023
     1.8000000        0.04372761        0.00765522
     1.9000000        0.04386314        0.01050874
     2.0000000        0.04694685        0.01490728
