          21           4   4.0000000000000000                1
     0.0000000        0.11449397        0.00758977
     0.1000000        0.08706771        0.00329847
     0.2000000        0.07514207        0.00720742
     0.3000000        0.06751531        0.00731189
     0.4000000        0.05100529        0.00905558
     0.5000000        0.04487782        0.00803918
     0.6000000        0.04103668        0.00530041
     0.7000000        0.03698409        0.00785813
     0.8000000        0.03176612        0.00714934
     0.9000000        0.02677947        0.00699835
     1.0000000        0.02894897        0.00362958
     1.1000000        0.02230525        0.00252590
     1.2000000        0.02100439        0.00401937
     1.3000000        0.01736816        0.00293629
     1.4000000        0.02115915        0.00236407
     1.5000000        0.01899307        0.00417831
     1.6000000        0.01845657        0.00374316
     1.7000000        0.01933693        0.00739522
     1.8000000        0.01668336        0.00428009
     1.9000000        0.01082439        0.00499601
     2.0000000        0.01763967        0.00756281
