          31           9   6.0000000000000000                1
     0.0000000        0.26818378        0.00272333
     0.1000000        0.16320327        0.00192101
     0.2000000        0.10081582        0.00126957
     0.3000000        0.06299642        0.00079610
     0.4000000        0.03976352        0.00061978
     0.5000000        0.02548313        0.00045792
     0.6000000        0.01675667        0.00031469
     0.7000000        0.01133263        0.00044918
     0.8000000        0.00771367        0.00045256
     0.9000000        0.00522677        0.00029586
     1.0000000        0.00359043        0.00019849
     1.1000000        0.00252158        0.00021096
     1.2000000        0.00188700        0.00032072
     1.3000000        0.00150832        0.00039178
     1.4000000        0.00135687        0.00046378
     1.5000000        0.00124722        0.00042884
     1.6000000        0.00115183        0.00034233
     1.7000000        0.00115483        0.00029547
     1.8000000        0.00112472        0.00030200
     1.9000000        0.00099698        0.00032135
     2.0000000        0.00086931        0.00031802
     2.1000000        0.00078389        0.00031395
     2.2000000        0.00067393        0.00030380
     2.3000000        0.00057376        0.00028306
     2.4000000        0.00055316        0.00024504
     2.5000000        0.00040340        0.00020560
     2.6000000        0.00022552        0.00021319
     2.7000000        0.00021728        0.00023217
     2.8000000        0.00032291        0.00021625
     2.9000000        0.00048370        0.00025657
     3.0000000        0.00055664        0.00028412
