          41           9   8.0000000000000000                1
     0.0000000        0.33426429        0.03692151
     0.1000000        0.18020863        0.03578752
     0.2000000        0.09862569        0.03247590
     0.3000000        0.05384625        0.02833111
     0.4000000        0.02994113        0.02533406
     0.5000000        0.02046369        0.02241015
     0.6000000        0.01639011        0.01879617
     0.7000000        0.01394745        0.01588887
     0.8000000        0.01260121        0.01457201
     0.9000000        0.01193790        0.01395789
     1.0000000        0.00867299        0.01174584
     1.1000000        0.00318771        0.01097066
     1.2000000       -0.00151505        0.01148912
     1.3000000       -0.00342954        0.01180304
     1.4000000       -0.00234822        0.01208524
     1.5000000       -0.00228561        0.01205352
     1.6000000       -0.00436952        0.01145942
     1.7000000       -0.00763243        0.01027239
     1.8000000       -0.01058255        0.00924342
     1.9000000       -0.00951093        0.00793918
     2.0000000       -0.00718405        0.00656724
     2.1000000       -0.00629261        0.00663030
     2.2000000       -0.00238030        0.00704751
     2.3000000        0.00251970        0.00688093
     2.4000000        0.00338458        0.00660053
     2.5000000        0.00150902        0.00695275
     2.6000000       -0.00220780        0.00974131
     2.7000000       -0.00351836        0.01007696
     2.8000000       -0.00102534        0.00995759
     2.9000000        0.00045899        0.01118293
     3.0000000        0.00128428        0.01248721
     3.1000000        0.00469351        0.01212294
     3.2000000        0.00766104        0.01061032
     3.3000000        0.00837289        0.01088907
     3.4000000        0.00563803        0.01275886
     3.5000000        0.00082303        0.01439395
     3.6000000       -0.00231341        0.01540073
     3.7000000       -0.00616124        0.01597620
     3.8000000       -0.01284976        0.01665113
     3.9000000       -0.01958396        0.01857383
     4.0000000       -0.02261433        0.01964435
