          41           9   8.0000000000000000                1
     0.0000000        0.31401693        0.01645246
     0.1000000        0.16912416        0.01055392
     0.2000000        0.08851066        0.00962461
     0.3000000        0.05174554        0.00823674
     0.4000000        0.03049446        0.00535906
     0.5000000        0.01972849        0.00779473
     0.6000000        0.01266986        0.00622870
     0.7000000        0.00347435        0.00359054
     0.8000000       -0.00022302        0.00250805
     0.9000000       -0.00422158        0.00377241
     1.0000000       -0.00436096        0.00397704
     1.1000000       -0.00495975        0.00325514
     1.2000000       -0.00157930        0.00252120
     1.3000000       -0.00616444        0.00323671
     1.4000000       -0.00656488        0.00817336
     1.5000000       -0.00504163        0.00540799
     1.6000000       -0.00506245        0.00616813
     1.7000000       -0.00559403        0.00563103
     1.8000000       -0.00046918        0.00245594
     1.9000000       -0.00481364        0.00326968
     2.0000000       -0.00258697        0.00386726
     2.1000000       -0.00504221        0.00328185
     2.2000000       -0.00414515        0.00342331
     2.3000000       -0.00726443        0.00586031
     2.4000000       -0.00857311        0.00514807
     2.5000000       -0.00785088        0.00461687
     2.6000000       -0.00602373        0.00373380
     2.7000000       -0.00666721        0.00514210
     2.8000000       -0.00641416        0.00432639
     2.9000000       -0.00618767        0.00411556
     3.0000000       -0.00149683        0.00416798
     3.1000000       -0.00206006        0.00278732
     3.2000000       -0.00030036        0.00235904
     3.3000000       -0.00103684        0.00287252
     3.4000000        0.00164516        0.00314144
     3.5000000        0.00194524        0.00275003
     3.6000000        0.00344118        0.00288180
     3.7000000        0.00441945        0.00438064
     3.8000000        0.00109940        0.00400926
     3.9000000        0.00259755        0.00474639
     4.0000000        0.00261054        0.00410706
