   -1.000000     -1.000000
  1    1       -0.00344624        0.00105572        0.00000000        0.00000000
   -1.000000      0.000000
  1    1       -0.04711780        0.00232315       -0.00000000        0.00000000
   -1.000000      1.000000
  1    1       -0.00345936        0.00138139        0.00000000        0.00000000
   -1.000000      2.000000
  1    1       -0.00603127        0.00120516        0.00000000        0.00000000
    0.000000     -1.000000
  1    1       -0.04720645        0.00156612       -0.00000000        0.00000000
    0.000000      0.000000
  1    1        0.24419510        0.00541398       -0.00000000        0.00000000
    0.000000      1.000000
  1    1       -0.04720645        0.00156612        0.00000000        0.00000000
    0.000000      2.000000
  1    1       -0.00483412        0.00233315       -0.00000000        0.00000000
    1.000000     -1.000000
  1    1       -0.00345936        0.00138139        0.00000000        0.00000000
    1.000000      0.000000
  1    1       -0.04711780        0.00232315        0.00000000        0.00000000
    1.000000      1.000000
  1    1       -0.00344624        0.00105572       -0.00000000        0.00000000
    1.000000      2.000000
  1    1       -0.00603127        0.00120516        0.00000000        0.00000000
    2.000000     -1.000000
  1    1       -0.00637949        0.00314517        0.00000000        0.00000000
    2.000000      0.000000
  1    1       -0.00221059        0.00292180       -0.00000000        0.00000000
    2.000000      1.000000
  1    1       -0.00637949        0.00314517        0.00000000        0.00000000
    2.000000      2.000000
  1    1       -0.00671587        0.00135541       -0.00000000        0.00000000
