          51           4   10.000000000000000                1
     0.0000000        1.90177139        0.15797054
     0.1000000        1.76702568        0.20739083
     0.2000000        1.63606968        0.24395529
     0.3000000        1.50988991        0.10196276
     0.4000000        1.45885791        0.10838319
     0.5000000        1.49164876        0.30896088
     0.6000000        1.34151419        0.11506301
     0.7000000        1.22064703        0.14719319
     0.8000000        1.05236009        0.13772362
     0.9000000        1.03262194        0.21988664
     1.0000000        0.82807339        0.11231320
     1.1000000        0.74503074        0.04007613
     1.2000000        0.83852581        0.15153460
     1.3000000        0.74437289        0.08285629
     1.4000000        0.70606086        0.07191766
     1.5000000        0.57575401        0.08346710
     1.6000000        0.47280823        0.05742923
     1.7000000        0.68548918        0.07734793
     1.8000000        0.89553912        0.32721259
     1.9000000        0.91230114        0.36233108
     2.0000000        0.79986390        0.24393564
     2.1000000        2.21377787        1.94944507
     2.2000000        1.61216995        0.95903284
     2.3000000        0.95684298        0.48373879
     2.4000000        0.78039133        0.39870387
     2.5000000        1.08253409        0.89438475
     2.6000000        1.11817053        0.88413197
     2.7000000        0.80207694        0.70277501
     2.8000000        1.07267189        0.98238420
     2.9000000        0.24562303        0.14290241
     3.0000000        0.36976680        0.19947987
     3.1000000        0.28842519        0.22737039
     3.2000000        0.16081801        0.12979051
     3.3000000        0.11073082        0.11738490
     3.4000000        0.07324201        0.10227457
     3.5000000        0.01254591        0.08588486
     3.6000000        0.00708037        0.07743609
     3.7000000        0.01809579        0.09052219
     3.8000000        0.00416862        0.08601191
     3.9000000        0.01385764        0.09554049
     4.0000000        0.00736862        0.09000038
     4.1000000        0.04161246        0.11228002
     4.2000000        0.02388677        0.09808570
     4.3000000        0.01838550        0.09835662
     4.4000000        0.05053435        0.12570814
     4.5000000        0.06458016        0.14322794
     4.6000000        0.08454162        0.16291995
     4.7000000        0.13362602        0.20286715
     4.8000000        0.19890803        0.29726318
     4.9000000        0.15757563        0.25428695
     5.0000000        0.10172207        0.20232462
