          21           9   4.0000000000000000                1
     0.0000000        1.41382165        0.01131797
     0.1000000        0.92327812        0.00928506
     0.2000000        0.63542251        0.00783695
     0.3000000        0.46234299        0.00789143
     0.4000000        0.35101854        0.00686700
     0.5000000        0.27889138        0.00548412
     0.6000000        0.22978801        0.00784233
     0.7000000        0.19511233        0.00614690
     0.8000000        0.17148152        0.00585845
     0.9000000        0.14916417        0.00465232
     1.0000000        0.13939602        0.00422015
     1.1000000        0.12919786        0.00211199
     1.2000000        0.11346550        0.00273686
     1.3000000        0.10766347        0.00423623
     1.4000000        0.10720684        0.00156396
     1.5000000        0.09728984        0.00312966
     1.6000000        0.09630874        0.00209439
     1.7000000        0.09522010        0.00330736
     1.8000000        0.09340880        0.00474264
     1.9000000        0.08864861        0.00481351
     2.0000000        0.09666564        0.00621688
