          41           4   10.000000000000000                1
     0.0000000        0.37804693        0.00661431
     0.1250000        0.17478770        0.00512103
     0.2500000        0.08420345        0.00384321
     0.3750000        0.04172197        0.00297937
     0.5000000        0.02119378        0.00276155
     0.6250000        0.01130890        0.00280363
     0.7500000        0.00712379        0.00249528
     0.8750000        0.00538453        0.00236791
     1.0000000        0.00410415        0.00207989
     1.1250000        0.00271669        0.00131466
     1.2500000        0.00184909        0.00082734
     1.3750000        0.00111972        0.00046061
     1.5000000        0.00029137        0.00019192
     1.6250000       -0.00045735        0.00078787
     1.7500000       -0.00132247        0.00155848
     1.8750000       -0.00132194        0.00168723
     2.0000000       -0.00103301        0.00148365
     2.1250000       -0.00093591        0.00073605
     2.2500000       -0.00034932        0.00028346
     2.3750000        0.00021417        0.00042537
     2.5000000        0.00045162        0.00048178
     2.6250000        0.00046790        0.00086135
     2.7500000        0.00076437        0.00112932
     2.8750000        0.00104500        0.00092120
     3.0000000        0.00116615        0.00056142
     3.1250000        0.00133492        0.00047832
     3.2500000        0.00132557        0.00060396
     3.3750000        0.00111372        0.00114064
     3.5000000        0.00056523        0.00108262
     3.6250000       -0.00085328        0.00073162
     3.7500000       -0.00126043        0.00130567
     3.8750000       -0.00073635        0.00129390
     4.0000000       -0.00077849        0.00131569
     4.1250000       -0.00067707        0.00076577
     4.2500000        0.00000695        0.00065718
     4.3750000        0.00054443        0.00108744
     4.5000000        0.00095079        0.00060300
     4.6250000        0.00036852        0.00068686
     4.7500000       -0.00017915        0.00085913
     4.8750000       -0.00018788        0.00080767
     5.0000000        0.00013878        0.00075274
