          31           4   6.0000000000000000                1
     0.0000000        0.34553652        0.00890624
     0.1000000        0.23792913        0.01172668
     0.2000000        0.18459268        0.00658072
     0.3000000        0.14513598        0.00730211
     0.4000000        0.10834756        0.00996358
     0.5000000        0.09566163        0.00626413
     0.6000000        0.09207617        0.00504662
     0.7000000        0.08435561        0.00652453
     0.8000000        0.07432556        0.00632217
     0.9000000        0.06615205        0.01261876
     1.0000000        0.06088761        0.01191843
     1.1000000        0.05854188        0.00461953
     1.2000000        0.05861722        0.00449609
     1.3000000        0.05581009        0.01084422
     1.4000000        0.05698457        0.01371890
     1.5000000        0.05095907        0.00730037
     1.6000000        0.05369022        0.01163064
     1.7000000        0.05143060        0.01037888
     1.8000000        0.05278257        0.01186128
     1.9000000        0.04435928        0.01079324
     2.0000000        0.04138445        0.01211842
     2.1000000        0.03610683        0.01200007
     2.2000000        0.03468897        0.01172281
     2.3000000        0.02862306        0.01015893
     2.4000000        0.03731896        0.01336885
     2.5000000        0.03594178        0.01651903
     2.6000000        0.02792164        0.01621639
     2.7000000        0.02082115        0.01419500
     2.8000000        0.02549190        0.01476398
     2.9000000        0.02839436        0.01626027
     3.0000000        0.02693297        0.01412721
