          51           9   10.000000000000000                1
     0.0000000        0.52425393        0.03234447
     0.1000000        0.43545216        0.03147126
     0.2000000        0.36557163        0.02943547
     0.3000000        0.30974114        0.02702855
     0.4000000        0.26586976        0.02468901
     0.5000000        0.22989222        0.02280527
     0.6000000        0.19921685        0.02104111
     0.7000000        0.17315385        0.01951439
     0.8000000        0.15042076        0.01853221
     0.9000000        0.13127496        0.01778238
     1.0000000        0.11546141        0.01712884
     1.1000000        0.10211877        0.01621472
     1.2000000        0.09087481        0.01489224
     1.3000000        0.08184568        0.01338483
     1.4000000        0.07390859        0.01187502
     1.5000000        0.06631467        0.01032579
     1.6000000        0.05964806        0.00880255
     1.7000000        0.05473363        0.00769740
     1.8000000        0.05055194        0.00728606
     1.9000000        0.04635424        0.00703333
     2.0000000        0.04335909        0.00714268
     2.1000000        0.03998026        0.00735367
     2.2000000        0.03637724        0.00754240
     2.3000000        0.03325577        0.00776405
     2.4000000        0.03018104        0.00801156
     2.5000000        0.02809805        0.00886897
     2.6000000        0.02642283        0.00904087
     2.7000000        0.02450448        0.00817763
     2.8000000        0.02237370        0.00750174
     2.9000000        0.02042611        0.00773264
     3.0000000        0.01914642        0.00842375
     3.1000000        0.01792674        0.00893867
     3.2000000        0.01654018        0.00922201
     3.3000000        0.01537251        0.00956534
     3.4000000        0.01456661        0.00975745
     3.5000000        0.01412956        0.00949952
     3.6000000        0.01437259        0.00888286
     3.7000000        0.01477709        0.00832392
     3.8000000        0.01452780        0.00839908
     3.9000000        0.01443547        0.00867383
     4.0000000        0.01492113        0.00872929
     4.1000000        0.01452165        0.00887623
     4.2000000        0.01365182        0.00891881
     4.3000000        0.01315862        0.00866275
     4.4000000        0.01186953        0.00880399
     4.5000000        0.00983836        0.00915889
     4.6000000        0.00793050        0.00976289
     4.7000000        0.00663787        0.01027297
     4.8000000        0.00556317        0.01067582
     4.9000000        0.00464261        0.01167787
     5.0000000        0.00428138        0.01234522
