          11           4   2.0000000000000000                1
     0.0000000        0.38207416        0.03175375
     0.1000000        0.22021043        0.03053330
     0.2000000        0.14024140        0.02481606
     0.3000000        0.10195848        0.01651895
     0.4000000        0.08302726        0.01273665
     0.5000000        0.06773780        0.01298958
     0.6000000        0.05658877        0.01567186
     0.7000000        0.05276819        0.02199683
     0.8000000        0.05280615        0.02582034
     0.9000000        0.05513352        0.02646080
     1.0000000        0.05667882        0.02692233
