          51          19   10.000000000000000                1
     0.0000000        1.41847513        0.01077336
     0.1000000        0.89816022        0.00679090
     0.2000000        0.57609964        0.00577985
     0.3000000        0.38022853        0.00417589
     0.4000000        0.25190055        0.00291480
     0.5000000        0.16696309        0.00266280
     0.6000000        0.11096355        0.00264191
     0.7000000        0.07165861        0.00286037
     0.8000000        0.04709244        0.00361466
     0.9000000        0.03419845        0.00200318
     1.0000000        0.02072981        0.00489164
     1.1000000        0.01445178        0.00204667
     1.2000000        0.01157577        0.00152850
     1.3000000        0.00585149        0.00104342
     1.4000000        0.00469051        0.00130811
     1.5000000        0.00157083        0.00240618
     1.6000000        0.00060779        0.00219069
     1.7000000        0.00216060        0.00077015
     1.8000000        0.00045224        0.00123999
     1.9000000        0.00131197        0.00058807
     2.0000000        0.00063434        0.00082948
     2.1000000        0.00108691        0.00045156
     2.2000000        0.00104745        0.00034346
     2.3000000        0.00090121        0.00038119
     2.4000000        0.00057800        0.00029589
     2.5000000        0.00006979        0.00026079
     2.6000000       -0.00013618        0.00018408
     2.7000000       -0.00019516        0.00023642
     2.8000000       -0.00005672        0.00020241
     2.9000000        0.00007098        0.00030254
     3.0000000       -0.00010011        0.00021819
     3.1000000       -0.00013678        0.00015459
     3.2000000       -0.00029906        0.00022091
     3.3000000       -0.00004634        0.00025752
     3.4000000        0.00011310        0.00007673
     3.5000000        0.00020108        0.00017475
     3.6000000        0.00011194        0.00013015
     3.7000000        0.00010956        0.00009271
     3.8000000        0.00016544        0.00022560
     3.9000000       -0.00024210        0.00016534
     4.0000000        0.00002678        0.00014721
     4.1000000       -0.00012145        0.00009946
     4.2000000       -0.00021661        0.00009501
     4.3000000       -0.00003877        0.00012592
     4.4000000       -0.00000576        0.00007414
     4.5000000        0.00007343        0.00008880
     4.6000000        0.00002397        0.00006451
     4.7000000       -0.00021634        0.00011855
     4.8000000        0.00002593        0.00013141
     4.9000000       -0.00000968        0.00009704
     5.0000000        0.00008204        0.00015217
