           9           4   2.0000000000000000                1
     0.0000000        1.67566883        0.01885700
     0.1250000        0.86776558        0.00640043
     0.2500000        0.50678076        0.00840767
     0.3750000        0.33356299        0.00899228
     0.5000000        0.24767452        0.00794188
     0.6250000        0.20100499        0.00604738
     0.7500000        0.17888295        0.00608108
     0.8750000        0.16406349        0.00511025
     1.0000000        0.16167102        0.00337626
