   -1.000000     -1.000000
  1    1       -0.02646539        0.00363558        0.00000000        0.00000000
   -1.000000      0.000000
  1    1       -0.06975926        0.01106125       -0.00000000        0.00000000
   -1.000000      1.000000
  1    1       -0.02755073        0.00494397        0.00000000        0.00000000
   -1.000000      2.000000
  1    1        0.01540182        0.00091702       -0.00000000        0.00000000
    0.000000     -1.000000
  1    1       -0.11998078        0.00514016       -0.00000000        0.00000000
    0.000000      0.000000
  1    1        1.74958262        0.01584129        0.00000000        0.00000000
    0.000000      1.000000
  1    1       -0.11998078        0.00514016        0.00000000        0.00000000
    0.000000      2.000000
  1    1        0.02812844        0.00058481       -0.00000000        0.00000000
    1.000000     -1.000000
  1    1       -0.02755073        0.00494397        0.00000000        0.00000000
    1.000000      0.000000
  1    1       -0.06975926        0.01106125        0.00000000        0.00000000
    1.000000      1.000000
  1    1       -0.02646539        0.00363558       -0.00000000        0.00000000
    1.000000      2.000000
  1    1        0.01540182        0.00091702        0.00000000        0.00000000
    2.000000     -1.000000
  1    1       -0.03185218        0.00370980       -0.00000000        0.00000000
    2.000000      0.000000
  1    1        0.12149194        0.00915810       -0.00000000        0.00000000
    2.000000      1.000000
  1    1       -0.03185218        0.00370980        0.00000000        0.00000000
    2.000000      2.000000
  1    1        0.06104653        0.00151826       -0.00000000        0.00000000
