          61           9   6.0000000000000000                1
     0.0000000        1.34354487        0.01267748
     0.1000000        1.19048472        0.01216701
     0.2000000        1.06991826        0.01671483
     0.3000000        0.95980029        0.01591064
     0.4000000        0.87282218        0.01142696
     0.5000000        0.79050983        0.01149863
     0.6000000        0.72823320        0.01360704
     0.7000000        0.66261000        0.01730275
     0.8000000        0.60845293        0.02099660
     0.9000000        0.56330017        0.01994038
     1.0000000        0.52284826        0.02054540
     1.1000000        0.48094826        0.01830937
     1.2000000        0.44365018        0.02347162
     1.3000000        0.41137171        0.02327130
     1.4000000        0.39418575        0.02282832
     1.5000000        0.36657585        0.01916385
     1.6000000        0.33961819        0.01970658
     1.7000000        0.32367164        0.01865951
     1.8000000        0.30773186        0.02025585
     1.9000000        0.28942601        0.01683814
     2.0000000        0.27234382        0.01337414
     2.1000000        0.26343200        0.01075862
     2.2000000        0.24421174        0.00994447
     2.3000000        0.24564281        0.01183978
     2.4000000        0.22697675        0.01013483
     2.5000000        0.21279047        0.01237177
     2.6000000        0.20985027        0.01326672
     2.7000000        0.20093503        0.01273599
     2.8000000        0.19944626        0.01304055
     2.9000000        0.19728457        0.01697378
     3.0000000        0.19627494        0.01454414
     3.1000000        0.19980289        0.01535942
     3.2000000        0.18679461        0.01249092
     3.3000000        0.18489028        0.01148843
     3.4000000        0.18395880        0.02096196
     3.5000000        0.18658552        0.01398762
     3.6000000        0.18883057        0.01603949
     3.7000000        0.19121616        0.01811276
     3.8000000        0.19092360        0.01443655
     3.9000000        0.17698474        0.01154309
     4.0000000        0.17501090        0.00973677
     4.1000000        0.17892695        0.00825841
     4.2000000        0.18306854        0.00551008
     4.3000000        0.19565072        0.01211241
     4.4000000        0.20305211        0.01156123
     4.5000000        0.19894860        0.00955273
     4.6000000        0.20053736        0.01025914
     4.7000000        0.20918928        0.01292990
     4.8000000        0.22655283        0.01732640
     4.9000000        0.23069302        0.02168039
     5.0000000        0.25426605        0.02156430
     5.1000000        0.28342163        0.01931045
     5.2000000        0.29549422        0.01983659
     5.3000000        0.32084946        0.01589442
     5.4000000        0.34755083        0.01674865
     5.5000000        0.37250175        0.01539054
     5.6000000        0.41125363        0.01638534
     5.7000000        0.45466498        0.01494843
     5.8000000        0.50849322        0.01375233
     5.9000000        0.56463548        0.01102777
     6.0000000        0.65645513        0.01267748
