          51           9   10.000000000000000                1
     0.0000000        1.85488360        0.15510642
     0.1000000        1.19616378        0.08712650
     0.2000000        0.81931240        0.05434928
     0.3000000        0.57607572        0.03948019
     0.4000000        0.42442991        0.03330044
     0.5000000        0.29729833        0.01698143
     0.6000000        0.19715528        0.01337839
     0.7000000        0.18119014        0.02041737
     0.8000000        0.12619520        0.00591480
     0.9000000        0.08327473        0.00545025
     1.0000000        0.04972425        0.02158917
     1.1000000        0.04915974        0.00663048
     1.2000000        0.04502956        0.00670995
     1.3000000        0.04162510        0.00600650
     1.4000000        0.03234821        0.00398206
     1.5000000        0.03895915        0.01441522
     1.6000000        0.04509760        0.02249178
     1.7000000        0.03926003        0.02194447
     1.8000000        0.04257663        0.02728148
     1.9000000        0.03979471        0.02499894
     2.0000000        0.04838445        0.03570927
     2.1000000        0.03443488        0.02643469
     2.2000000        0.02875325        0.02000219
     2.3000000        0.03511025        0.02973754
     2.4000000        0.03125083        0.02227584
     2.5000000        0.02590431        0.01458611
     2.6000000        0.02127339        0.01953650
     2.7000000        0.03303517        0.02910841
     2.8000000        0.04816997        0.04447005
     2.9000000        0.02479641        0.01434955
     3.0000000        0.02031852        0.01467932
     3.1000000        0.02349077        0.01175414
     3.2000000        0.02465724        0.01384378
     3.3000000        0.01476092        0.00613529
     3.4000000        0.01955638        0.01174035
     3.5000000       -0.00016517        0.00321144
     3.6000000        0.00555118        0.00381388
     3.7000000       -0.00243927        0.00639547
     3.8000000       -0.00565785        0.00783579
     3.9000000       -0.00166318        0.00483416
     4.0000000        0.01553858        0.01448220
     4.1000000        0.01692352        0.01611236
     4.2000000        0.02088934        0.01787263
     4.3000000        0.01838278        0.01609666
     4.4000000        0.01114334        0.01196477
     4.5000000        0.00929165        0.01306422
     4.6000000       -0.00157114        0.00902876
     4.7000000       -0.00088253        0.01032507
     4.8000000       -0.00174538        0.01000045
     4.9000000       -0.02978378        0.02805938
     5.0000000       -0.01019070        0.01214347
