          51           4   10.000000000000000                1
     0.0000000        0.56618656        0.07404889
     0.1000000        0.46571416        0.08681921
     0.2000000        0.39915370        0.04126145
     0.3000000        0.39477998        0.04637833
     0.4000000        0.32706316        0.03369871
     0.5000000        0.26526571        0.07770111
     0.6000000        0.29666153        0.02660098
     0.7000000        0.22164264        0.07309846
     0.8000000        0.30781510        0.05181996
     0.9000000        0.29503982        0.02773651
     1.0000000        0.36661140        0.18233468
     1.1000000        0.23927741        0.06663368
     1.2000000        0.39177226        0.15930372
     1.3000000        0.20830777        0.07458493
     1.4000000        0.11484430        0.08370381
     1.5000000        0.14784244        0.09234906
     1.6000000        0.07490954        0.03427679
     1.7000000        0.02108143        0.03507080
     1.8000000        0.11390789        0.10600764
     1.9000000        0.14074871        0.10188999
     2.0000000        0.15457230        0.09929898
     2.1000000        0.20710411        0.15862584
     2.2000000        0.26243590        0.22289730
     2.3000000        0.10900418        0.10134528
     2.4000000        0.11920524        0.16321031
     2.5000000        0.04646084        0.05030414
     2.6000000        0.06469034        0.09215036
     2.7000000        0.07705523        0.05424617
     2.8000000        0.07190775        0.04176994
     2.9000000        0.17480865        0.03670061
     3.0000000        0.13646164        0.05295769
     3.1000000        0.11010455        0.06501497
     3.2000000        0.10288266        0.04439911
     3.3000000        0.02057247        0.03492310
     3.4000000        0.03671148        0.04381944
     3.5000000        0.03244104        0.04135263
     3.6000000        0.00416289        0.02945590
     3.7000000        0.07753444        0.03074494
     3.8000000       -0.00306108        0.02425468
     3.9000000        0.07662689        0.06110617
     4.0000000       -0.01359808        0.02220775
     4.1000000        0.02711507        0.04886793
     4.2000000       -0.00055857        0.03402007
     4.3000000        0.00129851        0.01546905
     4.4000000        0.03946426        0.02399765
     4.5000000        0.09411983        0.06260510
     4.6000000        0.04307349        0.07218749
     4.7000000        0.01786103        0.05059114
     4.8000000       -0.00192416        0.03187303
     4.9000000       -0.01837676        0.03498117
     5.0000000       -0.00494422        0.03447806
