          31           4   6.0000000000000000                1
     0.0000000        0.20688277        0.03663410
     0.1000000        0.15288705        0.03543857
     0.2000000        0.11459486        0.03356079
     0.3000000        0.08665979        0.03204790
     0.4000000        0.06805414        0.02940469
     0.5000000        0.05463105        0.02689637
     0.6000000        0.04376548        0.02477733
     0.7000000        0.03315056        0.02205406
     0.8000000        0.02420033        0.01833499
     0.9000000        0.01862816        0.01445850
     1.0000000        0.01521081        0.01199530
     1.1000000        0.01271536        0.01048135
     1.2000000        0.01061434        0.00938431
     1.3000000        0.00821014        0.00932383
     1.4000000        0.00663155        0.00895879
     1.5000000        0.00493880        0.00744283
     1.6000000        0.00328667        0.00578279
     1.7000000        0.00384642        0.00471297
     1.8000000        0.00389481        0.00376278
     1.9000000        0.00289220        0.00279611
     2.0000000        0.00168127        0.00154807
     2.1000000        0.00251611        0.00049357
     2.2000000        0.00459579        0.00172486
     2.3000000        0.00443399        0.00394499
     2.4000000        0.00429814        0.00584635
     2.5000000        0.00488407        0.00773794
     2.6000000        0.00285649        0.00951625
     2.7000000       -0.00026506        0.01059613
     2.8000000       -0.00246628        0.01160693
     2.9000000       -0.00420130        0.01146937
     3.0000000       -0.00475161        0.01102718
