          11           9   2.0000000000000000                1
     0.0000000        0.10057309        0.01236363
     0.1000000        0.08437573        0.01245357
     0.2000000        0.07199043        0.01238514
     0.3000000        0.06246353        0.01208277
     0.4000000        0.05519207        0.01180556
     0.5000000        0.04965745        0.01150455
     0.6000000        0.04538757        0.01121888
     0.7000000        0.04209754        0.01110831
     0.8000000        0.03971706        0.01118598
     0.9000000        0.03824547        0.01130187
     1.0000000        0.03771860        0.01134836
