          26           4   5.0000000000000000                1
     0.0000000        0.23276871        0.11452883
     0.1000000        0.17867829        0.07571301
     0.2000000        0.11575174        0.03510809
     0.3000000        0.14824777        0.03820567
     0.4000000        0.18847337        0.03606021
     0.5000000        0.20766326        0.09144210
     0.6000000        0.14651813        0.05483506
     0.7000000        0.20330050        0.06311993
     0.8000000        0.18886636        0.05987649
     0.9000000        0.13740473        0.02649471
     1.0000000        0.10810854        0.03752267
     1.1000000        0.02513561        0.10290594
     1.2000000       -0.01148726        0.14675087
     1.3000000       -0.31410093        0.49449666
     1.4000000       -0.96835217        1.22202893
     1.5000000       -0.37374711        0.46830970
     1.6000000       -0.97959786        1.29359789
     1.7000000       -0.38507655        0.51208264
     1.8000000       -0.12264909        0.20357391
     1.9000000        0.01382345        0.10200542
     2.0000000       -0.06084995        0.11510605
     2.1000000        0.02963593        0.06400043
     2.2000000        0.05877698        0.04691949
     2.3000000       -0.00442777        0.06098438
     2.4000000        0.08825925        0.05205930
     2.5000000        0.05282231        0.07006856
