          51           4   10.000000000000000                1
     0.0000000        0.21066270        0.10786842
     0.1000000        0.07818026        0.10488346
     0.2000000        0.00849869        0.09769581
     0.3000000       -0.02038278        0.09007439
     0.4000000       -0.03158433        0.08119763
     0.5000000       -0.03843365        0.07306380
     0.6000000       -0.04460875        0.06387813
     0.7000000       -0.04731120        0.05252136
     0.8000000       -0.04121481        0.04438165
     0.9000000       -0.03461142        0.03861167
     1.0000000       -0.03197335        0.03171628
     1.1000000       -0.02909349        0.02694047
     1.2000000       -0.02937560        0.02657353
     1.3000000       -0.02859195        0.02920802
     1.4000000       -0.02396130        0.02904263
     1.5000000       -0.01408342        0.02133088
     1.6000000       -0.00807131        0.01306388
     1.7000000       -0.00573124        0.01356194
     1.8000000       -0.00155657        0.01876658
     1.9000000       -0.00890237        0.02555242
     2.0000000       -0.02439819        0.02962503
     2.1000000       -0.03297582        0.03190277
     2.2000000       -0.03432581        0.03194684
     2.3000000       -0.02145808        0.02152755
     2.4000000       -0.00715613        0.01148668
     2.5000000        0.00317417        0.01349471
     2.6000000        0.01503968        0.02234669
     2.7000000        0.01782356        0.02909335
     2.8000000        0.01678841        0.02933614
     2.9000000        0.02161478        0.02817100
     3.0000000        0.02296134        0.02274234
     3.1000000        0.01676834        0.01626678
     3.2000000        0.01014041        0.01587201
     3.3000000        0.00538607        0.01685890
     3.4000000        0.00192015        0.01513177
     3.5000000       -0.00106168        0.01337516
     3.6000000       -0.00961386        0.01238842
     3.7000000       -0.02201110        0.01241094
     3.8000000       -0.03089703        0.01553597
     3.9000000       -0.03242710        0.02047891
     4.0000000       -0.02981757        0.02480306
     4.1000000       -0.03066051        0.02702128
     4.2000000       -0.02906953        0.02715314
     4.3000000       -0.02063347        0.02731797
     4.4000000       -0.00828657        0.02605333
     4.5000000       -0.00258318        0.02316867
     4.6000000       -0.00051825        0.01679009
     4.7000000        0.00576250        0.01569577
     4.8000000        0.01107564        0.02728089
     4.9000000        0.01234098        0.03609914
     5.0000000        0.01227238        0.03944559
