   -1.570796     -1.570796        0.98087810        0.04981430       -0.02241140        0.02367503
   -1.570796      0.000000        0.67167949        0.00978647        0.00000855        0.00156432
   -1.570796      1.570796        0.95746969        0.04755760        0.03862971        0.02993052
   -1.570796      3.141593        0.80667308        0.02405885        0.02758743        0.03453774
    0.000000     -1.570796        0.94349964        0.10154848       -0.07097264        0.03904936
    0.000000      0.000000        1.32160356        0.13393291        0.00000000        0.00000000
    0.000000      1.570796        0.94349964        0.10154848        0.07097264        0.03904936
    0.000000      3.141593        1.48522518        0.10522004        0.00000000        0.00000000
    1.570796     -1.570796        0.95746969        0.04755760       -0.03862971        0.02993052
    1.570796      0.000000        0.67167949        0.00978647       -0.00000855        0.00156432
    1.570796      1.570796        0.98087810        0.04981430        0.02241140        0.02367503
    1.570796      3.141593        0.80667308        0.02405885       -0.02758743        0.03453774
    3.141593     -1.570796        0.71668091        0.00898939        0.00405638        0.00481989
    3.141593      0.000000        0.66712676        0.00364244        0.00000000        0.00000000
    3.141593      1.570796        0.71668091        0.00898939       -0.00405638        0.00481989
    3.141593      3.141593        1.06063493        0.02989572        0.00000000        0.00000000
