          51           4   10.000000000000000                1
     0.0000000        0.24560692        0.03940530
     0.1000000        0.14050430        0.03737770
     0.2000000        0.08171416        0.03102792
     0.3000000        0.04966113        0.02435911
     0.4000000        0.03124695        0.02164423
     0.5000000        0.01958224        0.02268061
     0.6000000        0.00860315        0.02409543
     0.7000000        0.00020364        0.02345880
     0.8000000       -0.00199022        0.02096638
     0.9000000       -0.00120228        0.01941040
     1.0000000        0.00101480        0.01750971
     1.1000000        0.00383278        0.01485845
     1.2000000        0.00778562        0.00979695
     1.3000000        0.01015104        0.00432991
     1.4000000        0.01342453        0.00490729
     1.5000000        0.01491496        0.01091646
     1.6000000        0.01329893        0.01553539
     1.7000000        0.01356385        0.01956877
     1.8000000        0.01195989        0.02497500
     1.9000000        0.00741418        0.02796121
     2.0000000        0.00368783        0.02670045
     2.1000000        0.00011658        0.02580541
     2.2000000       -0.00515208        0.02670151
     2.3000000       -0.00827970        0.02377545
     2.4000000       -0.00664895        0.01851310
     2.5000000       -0.00258593        0.01540269
     2.6000000        0.00265072        0.01172115
     2.7000000        0.00773312        0.00974356
     2.8000000        0.01165205        0.01593059
     2.9000000        0.01471589        0.01742054
     3.0000000        0.01830658        0.01243056
     3.1000000        0.02013344        0.00974842
     3.2000000        0.02108964        0.01065606
     3.3000000        0.02282070        0.01024958
     3.4000000        0.02038754        0.00895063
     3.5000000        0.01555619        0.01178821
     3.6000000        0.01255050        0.01423369
     3.7000000        0.00868547        0.01499347
     3.8000000        0.00477809        0.01443210
     3.9000000        0.00232916        0.01203498
     4.0000000        0.00030019        0.01225636
     4.1000000       -0.00160142        0.01344623
     4.2000000       -0.00021492        0.01350412
     4.3000000        0.00131681        0.01431206
     4.4000000       -0.00087387        0.01495193
     4.5000000       -0.00344722        0.01717712
     4.6000000       -0.00622919        0.01963246
     4.7000000       -0.00669290        0.02016800
     4.8000000       -0.00683593        0.01961722
     4.9000000       -0.00681081        0.01919808
     5.0000000       -0.00566330        0.01929427
