          21           4   4.0000000000000000                1
     0.0000000        0.54619621        0.00303744
     0.1000000        0.44727670        0.00315833
     0.2000000        0.37556067        0.00299683
     0.3000000        0.32170869        0.00291892
     0.4000000        0.28031635        0.00252420
     0.5000000        0.24777510        0.00197186
     0.6000000        0.22135278        0.00184890
     0.7000000        0.19963931        0.00196557
     0.8000000        0.18198742        0.00195199
     0.9000000        0.16762520        0.00196061
     1.0000000        0.15586757        0.00222532
     1.1000000        0.14618434        0.00246754
     1.2000000        0.13811613        0.00264726
     1.3000000        0.13152367        0.00284462
     1.4000000        0.12633477        0.00284380
     1.5000000        0.12216821        0.00268166
     1.6000000        0.11897088        0.00252621
     1.7000000        0.11649032        0.00248061
     1.8000000        0.11467652        0.00251581
     1.9000000        0.11376062        0.00255286
     2.0000000        0.11351345        0.00261198
