          41           4   8.0000000000000000                1
     0.0000000        0.31558602        0.01940867
     0.1000000        0.19081004        0.00990376
     0.2000000        0.11427514        0.01009472
     0.3000000        0.07337037        0.00940659
     0.4000000        0.04828932        0.00675135
     0.5000000        0.03456260        0.00614205
     0.6000000        0.02390739        0.00947284
     0.7000000        0.01459347        0.00795262
     0.8000000        0.01252363        0.00547461
     0.9000000        0.00920796        0.00540918
     1.0000000        0.00944444        0.00671939
     1.1000000        0.01202076        0.00541112
     1.2000000        0.00794898        0.00328526
     1.3000000        0.00695829        0.00538982
     1.4000000        0.00407634        0.00472874
     1.5000000        0.00600171        0.00639920
     1.6000000        0.00585655        0.00660588
     1.7000000        0.00384946        0.00190999
     1.8000000       -0.00012514        0.00451272
     1.9000000        0.00072916        0.00395872
     2.0000000        0.00375251        0.00281918
     2.1000000        0.00460484        0.00391698
     2.2000000        0.00405359        0.00130050
     2.3000000        0.00293150        0.00386392
     2.4000000        0.00217915        0.00484363
     2.5000000       -0.00323876        0.00843639
     2.6000000       -0.00210624        0.00593138
     2.7000000       -0.00115071        0.00295376
     2.8000000        0.00401361        0.00142980
     2.9000000        0.00719432        0.00425139
     3.0000000        0.00588159        0.00743212
     3.1000000        0.00498580        0.00839565
     3.2000000        0.00344855        0.00510562
     3.3000000        0.00475267        0.00732836
     3.4000000        0.00444502        0.00676944
     3.5000000        0.00380833        0.00767465
     3.6000000        0.00574971        0.00812995
     3.7000000        0.00565572        0.00923248
     3.8000000        0.00672729        0.00822552
     3.9000000        0.00542776        0.00810825
     4.0000000        0.00562255        0.00700887
