          21           4   5.0000000000000000                1
     0.0000000        0.33658188        0.09402704
     0.1250000        0.35297475        0.08110608
     0.2500000        0.16701956        0.08086888
     0.3750000       -0.21233796        0.50579187
     0.5000000        0.12450107        0.09735059
     0.6250000        0.02288868        0.18458551
     0.7500000        0.20520191        0.05295922
     0.8750000        0.35233098        0.21137719
     1.0000000        0.27303229        0.10794040
     1.1250000        0.16027348        0.03917255
     1.2500000        0.32870062        0.14733287
     1.3750000       -0.01428716        0.17952011
     1.5000000        0.08452115        0.18934369
     1.6250000        0.21552546        0.13230499
     1.7500000        0.18083997        0.11958078
     1.8750000        0.33338896        0.21958226
     2.0000000        0.36390296        0.19981669
     2.1250000       -0.03635194        0.31097160
     2.2500000        0.03101393        0.19282661
     2.3750000        0.34809740        0.27197741
     2.5000000        0.40567540        0.39548133
