 0.10000000000000000E+001          1         64
( 0.10000000000000002E+001, 0.00000000000000000E+000)
-0.23561944901923448E+001 -0.23561944901923448E+001
( 0.10793293725015063E+001,-0.13006956787209350E-015)
-0.23561944901923448E+001 -0.15707963267948966E+001
( 0.78317687212560960E+000, 0.34390603804355477E-014)
-0.23561944901923448E+001 -0.78539816339744828E+000
( 0.60955485045841551E+000, 0.10235099793770941E-014)
-0.23561944901923448E+001  0.00000000000000000E+000
( 0.56128453029187031E+000, 0.34938409473028706E-014)
-0.23561944901923448E+001  0.78539816339744828E+000
( 0.60535757903033405E+000, 0.16219780143137036E-014)
-0.23561944901923448E+001  0.15707963267948966E+001
( 0.78259598353064241E+000,-0.33089908125634540E-014)
-0.23561944901923448E+001  0.23561944901923448E+001
( 0.11094260732267369E+001,-0.77715611723760958E-015)
-0.23561944901923448E+001  0.31415926535897931E+001
( 0.13375193938473033E+001,-0.28944556103138802E-015)
-0.15707963267948966E+001 -0.23561944901923448E+001
( 0.77686294945589585E+000, 0.10839130656007798E-015)
-0.15707963267948966E+001 -0.15707963267948966E+001
( 0.64655764851452613E+000, 0.24635386213948459E-015)
-0.15707963267948966E+001 -0.78539816339744828E+000
( 0.48460319327639412E+000,-0.37905442591401587E-015)
-0.15707963267948966E+001  0.00000000000000000E+000
( 0.43464809175987107E+000,-0.28473313763603198E-014)
-0.15707963267948966E+001  0.78539816339744828E+000
( 0.48475677784989313E+000, 0.57678977362459389E-015)
-0.15707963267948966E+001  0.15707963267948966E+001
( 0.64899834368481613E+000, 0.11102230246251565E-014)
-0.15707963267948966E+001  0.23561944901923448E+001
( 0.77693105911868376E+000, 0.16436562756257192E-014)
-0.15707963267948966E+001  0.31415926535897931E+001
( 0.82871143187614715E+000, 0.12580762120870923E-014)
-0.78539816339744828E+000 -0.23561944901923448E+001
( 0.61609447692140495E+000,-0.16410252797232816E-014)
-0.78539816339744828E+000 -0.15707963267948966E+001
( 0.48115697351485465E+000, 0.17605708639856240E-015)
-0.78539816339744828E+000 -0.78539816339744828E+000
( 0.32110928884726442E+000,-0.24858471767993756E-014)
-0.78539816339744828E+000  0.00000000000000000E+000
( 0.23622883713094711E+000,-0.26841595029329189E-014)
-0.78539816339744828E+000  0.78539816339744828E+000
( 0.32472465845365994E+000,-0.88817841970012523E-015)
-0.78539816339744828E+000  0.15707963267948966E+001
( 0.48208669576264795E+000,-0.23531466130248444E-014)
-0.78539816339744828E+000  0.23561944901923448E+001
( 0.62395182051718301E+000,-0.16219780143137036E-014)
-0.78539816339744828E+000  0.31415926535897931E+001
( 0.66082461068570875E+000,-0.18936399557552497E-014)
 0.00000000000000000E+000 -0.23561944901923448E+001
( 0.55788212253954517E+000, 0.20634362282613286E-014)
 0.00000000000000000E+000 -0.15707963267948966E+001
( 0.43626315819778450E+000,-0.40401594112745948E-014)
 0.00000000000000000E+000 -0.78539816339744828E+000
( 0.24735518868728512E+000, 0.46576747116207823E-015)
 0.00000000000000000E+000  0.00000000000000000E+000
( 0.64120271985771737E+002, 0.00000000000000000E+000)
 0.00000000000000000E+000  0.78539816339744828E+000
( 0.24735518868728512E+000,-0.46576747116207823E-015)
 0.00000000000000000E+000  0.15707963267948966E+001
( 0.43626315819778450E+000, 0.40401594112745948E-014)
 0.00000000000000000E+000  0.23561944901923448E+001
( 0.55788212253954517E+000,-0.20634362282613286E-014)
 0.00000000000000000E+000  0.31415926535897931E+001
( 0.61401964722499192E+000, 0.39186458506235250E-014)
 0.78539816339744828E+000 -0.23561944901923448E+001
( 0.62395182051718301E+000, 0.16219780143137036E-014)
 0.78539816339744828E+000 -0.15707963267948966E+001
( 0.48208669576264795E+000, 0.23531466130248444E-014)
 0.78539816339744828E+000 -0.78539816339744828E+000
( 0.32472465845365994E+000, 0.88817841970012523E-015)
 0.78539816339744828E+000  0.00000000000000000E+000
( 0.23622883713094711E+000, 0.26841595029329189E-014)
 0.78539816339744828E+000  0.78539816339744828E+000
( 0.32110928884726442E+000, 0.24858471767993756E-014)
 0.78539816339744828E+000  0.15707963267948966E+001
( 0.48115697351485465E+000,-0.17605708639856240E-015)
 0.78539816339744828E+000  0.23561944901923448E+001
( 0.61609447692140495E+000, 0.16410252797232816E-014)
 0.78539816339744828E+000  0.31415926535897931E+001
( 0.66082461068570875E+000, 0.19422584701841560E-014)
 0.15707963267948966E+001 -0.23561944901923448E+001
( 0.77693105911868376E+000,-0.16436562756257192E-014)
 0.15707963267948966E+001 -0.15707963267948966E+001
( 0.64899834368481613E+000,-0.11102230246251565E-014)
 0.15707963267948966E+001 -0.78539816339744828E+000
( 0.48475677784989313E+000,-0.57678977362459389E-015)
 0.15707963267948966E+001  0.00000000000000000E+000
( 0.43464809175987107E+000, 0.28473313763603198E-014)
 0.15707963267948966E+001  0.78539816339744828E+000
( 0.48460319327639412E+000, 0.37905442591401587E-015)
 0.15707963267948966E+001  0.15707963267948966E+001
( 0.64655764851452613E+000,-0.24635386213948459E-015)
 0.15707963267948966E+001  0.23561944901923448E+001
( 0.77686294945589585E+000,-0.10839130656007798E-015)
 0.15707963267948966E+001  0.31415926535897931E+001
( 0.82871143187614738E+000,-0.13066947265159990E-014)
 0.23561944901923448E+001 -0.23561944901923448E+001
( 0.11094260732267369E+001, 0.77715611723760958E-015)
 0.23561944901923448E+001 -0.15707963267948966E+001
( 0.78259598353064241E+000, 0.33089908125634540E-014)
 0.23561944901923448E+001 -0.78539816339744828E+000
( 0.60535757903033405E+000,-0.16219780143137036E-014)
 0.23561944901923448E+001  0.00000000000000000E+000
( 0.56128453029187031E+000,-0.34938409473028706E-014)
 0.23561944901923448E+001  0.78539816339744828E+000
( 0.60955485045841551E+000,-0.10235099793770941E-014)
 0.23561944901923448E+001  0.15707963267948966E+001
( 0.78317687212560960E+000,-0.34390603804355477E-014)
 0.23561944901923448E+001  0.23561944901923448E+001
( 0.10793293725015063E+001, 0.13006956787209350E-015)
 0.23561944901923448E+001  0.31415926535897931E+001
( 0.13375193938473033E+001,-0.66113664670234639E-015)
 0.31415926535897931E+001 -0.23561944901923448E+001
( 0.12767906933374944E+001,-0.12429235883996878E-014)
 0.31415926535897931E+001 -0.15707963267948966E+001
( 0.80780192165929465E+000,-0.12889111069261566E-014)
 0.31415926535897931E+001 -0.78539816339744828E+000
( 0.64350113219186444E+000, 0.18223443579267193E-014)
 0.31415926535897931E+001  0.00000000000000000E+000
( 0.59625029503021587E+000, 0.39183059133203908E-014)
 0.31415926535897931E+001  0.78539816339744828E+000
( 0.64350113219186378E+000,-0.12186143311852346E-014)
 0.31415926535897931E+001  0.15707963267948966E+001
( 0.80780192165929454E+000, 0.14623371974222813E-014)
 0.31415926535897931E+001  0.23561944901923448E+001
( 0.12767906933374944E+001,-0.40725526721593464E-016)
 0.31415926535897931E+001  0.31415926535897931E+001
( 0.69807840851551726E+001, 0.64952775047266843E-015)
 0.10000000000000000E+001          1         64
( 0.10000000000000002E+001, 0.00000000000000000E+000)
-0.23561944901923448E+001 -0.23561944901923448E+001
( 0.10814913412433458E+001, 0.10958086066047145E-014)
-0.23561944901923448E+001 -0.15707963267948966E+001
( 0.77359807911728651E+000, 0.14367982299526525E-014)
-0.23561944901923448E+001 -0.78539816339744828E+000
( 0.61552839657309599E+000,-0.20820259246472533E-014)
-0.23561944901923448E+001  0.00000000000000000E+000
( 0.56233226414394744E+000, 0.22728664630382576E-014)
-0.23561944901923448E+001  0.78539816339744828E+000
( 0.61696221354611225E+000,-0.10410129623236267E-014)
-0.23561944901923448E+001  0.15707963267948966E+001
( 0.76619258634948872E+000,-0.31216078730705402E-015)
-0.23561944901923448E+001  0.23561944901923448E+001
( 0.10805196921907192E+001, 0.00000000000000000E+000)
-0.23561944901923448E+001  0.31415926535897931E+001
( 0.12736434410408763E+001, 0.69765422697339081E-015)
-0.15707963267948966E+001 -0.23561944901923448E+001
( 0.76824180654821372E+000,-0.20048931463853328E-014)
-0.15707963267948966E+001 -0.15707963267948966E+001
( 0.62964773253532380E+000, 0.22478438713908572E-014)
-0.15707963267948966E+001 -0.78539816339744828E+000
( 0.48764135160218225E+000, 0.13949859897916667E-014)
-0.15707963267948966E+001  0.00000000000000000E+000
( 0.43917512562332006E+000,-0.12931997037671404E-014)
-0.15707963267948966E+001  0.78539816339744828E+000
( 0.48414278325303672E+000, 0.20193075644057749E-014)
-0.15707963267948966E+001  0.15707963267948966E+001
( 0.62168925719479895E+000,-0.22204460492503131E-015)
-0.15707963267948966E+001  0.23561944901923448E+001
( 0.76268193884491775E+000, 0.10893169045446637E-014)
-0.15707963267948966E+001  0.31415926535897931E+001
( 0.81294073502287034E+000,-0.18435104890668018E-014)
-0.78539816339744828E+000 -0.23561944901923448E+001
( 0.60818329426563700E+000, 0.58250933445312217E-015)
-0.78539816339744828E+000 -0.15707963267948966E+001
( 0.47782379824667154E+000,-0.13805715717712246E-014)
-0.78539816339744828E+000 -0.78539816339744828E+000
( 0.31336795566734843E+000,-0.37055482214240028E-014)
-0.78539816339744828E+000  0.00000000000000000E+000
( 0.24189198088417130E+000,-0.46362317274158614E-015)
-0.78539816339744828E+000  0.78539816339744828E+000
( 0.31592468450039846E+000,-0.33306690738754696E-015)
-0.78539816339744828E+000  0.15707963267948966E+001
( 0.47141382444165592E+000,-0.13192842254300859E-015)
-0.78539816339744828E+000  0.23561944901923448E+001
( 0.60600055653294049E+000, 0.81896835739859545E-015)
-0.78539816339744828E+000  0.31415926535897931E+001
( 0.64094079779451252E+000, 0.87994300437241452E-015)
 0.00000000000000000E+000 -0.23561944901923448E+001
( 0.55458056120678978E+000, 0.17280528971792137E-014)
 0.00000000000000000E+000 -0.15707963267948966E+001
( 0.42864222620397219E+000,-0.15283454262350153E-015)
 0.00000000000000000E+000 -0.78539816339744828E+000
( 0.23885621251629519E+000, 0.34625974964184784E-014)
 0.00000000000000000E+000  0.00000000000000000E+000
( 0.64121524631319744E+002, 0.00000000000000000E+000)
 0.00000000000000000E+000  0.78539816339744828E+000
( 0.23885621251629519E+000,-0.34625974964184784E-014)
 0.00000000000000000E+000  0.15707963267948966E+001
( 0.42864222620397219E+000, 0.15283454262350153E-015)
 0.00000000000000000E+000  0.23561944901923448E+001
( 0.55458056120678978E+000,-0.17280528971792137E-014)
 0.00000000000000000E+000  0.31415926535897931E+001
( 0.59859211546039726E+000, 0.39182897432227982E-014)
 0.78539816339744828E+000 -0.23561944901923448E+001
( 0.60600055653294049E+000,-0.81896835739859545E-015)
 0.78539816339744828E+000 -0.15707963267948966E+001
( 0.47141382444165592E+000, 0.13192842254300859E-015)
 0.78539816339744828E+000 -0.78539816339744828E+000
( 0.31592468450039846E+000, 0.33306690738754696E-015)
 0.78539816339744828E+000  0.00000000000000000E+000
( 0.24189198088417130E+000, 0.46362317274158614E-015)
 0.78539816339744828E+000  0.78539816339744828E+000
( 0.31336795566734843E+000, 0.37055482214240028E-014)
 0.78539816339744828E+000  0.15707963267948966E+001
( 0.47782379824667154E+000, 0.13805715717712246E-014)
 0.78539816339744828E+000  0.23561944901923448E+001
( 0.60818329426563700E+000,-0.58250933445312217E-015)
 0.78539816339744828E+000  0.31415926535897931E+001
( 0.64094079779451163E+000,-0.82514736009132760E-015)
 0.15707963267948966E+001 -0.23561944901923448E+001
( 0.76268193884491775E+000,-0.10893169045446637E-014)
 0.15707963267948966E+001 -0.15707963267948966E+001
( 0.62168925719479895E+000, 0.22204460492503131E-015)
 0.15707963267948966E+001 -0.78539816339744828E+000
( 0.48414278325303672E+000,-0.20193075644057749E-014)
 0.15707963267948966E+001  0.00000000000000000E+000
( 0.43917512562332006E+000, 0.12931997037671404E-014)
 0.15707963267948966E+001  0.78539816339744828E+000
( 0.48764135160218225E+000,-0.13949859897916667E-014)
 0.15707963267948966E+001  0.15707963267948966E+001
( 0.62964773253532380E+000,-0.22478438713908572E-014)
 0.15707963267948966E+001  0.23561944901923448E+001
( 0.76824180654821372E+000, 0.20048931463853328E-014)
 0.15707963267948966E+001  0.31415926535897931E+001
( 0.81294073502287045E+000, 0.17887148447857144E-014)
 0.23561944901923448E+001 -0.23561944901923448E+001
( 0.10805196921907192E+001, 0.00000000000000000E+000)
 0.23561944901923448E+001 -0.15707963267948966E+001
( 0.76619258634948872E+000, 0.31216078730705402E-015)
 0.23561944901923448E+001 -0.78539816339744828E+000
( 0.61696221354611225E+000, 0.10410129623236267E-014)
 0.23561944901923448E+001  0.00000000000000000E+000
( 0.56233226414394744E+000,-0.22728664630382576E-014)
 0.23561944901923448E+001  0.78539816339744828E+000
( 0.61552839657309599E+000, 0.20820259246472533E-014)
 0.23561944901923448E+001  0.15707963267948966E+001
( 0.77359807911728651E+000,-0.14367982299526525E-014)
 0.23561944901923448E+001  0.23561944901923448E+001
( 0.10814913412433458E+001,-0.10958086066047145E-014)
 0.23561944901923448E+001  0.31415926535897931E+001
( 0.12736434410408763E+001,-0.27522823294801006E-014)
 0.31415926535897931E+001 -0.23561944901923448E+001
( 0.12968214230989885E+001, 0.64522769469460104E-015)
 0.31415926535897931E+001 -0.15707963267948966E+001
( 0.82555967021194343E+000, 0.37487914754853284E-015)
 0.31415926535897931E+001 -0.78539816339744828E+000
( 0.64938671293167993E+000, 0.10475046643836777E-014)
 0.31415926535897931E+001  0.00000000000000000E+000
( 0.60526293559322020E+000, 0.39186670370844703E-014)
 0.31415926535897931E+001  0.78539816339744828E+000
( 0.64938671293168038E+000,-0.14367982299526525E-014)
 0.31415926535897931E+001  0.15707963267948966E+001
( 0.82555967021194299E+000,-0.65171939675465195E-015)
 0.31415926535897931E+001  0.23561944901923448E+001
( 0.12968214230989885E+001,-0.14786104701136385E-014)
 0.31415926535897931E+001  0.31415926535897931E+001
( 0.65294823523041847E+001, 0.60119355329137655E-015)
 0.10000000000000000E+001          1         64
( 0.10000000000000002E+001, 0.00000000000000000E+000)
-0.23561944901923448E+001 -0.23561944901923448E+001
( 0.10958421210902669E+001,-0.36812797674413515E-014)
-0.23561944901923448E+001 -0.15707963267948966E+001
( 0.76894290001032539E+000, 0.23275844564510219E-014)
-0.23561944901923448E+001 -0.78539816339744828E+000
( 0.61177799505695585E+000,-0.11959337503857238E-014)
-0.23561944901923448E+001  0.00000000000000000E+000
( 0.56060167395725680E+000, 0.32722165455434908E-014)
-0.23561944901923448E+001  0.78539816339744828E+000
( 0.62120800135545151E+000, 0.51225614943229464E-015)
-0.23561944901923448E+001  0.15707963267948966E+001
( 0.79182259626240592E+000,-0.38643529047479061E-014)
-0.23561944901923448E+001  0.23561944901923448E+001
( 0.10921547657029000E+001,-0.18873791418627661E-014)
-0.23561944901923448E+001  0.31415926535897931E+001
( 0.13030043547437737E+001,-0.10654032413364141E-014)
-0.15707963267948966E+001 -0.23561944901923448E+001
( 0.77733647281039220E+000, 0.32918301212574033E-015)
-0.15707963267948966E+001 -0.15707963267948966E+001
( 0.62760831254530114E+000, 0.13633387916446405E-015)
-0.15707963267948966E+001 -0.78539816339744828E+000
( 0.48624213047531795E+000,-0.46739258142090259E-016)
-0.15707963267948966E+001  0.00000000000000000E+000
( 0.43828502978889561E+000,-0.18484107896414468E-014)
-0.15707963267948966E+001  0.78539816339744828E+000
( 0.48925369032148813E+000,-0.97777304072249912E-015)
-0.15707963267948966E+001  0.15707963267948966E+001
( 0.63356648581777741E+000,-0.17763568394002505E-014)
-0.15707963267948966E+001  0.23561944901923448E+001
( 0.76956648560271801E+000, 0.40863975096729374E-014)
-0.15707963267948966E+001  0.31415926535897931E+001
( 0.81833724332093727E+000, 0.19230769624112995E-014)
-0.78539816339744828E+000 -0.23561944901923448E+001
( 0.60310713330813137E+000, 0.24735618162697970E-015)
-0.78539816339744828E+000 -0.15707963267948966E+001
( 0.47772855783282409E+000, 0.95246146402055053E-015)
-0.78539816339744828E+000 -0.78539816339744828E+000
( 0.31960552724009750E+000,-0.11530783875054401E-014)
-0.78539816339744828E+000  0.00000000000000000E+000
( 0.24182287877980579E+000, 0.33111848977648102E-014)
-0.78539816339744828E+000  0.78539816339744828E+000
( 0.31382053862725356E+000, 0.11102230246251565E-014)
-0.78539816339744828E+000  0.15707963267948966E+001
( 0.48583722057717948E+000,-0.11316507060652983E-014)
-0.78539816339744828E+000  0.23561944901923448E+001
( 0.60424441981830190E+000, 0.37592227026783059E-015)
-0.78539816339744828E+000  0.31415926535897931E+001
( 0.65053259949597875E+000, 0.10582918053922334E-015)
 0.00000000000000000E+000 -0.23561944901923448E+001
( 0.55683741022882471E+000, 0.20626844886457071E-014)
 0.00000000000000000E+000 -0.15707963267948966E+001
( 0.43315208164754004E+000,-0.28184129244431749E-014)
 0.00000000000000000E+000 -0.78539816339744828E+000
( 0.24071513131996802E+000, 0.90960610114026700E-015)
 0.00000000000000000E+000  0.00000000000000000E+000
( 0.64123792684715895E+002, 0.00000000000000000E+000)
 0.00000000000000000E+000  0.78539816339744828E+000
( 0.24071513131996802E+000,-0.90960610114026700E-015)
 0.00000000000000000E+000  0.15707963267948966E+001
( 0.43315208164754004E+000, 0.28184129244431749E-014)
 0.00000000000000000E+000  0.23561944901923448E+001
( 0.55683741022882471E+000,-0.20626844886457071E-014)
 0.00000000000000000E+000  0.31415926535897931E+001
( 0.60640511648021034E+000, 0.39189552915879038E-014)
 0.78539816339744828E+000 -0.23561944901923448E+001
( 0.60424441981830190E+000,-0.37592227026783059E-015)
 0.78539816339744828E+000 -0.15707963267948966E+001
( 0.48583722057717948E+000, 0.11316507060652983E-014)
 0.78539816339744828E+000 -0.78539816339744828E+000
( 0.31382053862725356E+000,-0.11102230246251565E-014)
 0.78539816339744828E+000  0.00000000000000000E+000
( 0.24182287877980579E+000,-0.33111848977648102E-014)
 0.78539816339744828E+000  0.78539816339744828E+000
( 0.31960552724009750E+000, 0.11530783875054401E-014)
 0.78539816339744828E+000  0.15707963267948966E+001
( 0.47772855783282409E+000,-0.95246146402055053E-015)
 0.78539816339744828E+000  0.23561944901923448E+001
( 0.60310713330813137E+000,-0.24735618162697970E-015)
 0.78539816339744828E+000  0.31415926535897931E+001
( 0.65053259949597830E+000, 0.38888318271473596E-015)
 0.15707963267948966E+001 -0.23561944901923448E+001
( 0.76956648560271801E+000,-0.40863975096729374E-014)
 0.15707963267948966E+001 -0.15707963267948966E+001
( 0.63356648581777741E+000, 0.17763568394002505E-014)
 0.15707963267948966E+001 -0.78539816339744828E+000
( 0.48925369032148813E+000, 0.97777304072249912E-015)
 0.15707963267948966E+001  0.00000000000000000E+000
( 0.43828502978889561E+000, 0.18484107896414468E-014)
 0.15707963267948966E+001  0.78539816339744828E+000
( 0.48624213047531795E+000, 0.46739258142090259E-016)
 0.15707963267948966E+001  0.15707963267948966E+001
( 0.62760831254530114E+000,-0.13633387916446405E-015)
 0.15707963267948966E+001  0.23561944901923448E+001
( 0.77733647281039220E+000,-0.32918301212574033E-015)
 0.15707963267948966E+001  0.31415926535897931E+001
( 0.81833724332093738E+000,-0.19737001158151951E-014)
 0.23561944901923448E+001 -0.23561944901923448E+001
( 0.10921547657029000E+001, 0.18873791418627661E-014)
 0.23561944901923448E+001 -0.15707963267948966E+001
( 0.79182259626240592E+000, 0.38643529047479061E-014)
 0.23561944901923448E+001 -0.78539816339744828E+000
( 0.62120800135545151E+000,-0.51225614943229464E-015)
 0.23561944901923448E+001  0.00000000000000000E+000
( 0.56060167395725680E+000,-0.32722165455434908E-014)
 0.23561944901923448E+001  0.78539816339744828E+000
( 0.61177799505695585E+000, 0.11959337503857238E-014)
 0.23561944901923448E+001  0.15707963267948966E+001
( 0.76894290001032539E+000,-0.23275844564510219E-014)
 0.23561944901923448E+001  0.23561944901923448E+001
( 0.10958421210902669E+001, 0.36812797674413515E-014)
 0.23561944901923448E+001  0.31415926535897931E+001
( 0.13030043547437729E+001, 0.58033701151545626E-017)
 0.31415926535897931E+001 -0.23561944901923448E+001
( 0.13085048094193661E+001,-0.57653919375272004E-015)
 0.31415926535897931E+001 -0.15707963267948966E+001
( 0.82614921868598801E+000,-0.16224791740574513E-014)
 0.31415926535897931E+001 -0.78539816339744828E+000
( 0.65016630952252719E+000,-0.19516621861831914E-014)
 0.31415926535897931E+001  0.00000000000000000E+000
( 0.60442800862348123E+000, 0.39188661842079249E-014)
 0.31415926535897931E+001  0.78539816339744828E+000
( 0.65016630952252652E+000, 0.23353522469746356E-014)
 0.31415926535897931E+001  0.15707963267948966E+001
( 0.82614921868598779E+000, 0.17939006255785854E-014)
 0.31415926535897931E+001  0.23561944901923448E+001
( 0.13085048094193656E+001,-0.37203837500602386E-015)
 0.31415926535897931E+001  0.31415926535897931E+001
( 0.69238033470066123E+001, 0.64434770498349045E-015)
 0.10000000000000000E+001          1         64
( 0.10000000000000004E+001, 0.00000000000000000E+000)
-0.23561944901923448E+001 -0.23561944901923448E+001
( 0.10915194826569157E+001,-0.21225564808377484E-014)
-0.23561944901923448E+001 -0.15707963267948966E+001
( 0.79374656773770824E+000, 0.24349308821398844E-014)
-0.23561944901923448E+001 -0.78539816339744828E+000
( 0.61188520079759134E+000,-0.24142383760544734E-014)
-0.23561944901923448E+001  0.00000000000000000E+000
( 0.56927186099887739E+000, 0.31613003263322798E-014)
-0.23561944901923448E+001  0.78539816339744828E+000
( 0.61847115216599113E+000,-0.70751882694591625E-015)
-0.23561944901923448E+001  0.15707963267948966E+001
( 0.78394498774536192E+000,-0.25328204505524491E-014)
-0.23561944901923448E+001  0.23561944901923448E+001
( 0.10841545332977924E+001,-0.77715611723760958E-015)
-0.23561944901923448E+001  0.31415926535897931E+001
( 0.13039036414644893E+001,-0.80091781661930479E-016)
-0.15707963267948966E+001 -0.23561944901923448E+001
( 0.77295784649282218E+000, 0.32550713535208702E-015)
-0.15707963267948966E+001 -0.15707963267948966E+001
( 0.62466034277088123E+000,-0.13040153514293168E-014)
-0.15707963267948966E+001 -0.78539816339744828E+000
( 0.49461937279689749E+000,-0.48944784206282264E-016)
-0.15707963267948966E+001  0.00000000000000000E+000
( 0.43830286422325115E+000,-0.21815484191965306E-014)
-0.15707963267948966E+001  0.78539816339744828E+000
( 0.48693881699306463E+000,-0.20135209883962017E-015)
-0.15707963267948966E+001  0.15707963267948966E+001
( 0.62706066741781630E+000,-0.27755575615628914E-014)
-0.15707963267948966E+001  0.23561944901923448E+001
( 0.76631202073106430E+000,-0.24273711101044247E-015)
-0.15707963267948966E+001  0.31415926535897931E+001
( 0.81434619633146854E+000,-0.95522362709497742E-015)
-0.78539816339744828E+000 -0.23561944901923448E+001
( 0.60191107965212520E+000, 0.36131918550841806E-015)
-0.78539816339744828E+000 -0.15707963267948966E+001
( 0.48114953617275935E+000, 0.36147911970567342E-014)
-0.78539816339744828E+000 -0.78539816339744828E+000
( 0.31828356654017254E+000, 0.17349718272294281E-014)
-0.78539816339744828E+000  0.00000000000000000E+000
( 0.24563629541433341E+000, 0.47545101908612807E-014)
-0.78539816339744828E+000  0.78539816339744828E+000
( 0.31617796455721547E+000,-0.33306690738754696E-015)
-0.78539816339744828E+000  0.15707963267948966E+001
( 0.47670097930152977E+000,-0.46478171593547378E-015)
-0.78539816339744828E+000  0.23561944901923448E+001
( 0.60322343651480637E+000, 0.92956343187094756E-015)
-0.78539816339744828E+000  0.31415926535897931E+001
( 0.64308559216967187E+000, 0.26566728506269801E-014)
 0.00000000000000000E+000 -0.23561944901923448E+001
( 0.56089120262581349E+000, 0.13943451478064211E-014)
 0.00000000000000000E+000 -0.15707963267948966E+001
( 0.43231916202635623E+000,-0.49263663205215107E-014)
 0.00000000000000000E+000 -0.78539816339744828E+000
( 0.23979259749190729E+000,-0.20135209883962017E-015)
 0.00000000000000000E+000  0.00000000000000000E+000
( 0.64122092122647700E+002, 0.00000000000000000E+000)
 0.00000000000000000E+000  0.78539816339744828E+000
( 0.23979259749190729E+000, 0.20135209883962017E-015)
 0.00000000000000000E+000  0.15707963267948966E+001
( 0.43231916202635623E+000, 0.49263663205215107E-014)
 0.00000000000000000E+000  0.23561944901923448E+001
( 0.56089120262581349E+000,-0.13943451478064211E-014)
 0.00000000000000000E+000  0.31415926535897931E+001
( 0.60628387936292849E+000, 0.39183582667476672E-014)
 0.78539816339744828E+000 -0.23561944901923448E+001
( 0.60322343651480637E+000,-0.92956343187094756E-015)
 0.78539816339744828E+000 -0.15707963267948966E+001
( 0.47670097930152977E+000, 0.46478171593547378E-015)
 0.78539816339744828E+000 -0.78539816339744828E+000
( 0.31617796455721547E+000, 0.33306690738754696E-015)
 0.78539816339744828E+000  0.00000000000000000E+000
( 0.24563629541433341E+000,-0.47545101908612807E-014)
 0.78539816339744828E+000  0.78539816339744828E+000
( 0.31828356654017254E+000,-0.17349718272294281E-014)
 0.78539816339744828E+000  0.15707963267948966E+001
( 0.48114953617275935E+000,-0.36147911970567342E-014)
 0.78539816339744828E+000  0.23561944901923448E+001
( 0.60191107965212520E+000,-0.36131918550841806E-015)
 0.78539816339744828E+000  0.31415926535897931E+001
( 0.64308559216967232E+000,-0.26001682943852373E-014)
 0.15707963267948966E+001 -0.23561944901923448E+001
( 0.76631202073106430E+000, 0.24273711101044247E-015)
 0.15707963267948966E+001 -0.15707963267948966E+001
( 0.62706066741781630E+000, 0.27755575615628914E-014)
 0.15707963267948966E+001 -0.78539816339744828E+000
( 0.48693881699306463E+000, 0.20135209883962017E-015)
 0.15707963267948966E+001  0.00000000000000000E+000
( 0.43830286422325115E+000, 0.21815484191965306E-014)
 0.15707963267948966E+001  0.78539816339744828E+000
( 0.49461937279689749E+000, 0.48944784206282264E-016)
 0.15707963267948966E+001  0.15707963267948966E+001
( 0.62466034277088123E+000, 0.13040153514293168E-014)
 0.15707963267948966E+001  0.23561944901923448E+001
( 0.77295784649282218E+000,-0.32550713535208702E-015)
 0.15707963267948966E+001  0.31415926535897931E+001
( 0.81434619633146865E+000, 0.89871907085323541E-015)
 0.23561944901923448E+001 -0.23561944901923448E+001
( 0.10841545332977924E+001, 0.77715611723760958E-015)
 0.23561944901923448E+001 -0.15707963267948966E+001
( 0.78394498774536192E+000, 0.25328204505524491E-014)
 0.23561944901923448E+001 -0.78539816339744828E+000
( 0.61847115216599113E+000, 0.70751882694591625E-015)
 0.23561944901923448E+001  0.00000000000000000E+000
( 0.56927186099887739E+000,-0.31613003263322798E-014)
 0.23561944901923448E+001  0.78539816339744828E+000
( 0.61188520079759134E+000, 0.24142383760544734E-014)
 0.23561944901923448E+001  0.15707963267948966E+001
( 0.79374656773770824E+000,-0.24349308821398844E-014)
 0.23561944901923448E+001  0.23561944901923448E+001
( 0.10915194826569157E+001, 0.21225564808377484E-014)
 0.23561944901923448E+001  0.31415926535897931E+001
( 0.13039036414644893E+001,-0.86260438425896818E-015)
 0.31415926535897931E+001 -0.23561944901923448E+001
( 0.13113964428173193E+001,-0.10198932282480520E-014)
 0.31415926535897931E+001 -0.15707963267948966E+001
( 0.85651667232486450E+000,-0.15129272223043968E-014)
 0.31415926535897931E+001 -0.78539816339744828E+000
( 0.64847006632265969E+000,-0.12833228453439055E-014)
 0.31415926535897931E+001  0.00000000000000000E+000
( 0.63337007046648863E+000, 0.39190076285429985E-014)
 0.31415926535897931E+001  0.78539816339744828E+000
( 0.64847006632266013E+000, 0.13398274015856479E-014)
 0.31415926535897931E+001  0.15707963267948966E+001
( 0.85651667232486450E+000, 0.14564226660626546E-014)
 0.31415926535897931E+001  0.23561944901923448E+001
( 0.13113964428173184E+001, 0.18821936478966902E-015)
 0.31415926535897931E+001  0.31415926535897931E+001
( 0.65523390117287734E+001, 0.60450686022918008E-015)
 0.10000000000000000E+001          1         64
( 0.10000000000000000E+001, 0.00000000000000000E+000)
-0.23561944901923448E+001 -0.23561944901923448E+001
( 0.11215684232012570E+001,-0.25708014942690119E-014)
-0.23561944901923448E+001 -0.15707963267948966E+001
( 0.79192886646129357E+000, 0.14391933296282442E-014)
-0.23561944901923448E+001 -0.78539816339744828E+000
( 0.62416098543213050E+000,-0.39713211462504926E-014)
-0.23561944901923448E+001  0.00000000000000000E+000
( 0.56728555220573385E+000, 0.29385208313061988E-014)
-0.23561944901923448E+001  0.78539816339744828E+000
( 0.61253898629599446E+000,-0.42770280031222525E-016)
-0.23561944901923448E+001  0.15707963267948966E+001
( 0.76891560672428616E+000,-0.23100832116972173E-014)
-0.23561944901923448E+001  0.23561944901923448E+001
( 0.11124771805703575E+001, 0.99920072216264089E-015)
-0.23561944901923448E+001  0.31415926535897931E+001
( 0.13440286567903066E+001, 0.15449052950598256E-015)
-0.15707963267948966E+001 -0.23561944901923448E+001
( 0.77467846110958694E+000, 0.23273717493283696E-014)
-0.15707963267948966E+001 -0.15707963267948966E+001
( 0.63660347658485850E+000,-0.34162096339379148E-014)
-0.15707963267948966E+001 -0.78539816339744828E+000
( 0.49305847922329948E+000, 0.84131153728444334E-015)
-0.15707963267948966E+001  0.00000000000000000E+000
( 0.44143281071129048E+000,-0.18265704813721549E-015)
-0.15707963267948966E+001  0.78539816339744828E+000
( 0.49080473592911766E+000, 0.12426304671032834E-014)
-0.15707963267948966E+001  0.15707963267948966E+001
( 0.62543089664039564E+000,-0.12212453270876722E-014)
-0.15707963267948966E+001  0.23561944901923448E+001
( 0.78357414273213100E+000, 0.27541724215472800E-014)
-0.15707963267948966E+001  0.31415926535897931E+001
( 0.84019503965646469E+000, 0.81369825338361839E-015)
-0.78539816339744828E+000 -0.23561944901923448E+001
( 0.60865692961727835E+000,-0.97371897976257038E-015)
-0.78539816339744828E+000 -0.15707963267948966E+001
( 0.47842661181022894E+000, 0.28397129816097251E-014)
-0.78539816339744828E+000 -0.78539816339744828E+000
( 0.31397566911175567E+000,-0.70890409480631650E-015)
-0.78539816339744828E+000  0.00000000000000000E+000
( 0.24406742377754242E+000, 0.34219975979440774E-014)
-0.78539816339744828E+000  0.78539816339744828E+000
( 0.32730525735895266E+000,-0.22204460492503131E-015)
-0.78539816339744828E+000  0.15707963267948966E+001
( 0.49036613141118890E+000, 0.13108824895345767E-014)
-0.78539816339744828E+000  0.23561944901923448E+001
( 0.61923457575844409E+000, 0.42770280031222525E-016)
-0.78539816339744828E+000  0.31415926535897931E+001
( 0.65538243501129823E+000,-0.22259762461232817E-014)
 0.00000000000000000E+000 -0.23561944901923448E+001
( 0.56031531002234414E+000, 0.31727798889972721E-014)
 0.00000000000000000E+000 -0.15707963267948966E+001
( 0.44052636526799271E+000, 0.12894973495189653E-014)
 0.00000000000000000E+000 -0.78539816339744828E+000
( 0.25111273510741317E+000, 0.90956355971573642E-015)
 0.00000000000000000E+000  0.00000000000000000E+000
( 0.64123751253287040E+002, 0.00000000000000000E+000)
 0.00000000000000000E+000  0.78539816339744828E+000
( 0.25111273510741317E+000,-0.90956355971573642E-015)
 0.00000000000000000E+000  0.15707963267948966E+001
( 0.44052636526799271E+000,-0.12894973495189653E-014)
 0.00000000000000000E+000  0.23561944901923448E+001
( 0.56031531002234414E+000,-0.31727798889972721E-014)
 0.00000000000000000E+000  0.31415926535897931E+001
( 0.62117254369826491E+000, 0.39190608289467603E-014)
 0.78539816339744828E+000 -0.23561944901923448E+001
( 0.61923457575844409E+000,-0.42770280031222525E-016)
 0.78539816339744828E+000 -0.15707963267948966E+001
( 0.49036613141118890E+000,-0.13108824895345767E-014)
 0.78539816339744828E+000 -0.78539816339744828E+000
( 0.32730525735895266E+000, 0.22204460492503131E-015)
 0.78539816339744828E+000  0.00000000000000000E+000
( 0.24406742377754242E+000,-0.34219975979440774E-014)
 0.78539816339744828E+000  0.78539816339744828E+000
( 0.31397566911175567E+000, 0.70890409480631650E-015)
 0.78539816339744828E+000  0.15707963267948966E+001
( 0.47842661181022894E+000,-0.28397129816097251E-014)
 0.78539816339744828E+000  0.23561944901923448E+001
( 0.60865692961727835E+000, 0.97371897976257038E-015)
 0.78539816339744828E+000  0.31415926535897931E+001
( 0.65538243501129823E+000, 0.27210289407734862E-014)
 0.15707963267948966E+001 -0.23561944901923448E+001
( 0.78357414273213100E+000,-0.27541724215472800E-014)
 0.15707963267948966E+001 -0.15707963267948966E+001
( 0.62543089664039564E+000, 0.12212453270876722E-014)
 0.15707963267948966E+001 -0.78539816339744828E+000
( 0.49080473592911766E+000,-0.12426304671032834E-014)
 0.15707963267948966E+001  0.00000000000000000E+000
( 0.44143281071129048E+000, 0.18265704813721549E-015)
 0.15707963267948966E+001  0.78539816339744828E+000
( 0.49305847922329948E+000,-0.84131153728444334E-015)
 0.15707963267948966E+001  0.15707963267948966E+001
( 0.63660347658485850E+000, 0.34162096339379148E-014)
 0.15707963267948966E+001  0.23561944901923448E+001
( 0.77467846110958694E+000,-0.23273717493283696E-014)
 0.15707963267948966E+001  0.31415926535897931E+001
( 0.84019503965646480E+000,-0.86466173818375990E-015)
 0.23561944901923448E+001 -0.23561944901923448E+001
( 0.11124771805703575E+001,-0.99920072216264089E-015)
 0.23561944901923448E+001 -0.15707963267948966E+001
( 0.76891560672428616E+000, 0.23100832116972173E-014)
 0.23561944901923448E+001 -0.78539816339744828E+000
( 0.61253898629599446E+000, 0.42770280031222525E-016)
 0.23561944901923448E+001  0.00000000000000000E+000
( 0.56728555220573385E+000,-0.29385208313061988E-014)
 0.23561944901923448E+001  0.78539816339744828E+000
( 0.62416098543213050E+000, 0.39713211462504926E-014)
 0.23561944901923448E+001  0.15707963267948966E+001
( 0.79192886646129357E+000,-0.14391933296282442E-014)
 0.23561944901923448E+001  0.23561944901923448E+001
( 0.11215684232012570E+001, 0.25708014942690119E-014)
 0.23561944901923448E+001  0.31415926535897931E+001
( 0.13440286567903075E+001,-0.54761625455590365E-015)
 0.31415926535897931E+001 -0.23561944901923448E+001
( 0.13349449085655796E+001, 0.75577097722199829E-015)
 0.31415926535897931E+001 -0.15707963267948966E+001
( 0.83018062335069298E+000,-0.17927432489380878E-015)
 0.31415926535897931E+001 -0.78539816339744828E+000
( 0.66295269359279030E+000, 0.24893575365910263E-014)
 0.31415926535897931E+001  0.00000000000000000E+000
( 0.60233846447313122E+000, 0.39180277750749338E-014)
 0.31415926535897931E+001  0.78539816339744828E+000
( 0.66295269359279052E+000,-0.22163494468658540E-014)
 0.31415926535897931E+001  0.15707963267948966E+001
( 0.83018062335069265E+000, 0.35035544501869873E-015)
 0.31415926535897931E+001  0.23561944901923448E+001
( 0.13349449085655805E+001,-0.18150305170470133E-014)
 0.31415926535897931E+001  0.31415926535897931E+001
( 0.69239331285256984E+001, 0.63788858751120267E-015)
