          51           4   10.000000000000000                1
     0.0000000        0.66043442        0.21958934
     0.1000000        0.50250002        0.07944042
     0.2000000        0.35333197        0.01462232
     0.3000000        0.25407452        0.09246701
     0.4000000        0.18340768        0.06244220
     0.5000000        0.08576528        0.06080421
     0.6000000        0.06876867        0.07547219
     0.7000000       -0.09163959        0.08964480
     0.8000000       -0.03576602        0.06960836
     0.9000000       -0.06225350        0.07451561
     1.0000000        0.02070743        0.04198916
     1.1000000        0.13207543        0.07500481
     1.2000000        0.24575626        0.13490557
     1.3000000        0.17348151        0.10938418
     1.4000000        0.06963722        0.16485894
     1.5000000        0.01279984        0.28406929
     1.6000000        0.03477624        0.18070239
     1.7000000       -0.02161992        0.08340699
     1.8000000       -0.00467515        0.13897284
     1.9000000       -0.05182773        0.03393630
     2.0000000       -0.04206226        0.10513223
     2.1000000       -0.20613202        0.40901939
     2.2000000       -0.85735765        1.15229230
     2.3000000       -0.31048718        0.47814334
     2.4000000       -0.07981993        0.26172775
     2.5000000        0.49813979        0.50037371
     2.6000000        0.05536162        0.12335971
     2.7000000       -0.04083906        0.10296745
     2.8000000       -0.02165763        0.03553434
     2.9000000       -0.16242310        0.15479399
     3.0000000       -0.05079603        0.09328108
     3.1000000       -0.07406897        0.08727508
     3.2000000        0.06730546        0.11682368
     3.3000000        0.27756474        0.15887637
     3.4000000        0.44265784        0.39620640
     3.5000000        0.14378541        0.20371877
     3.6000000       -0.01479632        0.02151193
     3.7000000       -0.04146836        0.06119718
     3.8000000       -0.06519350        0.08125232
     3.9000000       -0.07050119        0.14357636
     4.0000000       -0.04167448        0.37825031
     4.1000000        0.32938534        0.50260292
     4.2000000        1.04778079        1.18258208
     4.3000000        0.05444190        0.11056554
     4.4000000        0.00552415        0.03330942
     4.5000000       -0.03207242        0.05845606
     4.6000000        0.01126469        0.03478324
     4.7000000        0.06184642        0.04021499
     4.8000000        0.03555424        0.03926941
     4.9000000        0.03074345        0.06333614
     5.0000000        0.00902327        0.08636403
