          51           5   10.000000000000000                1
     0.0000000        0.65025411        0.05227198
     0.1000000        0.53341325        0.05055945
     0.2000000        0.44381594        0.04659897
     0.3000000        0.37170147        0.04147423
     0.4000000        0.31192473        0.03616476
     0.5000000        0.26371060        0.03126542
     0.6000000        0.22689851        0.02798821
     0.7000000        0.19810264        0.02498369
     0.8000000        0.17208649        0.02241408
     0.9000000        0.14875784        0.02035916
     1.0000000        0.12887475        0.01798291
     1.1000000        0.11261440        0.01605004
     1.2000000        0.10143722        0.01421655
     1.3000000        0.09152010        0.01213912
     1.4000000        0.08042524        0.00998787
     1.5000000        0.06900789        0.00804986
     1.6000000        0.06023312        0.00462503
     1.7000000        0.05432643        0.00322833
     1.8000000        0.04828323        0.00561400
     1.9000000        0.04400147        0.00635243
     2.0000000        0.04342757        0.00728912
     2.1000000        0.04276626        0.00843915
     2.2000000        0.03872666        0.00774879
     2.3000000        0.03564359        0.00722766
     2.4000000        0.03565723        0.00680600
     2.5000000        0.03604529        0.00721493
     2.6000000        0.03589683        0.00849507
     2.7000000        0.03498390        0.00982936
     2.8000000        0.03388304        0.01067988
     2.9000000        0.03385389        0.01085053
     3.0000000        0.03494514        0.01057259
     3.1000000        0.03444581        0.01056613
     3.2000000        0.03329952        0.01273977
     3.3000000        0.03260836        0.01596374
     3.4000000        0.02962392        0.01703005
     3.5000000        0.02274194        0.01444873
     3.6000000        0.01525954        0.01167065
     3.7000000        0.01356769        0.01005561
     3.8000000        0.01451355        0.00789308
     3.9000000        0.01369838        0.00584201
     4.0000000        0.01179641        0.00695143
     4.1000000        0.01060089        0.00969439
     4.2000000        0.01043741        0.01148357
     4.3000000        0.00920326        0.01181830
     4.4000000        0.00825755        0.01101579
     4.5000000        0.00924686        0.01084049
     4.6000000        0.01048303        0.01246639
     4.7000000        0.01150905        0.01405032
     4.8000000        0.01416788        0.01414273
     4.9000000        0.01841107        0.01431373
     5.0000000        0.01999692        0.01470977
