          41           4   8.0000000000000000                1
     0.0000000        2.27840792        0.70824343
     0.1000000        1.06191023        0.48190333
     0.2000000        0.54996684        0.09071301
     0.3000000        0.20393502        0.14989278
     0.4000000       -0.22097423        0.22419978
     0.5000000       -0.03461482        0.12228427
     0.6000000        0.04087823        0.12678391
     0.7000000       -0.03437643        0.22746355
     0.8000000        0.08944465        0.07216146
     0.9000000        0.03836272        0.09782395
     1.0000000        0.14001836        0.02036967
     1.1000000        0.12510982        0.09382055
     1.2000000        0.24406826        0.15540404
     1.3000000        0.14231300        0.01990277
     1.4000000        0.13887085        0.19422583
     1.5000000        0.06543795        0.16924344
     1.6000000        0.18918066        0.12976197
     1.7000000        0.04669550        0.07731040
     1.8000000       -0.00697138        0.03676489
     1.9000000        0.03374166        0.14793627
     2.0000000       -0.07238687        0.03941659
     2.1000000        0.02137092        0.08893217
     2.2000000       -0.08832791        0.23669648
     2.3000000        0.07973870        0.22348461
     2.4000000        0.02203718        0.07219556
     2.5000000       -0.02815047        0.10982398
     2.6000000       -0.10861867        0.04084529
     2.7000000       -0.00285154        0.11849544
     2.8000000        0.13465835        0.17011749
     2.9000000        0.01210881        0.23653172
     3.0000000       -0.10349855        0.09577452
     3.1000000       -0.27761272        0.09207844
     3.2000000       -0.20460925        0.06167713
     3.3000000       -0.14652230        0.09639341
     3.4000000        0.01075362        0.14476469
     3.5000000       -0.00813490        0.20242867
     3.6000000        0.12506140        0.04880128
     3.7000000        0.01118773        0.10806526
     3.8000000       -0.00478169        0.12308754
     3.9000000       -0.10093252        0.12991836
     4.0000000       -0.16194843        0.10475306
