          26           4   5.0000000000000000                1
     0.0000000        0.52925697        0.15746693
     0.1000000       -0.35653294        1.05586098
     0.2000000        0.24911048        0.26829853
     0.3000000       -0.25205240        0.89160077
     0.4000000        0.28870074        0.14335816
     0.5000000        0.69064864        0.29189969
     0.6000000        1.37344692        1.29699246
     0.7000000        0.09156651        0.67140859
     0.8000000        0.56221870        0.18234703
     0.9000000        0.02325516        0.27742823
     1.0000000       -0.25539208        0.63906524
     1.1000000        0.19205572        0.14992931
     1.2000000        0.25196449        0.09068268
     1.3000000        0.18732708        0.14630357
     1.4000000        0.21512747        0.04919079
     1.5000000        0.29551182        0.12338309
     1.6000000        0.25102343        0.11918180
     1.7000000        0.22745732        0.07630906
     1.8000000        0.23143417        0.08230213
     1.9000000        0.22847273        0.07782141
     2.0000000        0.59800969        0.49633848
     2.1000000        0.22783905        0.07714179
     2.2000000        0.25412241        0.09694227
     2.3000000        0.21668947        0.05590025
     2.4000000        0.22970417        0.06233259
     2.5000000        0.22665960        0.06806214
