          51           9   10.000000000000000                1
     0.0000000        0.24775977        0.00900223
     0.1000000        0.15444867        0.00895615
     0.2000000        0.09684940        0.00869111
     0.3000000        0.06093196        0.00828682
     0.4000000        0.03731557        0.00800254
     0.5000000        0.02246325        0.00742470
     0.6000000        0.01301048        0.00645395
     0.7000000        0.00656675        0.00594914
     0.8000000        0.00272860        0.00575290
     0.9000000        0.00055334        0.00581832
     1.0000000       -0.00045902        0.00620842
     1.1000000       -0.00097482        0.00638741
     1.2000000       -0.00203051        0.00606651
     1.3000000       -0.00339232        0.00586686
     1.4000000       -0.00426545        0.00542326
     1.5000000       -0.00442554        0.00455508
     1.6000000       -0.00414269        0.00422060
     1.7000000       -0.00347331        0.00425933
     1.8000000       -0.00222741        0.00459165
     1.9000000       -0.00074396        0.00482584
     2.0000000       -0.00002454        0.00467065
     2.1000000       -0.00005298        0.00383932
     2.2000000       -0.00049480        0.00323603
     2.3000000       -0.00075240        0.00317978
     2.4000000       -0.00182185        0.00310807
     2.5000000       -0.00433641        0.00287918
     2.6000000       -0.00604547        0.00278727
     2.7000000       -0.00676382        0.00317056
     2.8000000       -0.00700379        0.00382211
     2.9000000       -0.00569639        0.00415565
     3.0000000       -0.00349113        0.00391974
     3.1000000       -0.00198606        0.00355525
     3.2000000       -0.00095058        0.00355235
     3.3000000       -0.00067896        0.00380733
     3.4000000       -0.00050680        0.00360959
     3.5000000        0.00033802        0.00347581
     3.6000000        0.00107898        0.00377900
     3.7000000        0.00171314        0.00386928
     3.8000000        0.00189458        0.00359513
     3.9000000        0.00123184        0.00321710
     4.0000000        0.00074218        0.00327352
     4.1000000        0.00097138        0.00368635
     4.2000000        0.00175710        0.00380262
     4.3000000        0.00246564        0.00395616
     4.4000000        0.00264879        0.00464297
     4.5000000        0.00343284        0.00513984
     4.6000000        0.00434979        0.00511271
     4.7000000        0.00512967        0.00484878
     4.8000000        0.00590015        0.00442498
     4.9000000        0.00625447        0.00434247
     5.0000000        0.00635470        0.00447463
