          51           9   10.000000000000000                1
     0.0000000        0.35166518        0.01395649
     0.1000000        0.19853896        0.01341725
     0.2000000        0.11701549        0.01255697
     0.3000000        0.07219619        0.01237606
     0.4000000        0.04609977        0.01198662
     0.5000000        0.03046969        0.01124175
     0.6000000        0.02281936        0.01023370
     0.7000000        0.01923124        0.00935419
     0.8000000        0.01594380        0.00869777
     0.9000000        0.01267546        0.00811225
     1.0000000        0.01057438        0.00816277
     1.1000000        0.00865755        0.00815143
     1.2000000        0.00421308        0.00835208
     1.3000000       -0.00088376        0.00808084
     1.4000000       -0.00305933        0.00683592
     1.5000000       -0.00421066        0.00634408
     1.6000000       -0.00633638        0.00695793
     1.7000000       -0.00828556        0.00678275
     1.8000000       -0.00994562        0.00548302
     1.9000000       -0.01043290        0.00472535
     2.0000000       -0.00961832        0.00435069
     2.1000000       -0.00863030        0.00456691
     2.2000000       -0.00868136        0.00526870
     2.3000000       -0.00740144        0.00580144
     2.4000000       -0.00498548        0.00618931
     2.5000000       -0.00360425        0.00672002
     2.6000000       -0.00286223        0.00716609
     2.7000000       -0.00532667        0.00726983
     2.8000000       -0.00760525        0.00815277
     2.9000000       -0.00822743        0.00882556
     3.0000000       -0.00899046        0.00882696
     3.1000000       -0.00848561        0.00901635
     3.2000000       -0.00714280        0.00944977
     3.3000000       -0.00578665        0.01004572
     3.4000000       -0.00455179        0.01006702
     3.5000000       -0.00346688        0.01039969
     3.6000000       -0.00158325        0.01078280
     3.7000000        0.00072062        0.01008544
     3.8000000       -0.00003469        0.00972954
     3.9000000       -0.00088536        0.00997168
     4.0000000        0.00042208        0.01046418
     4.1000000        0.00201546        0.01062637
     4.2000000        0.00285455        0.01019386
     4.3000000        0.00289083        0.01016005
     4.4000000        0.00218767        0.01003095
     4.5000000        0.00092553        0.00954240
     4.6000000        0.00054968        0.00896795
     4.7000000       -0.00043453        0.00887116
     4.8000000       -0.00417177        0.01011483
     4.9000000       -0.00765987        0.01123824
     5.0000000       -0.00864559        0.01147860
