   -2.356194     -2.356194       -0.01994043        0.12443172        0.11760375        0.05032645
   -2.356194     -1.570796        0.02940220        0.07418160       -0.17254754        0.11550768
   -2.356194     -0.785398        0.00832160        0.06842985        0.02754073        0.04835169
   -2.356194      0.000000        0.15655064        0.10613441        0.01984023        0.04556738
   -2.356194      0.785398        0.10680437        0.03542722       -0.05320943        0.04982252
   -2.356194      1.570796        0.10761505        0.18281784       -0.04533376        0.14422583
   -2.356194      2.356194        0.26759155        0.20383116       -0.05117834        0.04687731
   -2.356194      3.141593        0.43439415        0.16975807       -0.08577465        0.12267630
   -1.570796     -2.356194        0.21343409        0.04727884        0.07811360        0.07348512
   -1.570796     -1.570796        0.12289671        0.09115427       -0.03204493        0.07271462
   -1.570796     -0.785398        0.07583975        0.06031011        0.00667225        0.04640583
   -1.570796      0.000000        0.12667913        0.10791303       -0.04045314        0.05448319
   -1.570796      0.785398        0.16193185        0.05327358        0.07490530        0.02117113
   -1.570796      1.570796        0.18827024        0.07487155       -0.04237782        0.13111464
   -1.570796      2.356194        0.09486383        0.04815150       -0.01191468        0.03427105
   -1.570796      3.141593        0.17469879        0.12231153        0.03644826        0.13316248
   -0.785398     -2.356194        0.00908517        0.09963656        0.00414486        0.06085011
   -0.785398     -1.570796        0.05712409        0.02237433       -0.01024915        0.08123913
   -0.785398     -0.785398        0.15971970        0.02511681        0.02541501        0.04751597
   -0.785398      0.000000        0.08906994        0.06250773        0.00794251        0.01464711
   -0.785398      0.785398        0.04664242        0.05267900        0.00194129        0.03833015
   -0.785398      1.570796        0.06074906        0.08421676       -0.01474648        0.03796618
   -0.785398      2.356194        0.06224527        0.11931658        0.06631356        0.09308378
   -0.785398      3.141593        0.10344542        0.04781268        0.03971006        0.08776140
    0.000000     -2.356194        0.06908260        0.05104649        0.02463329        0.02622008
    0.000000     -1.570796       -0.00857711        0.05643202       -0.00903158        0.02805249
    0.000000     -0.785398        0.08797504        0.01190424        0.01045387        0.00488975
    0.000000      0.000000       -0.07231411        0.09866330        0.00000000        0.00000000
    0.000000      0.785398        0.08797504        0.01190424       -0.01045387        0.00488975
    0.000000      1.570796       -0.00857711        0.05643202        0.00903158        0.02805249
    0.000000      2.356194        0.06908260        0.05104649       -0.02463329        0.02622008
    0.000000      3.141593        0.19225526        0.08459053       -0.00000000        0.00000000
    0.785398     -2.356194        0.06224527        0.11931658       -0.06631356        0.09308378
    0.785398     -1.570796        0.06074906        0.08421676        0.01474648        0.03796618
    0.785398     -0.785398        0.04664242        0.05267900       -0.00194129        0.03833015
    0.785398      0.000000        0.08906994        0.06250773       -0.00794251        0.01464711
    0.785398      0.785398        0.15971970        0.02511681       -0.02541501        0.04751597
    0.785398      1.570796        0.05712409        0.02237433        0.01024915        0.08123913
    0.785398      2.356194        0.00908517        0.09963656       -0.00414486        0.06085011
    0.785398      3.141593        0.10344542        0.04781268       -0.03971006        0.08776140
    1.570796     -2.356194        0.09486383        0.04815150        0.01191468        0.03427105
    1.570796     -1.570796        0.18827024        0.07487155        0.04237782        0.13111464
    1.570796     -0.785398        0.16193185        0.05327358       -0.07490530        0.02117113
    1.570796      0.000000        0.12667913        0.10791303        0.04045314        0.05448319
    1.570796      0.785398        0.07583975        0.06031011       -0.00667225        0.04640583
    1.570796      1.570796        0.12289671        0.09115427        0.03204493        0.07271462
    1.570796      2.356194        0.21343409        0.04727884       -0.07811360        0.07348512
    1.570796      3.141593        0.17469879        0.12231153       -0.03644826        0.13316248
    2.356194     -2.356194        0.26759155        0.20383116        0.05117834        0.04687731
    2.356194     -1.570796        0.10761505        0.18281784        0.04533376        0.14422583
    2.356194     -0.785398        0.10680437        0.03542722        0.05320943        0.04982252
    2.356194      0.000000        0.15655064        0.10613441       -0.01984023        0.04556738
    2.356194      0.785398        0.00832160        0.06842985       -0.02754073        0.04835169
    2.356194      1.570796        0.02940220        0.07418160        0.17254754        0.11550768
    2.356194      2.356194       -0.01994043        0.12443172       -0.11760375        0.05032645
    2.356194      3.141593        0.43439415        0.16975807        0.08577465        0.12267630
    3.141593     -2.356194        0.07314580        0.19346329       -0.10971917        0.10643961
    3.141593     -1.570796        0.06875503        0.02966360        0.06241489        0.07793879
    3.141593     -0.785398        0.20284872        0.13986405       -0.03264872        0.02195887
    3.141593      0.000000        0.28921137        0.09086868       -0.00000000        0.00000000
    3.141593      0.785398        0.20284872        0.13986405        0.03264872        0.02195887
    3.141593      1.570796        0.06875503        0.02966360       -0.06241489        0.07793879
    3.141593      2.356194        0.07314580        0.19346329        0.10971917        0.10643961
    3.141593      3.141593        0.74744583        0.76111593        0.00000000        0.00000000
