          11           9   2.0000000000000000                1
     0.0000000        1.08410324        0.00761631
     0.1000000        0.71687932        0.00268529
     0.2000000        0.50900536        0.00345269
     0.3000000        0.37323804        0.00569959
     0.4000000        0.28504437        0.00225295
     0.5000000        0.22626962        0.00293862
     0.6000000        0.18802740        0.00262118
     0.7000000        0.16482231        0.00289732
     0.8000000        0.15057690        0.00294306
     0.9000000        0.14123436        0.00295482
     1.0000000        0.13796655        0.00374856
