         101           9   10.000000000000000                1
     0.0000000        0.25422007        0.00789587
     0.1000000        0.19992933        0.00528467
     0.2000000        0.15666764        0.00703014
     0.3000000        0.11621156        0.00719026
     0.4000000        0.09148469        0.01057215
     0.5000000        0.07038099        0.00871133
     0.6000000        0.05668228        0.00875428
     0.7000000        0.04793073        0.00744863
     0.8000000        0.03988569        0.00780391
     0.9000000        0.02862342        0.00584044
     1.0000000        0.02242799        0.00593308
     1.1000000        0.01551995        0.00653467
     1.2000000        0.01556056        0.00570262
     1.3000000        0.01570531        0.00627277
     1.4000000        0.00941923        0.00781704
     1.5000000        0.00813366        0.00753813
     1.6000000        0.00239924        0.00833797
     1.7000000       -0.00307225        0.00722542
     1.8000000        0.00171430        0.00859880
     1.9000000        0.00509458        0.01047694
     2.0000000       -0.00090454        0.00823750
     2.1000000       -0.00083849        0.00875537
     2.2000000       -0.00632619        0.00749913
     2.3000000        0.00174062        0.00496571
     2.4000000        0.00544160        0.00688391
     2.5000000        0.00339561        0.00564650
     2.6000000        0.00421873        0.00615814
     2.7000000       -0.00215440        0.00479732
     2.8000000        0.00767580        0.00590618
     2.9000000        0.01064567        0.00594212
     3.0000000        0.00916817        0.00533248
     3.1000000        0.00975364        0.00690159
     3.2000000        0.01177272        0.00536965
     3.3000000        0.00858536        0.00609735
     3.4000000        0.01043999        0.00655467
     3.5000000        0.00759411        0.00711653
     3.6000000        0.00777255        0.00742139
     3.7000000        0.00693808        0.00645430
     3.8000000        0.00389581        0.00717339
     3.9000000        0.00739470        0.00694638
     4.0000000        0.00663675        0.00801861
     4.1000000        0.00129130        0.00637625
     4.2000000        0.00399984        0.00519922
     4.3000000       -0.00444260        0.00472592
     4.4000000       -0.00589180        0.00458857
     4.5000000       -0.00040823        0.00668108
     4.6000000       -0.00389907        0.00655399
     4.7000000        0.00039294        0.00552752
     4.8000000        0.00681736        0.00695481
     4.9000000        0.00748662        0.00895175
     5.0000000        0.00297067        0.00837554
     5.1000000        0.01102058        0.00698489
     5.2000000        0.01299460        0.00669228
     5.3000000        0.01080403        0.00782452
     5.4000000        0.01625306        0.00952268
     5.5000000        0.01321538        0.00838309
     5.6000000        0.00800610        0.00918903
     5.7000000        0.00844815        0.00829134
     5.8000000        0.00516832        0.00721821
     5.9000000        0.00403323        0.00746852
     6.0000000        0.00238632        0.00670200
     6.1000000        0.00630277        0.00457706
     6.2000000        0.01239528        0.00543430
     6.3000000        0.01620985        0.00655418
     6.4000000        0.02200042        0.00828420
     6.5000000        0.01823620        0.00607743
     6.6000000        0.01736169        0.00762436
     6.7000000        0.02256640        0.00638556
     6.8000000        0.01894654        0.00647883
     6.9000000        0.02189718        0.00923609
     7.0000000        0.02444040        0.00755040
     7.1000000        0.02965981        0.00783821
     7.2000000        0.03419349        0.00991785
     7.3000000        0.04132951        0.00731963
     7.4000000        0.04280816        0.00938051
     7.5000000        0.05667256        0.00961375
     7.6000000        0.07416931        0.00825118
     7.7000000        0.08171823        0.00649045
     7.8000000        0.09446348        0.00606794
     7.9000000        0.11122775        0.00680446
     8.0000000        0.12619054        0.00875896
     8.1000000        0.13628226        0.00700857
     8.2000000        0.15691797        0.00950128
     8.3000000        0.18034475        0.00934556
     8.4000000        0.20084733        0.00823802
     8.5000000        0.22210837        0.00780172
     8.6000000        0.24998463        0.00795944
     8.7000000        0.28216069        0.00818130
     8.8000000        0.31860337        0.00717364
     8.9000000        0.35485223        0.00791619
     9.0000000        0.40493558        0.00847523
     9.1000000        0.46249625        0.00840578
     9.2000000        0.52670562        0.01020681
     9.3000000        0.60426940        0.01087148
     9.4000000        0.68685242        0.01042382
     9.5000000        0.79476114        0.00871333
     9.6000000        0.92010147        0.00798674
     9.7000000        1.07198115        0.00904236
     9.8000000        1.25264634        0.00584529
     9.9000000        1.46940574        0.00580670
    10.0000000        1.74577993        0.00789587
