          81           4   8.0000000000000000                1
     0.0000000        1.00000000        0.00000000
     0.1000000        0.80128117        0.00191728
     0.2000000        0.65236978        0.00275547
     0.3000000        0.53662970        0.00423996
     0.4000000        0.44892826        0.00424782
     0.5000000        0.38160395        0.00399679
     0.6000000        0.32822955        0.00409455
     0.7000000        0.28378587        0.00474596
     0.8000000        0.24653483        0.00635596
     0.9000000        0.21281203        0.00440525
     1.0000000        0.18514431        0.00371959
     1.1000000        0.16759856        0.00619030
     1.2000000        0.14543789        0.00607868
     1.3000000        0.12669759        0.00565277
     1.4000000        0.11368400        0.00525605
     1.5000000        0.10084992        0.00621293
     1.6000000        0.09305448        0.00571716
     1.7000000        0.08551946        0.00667742
     1.8000000        0.07394678        0.00519629
     1.9000000        0.06988279        0.00493765
     2.0000000        0.06756765        0.00448713
     2.1000000        0.06311813        0.00349615
     2.2000000        0.05726267        0.00350124
     2.3000000        0.05121148        0.00557445
     2.4000000        0.04780764        0.00576095
     2.5000000        0.04430673        0.00473077
     2.6000000        0.03972766        0.00603031
     2.7000000        0.03661858        0.00548701
     2.8000000        0.03604544        0.00513088
     2.9000000        0.03043907        0.00379295
     3.0000000        0.02760857        0.00314185
     3.1000000        0.02786695        0.00387836
     3.2000000        0.02698484        0.00289977
     3.3000000        0.02726749        0.00275801
     3.4000000        0.02475829        0.00404331
     3.5000000        0.02010522        0.00564341
     3.6000000        0.02248514        0.00397618
     3.7000000        0.02719587        0.00374268
     3.8000000        0.02882331        0.00453236
     3.9000000        0.02917562        0.00346639
     4.0000000        0.02642238        0.00511947
     4.1000000        0.02635579        0.00341224
     4.2000000        0.02530366        0.00226221
     4.3000000        0.02482993        0.00486433
     4.4000000        0.02454543        0.00524079
     4.5000000        0.02522301        0.00549941
     4.6000000        0.02243951        0.00761415
     4.7000000        0.02621045        0.00679789
     4.8000000        0.02737339        0.00584704
     4.9000000        0.03031977        0.00331614
     5.0000000        0.03033793        0.00294848
     5.1000000        0.03362889        0.00243916
     5.2000000        0.03309434        0.00577615
     5.3000000        0.03451457        0.00446085
     5.4000000        0.03608035        0.00463546
     5.5000000        0.04142294        0.00224825
     5.6000000        0.04392943        0.00179933
     5.7000000        0.04600193        0.00266277
     5.8000000        0.04929456        0.00200422
     5.9000000        0.05459124        0.00508788
     6.0000000        0.05955251        0.00357960
     6.1000000        0.06550835        0.00546492
     6.2000000        0.07216815        0.00484788
     6.3000000        0.07673612        0.00321338
     6.4000000        0.08963815        0.00450137
     6.5000000        0.10206671        0.00496392
     6.6000000        0.12010247        0.00628528
     6.7000000        0.13132504        0.00355501
     6.8000000        0.14860393        0.00405840
     6.9000000        0.17234212        0.00558637
     7.0000000        0.19412620        0.00641630
     7.1000000        0.22063912        0.00386874
     7.2000000        0.24980763        0.00810347
     7.3000000        0.28676505        0.00352520
     7.4000000        0.33157270        0.00674326
     7.5000000        0.38432413        0.00510646
     7.6000000        0.45379183        0.00359270
     7.7000000        0.53888104        0.00441894
     7.8000000        0.65477721        0.00411428
     7.9000000        0.79907615        0.00481821
     8.0000000        1.00000000        0.00000000
