          81           4   10.000000000000000                1
     0.0000000        1.73506222        0.04493235
     0.1250000        1.39450262        0.04260152
     0.2500000        1.16365130        0.03355267
     0.3750000        0.95722073        0.03642489
     0.5000000        0.81473659        0.03009039
     0.6250000        0.69768674        0.02467058
     0.7500000        0.57400921        0.02437566
     0.8750000        0.45867843        0.03281717
     1.0000000        0.35103925        0.01051926
     1.1250000        0.29200850        0.02334702
     1.2500000        0.25332126        0.02451890
     1.3750000        0.20833415        0.01915873
     1.5000000        0.17444391        0.04268884
     1.6250000        0.12402704        0.05608451
     1.7500000        0.13780252        0.02936217
     1.8750000        0.12819923        0.02290940
     2.0000000        0.12117112        0.01233556
     2.1250000        0.07036119        0.00642125
     2.2500000        0.05422921        0.04877951
     2.3750000        0.04060578        0.04547990
     2.5000000        0.05199651        0.03454431
     2.6250000        0.02647460        0.03308738
     2.7500000        0.03398305        0.04268424
     2.8750000        0.01965835        0.03725261
     3.0000000       -0.00548502        0.04716049
     3.1250000        0.00313323        0.03922292
     3.2500000       -0.02074598        0.03142942
     3.3750000       -0.01299265        0.00802107
     3.5000000       -0.00719682        0.01958816
     3.6250000       -0.00308369        0.02019489
     3.7500000        0.02070009        0.00558930
     3.8750000       -0.01870889        0.00158203
     4.0000000        0.00439308        0.02223620
     4.1250000        0.02861353        0.02591790
     4.2500000        0.01637533        0.03154699
     4.3750000        0.03316514        0.02834755
     4.5000000        0.03354688        0.04114226
     4.6250000        0.02409377        0.04184221
     4.7500000       -0.00913884        0.04431536
     4.8750000        0.00264288        0.03917067
     5.0000000       -0.00345198        0.05082863
     5.1250000       -0.01087065        0.05604112
     5.2500000       -0.02213961        0.04046305
     5.3750000       -0.01835435        0.03055139
     5.5000000       -0.00979429        0.03944438
     5.6250000       -0.03477818        0.03704528
     5.7500000       -0.01899930        0.01856732
     5.8750000       -0.01241958        0.02689890
     6.0000000       -0.02759274        0.00606532
     6.1250000       -0.03796336        0.01899581
     6.2500000       -0.08588216        0.03753703
     6.3750000       -0.05700376        0.03280014
     6.5000000       -0.10271373        0.03128412
     6.6250000       -0.10287061        0.04047266
     6.7500000       -0.11406660        0.02588010
     6.8750000       -0.08391783        0.04011813
     7.0000000       -0.08862066        0.06887419
     7.1250000       -0.08274008        0.04805145
     7.2500000       -0.04952033        0.03943041
     7.3750000       -0.05226048        0.04545282
     7.5000000       -0.01951691        0.01640858
     7.6250000       -0.00258579        0.02393095
     7.7500000       -0.00571098        0.03179249
     7.8750000        0.01088337        0.02414113
     8.0000000       -0.01205643        0.01637824
     8.1250000        0.01955285        0.01253028
     8.2500000        0.02303912        0.01702666
     8.3750000        0.01717456        0.01964443
     8.5000000        0.02300746        0.02371959
     8.6250000        0.02312315        0.03012313
     8.7500000        0.00942534        0.03654080
     8.8750000        0.03469562        0.04564419
     9.0000000        0.05394646        0.03139944
     9.1250000        0.07586235        0.02911444
     9.2500000        0.04818930        0.02506045
     9.3750000        0.04700342        0.05061911
     9.5000000        0.09563007        0.04059178
     9.6250000        0.13425601        0.04138545
     9.7500000        0.15955902        0.03778613
     9.8750000        0.20113152        0.03446901
    10.0000000        0.26493778        0.04493235
