          51           9   10.000000000000000                1
     0.0000000        0.44773399        0.07251586
     0.1000000        0.45563569        0.05621343
     0.2000000        0.32724564        0.07572266
     0.3000000        0.31729225        0.03468331
     0.4000000        0.23271585        0.04292235
     0.5000000        0.21969377        0.03204373
     0.6000000        0.22928345        0.03063032
     0.7000000        0.23816282        0.06518402
     0.8000000        0.14446125        0.02471310
     0.9000000        0.06735158        0.02593989
     1.0000000        0.17418164        0.08825854
     1.1000000        0.19185567        0.14996800
     1.2000000        0.25102700        0.20656761
     1.3000000        0.10411046        0.04133503
     1.4000000        0.05027163        0.03010676
     1.5000000        0.04986118        0.02857692
     1.6000000        0.20336537        0.13259581
     1.7000000        0.02934871        0.02043220
     1.8000000        0.07569873        0.02827130
     1.9000000        0.13447408        0.09602458
     2.0000000        0.10776681        0.10718878
     2.1000000        0.05762933        0.11635717
     2.2000000       -0.04736851        0.06024011
     2.3000000       -0.02393091        0.07749475
     2.4000000       -0.04027107        0.10099984
     2.5000000       -0.00409839        0.06965385
     2.6000000        0.03087468        0.07513371
     2.7000000        0.19220275        0.15721111
     2.8000000        0.20042726        0.20380032
     2.9000000        0.08755551        0.12871143
     3.0000000        0.18572371        0.18702275
     3.1000000        0.02379739        0.06449433
     3.2000000        0.12197175        0.06891305
     3.3000000        0.03228780        0.08799610
     3.4000000       -0.02262099        0.26930029
     3.5000000       -0.20602577        0.26199333
     3.6000000       -0.41233374        0.44951892
     3.7000000        0.01838481        0.05793052
     3.8000000        0.10981240        0.07303161
     3.9000000        0.05157459        0.02197092
     4.0000000        0.08967662        0.11745159
     4.1000000        0.14761888        0.21273279
     4.2000000        0.13094915        0.11805524
     4.3000000        0.03302669        0.02176756
     4.4000000        0.21764733        0.19984801
     4.5000000       -0.18634452        0.20839119
     4.6000000       -0.08196084        0.10352415
     4.7000000       -0.04898539        0.12623289
     4.8000000        0.11575422        0.06347440
     4.9000000       -0.05269449        0.08341659
     5.0000000        0.01777434        0.04472278
