          31           4   6.0000000000000000                1
     0.0000000        0.17738051        0.05690310
     0.1000000        0.14189015        0.00625936
     0.2000000        0.11602008        0.01410686
     0.3000000        0.05136095        0.01348382
     0.4000000        0.03477341        0.00999459
     0.5000000        0.02731258        0.01017791
     0.6000000        0.01692469        0.01060337
     0.7000000        0.01680968        0.01384474
     0.8000000        0.00038884        0.02522444
     0.9000000        0.00983630        0.00694487
     1.0000000        0.01337336        0.02076228
     1.1000000       -0.00701722        0.01555035
     1.2000000       -0.00344968        0.01759432
     1.3000000       -0.00132243        0.00464172
     1.4000000       -0.00301138        0.01642246
     1.5000000       -0.01592789        0.02088904
     1.6000000       -0.00611739        0.01222908
     1.7000000       -0.00001512        0.00820617
     1.8000000       -0.00184176        0.00487904
     1.9000000       -0.01228743        0.01008657
     2.0000000       -0.00836099        0.00270542
     2.1000000       -0.00516168        0.00151592
     2.2000000        0.00503760        0.01525061
     2.3000000       -0.01167290        0.00866051
     2.4000000       -0.00550227        0.02353155
     2.5000000        0.01174960        0.01068650
     2.6000000        0.03072919        0.01178688
     2.7000000        0.01603601        0.01970732
     2.8000000        0.01209394        0.01319377
     2.9000000       -0.00711388        0.00583904
     3.0000000       -0.01160606        0.00597329
