          41           4   5.0000000000000000                1
     0.0000000        0.31533538        0.02162339
     0.1250000        0.25188569        0.01529793
     0.2500000        0.21603341        0.03997241
     0.3750000        0.17090490        0.03628220
     0.5000000        0.11364765        0.04061616
     0.6250000        0.15802985        0.04802455
     0.7500000        0.14685782        0.03883281
     0.8750000        0.13637795        0.03924977
     1.0000000        0.08694799        0.03691639
     1.1250000        0.07505336        0.03462358
     1.2500000        0.08521571        0.02560454
     1.3750000        0.08526974        0.05114005
     1.5000000        0.06479797        0.05211047
     1.6250000        0.07644959        0.03500300
     1.7500000        0.12266142        0.01879387
     1.8750000        0.13016318        0.00657528
     2.0000000        0.11847409        0.00802652
     2.1250000        0.10231563        0.01092778
     2.2500000        0.15515982        0.02761998
     2.3750000        0.16907549        0.02757695
     2.5000000        0.15889886        0.02343321
     2.6250000        0.15697700        0.02251052
     2.7500000        0.17550283        0.02687625
     2.8750000        0.17221877        0.02798854
     3.0000000        0.18140553        0.02481047
     3.1250000        0.21972059        0.02834031
     3.2500000        0.24017281        0.03101819
     3.3750000        0.28214368        0.04577161
     3.5000000        0.31235472        0.02987535
     3.6250000        0.34375874        0.01220891
     3.7500000        0.38624675        0.02129396
     3.8750000        0.43792039        0.02423196
     4.0000000        0.45904574        0.01512808
     4.1250000        0.51965794        0.01131192
     4.2500000        0.58973376        0.02350438
     4.3750000        0.67942230        0.01518819
     4.5000000        0.79129915        0.01529842
     4.6250000        0.98319937        0.01180219
     4.7500000        1.19318129        0.02120806
     4.8750000        1.40471334        0.01356172
     5.0000000        1.68466462        0.02162339
