          21           4   5.0000000000000000                1
     0.0000000        1.40257547        0.09216995
     0.1250000        1.15746278        0.10205901
     0.2500000        1.02115339        0.11455118
     0.3750000        0.91484448        0.10677023
     0.5000000        0.80584033        0.10599764
     0.6250000        0.71048619        0.10750630
     0.7500000        0.64436088        0.10755103
     0.8750000        0.62661794        0.12232023
     1.0000000        0.62359951        0.13360625
     1.1250000        0.61554591        0.14164052
     1.2500000        0.60437363        0.13670846
     1.3750000        0.59201600        0.13110558
     1.5000000        0.58380996        0.13548257
     1.6250000        0.56444947        0.13703575
     1.7500000        0.54518160        0.13525295
     1.8750000        0.55892799        0.12560121
     2.0000000        0.58442586        0.11588971
     2.1250000        0.60575330        0.12384724
     2.2500000        0.61154352        0.13924189
     2.3750000        0.60889986        0.15218165
     2.5000000        0.60857473        0.15791440
