   -2.356194     -2.356194
  1    1        1.06349282        0.00196834       -0.00000000        0.00000000
   -2.356194     -1.570796
  1    1        0.76632263        0.00496285        0.00000000        0.00000000
   -2.356194     -0.785398
  1    1        0.60916022        0.00533096       -0.00000000        0.00000000
   -2.356194      0.000000
  1    1        0.55954885        0.00273044        0.00000000        0.00000000
   -2.356194      0.785398
  1    1        0.60689446        0.00149566        0.00000000        0.00000000
   -2.356194      1.570796
  1    1        0.77177164        0.00498910       -0.00000000        0.00000000
   -2.356194      2.356194
  1    1        1.06365185        0.00607712        0.00000000        0.00000000
   -2.356194      3.141593
  1    1        1.25678610        0.00894093        0.00000000        0.00000000
   -1.570796     -2.356194
  1    1        0.76400276        0.00588138        0.00000000        0.00000000
   -1.570796     -1.570796
  1    1        0.62199160        0.00412545        0.00000000        0.00000000
   -1.570796     -0.785398
  1    1        0.48585909        0.01113602        0.00000000        0.00000000
   -1.570796      0.000000
  1    1        0.43500837        0.00501004       -0.00000000        0.00000000
   -1.570796      0.785398
  1    1        0.47683999        0.00186263       -0.00000000        0.00000000
   -1.570796      1.570796
  1    1        0.62030032        0.00514223       -0.00000000        0.00000000
   -1.570796      2.356194
  1    1        0.76816699        0.00472085        0.00000000        0.00000000
   -1.570796      3.141593
  1    1        0.82568061        0.00443620       -0.00000000        0.00000000
   -0.785398     -2.356194
  1    1        0.60709331        0.00559373       -0.00000000        0.00000000
   -0.785398     -1.570796
  1    1        0.47846900        0.00169395       -0.00000000        0.00000000
   -0.785398     -0.785398
  1    1        0.30839406        0.00534628       -0.00000000        0.00000000
   -0.785398      0.000000
  1    1        0.22985751        0.00712944       -0.00000000        0.00000000
   -0.785398      0.785398
  1    1        0.30505303        0.00297196        0.00000000        0.00000000
   -0.785398      1.570796
  1    1        0.47648372        0.00569261       -0.00000000        0.00000000
   -0.785398      2.356194
  1    1        0.60511781        0.00357780       -0.00000000        0.00000000
   -0.785398      3.141593
  1    1        0.64734204        0.00513903        0.00000000        0.00000000
    0.000000     -2.356194
  1    1        0.56418233        0.00904934        0.00000000        0.00000000
    0.000000     -1.570796
  1    1        0.43145826        0.00434832       -0.00000000        0.00000000
    0.000000     -0.785398
  1    1        0.22533147        0.00227581        0.00000000        0.00000000
    0.000000      0.000000
  1    1        0.06466814        0.00146303        0.00000000        0.00000000
    0.000000      0.785398
  1    1        0.22533147        0.00227581       -0.00000000        0.00000000
    0.000000      1.570796
  1    1        0.43145826        0.00434832        0.00000000        0.00000000
    0.000000      2.356194
  1    1        0.56418233        0.00904934       -0.00000000        0.00000000
    0.000000      3.141593
  1    1        0.60078647        0.00362832        0.00000000        0.00000000
    0.785398     -2.356194
  1    1        0.60511781        0.00357780        0.00000000        0.00000000
    0.785398     -1.570796
  1    1        0.47648372        0.00569261        0.00000000        0.00000000
    0.785398     -0.785398
  1    1        0.30505303        0.00297196       -0.00000000        0.00000000
    0.785398      0.000000
  1    1        0.22985751        0.00712944        0.00000000        0.00000000
    0.785398      0.785398
  1    1        0.30839406        0.00534628        0.00000000        0.00000000
    0.785398      1.570796
  1    1        0.47846900        0.00169395        0.00000000        0.00000000
    0.785398      2.356194
  1    1        0.60709331        0.00559373        0.00000000        0.00000000
    0.785398      3.141593
  1    1        0.64734204        0.00513903       -0.00000000        0.00000000
    1.570796     -2.356194
  1    1        0.76816699        0.00472085       -0.00000000        0.00000000
    1.570796     -1.570796
  1    1        0.62030032        0.00514223        0.00000000        0.00000000
    1.570796     -0.785398
  1    1        0.47683999        0.00186263        0.00000000        0.00000000
    1.570796      0.000000
  1    1        0.43500837        0.00501004        0.00000000        0.00000000
    1.570796      0.785398
  1    1        0.48585909        0.01113602       -0.00000000        0.00000000
    1.570796      1.570796
  1    1        0.62199160        0.00412545       -0.00000000        0.00000000
    1.570796      2.356194
  1    1        0.76400276        0.00588138       -0.00000000        0.00000000
    1.570796      3.141593
  1    1        0.82568061        0.00443620        0.00000000        0.00000000
    2.356194     -2.356194
  1    1        1.06365185        0.00607712       -0.00000000        0.00000000
    2.356194     -1.570796
  1    1        0.77177164        0.00498910        0.00000000        0.00000000
    2.356194     -0.785398
  1    1        0.60689446        0.00149566       -0.00000000        0.00000000
    2.356194      0.000000
  1    1        0.55954885        0.00273044       -0.00000000        0.00000000
    2.356194      0.785398
  1    1        0.60916022        0.00533096        0.00000000        0.00000000
    2.356194      1.570796
  1    1        0.76632263        0.00496285       -0.00000000        0.00000000
    2.356194      2.356194
  1    1        1.06349282        0.00196834        0.00000000        0.00000000
    2.356194      3.141593
  1    1        1.25678610        0.00894093       -0.00000000        0.00000000
    3.141593     -2.356194
  1    1        1.25471233        0.01484109        0.00000000        0.00000000
    3.141593     -1.570796
  1    1        0.82464164        0.01237794        0.00000000        0.00000000
    3.141593     -0.785398
  1    1        0.64757087        0.00218310        0.00000000        0.00000000
    3.141593      0.000000
  1    1        0.60284876        0.00450970        0.00000000        0.00000000
    3.141593      0.785398
  1    1        0.64757087        0.00218310       -0.00000000        0.00000000
    3.141593      1.570796
  1    1        0.82464164        0.01237794       -0.00000000        0.00000000
    3.141593      2.356194
  1    1        1.25471233        0.01484109       -0.00000000        0.00000000
    3.141593      3.141593
  1    1        8.15321250        0.23243825        0.00000000        0.00000000
