         101           9   10.000000000000000                1
     0.0000000        1.96133962        0.00971169
     0.1000000        1.23486792        0.01169906
     0.2000000        0.76851523        0.01022793
     0.3000000        0.48765307        0.00728459
     0.4000000        0.33049786        0.00671725
     0.5000000        0.21151081        0.00860309
     0.6000000        0.15720577        0.00830569
     0.7000000        0.10541003        0.00835678
     0.8000000        0.06318641        0.01178476
     0.9000000        0.04647049        0.01037921
     1.0000000        0.02696719        0.00884877
     1.1000000        0.02298151        0.00914952
     1.2000000        0.02563981        0.00986474
     1.3000000        0.01669047        0.00663347
     1.4000000        0.00534785        0.00870978
     1.5000000        0.00242223        0.00809875
     1.6000000       -0.00510267        0.00780739
     1.7000000       -0.00177112        0.00661868
     1.8000000        0.00142544        0.00921070
     1.9000000        0.00196554        0.00920589
     2.0000000        0.00557468        0.01139758
     2.1000000        0.00515814        0.00706798
     2.2000000        0.00506381        0.00587539
     2.3000000       -0.00894685        0.00847463
     2.4000000       -0.00811917        0.01364530
     2.5000000       -0.00086238        0.00997013
     2.6000000       -0.00484743        0.00580965
     2.7000000       -0.00253066        0.00386656
     2.8000000        0.00447808        0.00507399
     2.9000000        0.00101656        0.00876416
     3.0000000       -0.00324811        0.00385090
     3.1000000       -0.00473167        0.00951236
     3.2000000       -0.01567751        0.00763269
     3.3000000       -0.00554777        0.00828603
     3.4000000       -0.00041950        0.00410171
     3.5000000        0.01413992        0.00832969
     3.6000000       -0.00144774        0.00542437
     3.7000000       -0.00279122        0.00649133
     3.8000000       -0.00438431        0.00655604
     3.9000000       -0.00026966        0.00760650
     4.0000000       -0.00230738        0.00817087
     4.1000000       -0.00265807        0.00641868
     4.2000000        0.00422867        0.00533778
     4.3000000        0.00898842        0.00535869
     4.4000000        0.00671375        0.00519251
     4.5000000        0.00513981        0.00925720
     4.6000000        0.01052038        0.01066549
     4.7000000       -0.00232733        0.00893377
     4.8000000        0.00101794        0.01095069
     4.9000000        0.00362701        0.00621372
     5.0000000        0.01049213        0.00690941
     5.1000000        0.02194278        0.00535374
     5.2000000        0.01414009        0.00787196
     5.3000000        0.00470863        0.00737392
     5.4000000        0.01871345        0.00836108
     5.5000000        0.00982012        0.00734968
     5.6000000        0.00002293        0.00836014
     5.7000000       -0.00110414        0.00868238
     5.8000000        0.00448662        0.00679334
     5.9000000        0.00069148        0.00813146
     6.0000000       -0.00032376        0.00545264
     6.1000000        0.00673819        0.00865019
     6.2000000        0.01410408        0.01374806
     6.3000000        0.01538870        0.01236915
     6.4000000        0.00572311        0.01325377
     6.5000000       -0.00528130        0.00864820
     6.6000000       -0.00478088        0.00701181
     6.7000000       -0.00914089        0.00500388
     6.8000000       -0.00247521        0.00538600
     6.9000000        0.00491790        0.00753889
     7.0000000        0.01210248        0.00890460
     7.1000000        0.01086590        0.01266269
     7.2000000       -0.00436571        0.00858597
     7.3000000        0.00431670        0.00602695
     7.4000000       -0.00378548        0.00520264
     7.5000000        0.01133851        0.00679277
     7.6000000        0.00845687        0.00814954
     7.7000000        0.00126639        0.00668329
     7.8000000        0.00189569        0.00949856
     7.9000000       -0.01273679        0.00663858
     8.0000000       -0.01431845        0.00982084
     8.1000000       -0.00990681        0.00657713
     8.2000000        0.00352706        0.00425498
     8.3000000        0.00306570        0.00516788
     8.4000000        0.00465201        0.00545536
     8.5000000        0.00936353        0.00869627
     8.6000000        0.00487862        0.00710913
     8.7000000        0.00705100        0.00777486
     8.8000000        0.00488784        0.00827421
     8.9000000        0.00338052        0.00585254
     9.0000000        0.00160450        0.00887434
     9.1000000        0.00276008        0.01025913
     9.2000000        0.01128180        0.00949932
     9.3000000        0.00908233        0.00724416
     9.4000000       -0.00383833        0.00833385
     9.5000000        0.00527950        0.00602279
     9.6000000        0.01181247        0.00537756
     9.7000000        0.00203673        0.00719848
     9.8000000        0.00463047        0.00818739
     9.9000000        0.02096875        0.01042187
    10.0000000        0.03866038        0.00971169
