   -2.094395     -2.094395
  1    1        0.90032274        0.00743722        0.00000000        0.00000000
   -2.094395     -1.047198
  1    1        0.61609502        0.00220782       -0.00000000        0.00000000
   -2.094395      0.000000
  1    1        0.53366356        0.00108794       -0.00000000        0.00000000
   -2.094395      1.047198
  1    1        0.61684431        0.00250953        0.00000000        0.00000000
   -2.094395      2.094395
  1    1        0.89413171        0.00456473        0.00000000        0.00000000
   -2.094395      3.141593
  1    1        1.07140129        0.00579764        0.00000000        0.00000000
   -1.047198     -2.094395
  1    1        0.61760857        0.00266645       -0.00000000        0.00000000
   -1.047198     -1.047198
  1    1        0.42593460        0.00206962       -0.00000000        0.00000000
   -1.047198      0.000000
  1    1        0.31047400        0.00205387        0.00000000        0.00000000
   -1.047198      1.047198
  1    1        0.42584302        0.00377723       -0.00000000        0.00000000
   -1.047198      2.094395
  1    1        0.61943577        0.00357114       -0.00000000        0.00000000
   -1.047198      3.141593
  1    1        0.70598038        0.00421768       -0.00000000        0.00000000
    0.000000     -2.094395
  1    1        0.53828713        0.00404769       -0.00000000        0.00000000
    0.000000     -1.047198
  1    1        0.30967269        0.00125925        0.00000000        0.00000000
    0.000000      0.000000
  1    1        0.13233501        0.00102488        0.00000000        0.00000000
    0.000000      1.047198
  1    1        0.30967269        0.00125925       -0.00000000        0.00000000
    0.000000      2.094395
  1    1        0.53828713        0.00404769        0.00000000        0.00000000
    0.000000      3.141593
  1    1        0.60330875        0.00241333       -0.00000000        0.00000000
    1.047198     -2.094395
  1    1        0.61943577        0.00357114        0.00000000        0.00000000
    1.047198     -1.047198
  1    1        0.42584302        0.00377723        0.00000000        0.00000000
    1.047198      0.000000
  1    1        0.31047400        0.00205387       -0.00000000        0.00000000
    1.047198      1.047198
  1    1        0.42593460        0.00206962        0.00000000        0.00000000
    1.047198      2.094395
  1    1        0.61760857        0.00266645        0.00000000        0.00000000
    1.047198      3.141593
  1    1        0.70598038        0.00421768        0.00000000        0.00000000
    2.094395     -2.094395
  1    1        0.89413171        0.00456473       -0.00000000        0.00000000
    2.094395     -1.047198
  1    1        0.61684431        0.00250953       -0.00000000        0.00000000
    2.094395      0.000000
  1    1        0.53366356        0.00108794        0.00000000        0.00000000
    2.094395      1.047198
  1    1        0.61609502        0.00220782        0.00000000        0.00000000
    2.094395      2.094395
  1    1        0.90032274        0.00743722       -0.00000000        0.00000000
    2.094395      3.141593
  1    1        1.07140129        0.00579764       -0.00000000        0.00000000
    3.141593     -2.094395
  1    1        1.07453632        0.01198155        0.00000000        0.00000000
    3.141593     -1.047198
  1    1        0.70189600        0.00237730       -0.00000000        0.00000000
    3.141593      0.000000
  1    1        0.60047955        0.00231325       -0.00000000        0.00000000
    3.141593      1.047198
  1    1        0.70189600        0.00237730       -0.00000000        0.00000000
    3.141593      2.094395
  1    1        1.07453632        0.01198155        0.00000000        0.00000000
    3.141593      3.141593
  1    1        5.03096890        0.08156543        0.00000000        0.00000000
