   -2.094395     -2.094395
  1    1        0.14714644        0.00115288        0.00030221        0.00059952
   -2.094395     -1.047198
  1    1        1.00321624        0.00225155       -0.00174726        0.00265836
   -2.094395      0.000000
  1    1        1.68296300        0.00159984       -0.00035942        0.00088160
   -2.094395      1.047198
  1    1        0.99675625        0.00173196        0.00032040        0.00116588
   -2.094395      2.094395
  1    1        0.14625465        0.00096512       -0.00024319        0.00048175
   -2.094395      3.141593
  1    1        0.09145143        0.00064627        0.00013004        0.00065447
   -1.047198     -2.094395
  1    1        0.99678376        0.00225155        0.00174726        0.00265836
   -1.047198     -1.047198
  1    1        1.85285356        0.00115288       -0.00030221        0.00059952
   -1.047198      0.000000
  1    1        1.90854857        0.00064627       -0.00013004        0.00065447
   -1.047198      1.047198
  1    1        1.85374535        0.00096512        0.00024319        0.00048175
   -1.047198      2.094395
  1    1        1.00324375        0.00173196       -0.00032040        0.00116588
   -1.047198      3.141593
  1    1        0.31703700        0.00159984        0.00035942        0.00088160
    0.000000     -2.094395
  1    1        1.68264689        0.00181525       -0.00049027        0.00102796
    0.000000     -1.047198
  1    1        1.90851753        0.00073815       -0.00015359        0.00032015
    0.000000      0.000000
  1    1        1.93573154        0.00060091        0.00000000        0.00000000
    0.000000      1.047198
  1    1        1.90851753        0.00073815        0.00015359        0.00032015
    0.000000      2.094395
  1    1        1.68264689        0.00181525        0.00049027        0.00102796
    0.000000      3.141593
  1    1        1.00158480        0.00530531       -0.00000000        0.00000000
    1.047198     -2.094395
  1    1        1.00324375        0.00173196        0.00032040        0.00116588
    1.047198     -1.047198
  1    1        1.85374535        0.00096512       -0.00024319        0.00048175
    1.047198      0.000000
  1    1        1.90854857        0.00064627        0.00013004        0.00065447
    1.047198      1.047198
  1    1        1.85285356        0.00115288        0.00030221        0.00059952
    1.047198      2.094395
  1    1        0.99678376        0.00225155       -0.00174726        0.00265836
    1.047198      3.141593
  1    1        0.31703700        0.00159984       -0.00035942        0.00088160
    2.094395     -2.094395
  1    1        0.14625465        0.00096512        0.00024319        0.00048175
    2.094395     -1.047198
  1    1        0.99675625        0.00173196       -0.00032040        0.00116588
    2.094395      0.000000
  1    1        1.68296300        0.00159984        0.00035942        0.00088160
    2.094395      1.047198
  1    1        1.00321624        0.00225155        0.00174726        0.00265836
    2.094395      2.094395
  1    1        0.14714644        0.00115288       -0.00030221        0.00059952
    2.094395      3.141593
  1    1        0.09145143        0.00064627       -0.00013004        0.00065447
    3.141593     -2.094395
  1    1        0.09148247        0.00073815        0.00015359        0.00032015
    3.141593     -1.047198
  1    1        0.31735311        0.00181525        0.00049027        0.00102796
    3.141593      0.000000
  1    1        0.99841520        0.00530531       -0.00000000        0.00000000
    3.141593      1.047198
  1    1        0.31735311        0.00181525       -0.00049027        0.00102796
    3.141593      2.094395
  1    1        0.09148247        0.00073815       -0.00015359        0.00032015
    3.141593      3.141593
  1    1        0.06426846        0.00060091       -0.00000000        0.00000000
