          51           3   10.000000000000000                1
     0.0000000        0.32347742        0.00305971
     0.1000000        0.17696513        0.00193816
     0.2000000        0.10031016        0.00098529
     0.3000000        0.05871551        0.00036315
     0.4000000        0.03519137        0.00040063
     0.5000000        0.02165186        0.00054724
     0.6000000        0.01366122        0.00056171
     0.7000000        0.00857101        0.00033925
     0.8000000        0.00524641        0.00021875
     0.9000000        0.00326407        0.00041902
     1.0000000        0.00220316        0.00047952
     1.1000000        0.00163135        0.00049333
     1.2000000        0.00120089        0.00047132
     1.3000000        0.00094393        0.00039333
     1.4000000        0.00077391        0.00025079
     1.5000000        0.00057366        0.00016004
     1.6000000        0.00038938        0.00015873
     1.7000000        0.00028135        0.00013011
     1.8000000        0.00022581        0.00012578
     1.9000000        0.00017274        0.00010336
     2.0000000        0.00010723        0.00010284
     2.1000000        0.00004630        0.00004758
     2.2000000        0.00000176        0.00004166
     2.3000000       -0.00001962        0.00005125
     2.4000000       -0.00001435        0.00005064
     2.5000000       -0.00003144        0.00008414
     2.6000000       -0.00006015        0.00013145
     2.7000000       -0.00006229        0.00014374
     2.8000000       -0.00005369        0.00009028
     2.9000000       -0.00004244        0.00002898
     3.0000000       -0.00002843        0.00003150
     3.1000000        0.00000013        0.00002633
     3.2000000        0.00002482        0.00002813
     3.3000000        0.00002128        0.00004275
     3.4000000        0.00001198        0.00004782
     3.5000000       -0.00001778        0.00004786
     3.6000000       -0.00004558        0.00007514
     3.7000000       -0.00004561        0.00009313
     3.8000000       -0.00007310        0.00006208
     3.9000000       -0.00013588        0.00001437
     4.0000000       -0.00014900        0.00004742
     4.1000000       -0.00012021        0.00006008
     4.2000000       -0.00010343        0.00005203
     4.3000000       -0.00007173        0.00004995
     4.4000000       -0.00003563        0.00006227
     4.5000000       -0.00000684        0.00006272
     4.6000000        0.00001794        0.00006399
     4.7000000        0.00001715        0.00008141
     4.8000000        0.00001155        0.00009806
     4.9000000        0.00000892        0.00009952
     5.0000000        0.00000869        0.00009650
