          61           9   12.000000000000000                1
     0.0000000        0.26507078        0.01137136
     0.1000000        0.16198335        0.00386415
     0.2000000        0.09855137        0.00324042
     0.3000000        0.06767870        0.00477812
     0.4000000        0.04509073        0.00469332
     0.5000000        0.02693261        0.00280910
     0.6000000        0.01594272        0.00320761
     0.7000000        0.01262895        0.00267172
     0.8000000        0.00592975        0.00331048
     0.9000000        0.01027053        0.00446005
     1.0000000        0.00222156        0.00357504
     1.1000000        0.00598293        0.00361117
     1.2000000        0.00418808        0.00254028
     1.3000000        0.00973227        0.00283700
     1.4000000        0.00603439        0.00215968
     1.5000000        0.00395695        0.00173789
     1.6000000        0.00266945        0.00313088
     1.7000000        0.00100622        0.00350227
     1.8000000       -0.00623146        0.00459947
     1.9000000       -0.00220624        0.00468156
     2.0000000        0.00195078        0.00211720
     2.1000000       -0.00031350        0.00350046
     2.2000000        0.00120251        0.00287656
     2.3000000       -0.00206991        0.00309402
     2.4000000       -0.00638380        0.00331216
     2.5000000       -0.00226963        0.00276536
     2.6000000        0.00460000        0.00329842
     2.7000000        0.00506786        0.00418071
     2.8000000        0.00169549        0.00301599
     2.9000000        0.00066598        0.00180888
     3.0000000        0.00001124        0.00271680
     3.1000000        0.00470905        0.00260941
     3.2000000        0.00709104        0.00408846
     3.3000000        0.00332143        0.00170374
     3.4000000       -0.00069545        0.00179813
     3.5000000        0.00162804        0.00241594
     3.6000000        0.00668824        0.00224104
     3.7000000        0.00226948        0.00291206
     3.8000000        0.00230265        0.00211895
     3.9000000        0.00299997        0.00257866
     4.0000000       -0.00001513        0.00345379
     4.1000000        0.00326442        0.00287668
     4.2000000        0.00325226        0.00421711
     4.3000000        0.00455264        0.00290735
     4.4000000        0.00032612        0.00390694
     4.5000000        0.00109640        0.00269609
     4.6000000        0.00267259        0.00217559
     4.7000000        0.00060571        0.00222502
     4.8000000       -0.00223422        0.00154021
     4.9000000       -0.00405166        0.00306918
     5.0000000        0.00182139        0.00250084
     5.1000000       -0.00005065        0.00303723
     5.2000000        0.00110660        0.00197358
     5.3000000       -0.00260974        0.00346232
     5.4000000       -0.00127277        0.00289493
     5.5000000       -0.00256701        0.00404354
     5.6000000       -0.00296378        0.00292415
     5.7000000        0.00333605        0.00339022
     5.8000000        0.00226753        0.00360753
     5.9000000        0.00323324        0.00335054
     6.0000000        0.00479873        0.00579183
