         101           9   10.000000000000000                1
     0.0000000        1.02370689        0.03064045
     0.1000000        0.87496849        0.02018182
     0.2000000        0.77388972        0.01828410
     0.3000000        0.67708131        0.01454772
     0.4000000        0.57462543        0.01419941
     0.5000000        0.52764446        0.02076231
     0.6000000        0.49281718        0.02126232
     0.7000000        0.42189433        0.02805689
     0.8000000        0.37520574        0.01957014
     0.9000000        0.33301734        0.03441760
     1.0000000        0.31663685        0.03835721
     1.1000000        0.29198839        0.02914189
     1.2000000        0.27544537        0.02914773
     1.3000000        0.25322142        0.03204976
     1.4000000        0.22120593        0.02909795
     1.5000000        0.18966548        0.02542577
     1.6000000        0.18025069        0.03152487
     1.7000000        0.15056646        0.02707570
     1.8000000        0.14467468        0.02390543
     1.9000000        0.12756764        0.02543646
     2.0000000        0.10989101        0.03249065
     2.1000000        0.06257736        0.03154987
     2.2000000        0.05899865        0.04171058
     2.3000000        0.04358230        0.05696276
     2.4000000        0.01308210        0.04815592
     2.5000000        0.02673876        0.03347499
     2.6000000        0.00099867        0.03986421
     2.7000000        0.03154668        0.02033338
     2.8000000        0.05097082        0.02752713
     2.9000000        0.05391467        0.03276635
     3.0000000        0.06259121        0.03392512
     3.1000000        0.05134890        0.03575865
     3.2000000        0.05314343        0.02679868
     3.3000000        0.04134325        0.02708196
     3.4000000        0.03327952        0.02631885
     3.5000000        0.03093228        0.03166140
     3.6000000        0.04450085        0.02611476
     3.7000000        0.04471603        0.01561421
     3.8000000        0.03873906        0.01616761
     3.9000000        0.05100949        0.01641939
     4.0000000        0.04386854        0.01713143
     4.1000000        0.03706040        0.01846924
     4.2000000        0.05753157        0.02510895
     4.3000000        0.05289400        0.02092705
     4.4000000        0.04511634        0.01673584
     4.5000000        0.04223106        0.01686544
     4.6000000        0.03420331        0.01480447
     4.7000000        0.03028043        0.01430839
     4.8000000        0.03495692        0.01710026
     4.9000000        0.03628762        0.01686247
     5.0000000        0.04147467        0.02345348
     5.1000000        0.04975038        0.02767049
     5.2000000        0.04251480        0.02559346
     5.3000000        0.04320943        0.02584599
     5.4000000        0.04482399        0.02867741
     5.5000000        0.03615543        0.02452597
     5.6000000        0.02901777        0.01745584
     5.7000000        0.02609171        0.01479808
     5.8000000        0.03054896        0.01438122
     5.9000000        0.03120654        0.01469980
     6.0000000        0.02570678        0.01493548
     6.1000000        0.02218399        0.01176018
     6.2000000        0.01065719        0.00901872
     6.3000000        0.00731586        0.01038427
     6.4000000        0.00043117        0.01088573
     6.5000000       -0.00760758        0.01227568
     6.6000000       -0.01104937        0.01523264
     6.7000000       -0.01113158        0.01325550
     6.8000000        0.00315460        0.01098099
     6.9000000        0.00583940        0.01577411
     7.0000000        0.00590427        0.01514511
     7.1000000        0.01381477        0.01844703
     7.2000000        0.00252842        0.02795810
     7.3000000        0.02140608        0.02128422
     7.4000000        0.03171391        0.01088528
     7.5000000        0.03533378        0.01391515
     7.6000000        0.05392880        0.01934119
     7.7000000        0.05695514        0.02672736
     7.8000000        0.07313253        0.02753145
     7.9000000        0.08346850        0.02995199
     8.0000000        0.10951028        0.02951513
     8.1000000        0.13134586        0.02777048
     8.2000000        0.11673673        0.02924613
     8.3000000        0.11454703        0.03067423
     8.4000000        0.13434811        0.03991163
     8.5000000        0.14605898        0.04187656
     8.6000000        0.15675793        0.04279275
     8.7000000        0.16542102        0.04094677
     8.8000000        0.19959160        0.04026450
     8.9000000        0.22719465        0.03901522
     9.0000000        0.28086937        0.03459029
     9.1000000        0.31129777        0.03446548
     9.2000000        0.37745585        0.03030117
     9.3000000        0.44274510        0.02492848
     9.4000000        0.49690291        0.02321282
     9.5000000        0.55756911        0.03809506
     9.6000000        0.63172306        0.04392481
     9.7000000        0.68411173        0.04299693
     9.8000000        0.75736758        0.03928768
     9.9000000        0.86899384        0.03730073
    10.0000000        0.97629311        0.03064045
