          26           4   5.0000000000000000                1
     0.0000000        0.75772042        0.01336075
     0.1000000        0.36208898        0.01300694
     0.2000000        0.18581534        0.00966234
     0.3000000        0.10087645        0.00553145
     0.4000000        0.05779980        0.00199484
     0.5000000        0.03525203        0.00387845
     0.6000000        0.02216428        0.00330812
     0.7000000        0.01299351        0.00333882
     0.8000000        0.00541958        0.00360330
     0.9000000        0.00202509        0.00277846
     1.0000000        0.00066742        0.00403015
     1.1000000       -0.00058357        0.00321294
     1.2000000       -0.00152938        0.00272139
     1.3000000        0.00226693        0.00097426
     1.4000000        0.00547649        0.00238178
     1.5000000        0.00247902        0.00356397
     1.6000000       -0.00077917        0.00506184
     1.7000000        0.00222711        0.00532639
     1.8000000        0.00504558        0.00573232
     1.9000000        0.00223654        0.00619260
     2.0000000       -0.00128010        0.00503696
     2.1000000       -0.00165900        0.00467203
     2.2000000       -0.00227994        0.00264871
     2.3000000       -0.00332191        0.00352248
     2.4000000       -0.00349216        0.00657960
     2.5000000       -0.00382804        0.00855512
