          11           9   2.0000000000000000                1
     0.0000000        1.55924291        0.00511201
     0.1000000        0.90730682        0.00162124
     0.2000000        0.54949046        0.00241755
     0.3000000        0.35176948        0.00117919
     0.4000000        0.23611771        0.00169103
     0.5000000        0.16677884        0.00138745
     0.6000000        0.12551123        0.00181421
     0.7000000        0.09818507        0.00084697
     0.8000000        0.08389550        0.00075312
     0.9000000        0.07540785        0.00071131
     1.0000000        0.07132637        0.00123889
