   -2.094395     -2.094395
  1    1        0.34784268        0.00103460        0.00000000        0.00000000
   -2.094395     -1.047198
  1    1        0.27797052        0.00098188       -0.00000000        0.00000000
   -2.094395      0.000000
  1    1        0.24324657        0.00097074       -0.00000000        0.00000000
   -2.094395      1.047198
  1    1        0.27801206        0.00099319        0.00000000        0.00000000
   -2.094395      2.094395
  1    1        0.34782523        0.00108889        0.00000000        0.00000000
   -2.094395      3.141593
  1    1        0.38241781        0.00116118        0.00000000        0.00000000
   -1.047198     -2.094395
  1    1        0.27843882        0.00086567       -0.00000000        0.00000000
   -1.047198     -1.047198
  1    1        0.19104578        0.00068087       -0.00000000        0.00000000
   -1.047198      0.000000
  1    1        0.14122664        0.00061988        0.00000000        0.00000000
   -1.047198      1.047198
  1    1        0.19101605        0.00067603        0.00000000        0.00000000
   -1.047198      2.094395
  1    1        0.27833750        0.00092405        0.00000000        0.00000000
   -1.047198      3.141593
  1    1        0.31646081        0.00098027       -0.00000000        0.00000000
    0.000000     -2.094395
  1    1        0.24381486        0.00085118       -0.00000000        0.00000000
    0.000000     -1.047198
  1    1        0.14144903        0.00053813        0.00000000        0.00000000
    0.000000      0.000000
  1    1        0.06852187        0.00026430        0.00000000        0.00000000
    0.000000      1.047198
  1    1        0.14144903        0.00053813       -0.00000000        0.00000000
    0.000000      2.094395
  1    1        0.24381486        0.00085118        0.00000000        0.00000000
    0.000000      3.141593
  1    1        0.28666859        0.00096155       -0.00000000        0.00000000
    1.047198     -2.094395
  1    1        0.27833750        0.00092405       -0.00000000        0.00000000
    1.047198     -1.047198
  1    1        0.19101605        0.00067603       -0.00000000        0.00000000
    1.047198      0.000000
  1    1        0.14122664        0.00061988       -0.00000000        0.00000000
    1.047198      1.047198
  1    1        0.19104578        0.00068087        0.00000000        0.00000000
    1.047198      2.094395
  1    1        0.27843882        0.00086567        0.00000000        0.00000000
    1.047198      3.141593
  1    1        0.31646081        0.00098027       -0.00000000        0.00000000
    2.094395     -2.094395
  1    1        0.34782523        0.00108889       -0.00000000        0.00000000
    2.094395     -1.047198
  1    1        0.27801206        0.00099319       -0.00000000        0.00000000
    2.094395      0.000000
  1    1        0.24324657        0.00097074        0.00000000        0.00000000
    2.094395      1.047198
  1    1        0.27797052        0.00098188        0.00000000        0.00000000
    2.094395      2.094395
  1    1        0.34784268        0.00103460       -0.00000000        0.00000000
    2.094395      3.141593
  1    1        0.38241781        0.00116118       -0.00000000        0.00000000
    3.141593     -2.094395
  1    1        0.38222139        0.00117091        0.00000000        0.00000000
    3.141593     -1.047198
  1    1        0.31593845        0.00109637        0.00000000        0.00000000
    3.141593      0.000000
  1    1        0.28593415        0.00112368       -0.00000000        0.00000000
    3.141593      1.047198
  1    1        0.31593845        0.00109637       -0.00000000        0.00000000
    3.141593      2.094395
  1    1        0.38222139        0.00117091        0.00000000        0.00000000
    3.141593      3.141593
  1    1        0.41575156        0.00124499       -0.00000000        0.00000000
