          51           9   10.000000000000000                1
     0.0000000        1.14494480        0.20829796
     0.1000000        0.96979462        0.14788729
     0.2000000        0.99154659        0.12225533
     0.3000000        0.78202102        0.06552356
     0.4000000        0.80528768        0.08313024
     0.5000000        0.68803531        0.08675014
     0.6000000        0.35947904        0.23929267
     0.7000000        0.11203483        0.40213747
     0.8000000       -0.10278925        0.55570854
     0.9000000        0.04053391        0.31800986
     1.0000000        0.38198120        0.10522471
     1.1000000        0.31456741        0.07168067
     1.2000000        0.41497631        0.06460059
     1.3000000        0.42462322        0.11862928
     1.4000000        0.30386119        0.07764924
     1.5000000        0.26248223        0.11815814
     1.6000000       -0.00997427        0.25853749
     1.7000000        0.13075355        0.11937722
     1.8000000        0.30650963        0.09210671
     1.9000000        0.11699671        0.15892574
     2.0000000        0.07466335        0.30401592
     2.1000000        0.02714875        0.35236040
     2.2000000        0.32751015        0.17895445
     2.3000000        0.22474743        0.11768602
     2.4000000        0.08292649        0.19390305
     2.5000000       -0.05784022        0.18566351
     2.6000000       -0.19140077        0.34095405
     2.7000000       -0.15866368        0.24497331
     2.8000000       -0.20228583        0.67092786
     2.9000000       -0.23443311        0.61990541
     3.0000000       -0.10416496        0.45004107
     3.1000000       -0.06734470        0.17075978
     3.2000000        0.07675569        0.19206164
     3.3000000       -0.15104551        0.25101042
     3.4000000       -0.19371579        0.22795272
     3.5000000       -0.12369418        0.24008268
     3.6000000       -0.22271108        0.22273371
     3.7000000       -0.22512881        0.20894781
     3.8000000       -0.42030173        0.33637385
     3.9000000       -0.11983627        0.15062375
     4.0000000       -0.46126685        0.31431742
     4.1000000       -0.90678955        0.68960274
     4.2000000       -0.50645438        0.43865054
     4.3000000       -0.43167129        0.39776500
     4.4000000       -0.59703752        0.59721688
     4.5000000       -0.32328887        0.24398964
     4.6000000       -0.27874528        0.17724082
     4.7000000       -0.19726424        0.15544217
     4.8000000       -0.49944932        0.30977505
     4.9000000       -0.25432210        0.22883630
     5.0000000       -0.16189048        0.24609498
