          41           9   8.0000000000000000                1
     0.0000000        0.87568242        0.01964769
     0.1000000        0.70879343        0.01902275
     0.2000000        0.59282540        0.01848656
     0.3000000        0.50895676        0.01862328
     0.4000000        0.44503946        0.01906890
     0.5000000        0.39503662        0.01987034
     0.6000000        0.35319275        0.01908157
     0.7000000        0.31806371        0.01713824
     0.8000000        0.28838716        0.01519745
     0.9000000        0.26173094        0.01359295
     1.0000000        0.23862675        0.01248683
     1.1000000        0.21949761        0.01178381
     1.2000000        0.20281945        0.01137306
     1.3000000        0.18684776        0.01110970
     1.4000000        0.17278470        0.01096863
     1.5000000        0.15994666        0.01032861
     1.6000000        0.14799897        0.00934200
     1.7000000        0.13833532        0.00837859
     1.8000000        0.12992265        0.00765001
     1.9000000        0.12154378        0.00741214
     2.0000000        0.11346848        0.00710866
     2.1000000        0.10729883        0.00680568
     2.2000000        0.10330602        0.00672618
     2.3000000        0.09928425        0.00668364
     2.4000000        0.09381000        0.00639587
     2.5000000        0.08854241        0.00581673
     2.6000000        0.08437487        0.00568248
     2.7000000        0.08007452        0.00581134
     2.8000000        0.07540621        0.00583993
     2.9000000        0.07077200        0.00601003
     3.0000000        0.06783220        0.00637985
     3.1000000        0.06634811        0.00685903
     3.2000000        0.06485834        0.00748811
     3.3000000        0.06358034        0.00807364
     3.4000000        0.06259604        0.00880188
     3.5000000        0.06145129        0.00963554
     3.6000000        0.06008299        0.01033288
     3.7000000        0.05850165        0.01107385
     3.8000000        0.05672557        0.01163832
     3.9000000        0.05551888        0.01173893
     4.0000000        0.05500411        0.01159660
