   -1.000000     -1.000000
  1    1        0.00029179        0.00049062        0.00000000        0.00000000
   -1.000000      0.000000
  1    1        0.32914811        0.00111699       -0.00000000        0.00000000
   -1.000000      1.000000
  1    1        0.00086003        0.00037364        0.00000000        0.00000000
   -1.000000      2.000000
  1    1       -0.09680249        0.00173481       -0.00000000        0.00000000
    0.000000     -1.000000
  1    1        0.33113155        0.00200029       -0.00000000        0.00000000
    0.000000      0.000000
  1    1        1.00000000        0.00000000        0.00000000        0.00000000
    0.000000      1.000000
  1    1        0.33113155        0.00200029        0.00000000        0.00000000
    0.000000      2.000000
  1    1       -0.00000000        0.00000000       -0.00000000        0.00000000
    1.000000     -1.000000
  1    1       -0.00086003        0.00037364        0.00000000        0.00000000
    1.000000      0.000000
  1    1        0.32914811        0.00111699       -0.00000000        0.00000000
    1.000000      1.000000
  1    1       -0.00029179        0.00049062        0.00000000        0.00000000
    1.000000      2.000000
  1    1       -0.09680249        0.00173481       -0.00000000        0.00000000
    2.000000     -1.000000
  1    1       -0.09496905        0.00097535       -0.00000000        0.00000000
    2.000000      0.000000
  1    1        0.00000000        0.00000000       -0.00000000        0.00000000
    2.000000      1.000000
  1    1       -0.09496905        0.00097535       -0.00000000        0.00000000
    2.000000      2.000000
  1    1       -0.00000000        0.00000000       -0.00000000        0.00000000
