          11           4   2.0000000000000000                1
     0.0000000        1.00711478        0.16372614
     0.1000000        0.92092896        0.19523232
     0.2000000        0.92414419        0.17250539
     0.3000000        0.67384920        0.15170653
     0.4000000        0.78219699        0.10208380
     0.5000000        0.74033600        0.02860834
     0.6000000        0.67985354        0.14330069
     0.7000000        0.56370719        0.12487671
     0.8000000        0.80803828        0.21945520
     0.9000000        1.10351060        0.70722072
     1.0000000        0.78053884        0.37449425
