          61           9   6.0000000000000000                1
     0.0000000        0.17185637        0.00581860
     0.1000000        0.12821803        0.00334167
     0.2000000        0.10166270        0.00506282
     0.3000000        0.07745295        0.00598632
     0.4000000        0.05902792        0.00548066
     0.5000000        0.04556266        0.00528344
     0.6000000        0.03189140        0.00444964
     0.7000000        0.02522091        0.00547013
     0.8000000        0.02564467        0.00488058
     0.9000000        0.02580607        0.00472285
     1.0000000        0.02928276        0.00563617
     1.1000000        0.02443420        0.00485135
     1.2000000        0.01710865        0.00446090
     1.3000000        0.01435083        0.00320261
     1.4000000        0.01029390        0.00214369
     1.5000000        0.00471454        0.00281854
     1.6000000        0.00728553        0.00458743
     1.7000000        0.00946809        0.00581658
     1.8000000        0.01235197        0.00529368
     1.9000000        0.01423207        0.00482620
     2.0000000        0.01486759        0.00647107
     2.1000000        0.01249924        0.00661189
     2.2000000        0.01256387        0.00593331
     2.3000000        0.01109034        0.00300368
     2.4000000        0.01013421        0.00226876
     2.5000000        0.01185294        0.00408081
     2.6000000        0.01359400        0.00624032
     2.7000000        0.01598978        0.00641875
     2.8000000        0.01448485        0.00734583
     2.9000000        0.01704647        0.00692942
     3.0000000        0.01645746        0.00602634
     3.1000000        0.01762886        0.00476898
     3.2000000        0.02305803        0.00433046
     3.3000000        0.02148292        0.00650770
     3.4000000        0.03142342        0.00350507
     3.5000000        0.03750937        0.00414205
     3.6000000        0.04447748        0.00382063
     3.7000000        0.05098117        0.00406143
     3.8000000        0.05855462        0.00366881
     3.9000000        0.06367818        0.00509017
     4.0000000        0.06513798        0.00333122
     4.1000000        0.07707795        0.00440196
     4.2000000        0.08990173        0.00397589
     4.3000000        0.10130402        0.00355431
     4.4000000        0.11410947        0.00347198
     4.5000000        0.13157462        0.00303886
     4.6000000        0.15084519        0.00468016
     4.7000000        0.17783367        0.00513877
     4.8000000        0.20849807        0.00633477
     4.9000000        0.25261052        0.00553305
     5.0000000        0.29931451        0.00684710
     5.1000000        0.35693752        0.00583660
     5.2000000        0.41758436        0.00758301
     5.3000000        0.49671760        0.00688230
     5.4000000        0.58947665        0.00547097
     5.5000000        0.70487560        0.00631296
     5.6000000        0.83915897        0.00441034
     5.7000000        1.01253829        0.00425624
     5.8000000        1.22619723        0.00317656
     5.9000000        1.49421216        0.00490369
     6.0000000        1.82814363        0.00581860
