          21           4   2.0000000000000000                1
     0.0000000        0.22037665        0.01165969
     0.1000000        0.18773994        0.00884137
     0.2000000        0.16694693        0.00808861
     0.3000000        0.16068883        0.00709083
     0.4000000        0.16206317        0.00806932
     0.5000000        0.17460871        0.00629978
     0.6000000        0.17669367        0.00407568
     0.7000000        0.19021577        0.01073781
     0.8000000        0.20397120        0.00726354
     0.9000000        0.22912894        0.00951251
     1.0000000        0.26421585        0.00699735
     1.1000000        0.30350343        0.00593646
     1.2000000        0.35446702        0.01036507
     1.3000000        0.42073457        0.00965312
     1.4000000        0.49681091        0.00749924
     1.5000000        0.59776068        0.00802712
     1.6000000        0.72949292        0.00664180
     1.7000000        0.89393904        0.00750783
     1.8000000        1.11043569        0.00976238
     1.9000000        1.39513314        0.00661565
     2.0000000        1.77962335        0.01165969
