 0.10000000000000000E+001          1         16
( 0.00000000000000000E+000,-0.96998089956954002E-016)
-0.15707963267948966E+001 -0.15707963267948966E+001
( 0.75171046649426576E+000,-0.10368416477863873E-014)
-0.15707963267948966E+001  0.00000000000000000E+000
( 0.63724098895587677E+000,-0.10068073957908376E-014)
-0.15707963267948966E+001  0.15707963267948966E+001
( 0.76089092659857482E+000,-0.10599160438218291E-014)
-0.15707963267948966E+001  0.31415926535897931E+001
( 0.96954221311219724E+000,-0.10255195507023349E-014)
 0.00000000000000000E+000 -0.15707963267948966E+001
( 0.83189342141037925E+000, 0.49426750040587223E-017)
 0.00000000000000000E+000  0.00000000000000000E+000
( 0.39930011494562034E+000, 0.00000000000000000E+000)
 0.00000000000000000E+000  0.15707963267948966E+001
( 0.83189342141037925E+000,-0.49426750040587223E-017)
 0.00000000000000000E+000  0.31415926535897931E+001
( 0.11128755737678508E+001,-0.92835057296262556E-017)
 0.15707963267948966E+001 -0.15707963267948966E+001
( 0.76089092659857482E+000, 0.10599160438218291E-014)
 0.15707963267948966E+001  0.00000000000000000E+000
( 0.63724098895587677E+000, 0.10068073957908376E-014)
 0.15707963267948966E+001  0.15707963267948966E+001
( 0.75171046649426576E+000, 0.10368416477863873E-014)
 0.15707963267948966E+001  0.31415926535897931E+001
( 0.96954221311219724E+000, 0.10335044263017291E-014)
 0.31415926535897931E+001 -0.15707963267948966E+001
( 0.11550901990355544E+001, 0.48833752751222301E-016)
 0.31415926535897931E+001  0.00000000000000000E+000
( 0.11366723649188182E+001, 0.16011675311189641E-016)
 0.31415926535897931E+001  0.15707963267948966E+001
( 0.11550901990355544E+001, 0.42539332235687120E-017)
 0.31415926535897931E+001  0.31415926535897931E+001
( 0.12526769759716581E+001, 0.30961340740839233E-016)
 0.10000000000000000E+001          1         16
( 0.00000000000000000E+000,-0.10681435918099589E-016)
-0.15707963267948966E+001 -0.15707963267948966E+001
( 0.77210455860415639E+000, 0.28520763001826693E-014)
-0.15707963267948966E+001  0.00000000000000000E+000
( 0.63387665421873596E+000, 0.28744099461577032E-014)
-0.15707963267948966E+001  0.15707963267948966E+001
( 0.78019165101927923E+000, 0.28336707980081144E-014)
-0.15707963267948966E+001  0.31415926535897931E+001
( 0.99957759893259213E+000, 0.28531444530756926E-014)
 0.00000000000000000E+000 -0.15707963267948966E+001
( 0.83412103941095772E+000,-0.57333041353238040E-017)
 0.00000000000000000E+000  0.00000000000000000E+000
( 0.40710169549413516E+000, 0.00000000000000000E+000)
 0.00000000000000000E+000  0.15707963267948966E+001
( 0.83412103941095772E+000, 0.57333041353238040E-017)
 0.00000000000000000E+000  0.31415926535897931E+001
( 0.11218538625846064E+001,-0.85288395896249730E-017)
 0.15707963267948966E+001 -0.15707963267948966E+001
( 0.78019165101927923E+000,-0.28336707980081144E-014)
 0.15707963267948966E+001  0.00000000000000000E+000
( 0.63387665421873596E+000,-0.28744099461577032E-014)
 0.15707963267948966E+001  0.15707963267948966E+001
( 0.77210455860415639E+000,-0.28520763001826693E-014)
 0.15707963267948966E+001  0.31415926535897931E+001
( 0.99957759893259213E+000,-0.28475584712941657E-014)
 0.31415926535897931E+001 -0.15707963267948966E+001
( 0.11522040041737651E+001, 0.49968752772732386E-016)
 0.31415926535897931E+001  0.00000000000000000E+000
( 0.11430763528777548E+001, 0.17293527688035085E-016)
 0.31415926535897931E+001  0.15707963267948966E+001
( 0.11522040041737651E+001, 0.11995741978040990E-016)
 0.31415926535897931E+001  0.31415926535897931E+001
( 0.12804822522753179E+001, 0.31983580823464967E-016)
 0.10000000000000000E+001          1         16
( 0.00000000000000000E+000, 0.17318369922090690E-016)
-0.15707963267948966E+001 -0.15707963267948966E+001
( 0.78715123711871582E+000, 0.37666069393505036E-014)
-0.15707963267948966E+001  0.00000000000000000E+000
( 0.63419587532319832E+000, 0.37655322068123691E-014)
-0.15707963267948966E+001  0.15707963267948966E+001
( 0.77432427170441442E+000, 0.38389430523366741E-014)
-0.15707963267948966E+001  0.31415926535897931E+001
( 0.10000534780199948E+001, 0.37872159973932935E-014)
 0.00000000000000000E+000 -0.15707963267948966E+001
( 0.82848964225681343E+000,-0.37557691235929054E-016)
 0.00000000000000000E+000  0.00000000000000000E+000
( 0.38834371207282875E+000, 0.00000000000000000E+000)
 0.00000000000000000E+000  0.15707963267948966E+001
( 0.82848964225681343E+000, 0.37557691235929054E-016)
 0.00000000000000000E+000  0.31415926535897931E+001
( 0.11498014218299284E+001,-0.72764931087497976E-017)
 0.15707963267948966E+001 -0.15707963267948966E+001
( 0.77432427170441442E+000,-0.38389430523366741E-014)
 0.15707963267948966E+001  0.00000000000000000E+000
( 0.63419587532319832E+000,-0.37655322068123691E-014)
 0.15707963267948966E+001  0.15707963267948966E+001
( 0.78715123711871582E+000,-0.37666069393505036E-014)
 0.15707963267948966E+001  0.31415926535897931E+001
( 0.10000534780199948E+001,-0.37827020044316290E-014)
 0.31415926535897931E+001 -0.15707963267948966E+001
( 0.11625842612294455E+001, 0.45979451923697179E-017)
 0.31415926535897931E+001  0.00000000000000000E+000
( 0.11453051838095447E+001, 0.16242315693209754E-016)
 0.31415926535897931E+001  0.15707963267948966E+001
( 0.11625842612294457E+001, 0.45018858144691680E-016)
 0.31415926535897931E+001  0.31415926535897931E+001
( 0.12968069793091801E+001, 0.34501061038499871E-016)
 0.10000000000000000E+001          1         16
( 0.00000000000000000E+000,-0.27715660417918685E-015)
-0.15707963267948966E+001 -0.15707963267948966E+001
( 0.77027264015653296E+000, 0.83653159646140024E-015)
-0.15707963267948966E+001  0.00000000000000000E+000
( 0.64745129905477539E+000, 0.80061621927243100E-015)
-0.15707963267948966E+001  0.15707963267948966E+001
( 0.70501521549097745E+000, 0.74246164771807344E-015)
-0.15707963267948966E+001  0.31415926535897931E+001
( 0.97385103438112164E+000, 0.85306949296686984E-015)
 0.00000000000000000E+000 -0.15707963267948966E+001
( 0.83422617930637577E+000, 0.24956049881374094E-016)
 0.00000000000000000E+000  0.00000000000000000E+000
( 0.40523411150975414E+000, 0.00000000000000000E+000)
 0.00000000000000000E+000  0.15707963267948966E+001
( 0.83422617930637577E+000,-0.24956049881374094E-016)
 0.00000000000000000E+000  0.31415926535897931E+001
( 0.11057154348152747E+001,-0.96442657462432900E-017)
 0.15707963267948966E+001 -0.15707963267948966E+001
( 0.70501521549097745E+000,-0.74246164771807344E-015)
 0.15707963267948966E+001  0.00000000000000000E+000
( 0.64745129905477539E+000,-0.80061621927243100E-015)
 0.15707963267948966E+001  0.15707963267948966E+001
( 0.77027264015653296E+000,-0.83653159646140024E-015)
 0.15707963267948966E+001  0.31415926535897931E+001
( 0.97385103438112164E+000,-0.84187139002985055E-015)
 0.31415926535897931E+001 -0.15707963267948966E+001
( 0.11655254362419425E+001, 0.58310676965512649E-016)
 0.31415926535897931E+001  0.00000000000000000E+000
( 0.11459902524017904E+001, 0.15695181502060377E-016)
 0.31415926535897931E+001  0.15707963267948966E+001
( 0.11655254362419425E+001, 0.14596832988572274E-017)
 0.31415926535897931E+001  0.31415926535897931E+001
( 0.12688345892142261E+001, 0.31266575264508569E-016)
 0.10000000000000000E+001          1         16
( 0.00000000000000000E+000,-0.32296849972104259E-015)
-0.15707963267948966E+001 -0.15707963267948966E+001
( 0.66362033604158632E+000,-0.53616774494768618E-014)
-0.15707963267948966E+001  0.00000000000000000E+000
( 0.62555782634444901E+000,-0.53828963942622279E-014)
-0.15707963267948966E+001  0.15707963267948966E+001
( 0.74656614088928130E+000,-0.52943760486812153E-014)
-0.15707963267948966E+001  0.31415926535897931E+001
( 0.78612177725886934E+000,-0.52898729689674895E-014)
 0.00000000000000000E+000 -0.15707963267948966E+001
( 0.81497477690866915E+000,-0.42677132545156213E-016)
 0.00000000000000000E+000  0.00000000000000000E+000
( 0.37101481908392242E+000, 0.00000000000000000E+000)
 0.00000000000000000E+000  0.15707963267948966E+001
( 0.81497477690866915E+000, 0.42677132545156213E-016)
 0.00000000000000000E+000  0.31415926535897931E+001
( 0.11160275111146185E+001,-0.87505436989897590E-017)
 0.15707963267948966E+001 -0.15707963267948966E+001
( 0.74656614088928130E+000, 0.52943760486812153E-014)
 0.15707963267948966E+001  0.00000000000000000E+000
( 0.62555782634444901E+000, 0.53828963942622279E-014)
 0.15707963267948966E+001  0.15707963267948966E+001
( 0.66362033604158632E+000, 0.53616774494768618E-014)
 0.15707963267948966E+001  0.31415926535897931E+001
( 0.78612177725886934E+000, 0.52940480454543410E-014)
 0.31415926535897931E+001 -0.15707963267948966E+001
( 0.11269898717085960E+001,-0.19772912590008843E-016)
 0.31415926535897931E+001  0.00000000000000000E+000
( 0.99180646654795879E+000, 0.68399972915183449E-017)
 0.31415926535897931E+001  0.15707963267948966E+001
( 0.11269898717085960E+001, 0.65581352500303577E-016)
 0.31415926535897931E+001  0.31415926535897931E+001
( 0.12716984069835964E+001, 0.50517139321298894E-016)
