   -2.513274     -2.513274        1.04159935        0.02842967       -0.04364949        0.02910926
   -2.513274     -1.884956        0.92310696        0.01533725       -0.04588463        0.03863981
   -2.513274     -1.256637        0.77806044        0.02200911       -0.00808257        0.01189038
   -2.513274     -0.628319        0.71961984        0.00570169       -0.00480797        0.00619829
   -2.513274      0.000000        0.68769273        0.01362576       -0.00258353        0.00315923
   -2.513274      0.628319        0.71413897        0.01732321        0.00501948        0.00639666
   -2.513274      1.256637        0.78833501        0.03228473        0.02350034        0.02247144
   -2.513274      1.884956        0.90524811        0.01995797       -0.01130030        0.01337346
   -2.513274      2.513274        1.04281338        0.02999439       -0.03180348        0.05236505
   -2.513274      3.141593        1.17430565        0.02274673       -0.01177596        0.03585196
   -1.884956     -2.513274        1.01015584        0.03601252       -0.04860927        0.03748420
   -1.884956     -1.884956        0.90305242        0.01883325       -0.00912247        0.00756305
   -1.884956     -1.256637        0.77341237        0.02786739       -0.01007570        0.01783361
   -1.884956     -0.628319        0.71343380        0.00803165       -0.01056973        0.00820145
   -1.884956      0.000000        0.68692710        0.01235239       -0.00450630        0.00306563
   -1.884956      0.628319        0.70441043        0.01313499       -0.01123050        0.00818090
   -1.884956      1.256637        0.77912351        0.01323979       -0.00142071        0.01563555
   -1.884956      1.884956        0.85985065        0.01181855       -0.02423168        0.02128442
   -1.884956      2.513274        0.95974544        0.02562654       -0.04192210        0.03028603
   -1.884956      3.141593        1.04804919        0.05322732       -0.06351731        0.00849282
   -1.256637     -2.513274        0.93737262        0.00811353       -0.05459428        0.04156910
   -1.256637     -1.884956        0.87954965        0.04803309       -0.04048358        0.05506237
   -1.256637     -1.256637        0.76277337        0.01576770       -0.01103984        0.00402507
   -1.256637     -0.628319        0.71490746        0.01218951       -0.01186375        0.00618660
   -1.256637      0.000000        0.67264330        0.01474079       -0.00003539        0.00652525
   -1.256637      0.628319        0.68721763        0.01588818       -0.00650025        0.00831467
   -1.256637      1.256637        0.79636618        0.02674274       -0.01582858        0.01009110
   -1.256637      1.884956        0.90857049        0.07861577       -0.03835502        0.01412959
   -1.256637      2.513274        0.87526427        0.03921266       -0.03186259        0.03316296
   -1.256637      3.141593        0.94712972        0.02394461       -0.04695516        0.02330027
   -0.628319     -2.513274        0.87530563        0.04348238       -0.01404877        0.03680975
   -0.628319     -1.884956        0.84533431        0.03003966        0.02822376        0.01988439
   -0.628319     -1.256637        0.75701795        0.01574794       -0.02230617        0.02073707
   -0.628319     -0.628319        0.72731736        0.01374618       -0.00148276        0.02549487
   -0.628319      0.000000        0.66974988        0.01527845        0.00513604        0.00349477
   -0.628319      0.628319        0.68732170        0.01949904       -0.03271868        0.01547769
   -0.628319      1.256637        0.77727202        0.04183385       -0.03779821        0.06143634
   -0.628319      1.884956        0.86434092        0.05383601       -0.01365194        0.00462572
   -0.628319      2.513274        0.86596639        0.03423021        0.00004850        0.00373118
   -0.628319      3.141593        0.94151962        0.04068348       -0.02801119        0.02078304
    0.000000     -2.513274        0.90555460        0.08008670       -0.01156127        0.02247011
    0.000000     -1.884956        0.81615839        0.02162387        0.04180823        0.01546600
    0.000000     -1.256637        0.76447534        0.01633911        0.03201353        0.05289754
    0.000000     -0.628319        0.68817653        0.03335514        0.03760855        0.02055160
    0.000000      0.000000        0.68586659        0.03902356        0.00000000        0.00000000
    0.000000      0.628319        0.68817653        0.03335514       -0.03760855        0.02055160
    0.000000      1.256637        0.76447534        0.01633911       -0.03201353        0.05289754
    0.000000      1.884956        0.81615839        0.02162387       -0.04180823        0.01546600
    0.000000      2.513274        0.90555460        0.08008670        0.01156127        0.02247011
    0.000000      3.141593        0.91795464        0.03974403        0.00000000        0.00000000
    0.628319     -2.513274        0.86596639        0.03423021       -0.00004850        0.00373118
    0.628319     -1.884956        0.86434092        0.05383601        0.01365194        0.00462572
    0.628319     -1.256637        0.77727202        0.04183385        0.03779821        0.06143634
    0.628319     -0.628319        0.68732170        0.01949904        0.03271868        0.01547769
    0.628319      0.000000        0.66974988        0.01527845       -0.00513604        0.00349477
    0.628319      0.628319        0.72731736        0.01374618        0.00148276        0.02549487
    0.628319      1.256637        0.75701795        0.01574794        0.02230617        0.02073707
    0.628319      1.884956        0.84533431        0.03003966       -0.02822376        0.01988439
    0.628319      2.513274        0.87530563        0.04348238        0.01404877        0.03680975
    0.628319      3.141593        0.94151962        0.04068348        0.02801119        0.02078304
    1.256637     -2.513274        0.87526427        0.03921266        0.03186259        0.03316296
    1.256637     -1.884956        0.90857049        0.07861577        0.03835502        0.01412959
    1.256637     -1.256637        0.79636618        0.02674274        0.01582858        0.01009110
    1.256637     -0.628319        0.68721763        0.01588818        0.00650025        0.00831467
    1.256637      0.000000        0.67264330        0.01474079        0.00003539        0.00652525
    1.256637      0.628319        0.71490746        0.01218951        0.01186375        0.00618660
    1.256637      1.256637        0.76277337        0.01576770        0.01103984        0.00402507
    1.256637      1.884956        0.87954965        0.04803309        0.04048358        0.05506237
    1.256637      2.513274        0.93737262        0.00811353        0.05459428        0.04156910
    1.256637      3.141593        0.94712972        0.02394461        0.04695516        0.02330027
    1.884956     -2.513274        0.95974544        0.02562654        0.04192210        0.03028603
    1.884956     -1.884956        0.85985065        0.01181855        0.02423168        0.02128442
    1.884956     -1.256637        0.77912351        0.01323979        0.00142071        0.01563555
    1.884956     -0.628319        0.70441043        0.01313499        0.01123050        0.00818090
    1.884956      0.000000        0.68692710        0.01235239        0.00450630        0.00306563
    1.884956      0.628319        0.71343380        0.00803165        0.01056973        0.00820145
    1.884956      1.256637        0.77341237        0.02786739        0.01007570        0.01783361
    1.884956      1.884956        0.90305242        0.01883325        0.00912247        0.00756305
    1.884956      2.513274        1.01015584        0.03601252        0.04860927        0.03748420
    1.884956      3.141593        1.04804919        0.05322732        0.06351731        0.00849282
    2.513274     -2.513274        1.04281338        0.02999439        0.03180348        0.05236505
    2.513274     -1.884956        0.90524811        0.01995797        0.01130030        0.01337346
    2.513274     -1.256637        0.78833501        0.03228473       -0.02350034        0.02247144
    2.513274     -0.628319        0.71413897        0.01732321       -0.00501948        0.00639666
    2.513274      0.000000        0.68769273        0.01362576        0.00258353        0.00315923
    2.513274      0.628319        0.71961984        0.00570169        0.00480797        0.00619829
    2.513274      1.256637        0.77806044        0.02200911        0.00808257        0.01189038
    2.513274      1.884956        0.92310696        0.01533725        0.04588463        0.03863981
    2.513274      2.513274        1.04159935        0.02842967        0.04364949        0.02910926
    2.513274      3.141593        1.17430565        0.02274673        0.01177596        0.03585196
    3.141593     -2.513274        1.12718729        0.05624625        0.04749277        0.04048282
    3.141593     -1.884956        0.91007395        0.02797504       -0.02774689        0.02881647
    3.141593     -1.256637        0.78291446        0.01827160        0.00743182        0.00910581
    3.141593     -0.628319        0.70981347        0.01134550       -0.00057232        0.00591240
    3.141593      0.000000        0.68546646        0.01491191       -0.00000000        0.00000000
    3.141593      0.628319        0.70981347        0.01134550        0.00057232        0.00591240
    3.141593      1.256637        0.78291446        0.01827160       -0.00743182        0.00910581
    3.141593      1.884956        0.91007395        0.02797504        0.02774689        0.02881647
    3.141593      2.513274        1.12718729        0.05624625       -0.04749277        0.04048282
    3.141593      3.141593        1.26565641        0.12319463       -0.00000000        0.00000000
