   -2.513274     -2.513274        5.47751115        2.59608577       -0.51151809        1.38884538
   -2.513274     -1.884956        0.55894964        1.27345334        0.79818435        0.46072844
   -2.513274     -1.256637        1.36716335        0.59690423       -0.14782313        0.36813122
   -2.513274     -0.628319        0.34126925        0.41460639       -0.23259571        0.21063836
   -2.513274      0.000000        1.94093505        1.05602440       -1.07991304        1.19991662
   -2.513274      0.628319        0.99988201        0.47420717       -0.89969333        1.22468885
   -2.513274      1.256637        0.58484669        0.49156531        0.45659276        0.61858989
   -2.513274      1.884956        2.17926256        0.43186588       -0.96348243        0.75048625
   -2.513274      2.513274        2.08789647        1.06008806       -2.24661844        3.02164181
   -2.513274      3.141593        4.07042124        0.83094216        1.27308395        1.74932541
   -1.884956     -2.513274        2.09440672        1.53446457        0.75945280        0.98197565
   -1.884956     -1.884956        2.10660389        1.03478823       -0.46705537        0.52418861
   -1.884956     -1.256637        1.14119377        0.45566762        0.35119200        1.06803032
   -1.884956     -0.628319       -0.19628926        1.21842297       -1.91602127        2.16720280
   -1.884956      0.000000        0.35471221        0.18045175        0.34077569        0.41800967
   -1.884956      0.628319        2.86842510        2.55976299       -2.10276931        1.89303107
   -1.884956      1.256637        0.50551761        0.69285779        0.37142534        0.29756099
   -1.884956      1.884956        0.59116196        0.82486728        1.39251431        1.84119889
   -1.884956      2.513274        1.30115918        0.32243336       -2.22343378        2.49857363
   -1.884956      3.141593        1.08462022        0.52708154        0.01397288        0.41149264
   -1.256637     -2.513274        1.02955819        0.15013753        0.19171836        0.80338187
   -1.256637     -1.884956        1.40223530        0.49905846        0.60571468        0.60506325
   -1.256637     -1.256637        0.62631937        0.26328706        0.18187323        0.66716323
   -1.256637     -0.628319        0.75351085        0.13788925       -0.22299781        0.59810540
   -1.256637      0.000000       -0.13118182        1.13516499       -1.97065329        1.95001887
   -1.256637      0.628319        2.28119539        1.76470402        1.45013652        1.15997353
   -1.256637      1.256637        2.04294785        1.22675336       -0.55093174        0.77576362
   -1.256637      1.884956       -0.14547689        1.31258656        1.15722131        1.15550418
   -1.256637      2.513274        0.95784421        0.10600461       -0.37910296        0.43944184
   -1.256637      3.141593        0.42654675        0.53934429       -1.46470892        1.45752699
   -0.628319     -2.513274        0.99181917        0.52878166       -0.10345826        0.14519087
   -0.628319     -1.884956        0.91552382        1.12126002       -0.79128086        0.46356885
   -0.628319     -1.256637        1.06939859        0.38844532        0.50951241        0.49513793
   -0.628319     -0.628319        1.98031617        1.28755072        1.13181305        0.83938183
   -0.628319      0.000000        0.11121983        0.48258369       -1.07242800        1.23488775
   -0.628319      0.628319        0.20158692        0.51512322       -0.81279627        0.59136196
   -0.628319      1.256637        3.56305326        2.92885796        1.48742495        1.51929004
   -0.628319      1.884956        0.60599896        0.67875621       -0.02734597        0.20093929
   -0.628319      2.513274        0.74851010        0.11529967        1.16066729        1.68768830
   -0.628319      3.141593        0.36999361        0.42335428       -0.07403868        0.17407180
    0.000000     -2.513274       -0.49461456        1.56443652       -0.73290579        1.00523642
    0.000000     -1.884956        1.94848183        1.43505658       -0.12930678        0.50541727
    0.000000     -1.256637        0.51769802        0.84431137       -0.18429218        0.99286039
    0.000000     -0.628319        0.30966189        0.55339970        1.15727773        1.91962585
    0.000000      0.000000        2.17419932        1.13496520        0.00000000        0.00000000
    0.000000      0.628319        0.30966189        0.55339970       -1.15727773        1.91962585
    0.000000      1.256637        0.51769802        0.84431137        0.18429218        0.99286039
    0.000000      1.884956        1.94848183        1.43505658        0.12930678        0.50541727
    0.000000      2.513274       -0.49461456        1.56443652        0.73290579        1.00523642
    0.000000      3.141593        0.71544628        0.56255970        0.00000000        0.00000000
    0.628319     -2.513274        0.74851010        0.11529967       -1.16066729        1.68768830
    0.628319     -1.884956        0.60599896        0.67875621        0.02734597        0.20093929
    0.628319     -1.256637        3.56305326        2.92885796       -1.48742495        1.51929004
    0.628319     -0.628319        0.20158692        0.51512322        0.81279627        0.59136196
    0.628319      0.000000        0.11121983        0.48258369        1.07242800        1.23488775
    0.628319      0.628319        1.98031617        1.28755072       -1.13181305        0.83938183
    0.628319      1.256637        1.06939859        0.38844532       -0.50951241        0.49513793
    0.628319      1.884956        0.91552382        1.12126002        0.79128086        0.46356885
    0.628319      2.513274        0.99181917        0.52878166        0.10345826        0.14519087
    0.628319      3.141593        0.36999361        0.42335428        0.07403868        0.17407180
    1.256637     -2.513274        0.95784421        0.10600461        0.37910296        0.43944184
    1.256637     -1.884956       -0.14547689        1.31258656       -1.15722131        1.15550418
    1.256637     -1.256637        2.04294785        1.22675336        0.55093174        0.77576362
    1.256637     -0.628319        2.28119539        1.76470402       -1.45013652        1.15997353
    1.256637      0.000000       -0.13118182        1.13516499        1.97065329        1.95001887
    1.256637      0.628319        0.75351085        0.13788925        0.22299781        0.59810540
    1.256637      1.256637        0.62631937        0.26328706       -0.18187323        0.66716323
    1.256637      1.884956        1.40223530        0.49905846       -0.60571468        0.60506325
    1.256637      2.513274        1.02955819        0.15013753       -0.19171836        0.80338187
    1.256637      3.141593        0.42654675        0.53934429        1.46470892        1.45752699
    1.884956     -2.513274        1.30115918        0.32243336        2.22343378        2.49857363
    1.884956     -1.884956        0.59116196        0.82486728       -1.39251431        1.84119889
    1.884956     -1.256637        0.50551761        0.69285779       -0.37142534        0.29756099
    1.884956     -0.628319        2.86842510        2.55976299        2.10276931        1.89303107
    1.884956      0.000000        0.35471221        0.18045175       -0.34077569        0.41800967
    1.884956      0.628319       -0.19628926        1.21842297        1.91602127        2.16720280
    1.884956      1.256637        1.14119377        0.45566762       -0.35119200        1.06803032
    1.884956      1.884956        2.10660389        1.03478823        0.46705537        0.52418861
    1.884956      2.513274        2.09440672        1.53446457       -0.75945280        0.98197565
    1.884956      3.141593        1.08462022        0.52708154       -0.01397288        0.41149264
    2.513274     -2.513274        2.08789647        1.06008806        2.24661844        3.02164181
    2.513274     -1.884956        2.17926256        0.43186588        0.96348243        0.75048625
    2.513274     -1.256637        0.58484669        0.49156531       -0.45659276        0.61858989
    2.513274     -0.628319        0.99988201        0.47420717        0.89969333        1.22468885
    2.513274      0.000000        1.94093505        1.05602440        1.07991304        1.19991662
    2.513274      0.628319        0.34126925        0.41460639        0.23259571        0.21063836
    2.513274      1.256637        1.36716335        0.59690423        0.14782313        0.36813122
    2.513274      1.884956        0.55894964        1.27345334       -0.79818435        0.46072844
    2.513274      2.513274        5.47751115        2.59608577        0.51151809        1.38884538
    2.513274      3.141593        4.07042124        0.83094216       -1.27308395        1.74932541
    3.141593     -2.513274        3.53212793        0.43476414        0.17859880        0.62580241
    3.141593     -1.884956        1.53049576        0.41816879        1.19246516        1.06786946
    3.141593     -1.256637        1.62912846        1.12885402       -1.04708813        0.98267732
    3.141593     -0.628319        0.84551603        0.25048155       -0.81491857        1.18178593
    3.141593      0.000000        1.53153723        1.00273464        0.00000000        0.00000000
    3.141593      0.628319        0.84551603        0.25048155        0.81491857        1.18178593
    3.141593      1.256637        1.62912846        1.12885402        1.04708813        0.98267732
    3.141593      1.884956        1.53049576        0.41816879       -1.19246516        1.06786946
    3.141593      2.513274        3.53212793        0.43476414       -0.17859880        0.62580241
    3.141593      3.141593       35.38175130       12.41021929        0.00000000        0.00000000
