 0.10000000000000000E+001          1        100
( 0.00000000000000000E+000, 0.00000000000000000E+000)
-0.25132741228718340E+001 -0.25132741228718340E+001
( 0.11519021326098202E+001, 0.87401795265955725E-017)
-0.25132741228718340E+001 -0.18849555921538754E+001
( 0.97526833098456711E+000, 0.84515941392839149E-016)
-0.25132741228718340E+001 -0.12566370614359170E+001
( 0.70353923787119088E+000,-0.12004046503176572E-015)
-0.25132741228718340E+001 -0.62831853071795851E+000
( 0.59046421246763292E+000,-0.11316933302748471E-015)
-0.25132741228718340E+001  0.00000000000000000E+000
( 0.57106606718365205E+000, 0.41921625024315197E-016)
-0.25132741228718340E+001  0.62831853071795851E+000
( 0.62231704758809103E+000,-0.28797609454129663E-016)
-0.25132741228718340E+001  0.12566370614359170E+001
( 0.71177795437788649E+000, 0.38822404694279058E-016)
-0.25132741228718340E+001  0.18849555921538754E+001
( 0.85856623967593126E+000,-0.44382789494221953E-017)
-0.25132741228718340E+001  0.25132741228718340E+001
( 0.13923147943005243E+001,-0.97699626167013776E-016)
-0.25132741228718340E+001  0.31415926535897927E+001
( 0.19585783483956787E+001, 0.72074916054267968E-015)
-0.18849555921538754E+001 -0.25132741228718340E+001
( 0.83027012193992578E+000,-0.17624576872675257E-016)
-0.18849555921538754E+001 -0.18849555921538754E+001
( 0.90288626753565437E+000,-0.26214901218378576E-015)
-0.18849555921538754E+001 -0.12566370614359170E+001
( 0.57769598563103186E+000, 0.13376522317038374E-018)
-0.18849555921538754E+001 -0.62831853071795851E+000
( 0.53590071768760750E+000, 0.65905358125480998E-017)
-0.18849555921538754E+001  0.00000000000000000E+000
( 0.51788395174426394E+000,-0.50296148223649433E-017)
-0.18849555921538754E+001  0.62831853071795851E+000
( 0.53619977372273819E+000,-0.91103864056308808E-016)
-0.18849555921538754E+001  0.12566370614359170E+001
( 0.60804945356057649E+000,-0.56588586237360002E-016)
-0.18849555921538754E+001  0.18849555921538754E+001
( 0.94604601416345990E+000, 0.93258734068513146E-016)
-0.18849555921538754E+001  0.25132741228718340E+001
( 0.84097394507645218E+000,-0.35529749937083440E-016)
-0.18849555921538754E+001  0.31415926535897927E+001
( 0.93939748074724583E+000,-0.67236103681853280E-015)
-0.12566370614359170E+001 -0.25132741228718340E+001
( 0.76521275711807391E+000, 0.87454058247524374E-017)
-0.12566370614359170E+001 -0.18849555921538754E+001
( 0.69363191938138202E+000,-0.43071268753302428E-017)
-0.12566370614359170E+001 -0.12566370614359170E+001
( 0.50877506888758073E+000, 0.19310800394957440E-015)
-0.12566370614359170E+001 -0.62831853071795851E+000
( 0.46703520853484620E+000, 0.11170419432375974E-016)
-0.12566370614359170E+001  0.00000000000000000E+000
( 0.34054774480295352E+000, 0.24291481586033068E-016)
-0.12566370614359170E+001  0.62831853071795851E+000
( 0.39049527341592422E+000, 0.82729315918374871E-016)
-0.12566370614359170E+001  0.12566370614359170E+001
( 0.53488237715782316E+000,-0.14210854715202004E-015)
-0.12566370614359170E+001  0.18849555921538754E+001
( 0.68974758982243489E+000, 0.15428821240437378E-015)
-0.12566370614359170E+001  0.25132741228718340E+001
( 0.70208937923576542E+000,-0.14540381505829409E-015)
-0.12566370614359170E+001  0.31415926535897927E+001
( 0.70358413502430739E+000, 0.49989695322365086E-015)
-0.62831853071795851E+000 -0.25132741228718340E+001
( 0.63274702813805161E+000, 0.73348135109541584E-016)
-0.62831853071795851E+000 -0.18849555921538754E+001
( 0.47160563206711814E+000, 0.11761283827506376E-015)
-0.62831853071795851E+000 -0.12566370614359170E+001
( 0.40452418027682191E+000, 0.82224693008385997E-016)
-0.62831853071795851E+000 -0.62831853071795851E+000
( 0.36601091771027638E+000,-0.27648093429926540E-015)
-0.62831853071795851E+000  0.00000000000000000E+000
( 0.25230240871712273E+000,-0.29909309187019047E-016)
-0.62831853071795851E+000  0.62831853071795851E+000
( 0.32801556404200938E+000,-0.11990408665951691E-015)
-0.62831853071795851E+000  0.12566370614359170E+001
( 0.42369275431411391E+000,-0.73847531721373623E-016)
-0.62831853071795851E+000  0.18849555921538754E+001
( 0.53470212759346081E+000, 0.19768527442032383E-015)
-0.62831853071795851E+000  0.25132741228718340E+001
( 0.62039100717886841E+000,-0.86665585106886615E-016)
-0.62831853071795851E+000  0.31415926535897927E+001
( 0.59870113878320985E+000, 0.36650490915977261E-015)
 0.00000000000000000E+000 -0.25132741228718340E+001
( 0.61051586092072840E+000,-0.51141061467960041E-016)
 0.00000000000000000E+000 -0.18849555921538754E+001
( 0.44238541114655205E+000, 0.14439718238739477E-015)
 0.00000000000000000E+000 -0.12566370614359170E+001
( 0.43111773672277487E+000,-0.76640789866737227E-016)
 0.00000000000000000E+000 -0.62831853071795851E+000
( 0.26301379327003593E+000, 0.18042894208538866E-015)
 0.00000000000000000E+000  0.00000000000000000E+000
( 0.12701720328955698E+000, 0.00000000000000000E+000)
 0.00000000000000000E+000  0.62831853071795851E+000
( 0.26301379327003593E+000,-0.18042894208538866E-015)
 0.00000000000000000E+000  0.12566370614359170E+001
( 0.43111773672277487E+000, 0.76640789866737227E-016)
 0.00000000000000000E+000  0.18849555921538754E+001
( 0.44238541114655205E+000,-0.14439718238739477E-015)
 0.00000000000000000E+000  0.25132741228718340E+001
( 0.61051586092072840E+000, 0.51141061467960041E-016)
 0.00000000000000000E+000  0.31415926535897927E+001
( 0.55994993365370227E+000,-0.57217504370318408E-016)
 0.62831853071795851E+000 -0.25132741228718340E+001
( 0.62039100717886841E+000, 0.86665585106886615E-016)
 0.62831853071795851E+000 -0.18849555921538754E+001
( 0.53470212759346081E+000,-0.19768527442032383E-015)
 0.62831853071795851E+000 -0.12566370614359170E+001
( 0.42369275431411391E+000, 0.73847531721373623E-016)
 0.62831853071795851E+000 -0.62831853071795851E+000
( 0.32801556404200938E+000, 0.11990408665951691E-015)
 0.62831853071795851E+000  0.00000000000000000E+000
( 0.25230240871712273E+000, 0.29909309187019047E-016)
 0.62831853071795851E+000  0.62831853071795851E+000
( 0.36601091771027638E+000, 0.27648093429926540E-015)
 0.62831853071795851E+000  0.12566370614359170E+001
( 0.40452418027682191E+000,-0.82224693008385997E-016)
 0.62831853071795851E+000  0.18849555921538754E+001
( 0.47160563206711814E+000,-0.11761283827506376E-015)
 0.62831853071795851E+000  0.25132741228718340E+001
( 0.63274702813805161E+000,-0.73348135109541584E-016)
 0.62831853071795851E+000  0.31415926535897927E+001
( 0.59870113878320985E+000,-0.45955646252083417E-015)
 0.12566370614359170E+001 -0.25132741228718340E+001
( 0.70208937923576542E+000, 0.14540381505829409E-015)
 0.12566370614359170E+001 -0.18849555921538754E+001
( 0.68974758982243489E+000,-0.15428821240437378E-015)
 0.12566370614359170E+001 -0.12566370614359170E+001
( 0.53488237715782316E+000, 0.14210854715202004E-015)
 0.12566370614359170E+001 -0.62831853071795851E+000
( 0.39049527341592422E+000,-0.82729315918374871E-016)
 0.12566370614359170E+001  0.00000000000000000E+000
( 0.34054774480295352E+000,-0.24291481586033068E-016)
 0.12566370614359170E+001  0.62831853071795851E+000
( 0.46703520853484620E+000,-0.11170419432375974E-016)
 0.12566370614359170E+001  0.12566370614359170E+001
( 0.50877506888758073E+000,-0.19310800394957440E-015)
 0.12566370614359170E+001  0.18849555921538754E+001
( 0.69363191938138202E+000, 0.43071268753302428E-017)
 0.12566370614359170E+001  0.25132741228718340E+001
( 0.76521275711807391E+000,-0.87454058247524374E-017)
 0.12566370614359170E+001  0.31415926535897927E+001
( 0.70358413502430683E+000,-0.41122594222220078E-015)
 0.18849555921538754E+001 -0.25132741228718340E+001
( 0.84097394507645218E+000, 0.35529749937083440E-016)
 0.18849555921538754E+001 -0.18849555921538754E+001
( 0.94604601416345990E+000,-0.93258734068513146E-016)
 0.18849555921538754E+001 -0.12566370614359170E+001
( 0.60804945356057649E+000, 0.56588586237360002E-016)
 0.18849555921538754E+001 -0.62831853071795851E+000
( 0.53619977372273819E+000, 0.91103864056308808E-016)
 0.18849555921538754E+001  0.00000000000000000E+000
( 0.51788395174426394E+000, 0.50296148223649433E-017)
 0.18849555921538754E+001  0.62831853071795851E+000
( 0.53590071768760750E+000,-0.65905358125480998E-017)
 0.18849555921538754E+001  0.12566370614359170E+001
( 0.57769598563103186E+000,-0.13376522317038374E-018)
 0.18849555921538754E+001  0.18849555921538754E+001
( 0.90288626753565437E+000, 0.26214901218378576E-015)
 0.18849555921538754E+001  0.25132741228718340E+001
( 0.83027012193992578E+000, 0.17624576872675257E-016)
 0.18849555921538754E+001  0.31415926535897927E+001
( 0.93939748074724549E+000, 0.92119782530313011E-015)
 0.25132741228718340E+001 -0.25132741228718340E+001
( 0.13923147943005243E+001, 0.97699626167013776E-016)
 0.25132741228718340E+001 -0.18849555921538754E+001
( 0.85856623967593126E+000, 0.44382789494221953E-017)
 0.25132741228718340E+001 -0.12566370614359170E+001
( 0.71177795437788649E+000,-0.38822404694279058E-016)
 0.25132741228718340E+001 -0.62831853071795851E+000
( 0.62231704758809103E+000, 0.28797609454129663E-016)
 0.25132741228718340E+001  0.00000000000000000E+000
( 0.57106606718365205E+000,-0.41921625024315197E-016)
 0.25132741228718340E+001  0.62831853071795851E+000
( 0.59046421246763292E+000, 0.11316933302748471E-015)
 0.25132741228718340E+001  0.12566370614359170E+001
( 0.70353923787119088E+000, 0.12004046503176572E-015)
 0.25132741228718340E+001  0.18849555921538754E+001
( 0.97526833098456711E+000,-0.84515941392839149E-016)
 0.25132741228718340E+001  0.25132741228718340E+001
( 0.11519021326098202E+001,-0.87401795265955725E-017)
 0.25132741228718340E+001  0.31415926535897927E+001
( 0.19585783483956780E+001,-0.37672685387744362E-015)
 0.31415926535897927E+001 -0.25132741228718340E+001
( 0.15190582454596049E+001, 0.91926205124055112E-015)
 0.31415926535897927E+001 -0.18849555921538754E+001
( 0.10412730043194807E+001,-0.95478657487947774E-015)
 0.31415926535897927E+001 -0.12566370614359170E+001
( 0.75947633945102666E+000, 0.21315498128079478E-015)
 0.31415926535897927E+001 -0.62831853071795851E+000
( 0.56396170172229354E+000,-0.15313997506306878E-015)
 0.31415926535897927E+001  0.00000000000000000E+000
( 0.70263565789557636E+000, 0.69931851029264180E-016)
 0.31415926535897927E+001  0.62831853071795851E+000
( 0.56396170172229365E+000, 0.44545299357255079E-016)
 0.31415926535897927E+001  0.12566370614359170E+001
( 0.75947633945102644E+000,-0.39537838828788299E-015)
 0.31415926535897927E+001  0.18849555921538754E+001
( 0.10412730043194816E+001, 0.10437512478180528E-014)
 0.31415926535897927E+001  0.25132741228718340E+001
( 0.15190582454596047E+001,-0.88388174542110870E-015)
 0.31415926535897927E+001  0.31415926535897927E+001
( 0.56713887363532329E+001, 0.16812167772742540E-014)
 0.10000000000000000E+001          1        100
( 0.00000000000000000E+000, 0.00000000000000000E+000)
-0.25132741228718340E+001 -0.25132741228718340E+001
( 0.13698195666329038E+001, 0.22871150739139032E-015)
-0.25132741228718340E+001 -0.18849555921538754E+001
( 0.10007591538559628E+001, 0.64808704062759842E-016)
-0.25132741228718340E+001 -0.12566370614359170E+001
( 0.69062151182062748E+000, 0.85760294333152626E-016)
-0.25132741228718340E+001 -0.62831853071795851E+000
( 0.62054858078051012E+000, 0.11392885642397824E-015)
-0.25132741228718340E+001  0.00000000000000000E+000
( 0.64970036370213513E+000, 0.92821281354097125E-016)
-0.25132741228718340E+001  0.62831853071795851E+000
( 0.65904237737734739E+000, 0.97007953936193406E-016)
-0.25132741228718340E+001  0.12566370614359170E+001
( 0.71283193610453877E+000,-0.61048355557863401E-017)
-0.25132741228718340E+001  0.18849555921538754E+001
( 0.98553771928698086E+000,-0.14252988010512890E-015)
-0.25132741228718340E+001  0.25132741228718340E+001
( 0.13394515591696843E+001,-0.28865798640254071E-016)
-0.25132741228718340E+001  0.31415926535897927E+001
( 0.16213164087239040E+001, 0.57665868957659678E-015)
-0.18849555921538754E+001 -0.25132741228718340E+001
( 0.86751612577422110E+000, 0.51486027767257964E-016)
-0.18849555921538754E+001 -0.18849555921538754E+001
( 0.79555803544779791E+000, 0.63555833840649488E-016)
-0.18849555921538754E+001 -0.12566370614359170E+001
( 0.61190607355815008E+000, 0.87855830461480645E-016)
-0.18849555921538754E+001 -0.62831853071795851E+000
( 0.55590608540167252E+000, 0.58844602464437345E-016)
-0.18849555921538754E+001  0.00000000000000000E+000
( 0.52279919439271749E+000,-0.16268620401966610E-016)
-0.18849555921538754E+001  0.62831853071795851E+000
( 0.59526355028563194E+000, 0.29136137917965584E-016)
-0.18849555921538754E+001  0.12566370614359170E+001
( 0.59149709309051712E+000,-0.18887308382513236E-015)
-0.18849555921538754E+001  0.18849555921538754E+001
( 0.82812492926074510E+000, 0.44408920985006264E-016)
-0.18849555921538754E+001  0.25132741228718340E+001
( 0.92789104362470509E+000, 0.20405347396361659E-016)
-0.18849555921538754E+001  0.31415926535897927E+001
( 0.89226625707773177E+000,-0.92852537198287778E-015)
-0.12566370614359170E+001 -0.25132741228718340E+001
( 0.71002423471759868E+000,-0.45246022572615851E-016)
-0.12566370614359170E+001 -0.18849555921538754E+001
( 0.65406546919651309E+000,-0.49811824592038765E-016)
-0.12566370614359170E+001 -0.12566370614359170E+001
( 0.50678313705608313E+000, 0.14435681479431077E-016)
-0.12566370614359170E+001 -0.62831853071795851E+000
( 0.42613313842791661E+000, 0.81901119661808901E-017)
-0.12566370614359170E+001  0.00000000000000000E+000
( 0.36748952104489030E+000,-0.80154784130219266E-016)
-0.12566370614359170E+001  0.62831853071795851E+000
( 0.41528113623449098E+000,-0.11019033073387280E-015)
-0.12566370614359170E+001  0.12566370614359170E+001
( 0.44861422403211793E+000,-0.11102230246251565E-015)
-0.12566370614359170E+001  0.18849555921538754E+001
( 0.63155036570981715E+000, 0.13114148654462424E-015)
-0.12566370614359170E+001  0.25132741228718340E+001
( 0.71497586701975391E+000,-0.16099624936716791E-016)
-0.12566370614359170E+001  0.31415926535897927E+001
( 0.74311853010251316E+000, 0.44505594995227255E-015)
-0.62831853071795851E+000 -0.25132741228718340E+001
( 0.63264345716560999E+000,-0.13476110109205683E-015)
-0.62831853071795851E+000 -0.18849555921538754E+001
( 0.51630362999929547E+000,-0.61059484195079570E-016)
-0.62831853071795851E+000 -0.12566370614359170E+001
( 0.34750097803233493E+000,-0.62864161609829130E-016)
-0.62831853071795851E+000 -0.62831853071795851E+000
( 0.22301723717975713E+000,-0.59395540737793850E-016)
-0.62831853071795851E+000  0.00000000000000000E+000
( 0.21839697844349509E+000, 0.33416053917358694E-016)
-0.62831853071795851E+000  0.62831853071795851E+000
( 0.37916730609399929E+000,-0.22204460492503132E-016)
-0.62831853071795851E+000  0.12566370614359170E+001
( 0.49069318532043343E+000,-0.13849962678216226E-015)
-0.62831853071795851E+000  0.18849555921538754E+001
( 0.57835411543037896E+000,-0.40238368164217153E-016)
-0.62831853071795851E+000  0.25132741228718340E+001
( 0.63488364317088575E+000,-0.17916445775845499E-015)
-0.62831853071795851E+000  0.31415926535897927E+001
( 0.68670184257026834E+000,-0.28568411098243518E-015)
 0.00000000000000000E+000 -0.25132741228718340E+001
( 0.57713477849351758E+000,-0.25532347407074560E-016)
 0.00000000000000000E+000 -0.18849555921538754E+001
( 0.51205164144620596E+000, 0.10144884603469404E-015)
 0.00000000000000000E+000 -0.12566370614359170E+001
( 0.31498726102434882E+000, 0.42744977527720550E-016)
 0.00000000000000000E+000 -0.62831853071795851E+000
( 0.30218593579000091E+000,-0.43576949256363404E-016)
 0.00000000000000000E+000  0.00000000000000000E+000
( 0.32162313139663551E+000, 0.00000000000000000E+000)
 0.00000000000000000E+000  0.62831853071795851E+000
( 0.30218593579000091E+000, 0.43576949256363404E-016)
 0.00000000000000000E+000  0.12566370614359170E+001
( 0.31498726102434882E+000,-0.42744977527720550E-016)
 0.00000000000000000E+000  0.18849555921538754E+001
( 0.51205164144620596E+000,-0.10144884603469404E-015)
 0.00000000000000000E+000  0.25132741228718340E+001
( 0.57713477849351758E+000, 0.25532347407074560E-016)
 0.00000000000000000E+000  0.31415926535897927E+001
( 0.59493458010754241E+000, 0.28077150467045832E-016)
 0.62831853071795851E+000 -0.25132741228718340E+001
( 0.63488364317088575E+000, 0.17916445775845499E-015)
 0.62831853071795851E+000 -0.18849555921538754E+001
( 0.57835411543037896E+000, 0.40238368164217153E-016)
 0.62831853071795851E+000 -0.12566370614359170E+001
( 0.49069318532043343E+000, 0.13849962678216226E-015)
 0.62831853071795851E+000 -0.62831853071795851E+000
( 0.37916730609399929E+000, 0.22204460492503132E-016)
 0.62831853071795851E+000  0.00000000000000000E+000
( 0.21839697844349509E+000,-0.33416053917358694E-016)
 0.62831853071795851E+000  0.62831853071795851E+000
( 0.22301723717975713E+000, 0.59395540737793850E-016)
 0.62831853071795851E+000  0.12566370614359170E+001
( 0.34750097803233493E+000, 0.62864161609829130E-016)
 0.62831853071795851E+000  0.18849555921538754E+001
( 0.51630362999929547E+000, 0.61059484195079570E-016)
 0.62831853071795851E+000  0.25132741228718340E+001
( 0.63264345716560999E+000, 0.13476110109205683E-015)
 0.62831853071795851E+000  0.31415926535897927E+001
( 0.68670184257026845E+000, 0.30095132973086772E-015)
 0.12566370614359170E+001 -0.25132741228718340E+001
( 0.71497586701975391E+000, 0.16099624936716791E-016)
 0.12566370614359170E+001 -0.18849555921538754E+001
( 0.63155036570981715E+000,-0.13114148654462424E-015)
 0.12566370614359170E+001 -0.12566370614359170E+001
( 0.44861422403211793E+000, 0.11102230246251565E-015)
 0.12566370614359170E+001 -0.62831853071795851E+000
( 0.41528113623449098E+000, 0.11019033073387280E-015)
 0.12566370614359170E+001  0.00000000000000000E+000
( 0.36748952104489030E+000, 0.80154784130219266E-016)
 0.12566370614359170E+001  0.62831853071795851E+000
( 0.42613313842791661E+000,-0.81901119661808901E-017)
 0.12566370614359170E+001  0.12566370614359170E+001
( 0.50678313705608313E+000,-0.14435681479431077E-016)
 0.12566370614359170E+001  0.18849555921538754E+001
( 0.65406546919651309E+000, 0.49811824592038765E-016)
 0.12566370614359170E+001  0.25132741228718340E+001
( 0.71002423471759868E+000, 0.45246022572615851E-016)
 0.12566370614359170E+001  0.31415926535897927E+001
( 0.74311853010251283E+000,-0.56189136033771342E-015)
 0.18849555921538754E+001 -0.25132741228718340E+001
( 0.92789104362470509E+000,-0.20405347396361659E-016)
 0.18849555921538754E+001 -0.18849555921538754E+001
( 0.82812492926074510E+000,-0.44408920985006264E-016)
 0.18849555921538754E+001 -0.12566370614359170E+001
( 0.59149709309051712E+000, 0.18887308382513236E-015)
 0.18849555921538754E+001 -0.62831853071795851E+000
( 0.59526355028563194E+000,-0.29136137917965584E-016)
 0.18849555921538754E+001  0.00000000000000000E+000
( 0.52279919439271749E+000, 0.16268620401966610E-016)
 0.18849555921538754E+001  0.62831853071795851E+000
( 0.55590608540167252E+000,-0.58844602464437345E-016)
 0.18849555921538754E+001  0.12566370614359170E+001
( 0.61190607355815008E+000,-0.87855830461480645E-016)
 0.18849555921538754E+001  0.18849555921538754E+001
( 0.79555803544779791E+000,-0.63555833840649488E-016)
 0.18849555921538754E+001  0.25132741228718340E+001
( 0.86751612577422110E+000,-0.51486027767257964E-016)
 0.18849555921538754E+001  0.31415926535897927E+001
( 0.89226625707773211E+000, 0.79667082485228356E-015)
 0.25132741228718340E+001 -0.25132741228718340E+001
( 0.13394515591696843E+001, 0.28865798640254071E-016)
 0.25132741228718340E+001 -0.18849555921538754E+001
( 0.98553771928698086E+000, 0.14252988010512890E-015)
 0.25132741228718340E+001 -0.12566370614359170E+001
( 0.71283193610453877E+000, 0.61048355557863401E-017)
 0.25132741228718340E+001 -0.62831853071795851E+000
( 0.65904237737734739E+000,-0.97007953936193406E-016)
 0.25132741228718340E+001  0.00000000000000000E+000
( 0.64970036370213513E+000,-0.92821281354097125E-016)
 0.25132741228718340E+001  0.62831853071795851E+000
( 0.62054858078051012E+000,-0.11392885642397824E-015)
 0.25132741228718340E+001  0.12566370614359170E+001
( 0.69062151182062748E+000,-0.85760294333152626E-016)
 0.25132741228718340E+001  0.18849555921538754E+001
( 0.10007591538559628E+001,-0.64808704062759842E-016)
 0.25132741228718340E+001  0.25132741228718340E+001
( 0.13698195666329038E+001,-0.22871150739139032E-015)
 0.25132741228718340E+001  0.31415926535897927E+001
( 0.16213164087239047E+001,-0.64908517897703145E-015)
 0.31415926535897927E+001 -0.25132741228718340E+001
( 0.15350144946989581E+001, 0.83752949352047689E-015)
 0.31415926535897927E+001 -0.18849555921538754E+001
( 0.10414342124776339E+001,-0.83128948832583475E-015)
 0.31415926535897927E+001 -0.12566370614359170E+001
( 0.75593284858485188E+000, 0.52084837438389980E-015)
 0.31415926535897927E+001 -0.62831853071795851E+000
( 0.61772091811695429E+000,-0.98812631350942979E-016)
 0.31415926535897927E+001  0.00000000000000000E+000
( 0.59733523867504157E+000,-0.65993338914305839E-016)
 0.31415926535897927E+001  0.62831853071795851E+000
( 0.61772091811695451E+000, 0.74984397353605292E-017)
 0.31415926535897927E+001  0.12566370614359170E+001
( 0.75593284858485210E+000,-0.51777969810982376E-015)
 0.31415926535897927E+001  0.18849555921538754E+001
( 0.10414342124776339E+001, 0.78381189106675251E-015)
 0.31415926535897927E+001  0.25132741228718340E+001
( 0.15350144946989588E+001,-0.81447680280314806E-015)
 0.31415926535897927E+001  0.31415926535897927E+001
( 0.53448927975298508E+001, 0.17115023915714709E-014)
 0.10000000000000000E+001          1        100
( 0.00000000000000000E+000, 0.00000000000000000E+000)
-0.25132741228718340E+001 -0.25132741228718340E+001
( 0.15497219766648036E+001, 0.75747100707523864E-016)
-0.25132741228718340E+001 -0.18849555921538754E+001
( 0.72561303985671388E+000,-0.15195419419661505E-015)
-0.25132741228718340E+001 -0.12566370614359170E+001
( 0.32379025988156968E+000,-0.29410454027330015E-016)
-0.25132741228718340E+001 -0.62831853071795851E+000
( 0.62086192440508858E+000,-0.31249693264622021E-015)
-0.25132741228718340E+001  0.00000000000000000E+000
( 0.62830669116184357E+000, 0.42721893636902669E-016)
-0.25132741228718340E+001  0.62831853071795851E+000
( 0.64354040435560977E+000, 0.76877716392673774E-016)
-0.25132741228718340E+001  0.12566370614359170E+001
( 0.80328612490094542E+000,-0.38794822103627173E-016)
-0.25132741228718340E+001  0.18849555921538754E+001
( 0.11473091041517254E+001, 0.19167028805010751E-015)
-0.25132741228718340E+001  0.25132741228718340E+001
( 0.15373327071092575E+001,-0.20428103653102881E-015)
-0.25132741228718340E+001  0.31415926535897927E+001
( 0.17446299878707174E+001, 0.88986662339778625E-015)
-0.18849555921538754E+001 -0.25132741228718340E+001
( 0.62174612196460433E+000,-0.21412668357562382E-015)
-0.18849555921538754E+001 -0.18849555921538754E+001
( 0.60369627475337151E+000, 0.13046166151869253E-015)
-0.18849555921538754E+001 -0.12566370614359170E+001
( 0.58655384941860200E+000,-0.91205560446767434E-016)
-0.18849555921538754E+001 -0.62831853071795851E+000
( 0.45987994523687620E+000, 0.11228197762758173E-016)
-0.18849555921538754E+001  0.00000000000000000E+000
( 0.80025853487056975E+000,-0.68859668306451625E-016)
-0.18849555921538754E+001  0.62831853071795851E+000
( 0.73596906896795744E+000,-0.12057470956309949E-015)
-0.18849555921538754E+001  0.12566370614359170E+001
( 0.74123209509566834E+000,-0.10766918794460274E-016)
-0.18849555921538754E+001  0.18849555921538754E+001
( 0.86945494822709191E+000,-0.10658141036401502E-015)
-0.18849555921538754E+001  0.25132741228718340E+001
( 0.10158580981672680E+001, 0.10142859045093385E-015)
-0.18849555921538754E+001  0.31415926535897927E+001
( 0.91069656473378635E+000,-0.11140467169343759E-014)
-0.12566370614359170E+001 -0.25132741228718340E+001
( 0.64471747412736702E+000,-0.10934651180034128E-015)
-0.12566370614359170E+001 -0.18849555921538754E+001
( 0.64845000324919189E+000,-0.73441992052764939E-016)
-0.12566370614359170E+001 -0.12566370614359170E+001
( 0.66647898377564685E+000,-0.18417105457126936E-015)
-0.12566370614359170E+001 -0.62831853071795851E+000
( 0.65057882656443755E+000, 0.19146119112165635E-016)
-0.12566370614359170E+001  0.00000000000000000E+000
( 0.46989060994390086E+000,-0.15849518317082401E-015)
-0.12566370614359170E+001  0.62831853071795851E+000
( 0.43219655291688441E+000, 0.16338426578110831E-017)
-0.12566370614359170E+001  0.12566370614359170E+001
( 0.45888727513471805E+000, 0.26645352591003756E-016)
-0.12566370614359170E+001  0.18849555921538754E+001
( 0.37817903336606762E+000,-0.69169138978550993E-016)
-0.12566370614359170E+001  0.25132741228718340E+001
( 0.58625088460056973E+000,-0.63345696161887227E-016)
-0.12566370614359170E+001  0.31415926535897927E+001
( 0.67720826051564464E+000, 0.19672288505764803E-015)
-0.62831853071795851E+000 -0.25132741228718340E+001
( 0.85573896948333183E+000,-0.23838946243679491E-016)
-0.62831853071795851E+000 -0.18849555921538754E+001
( 0.74328663107137616E+000, 0.23464135657569202E-017)
-0.62831853071795851E+000 -0.12566370614359170E+001
( 0.49716581769991963E+000, 0.72436824294173144E-016)
-0.62831853071795851E+000 -0.62831853071795851E+000
( 0.34126338906560094E+000,-0.34353930005126549E-016)
-0.62831853071795851E+000  0.00000000000000000E+000
( 0.28328713323474247E+000, 0.37524259109013684E-017)
-0.62831853071795851E+000  0.62831853071795851E+000
( 0.31224470891710845E-001, 0.13322676295501878E-016)
-0.62831853071795851E+000  0.12566370614359170E+001
( 0.93926688117788676E-001,-0.17482863449933552E-015)
-0.62831853071795851E+000  0.18849555921538754E+001
( 0.41043860853322600E+000, 0.76165788578093226E-016)
-0.62831853071795851E+000  0.25132741228718340E+001
( 0.46159546112737482E+000,-0.16569555836268628E-015)
-0.62831853071795851E+000  0.31415926535897927E+001
( 0.65819750852580527E+000,-0.51875554397109655E-016)
 0.00000000000000000E+000 -0.25132741228718340E+001
( 0.72913248123763719E+000,-0.21969819135927437E-015)
 0.00000000000000000E+000 -0.18849555921538754E+001
( 0.57773034339479623E+000, 0.28027903309166886E-016)
 0.00000000000000000E+000 -0.12566370614359170E+001
( 0.31789355419456372E+000,-0.10096731148263594E-015)
 0.00000000000000000E+000 -0.62831853071795851E+000
( 0.51546414886666024E-001,-0.29452402031693298E-016)
 0.00000000000000000E+000  0.00000000000000000E+000
(-0.45380751353921805E-001, 0.00000000000000000E+000)
 0.00000000000000000E+000  0.62831853071795851E+000
( 0.51546414886666024E-001, 0.29452402031693298E-016)
 0.00000000000000000E+000  0.12566370614359170E+001
( 0.31789355419456372E+000, 0.10096731148263594E-015)
 0.00000000000000000E+000  0.18849555921538754E+001
( 0.57773034339479623E+000,-0.28027903309166886E-016)
 0.00000000000000000E+000  0.25132741228718340E+001
( 0.72913248123763719E+000, 0.21969819135927437E-015)
 0.00000000000000000E+000  0.31415926535897927E+001
( 0.76279466763587356E+000,-0.65266233385818245E-017)
 0.62831853071795851E+000 -0.25132741228718340E+001
( 0.46159546112737482E+000, 0.16569555836268628E-015)
 0.62831853071795851E+000 -0.18849555921538754E+001
( 0.41043860853322600E+000,-0.76165788578093226E-016)
 0.62831853071795851E+000 -0.12566370614359170E+001
( 0.93926688117788676E-001, 0.17482863449933552E-015)
 0.62831853071795851E+000 -0.62831853071795851E+000
( 0.31224470891710845E-001,-0.13322676295501878E-016)
 0.62831853071795851E+000  0.00000000000000000E+000
( 0.28328713323474247E+000,-0.37524259109013684E-017)
 0.62831853071795851E+000  0.62831853071795851E+000
( 0.34126338906560094E+000, 0.34353930005126549E-016)
 0.62831853071795851E+000  0.12566370614359170E+001
( 0.49716581769991963E+000,-0.72436824294173144E-016)
 0.62831853071795851E+000  0.18849555921538754E+001
( 0.74328663107137616E+000,-0.23464135657569202E-017)
 0.62831853071795851E+000  0.25132741228718340E+001
( 0.85573896948333183E+000, 0.23838946243679491E-016)
 0.62831853071795851E+000  0.31415926535897927E+001
( 0.65819750852580527E+000, 0.13667119213919106E-015)
 0.12566370614359170E+001 -0.25132741228718340E+001
( 0.58625088460056973E+000, 0.63345696161887227E-016)
 0.12566370614359170E+001 -0.18849555921538754E+001
( 0.37817903336606762E+000, 0.69169138978550993E-016)
 0.12566370614359170E+001 -0.12566370614359170E+001
( 0.45888727513471805E+000,-0.26645352591003756E-016)
 0.12566370614359170E+001 -0.62831853071795851E+000
( 0.43219655291688441E+000,-0.16338426578110831E-017)
 0.12566370614359170E+001  0.00000000000000000E+000
( 0.46989060994390086E+000, 0.15849518317082401E-015)
 0.12566370614359170E+001  0.62831853071795851E+000
( 0.65057882656443755E+000,-0.19146119112165635E-016)
 0.12566370614359170E+001  0.12566370614359170E+001
( 0.66647898377564685E+000, 0.18417105457126936E-015)
 0.12566370614359170E+001  0.18849555921538754E+001
( 0.64845000324919189E+000, 0.73441992052764939E-016)
 0.12566370614359170E+001  0.25132741228718340E+001
( 0.64471747412736702E+000, 0.10934651180034128E-015)
 0.12566370614359170E+001  0.31415926535897927E+001
( 0.67720826051564464E+000,-0.31779889231331302E-015)
 0.18849555921538754E+001 -0.25132741228718340E+001
( 0.10158580981672680E+001,-0.10142859045093385E-015)
 0.18849555921538754E+001 -0.18849555921538754E+001
( 0.86945494822709191E+000, 0.10658141036401502E-015)
 0.18849555921538754E+001 -0.12566370614359170E+001
( 0.74123209509566834E+000, 0.10766918794460274E-016)
 0.18849555921538754E+001 -0.62831853071795851E+000
( 0.73596906896795744E+000, 0.12057470956309949E-015)
 0.18849555921538754E+001  0.00000000000000000E+000
( 0.80025853487056975E+000, 0.68859668306451625E-016)
 0.18849555921538754E+001  0.62831853071795851E+000
( 0.45987994523687620E+000,-0.11228197762758173E-016)
 0.18849555921538754E+001  0.12566370614359170E+001
( 0.58655384941860200E+000, 0.91205560446767434E-016)
 0.18849555921538754E+001  0.18849555921538754E+001
( 0.60369627475337151E+000,-0.13046166151869253E-015)
 0.18849555921538754E+001  0.25132741228718340E+001
( 0.62174612196460433E+000, 0.21412668357562382E-015)
 0.18849555921538754E+001  0.31415926535897927E+001
( 0.91069656473378591E+000, 0.99531455087100693E-015)
 0.25132741228718340E+001 -0.25132741228718340E+001
( 0.15373327071092575E+001, 0.20428103653102881E-015)
 0.25132741228718340E+001 -0.18849555921538754E+001
( 0.11473091041517254E+001,-0.19167028805010751E-015)
 0.25132741228718340E+001 -0.12566370614359170E+001
( 0.80328612490094542E+000, 0.38794822103627173E-016)
 0.25132741228718340E+001 -0.62831853071795851E+000
( 0.64354040435560977E+000,-0.76877716392673774E-016)
 0.25132741228718340E+001  0.00000000000000000E+000
( 0.62830669116184357E+000,-0.42721893636902669E-016)
 0.25132741228718340E+001  0.62831853071795851E+000
( 0.62086192440508858E+000, 0.31249693264622021E-015)
 0.25132741228718340E+001  0.12566370614359170E+001
( 0.32379025988156968E+000, 0.29410454027330015E-016)
 0.25132741228718340E+001  0.18849555921538754E+001
( 0.72561303985671388E+000, 0.15195419419661505E-015)
 0.25132741228718340E+001  0.25132741228718340E+001
( 0.15497219766648036E+001,-0.75747100707523864E-016)
 0.25132741228718340E+001  0.31415926535897927E+001
( 0.17446299878707192E+001,-0.86439319140293059E-015)
 0.31415926535897927E+001 -0.25132741228718340E+001
( 0.17481555444494969E+001, 0.10251341469390641E-014)
 0.31415926535897927E+001 -0.18849555921538754E+001
( 0.96910478221428598E+000,-0.96669062184397540E-015)
 0.31415926535897927E+001 -0.12566370614359170E+001
( 0.75436236318702499E+000, 0.33981290814080657E-015)
 0.31415926535897927E+001 -0.62831853071795851E+000
( 0.50648242525351106E+000,-0.36649956564280831E-015)
 0.31415926535897927E+001  0.00000000000000000E+000
( 0.38799575628696131E+000, 0.96520176740365313E-016)
 0.31415926535897927E+001  0.62831853071795851E+000
( 0.50648242525351173E+000, 0.10046472760334004E-015)
 0.31415926535897927E+001  0.12566370614359170E+001
( 0.75436236318702399E+000,-0.42536177860846637E-015)
 0.31415926535897927E+001  0.18849555921538754E+001
( 0.96910478221428531E+000, 0.93677629775061883E-015)
 0.31415926535897927E+001  0.25132741228718340E+001
( 0.17481555444494969E+001,-0.11373283699977277E-014)
 0.31415926535897927E+001  0.31415926535897927E+001
( 0.70084498067838288E+001, 0.23296202863977145E-014)
 0.10000000000000000E+001          1        100
( 0.00000000000000000E+000, 0.00000000000000000E+000)
-0.25132741228718340E+001 -0.25132741228718340E+001
( 0.13123612795663078E+001,-0.12870620221778816E-015)
-0.25132741228718340E+001 -0.18849555921538754E+001
( 0.99297632474498698E+000,-0.74971512095559235E-016)
-0.25132741228718340E+001 -0.12566370614359170E+001
( 0.79827992389896252E+000,-0.11214927825914845E-015)
-0.25132741228718340E+001 -0.62831853071795851E+000
( 0.64278559455551465E+000,-0.71697430113056432E-016)
-0.25132741228718340E+001  0.00000000000000000E+000
( 0.58595858905753018E+000,-0.54336142358037459E-017)
-0.25132741228718340E+001  0.62831853071795851E+000
( 0.61309635825891773E+000, 0.18708095603534269E-015)
-0.25132741228718340E+001  0.12566370614359170E+001
( 0.69350995202901677E+000, 0.19986006159221067E-015)
-0.25132741228718340E+001  0.18849555921538754E+001
( 0.95107983900265458E+000, 0.52687382964326107E-016)
-0.25132741228718340E+001  0.25132741228718340E+001
( 0.13744934286776218E+001,-0.10214051826551441E-015)
-0.25132741228718340E+001  0.31415926535897927E+001
( 0.14908626557668883E+001, 0.43906544138894861E-015)
-0.18849555921538754E+001 -0.25132741228718340E+001
( 0.92539948720672616E+000,-0.15046667777006987E-015)
-0.18849555921538754E+001 -0.18849555921538754E+001
( 0.78080682499602472E+000, 0.65486405680876607E-016)
-0.18849555921538754E+001 -0.12566370614359170E+001
( 0.63263698657633161E+000,-0.10041022025120019E-015)
-0.18849555921538754E+001 -0.62831853071795851E+000
( 0.59991195958214083E+000,-0.19980031011316319E-015)
-0.18849555921538754E+001  0.00000000000000000E+000
( 0.58050095981572614E+000,-0.15329223402875018E-015)
-0.18849555921538754E+001  0.62831853071795851E+000
( 0.63229839607078053E+000, 0.12155866179504072E-016)
-0.18849555921538754E+001  0.12566370614359170E+001
( 0.66270902535138421E+000,-0.14152514209402113E-015)
-0.18849555921538754E+001  0.18849555921538754E+001
( 0.87915313389754657E+000, 0.44408920985006263E-017)
-0.18849555921538754E+001  0.25132741228718340E+001
( 0.10226574058506244E+001,-0.24364574319985304E-015)
-0.18849555921538754E+001  0.31415926535897927E+001
( 0.97163032756928536E+000,-0.73930420655280548E-015)
-0.12566370614359170E+001 -0.25132741228718340E+001
( 0.74692595627591973E+000,-0.11269757966327874E-017)
-0.12566370614359170E+001 -0.18849555921538754E+001
( 0.60109874641298167E+000, 0.59461895294822355E-016)
-0.12566370614359170E+001 -0.12566370614359170E+001
( 0.51089667161524654E+000,-0.15095049702965631E-015)
-0.12566370614359170E+001 -0.62831853071795851E+000
( 0.44201923682618516E+000,-0.18595398023870992E-015)
-0.12566370614359170E+001  0.00000000000000000E+000
( 0.37380514516540198E+000,-0.11598591314903125E-016)
-0.12566370614359170E+001  0.62831853071795851E+000
( 0.41089494512297081E+000,-0.22649545560337319E-015)
-0.12566370614359170E+001  0.12566370614359170E+001
( 0.51117830596971359E+000,-0.14210854715202004E-015)
-0.12566370614359170E+001  0.18849555921538754E+001
( 0.64714411237971969E+000, 0.12739271237502975E-016)
-0.12566370614359170E+001  0.25132741228718340E+001
( 0.73675196042406810E+000,-0.84396867031194396E-016)
-0.12566370614359170E+001  0.31415926535897927E+001
( 0.74942625824663534E+000, 0.20091793834247233E-015)
-0.62831853071795851E+000 -0.25132741228718340E+001
( 0.57431982560605321E+000,-0.31150560343209025E-015)
-0.62831853071795851E+000 -0.18849555921538754E+001
( 0.52801953189932538E+000, 0.22244294811868136E-016)
-0.62831853071795851E+000 -0.12566370614359170E+001
( 0.43129827286923073E+000,-0.26081864692687364E-016)
-0.62831853071795851E+000 -0.62831853071795851E+000
( 0.22223960636301823E+000, 0.48869730243189385E-016)
-0.62831853071795851E+000  0.00000000000000000E+000
( 0.21295630231472423E+000,-0.54152747672306888E-016)
-0.62831853071795851E+000  0.62831853071795851E+000
( 0.19965879330871758E+000, 0.17763568394002505E-016)
-0.62831853071795851E+000  0.12566370614359170E+001
( 0.45255676295489833E+000,-0.18650750955718504E-015)
-0.62831853071795851E+000  0.18849555921538754E+001
( 0.63112012042436560E+000,-0.22975957900603475E-015)
-0.62831853071795851E+000  0.25132741228718340E+001
( 0.66257784939941222E+000,-0.29366236639935769E-015)
-0.62831853071795851E+000  0.31415926535897927E+001
( 0.65018513901516106E+000,-0.20700208748963378E-015)
 0.00000000000000000E+000 -0.25132741228718340E+001
( 0.58233675945761587E+000,-0.53250870862642511E-016)
 0.00000000000000000E+000 -0.18849555921538754E+001
( 0.51437126258005406E+000,-0.20371754863271241E-015)
 0.00000000000000000E+000 -0.12566370614359170E+001
( 0.36135224114199138E+000,-0.11988416949983440E-015)
 0.00000000000000000E+000 -0.62831853071795851E+000
( 0.24050579621314441E+000, 0.62162530799167517E-016)
 0.00000000000000000E+000  0.00000000000000000E+000
( 0.23627442853535777E+000, 0.00000000000000000E+000)
 0.00000000000000000E+000  0.62831853071795851E+000
( 0.24050579621314441E+000,-0.62162530799167517E-016)
 0.00000000000000000E+000  0.12566370614359170E+001
( 0.36135224114199138E+000, 0.11988416949983440E-015)
 0.00000000000000000E+000  0.18849555921538754E+001
( 0.51437126258005406E+000, 0.20371754863271241E-015)
 0.00000000000000000E+000  0.25132741228718340E+001
( 0.58233675945761587E+000, 0.53250870862642511E-016)
 0.00000000000000000E+000  0.31415926535897927E+001
( 0.55496960571888676E+000,-0.14076183655594152E-016)
 0.62831853071795851E+000 -0.25132741228718340E+001
( 0.66257784939941222E+000, 0.29366236639935769E-015)
 0.62831853071795851E+000 -0.18849555921538754E+001
( 0.63112012042436560E+000, 0.22975957900603475E-015)
 0.62831853071795851E+000 -0.12566370614359170E+001
( 0.45255676295489833E+000, 0.18650750955718504E-015)
 0.62831853071795851E+000 -0.62831853071795851E+000
( 0.19965879330871758E+000,-0.17763568394002505E-016)
 0.62831853071795851E+000  0.00000000000000000E+000
( 0.21295630231472423E+000, 0.54152747672306888E-016)
 0.62831853071795851E+000  0.62831853071795851E+000
( 0.22223960636301823E+000,-0.48869730243189385E-016)
 0.62831853071795851E+000  0.12566370614359170E+001
( 0.43129827286923073E+000, 0.26081864692687364E-016)
 0.62831853071795851E+000  0.18849555921538754E+001
( 0.52801953189932538E+000,-0.22244294811868136E-016)
 0.62831853071795851E+000  0.25132741228718340E+001
( 0.57431982560605321E+000, 0.31150560343209025E-015)
 0.62831853071795851E+000  0.31415926535897927E+001
( 0.65018513901516062E+000, 0.18588476847439850E-015)
 0.12566370614359170E+001 -0.25132741228718340E+001
( 0.73675196042406810E+000, 0.84396867031194396E-016)
 0.12566370614359170E+001 -0.18849555921538754E+001
( 0.64714411237971969E+000,-0.12739271237502975E-016)
 0.12566370614359170E+001 -0.12566370614359170E+001
( 0.51117830596971359E+000, 0.14210854715202004E-015)
 0.12566370614359170E+001 -0.62831853071795851E+000
( 0.41089494512297081E+000, 0.22649545560337319E-015)
 0.12566370614359170E+001  0.00000000000000000E+000
( 0.37380514516540198E+000, 0.11598591314903125E-016)
 0.12566370614359170E+001  0.62831853071795851E+000
( 0.44201923682618516E+000, 0.18595398023870992E-015)
 0.12566370614359170E+001  0.12566370614359170E+001
( 0.51089667161524654E+000, 0.15095049702965631E-015)
 0.12566370614359170E+001  0.18849555921538754E+001
( 0.60109874641298167E+000,-0.59461895294822355E-016)
 0.12566370614359170E+001  0.25132741228718340E+001
( 0.74692595627591973E+000, 0.11269757966327874E-017)
 0.12566370614359170E+001  0.31415926535897927E+001
( 0.74942625824663600E+000,-0.44832158278441469E-015)
 0.18849555921538754E+001 -0.25132741228718340E+001
( 0.10226574058506244E+001, 0.24364574319985304E-015)
 0.18849555921538754E+001 -0.18849555921538754E+001
( 0.87915313389754657E+000,-0.44408920985006263E-017)
 0.18849555921538754E+001 -0.12566370614359170E+001
( 0.66270902535138421E+000, 0.14152514209402113E-015)
 0.18849555921538754E+001 -0.62831853071795851E+000
( 0.63229839607078053E+000,-0.12155866179504072E-016)
 0.18849555921538754E+001  0.00000000000000000E+000
( 0.58050095981572614E+000, 0.15329223402875018E-015)
 0.18849555921538754E+001  0.62831853071795851E+000
( 0.59991195958214083E+000, 0.19980031011316319E-015)
 0.18849555921538754E+001  0.12566370614359170E+001
( 0.63263698657633161E+000, 0.10041022025120019E-015)
 0.18849555921538754E+001  0.18849555921538754E+001
( 0.78080682499602472E+000,-0.65486405680876607E-016)
 0.18849555921538754E+001  0.25132741228718340E+001
( 0.92539948720672616E+000, 0.15046667777006987E-015)
 0.18849555921538754E+001  0.31415926535897927E+001
( 0.97163032756928513E+000, 0.12087524559197792E-014)
 0.25132741228718340E+001 -0.25132741228718340E+001
( 0.13744934286776218E+001, 0.10214051826551441E-015)
 0.25132741228718340E+001 -0.18849555921538754E+001
( 0.95107983900265458E+000,-0.52687382964326107E-016)
 0.25132741228718340E+001 -0.12566370614359170E+001
( 0.69350995202901677E+000,-0.19986006159221067E-015)
 0.25132741228718340E+001 -0.62831853071795851E+000
( 0.61309635825891773E+000,-0.18708095603534269E-015)
 0.25132741228718340E+001  0.00000000000000000E+000
( 0.58595858905753018E+000, 0.54336142358037459E-017)
 0.25132741228718340E+001  0.62831853071795851E+000
( 0.64278559455551465E+000, 0.71697430113056432E-016)
 0.25132741228718340E+001  0.12566370614359170E+001
( 0.79827992389896252E+000, 0.11214927825914845E-015)
 0.25132741228718340E+001  0.18849555921538754E+001
( 0.99297632474498698E+000, 0.74971512095559235E-016)
 0.25132741228718340E+001  0.25132741228718340E+001
( 0.13123612795663078E+001, 0.12870620221778816E-015)
 0.25132741228718340E+001  0.31415926535897927E+001
( 0.14908626557668865E+001,-0.55102187682662191E-015)
 0.31415926535897927E+001 -0.25132741228718340E+001
( 0.17930132792600879E+001, 0.95983601549381663E-015)
 0.31415926535897927E+001 -0.18849555921538754E+001
( 0.10066552522029224E+001,-0.59184529353594615E-015)
 0.31415926535897927E+001 -0.12566370614359170E+001
( 0.69378352068667937E+000, 0.37484490292709679E-015)
 0.31415926535897927E+001 -0.62831853071795851E+000
( 0.61898768465095622E+000,-0.23984800763839880E-015)
 0.31415926535897927E+001  0.00000000000000000E+000
( 0.66248719940232592E+000, 0.22358005636668642E-016)
 0.31415926535897927E+001  0.62831853071795851E+000
( 0.61898768465095677E+000, 0.10770838616064782E-015)
 0.31415926535897927E+001  0.12566370614359170E+001
( 0.69378352068667992E+000,-0.48458089231551967E-015)
 0.31415926535897927E+001  0.18849555921538754E+001
( 0.10066552522029228E+001, 0.70602217502286956E-015)
 0.31415926535897927E+001  0.25132741228718340E+001
( 0.17930132792600881E+001,-0.73650509749469255E-015)
 0.31415926535897927E+001  0.31415926535897927E+001
( 0.53791036389852627E+001, 0.16999763770809811E-014)
 0.10000000000000000E+001          1        100
( 0.00000000000000000E+000, 0.00000000000000000E+000)
-0.25132741228718340E+001 -0.25132741228718340E+001
( 0.15023282441651671E+001, 0.12103543071875649E-015)
-0.25132741228718340E+001 -0.18849555921538754E+001
( 0.94572709213497708E+000, 0.74515594417102177E-016)
-0.25132741228718340E+001 -0.12566370614359170E+001
( 0.64142679214227172E+000,-0.48767033237949157E-015)
-0.25132741228718340E+001 -0.62831853071795851E+000
( 0.54113566517345912E+000,-0.10729885519546592E-015)
-0.25132741228718340E+001  0.00000000000000000E+000
( 0.58383251594493035E+000, 0.95502736653779101E-017)
-0.25132741228718340E+001  0.62831853071795851E+000
( 0.59369363623147653E+000, 0.92844834840724460E-016)
-0.25132741228718340E+001  0.12566370614359170E+001
( 0.75449571739195320E+000,-0.16403017162971328E-015)
-0.25132741228718340E+001  0.18849555921538754E+001
( 0.92965803149664772E+000,-0.13781942785535050E-015)
-0.25132741228718340E+001  0.25132741228718340E+001
( 0.12501138577795476E+001,-0.22204460492503132E-016)
-0.25132741228718340E+001  0.31415926535897927E+001
( 0.15721912257323696E+001, 0.67698473245194333E-015)
-0.18849555921538754E+001 -0.25132741228718340E+001
( 0.99037374513244458E+000,-0.32065815946912847E-016)
-0.18849555921538754E+001 -0.18849555921538754E+001
( 0.85363675424600705E+000,-0.96871827711436392E-016)
-0.18849555921538754E+001 -0.12566370614359170E+001
( 0.53597858541913324E+000, 0.21528434838756816E-016)
-0.18849555921538754E+001 -0.62831853071795851E+000
( 0.50860464034375197E+000, 0.19152403226514671E-015)
-0.18849555921538754E+001  0.00000000000000000E+000
( 0.61601901923831426E+000,-0.40811572884011833E-015)
-0.18849555921538754E+001  0.62831853071795851E+000
( 0.52326117627244373E+000,-0.26383226165046159E-016)
-0.18849555921538754E+001  0.12566370614359170E+001
( 0.64392010719867387E+000, 0.31073138368206504E-015)
-0.18849555921538754E+001  0.18849555921538754E+001
( 0.76294910908993729E+000, 0.26645352591003756E-016)
-0.18849555921538754E+001  0.25132741228718340E+001
( 0.11236357356225943E+001,-0.39816256084674539E-016)
-0.18849555921538754E+001  0.31415926535897927E+001
( 0.90923539335260983E+000,-0.74061113900022245E-015)
-0.12566370614359170E+001 -0.25132741228718340E+001
( 0.81869587767223084E+000,-0.14572164079494327E-015)
-0.12566370614359170E+001 -0.18849555921538754E+001
( 0.69925260128226396E+000,-0.31762270343250699E-016)
-0.12566370614359170E+001 -0.12566370614359170E+001
( 0.46834374620488839E+000,-0.10601573833439525E-015)
-0.12566370614359170E+001 -0.62831853071795851E+000
( 0.51180855675836678E+000,-0.24910385674382376E-015)
-0.12566370614359170E+001  0.00000000000000000E+000
( 0.33169921203430619E+000, 0.10469520904895304E-015)
-0.12566370614359170E+001  0.62831853071795851E+000
( 0.43250239978553262E+000,-0.26437449786819222E-015)
-0.12566370614359170E+001  0.12566370614359170E+001
( 0.58448196182418433E+000,-0.21316282072803005E-015)
-0.12566370614359170E+001  0.18849555921538754E+001
( 0.55391033051487437E+000,-0.17750462072704626E-015)
-0.12566370614359170E+001  0.25132741228718340E+001
( 0.72401678859249241E+000, 0.13294392694020890E-015)
-0.12566370614359170E+001  0.31415926535897927E+001
( 0.70787123172671940E+000, 0.45190841721328177E-015)
-0.62831853071795851E+000 -0.25132741228718340E+001
( 0.54930147474710322E+000, 0.34809691956554122E-016)
-0.62831853071795851E+000 -0.18849555921538754E+001
( 0.52007764239669863E+000, 0.26701919793965737E-015)
-0.62831853071795851E+000 -0.12566370614359170E+001
( 0.53931585157474105E+000, 0.39554129658716942E-016)
-0.62831853071795851E+000 -0.62831853071795851E+000
( 0.27814897342973566E+000,-0.24396622940272455E-015)
-0.62831853071795851E+000  0.00000000000000000E+000
( 0.16650391028992848E+000, 0.12528807941554852E-015)
-0.62831853071795851E+000  0.62831853071795851E+000
( 0.39860682869372915E+000, 0.22204460492503132E-016)
-0.62831853071795851E+000  0.12566370614359170E+001
( 0.40661959700019756E+000, 0.86738813928167154E-016)
-0.62831853071795851E+000  0.18849555921538754E+001
( 0.46920127371743819E+000,-0.18025694819960102E-016)
-0.62831853071795851E+000  0.25132741228718340E+001
( 0.64849741283849971E+000,-0.52876805954218820E-016)
-0.62831853071795851E+000  0.31415926535897927E+001
( 0.50282569428336865E+000,-0.45075832983864191E-015)
 0.00000000000000000E+000 -0.25132741228718340E+001
( 0.68292348451116758E+000, 0.17820135596964484E-015)
 0.00000000000000000E+000 -0.18849555921538754E+001
( 0.44897333145254226E+000,-0.84790849099300596E-016)
 0.00000000000000000E+000 -0.12566370614359170E+001
( 0.34903119044990705E+000,-0.75212329659700757E-016)
 0.00000000000000000E+000 -0.62831853071795851E+000
( 0.43899211192338333E+000, 0.11754222260286165E-015)
 0.00000000000000000E+000  0.00000000000000000E+000
(-0.70920275033174787E-001, 0.00000000000000000E+000)
 0.00000000000000000E+000  0.62831853071795851E+000
( 0.43899211192338333E+000,-0.11754222260286165E-015)
 0.00000000000000000E+000  0.12566370614359170E+001
( 0.34903119044990705E+000, 0.75212329659700757E-016)
 0.00000000000000000E+000  0.18849555921538754E+001
( 0.44897333145254226E+000, 0.84790849099300596E-016)
 0.00000000000000000E+000  0.25132741228718340E+001
( 0.68292348451116758E+000,-0.17820135596964484E-015)
 0.00000000000000000E+000  0.31415926535897927E+001
( 0.63931853369364400E+000, 0.10086449431331662E-015)
 0.62831853071795851E+000 -0.25132741228718340E+001
( 0.64849741283849971E+000, 0.52876805954218820E-016)
 0.62831853071795851E+000 -0.18849555921538754E+001
( 0.46920127371743819E+000, 0.18025694819960102E-016)
 0.62831853071795851E+000 -0.12566370614359170E+001
( 0.40661959700019756E+000,-0.86738813928167154E-016)
 0.62831853071795851E+000 -0.62831853071795851E+000
( 0.39860682869372915E+000,-0.22204460492503132E-016)
 0.62831853071795851E+000  0.00000000000000000E+000
( 0.16650391028992848E+000,-0.12528807941554852E-015)
 0.62831853071795851E+000  0.62831853071795851E+000
( 0.27814897342973566E+000, 0.24396622940272455E-015)
 0.62831853071795851E+000  0.12566370614359170E+001
( 0.53931585157474105E+000,-0.39554129658716942E-016)
 0.62831853071795851E+000  0.18849555921538754E+001
( 0.52007764239669863E+000,-0.26701919793965737E-015)
 0.62831853071795851E+000  0.25132741228718340E+001
( 0.54930147474710322E+000,-0.34809691956554122E-016)
 0.62831853071795851E+000  0.31415926535897927E+001
( 0.50282569428336865E+000, 0.34278344898942963E-015)
 0.12566370614359170E+001 -0.25132741228718340E+001
( 0.72401678859249241E+000,-0.13294392694020890E-015)
 0.12566370614359170E+001 -0.18849555921538754E+001
( 0.55391033051487437E+000, 0.17750462072704626E-015)
 0.12566370614359170E+001 -0.12566370614359170E+001
( 0.58448196182418433E+000, 0.21316282072803005E-015)
 0.12566370614359170E+001 -0.62831853071795851E+000
( 0.43250239978553262E+000, 0.26437449786819222E-015)
 0.12566370614359170E+001  0.00000000000000000E+000
( 0.33169921203430619E+000,-0.10469520904895304E-015)
 0.12566370614359170E+001  0.62831853071795851E+000
( 0.51180855675836678E+000, 0.24910385674382376E-015)
 0.12566370614359170E+001  0.12566370614359170E+001
( 0.46834374620488839E+000, 0.10601573833439525E-015)
 0.12566370614359170E+001  0.18849555921538754E+001
( 0.69925260128226396E+000, 0.31762270343250699E-016)
 0.12566370614359170E+001  0.25132741228718340E+001
( 0.81869587767223084E+000, 0.14572164079494327E-015)
 0.12566370614359170E+001  0.31415926535897927E+001
( 0.70787123172671851E+000,-0.62810921149040497E-015)
 0.18849555921538754E+001 -0.25132741228718340E+001
( 0.11236357356225943E+001, 0.39816256084674539E-016)
 0.18849555921538754E+001 -0.18849555921538754E+001
( 0.76294910908993729E+000,-0.26645352591003756E-016)
 0.18849555921538754E+001 -0.12566370614359170E+001
( 0.64392010719867387E+000,-0.31073138368206504E-015)
 0.18849555921538754E+001 -0.62831853071795851E+000
( 0.52326117627244373E+000, 0.26383226165046159E-016)
 0.18849555921538754E+001  0.00000000000000000E+000
( 0.61601901923831426E+000, 0.40811572884011833E-015)
 0.18849555921538754E+001  0.62831853071795851E+000
( 0.50860464034375197E+000,-0.19152403226514671E-015)
 0.18849555921538754E+001  0.12566370614359170E+001
( 0.53597858541913324E+000,-0.21528434838756816E-016)
 0.18849555921538754E+001  0.18849555921538754E+001
( 0.85363675424600705E+000, 0.96871827711436392E-016)
 0.18849555921538754E+001  0.25132741228718340E+001
( 0.99037374513244458E+000, 0.32065815946912847E-016)
 0.18849555921538754E+001  0.31415926535897927E+001
( 0.90923539335260928E+000, 0.11743836749903821E-014)
 0.25132741228718340E+001 -0.25132741228718340E+001
( 0.12501138577795476E+001, 0.22204460492503132E-016)
 0.25132741228718340E+001 -0.18849555921538754E+001
( 0.92965803149664772E+000, 0.13781942785535050E-015)
 0.25132741228718340E+001 -0.12566370614359170E+001
( 0.75449571739195320E+000, 0.16403017162971328E-015)
 0.25132741228718340E+001 -0.62831853071795851E+000
( 0.59369363623147653E+000,-0.92844834840724460E-016)
 0.25132741228718340E+001  0.00000000000000000E+000
( 0.58383251594493035E+000,-0.95502736653779101E-017)
 0.25132741228718340E+001  0.62831853071795851E+000
( 0.54113566517345912E+000, 0.10729885519546592E-015)
 0.25132741228718340E+001  0.12566370614359170E+001
( 0.64142679214227172E+000, 0.48767033237949157E-015)
 0.25132741228718340E+001  0.18849555921538754E+001
( 0.94572709213497708E+000,-0.74515594417102177E-016)
 0.25132741228718340E+001  0.25132741228718340E+001
( 0.15023282441651671E+001,-0.12103543071875649E-015)
 0.25132741228718340E+001  0.31415926535897927E+001
( 0.15721912257323702E+001,-0.79989482154705897E-015)
 0.31415926535897927E+001 -0.25132741228718340E+001
( 0.15828664147896223E+001, 0.97714803447196892E-015)
 0.31415926535897927E+001 -0.18849555921538754E+001
( 0.89910121603894322E+000,-0.10838812176378149E-014)
 0.31415926535897927E+001 -0.12566370614359170E+001
( 0.69219454634459143E+000, 0.78649321984010420E-015)
 0.31415926535897927E+001 -0.62831853071795851E+000
( 0.68051003691917833E+000,-0.51126826335719178E-015)
 0.31415926535897927E+001  0.00000000000000000E+000
( 0.64875676005822969E+000, 0.10836473352270739E-015)
 0.31415926535897927E+001  0.62831853071795851E+000
( 0.68051003691917833E+000, 0.33223910893196962E-015)
 0.31415926535897927E+001  0.12566370614359170E+001
( 0.69219454634459143E+000,-0.96269401411722751E-015)
 0.31415926535897927E+001  0.18849555921538754E+001
( 0.89910121603894355E+000, 0.10469191911869083E-014)
 0.31415926535897927E+001  0.25132741228718340E+001
( 0.15828664147896234E+001,-0.97571314480906712E-015)
 0.31415926535897927E+001  0.31415926535897927E+001
( 0.66081162350241645E+001, 0.22395437891102120E-014)
