          11           9   2.0000000000000000                1
     0.0000000        0.31159719        0.00426218
     0.1000000        0.19360446        0.00215472
     0.2000000        0.12658615        0.00187095
     0.3000000        0.08319026        0.00208998
     0.4000000        0.06120667        0.00217852
     0.5000000        0.04704105        0.00213464
     0.6000000        0.03199767        0.00172922
     0.7000000        0.02519360        0.00153806
     0.8000000        0.02043140        0.00262850
     0.9000000        0.02029142        0.00232088
     1.0000000        0.02237758        0.00322989
