          51           4   10.000000000000000                1
     0.0000000        3.60231351        0.69892064
     0.1000000        3.46049771        0.82854339
     0.2000000        3.18952044        0.69174457
     0.3000000        3.36923347        0.90249324
     0.4000000        3.64347944        1.32090735
     0.5000000        3.40259608        1.31405408
     0.6000000        3.01106587        0.87628006
     0.7000000        3.16681929        0.91493549
     0.8000000        2.85499408        0.88061516
     0.9000000        2.54708962        0.78760890
     1.0000000        2.43268567        0.72017500
     1.1000000        2.26584337        0.55264043
     1.2000000        1.91205771        0.41055293
     1.3000000        1.73397474        0.19696505
     1.4000000        1.93910314        0.38950765
     1.5000000        1.95495212        0.25204526
     1.6000000        2.25922179        0.22611810
     1.7000000        1.72519451        0.36201654
     1.8000000        1.66845468        0.64379479
     1.9000000        1.54489148        0.42577654
     2.0000000        1.50757496        0.53566779
     2.1000000        1.43519175        0.37216124
     2.2000000        1.13444260        0.17311013
     2.3000000        1.22572546        0.32770679
     2.4000000        1.10922360        0.37868568
     2.5000000        0.91512675        0.31717815
     2.6000000        1.09342720        0.39544106
     2.7000000        1.11037792        0.23283206
     2.8000000        1.17870725        0.41092801
     2.9000000        0.78434112        0.28096078
     3.0000000        0.80996907        0.19208831
     3.1000000        1.03876760        0.26818642
     3.2000000        0.61490127        0.16735133
     3.3000000        0.62884697        0.19656382
     3.4000000        0.59708302        0.17628766
     3.5000000        0.66277689        0.27428229
     3.6000000        0.65074317        0.33179316
     3.7000000        0.45952037        0.14626905
     3.8000000        0.43129534        0.11098866
     3.9000000        0.50592267        0.17689017
     4.0000000        0.47259311        0.15947425
     4.1000000        0.57817765        0.22236057
     4.2000000        0.46843590        0.14672934
     4.3000000        0.55053121        0.21503469
     4.4000000        0.44365013        0.14542937
     4.5000000        0.44018294        0.13918460
     4.6000000        0.52092628        0.16923337
     4.7000000        0.45057375        0.10948930
     4.8000000        0.55993584        0.25883453
     4.9000000        0.59017296        0.19626762
     5.0000000        0.71852522        0.38044667
