          41           4   8.0000000000000000                1
     0.0000000        0.31923592        0.04170436
     0.1000000        0.16940204        0.04093319
     0.2000000        0.09109090        0.03678845
     0.3000000        0.05016463        0.03088649
     0.4000000        0.03208527        0.02512545
     0.5000000        0.02345808        0.02037275
     0.6000000        0.01549659        0.01797143
     0.7000000        0.00661724        0.01812346
     0.8000000       -0.00152178        0.01844278
     0.9000000       -0.00287431        0.01535362
     1.0000000       -0.00269560        0.00903069
     1.1000000       -0.00400957        0.00602098
     1.2000000       -0.00506795        0.00710881
     1.3000000       -0.00795312        0.00731004
     1.4000000       -0.00979360        0.00804263
     1.5000000       -0.00859544        0.00881467
     1.6000000       -0.00455824        0.00937855
     1.7000000       -0.00304615        0.01063557
     1.8000000       -0.00579517        0.01035327
     1.9000000       -0.00520987        0.00967879
     2.0000000       -0.00094020        0.00837663
     2.1000000       -0.00048123        0.00690301
     2.2000000        0.00053221        0.00677313
     2.3000000        0.00121386        0.00737782
     2.4000000       -0.00027686        0.00742763
     2.5000000        0.00132845        0.00670471
     2.6000000        0.00242545        0.00558222
     2.7000000        0.00035738        0.00720127
     2.8000000       -0.00328446        0.00740805
     2.9000000       -0.00184628        0.00957181
     3.0000000        0.00121089        0.01317636
     3.1000000       -0.00046620        0.01706633
     3.2000000       -0.00044766        0.02014709
     3.3000000        0.00818125        0.02182091
     3.4000000        0.01699873        0.02212643
     3.5000000        0.01936725        0.02083615
     3.6000000        0.02027640        0.01861177
     3.7000000        0.02257763        0.01529022
     3.8000000        0.02246353        0.01405267
     3.9000000        0.02324148        0.01559610
     4.0000000        0.02617260        0.01649016
