          26           4   5.0000000000000000                1
     0.0000000        1.70373846        0.35943895
     0.1000000        1.53128052        0.35009488
     0.2000000        1.39369814        0.35233201
     0.3000000        1.26959804        0.36515307
     0.4000000        1.16384661        0.37603963
     0.5000000        1.07334849        0.38814012
     0.6000000        0.99320234        0.39225173
     0.7000000        0.95335769        0.39170028
     0.8000000        0.91666646        0.39109409
     0.9000000        0.85060757        0.37514646
     1.0000000        0.78766744        0.35322586
     1.1000000        0.75213769        0.34481980
     1.2000000        0.74411900        0.34940438
     1.3000000        0.72929257        0.35662828
     1.4000000        0.69869221        0.35788466
     1.5000000        0.65724237        0.35331346
     1.6000000        0.61977286        0.35319491
     1.7000000        0.59223304        0.34966622
     1.8000000        0.55046487        0.32334979
     1.9000000        0.51193862        0.29468477
     2.0000000        0.49317733        0.28759459
     2.1000000        0.46665710        0.27886675
     2.2000000        0.43010093        0.27130814
     2.3000000        0.43243803        0.29033030
     2.4000000        0.46230080        0.32336798
     2.5000000        0.47455479        0.33996989
