           9           4   2.0000000000000000                1
     0.0000000        1.52207845        0.01271369
     0.1250000        0.80231270        0.01421968
     0.2500000        0.47086995        0.01043769
     0.3750000        0.30998437        0.01316770
     0.5000000        0.23656763        0.01244264
     0.6250000        0.18600414        0.00708789
     0.7500000        0.15655336        0.00620052
     0.8750000        0.14879551        0.00678159
     1.0000000        0.14159995        0.00535606
