          51           4   10.000000000000000                1
     0.0000000        0.16381585        0.00159167
     0.1000000        0.10852674        0.00246832
     0.2000000        0.07256682        0.00293325
     0.3000000        0.04866066        0.00300904
     0.4000000        0.03233408        0.00285205
     0.5000000        0.02119379        0.00286595
     0.6000000        0.01399424        0.00272605
     0.7000000        0.00935119        0.00216105
     0.8000000        0.00605945        0.00156303
     0.9000000        0.00380215        0.00111304
     1.0000000        0.00240651        0.00087846
     1.1000000        0.00160331        0.00072016
     1.2000000        0.00108350        0.00062088
     1.3000000        0.00078417        0.00061412
     1.4000000        0.00062731        0.00056757
     1.5000000        0.00042954        0.00045926
     1.6000000        0.00027136        0.00040872
     1.7000000        0.00022286        0.00040559
     1.8000000        0.00018922        0.00037530
     1.9000000        0.00017208        0.00032493
     2.0000000        0.00017477        0.00029532
     2.1000000        0.00015670        0.00027371
     2.2000000        0.00013654        0.00025255
     2.3000000        0.00012466        0.00023482
     2.4000000        0.00010159        0.00019639
     2.5000000        0.00007957        0.00017582
     2.6000000        0.00007050        0.00017656
     2.7000000        0.00006427        0.00016613
     2.8000000        0.00006646        0.00016411
     2.9000000        0.00007602        0.00016565
     3.0000000        0.00009938        0.00016674
     3.1000000        0.00011635        0.00015693
     3.2000000        0.00011210        0.00012386
     3.3000000        0.00009753        0.00008039
     3.4000000        0.00007402        0.00004484
     3.5000000        0.00005871        0.00003484
     3.6000000        0.00003948        0.00003397
     3.7000000        0.00001788        0.00003212
     3.8000000        0.00000746        0.00003180
     3.9000000        0.00001038        0.00003777
     4.0000000        0.00003390        0.00006106
     4.1000000        0.00004770        0.00007685
     4.2000000        0.00004793        0.00007930
     4.3000000        0.00004843        0.00007292
     4.4000000        0.00005060        0.00005726
     4.5000000        0.00005051        0.00004578
     4.6000000        0.00004928        0.00004012
     4.7000000        0.00004450        0.00003195
     4.8000000        0.00003344        0.00003006
     4.9000000        0.00002330        0.00003186
     5.0000000        0.00001758        0.00003136
