          31           9   6.0000000000000000                1
     0.0000000        0.33203529        0.01451483
     0.1000000        0.18607584        0.00642429
     0.2000000        0.10364730        0.00430623
     0.3000000        0.06067189        0.00445747
     0.4000000        0.03605614        0.00339128
     0.5000000        0.01957660        0.00344182
     0.6000000        0.01352436        0.00347294
     0.7000000        0.00797205        0.00321067
     0.8000000        0.01293463        0.00120665
     0.9000000        0.00777210        0.00207317
     1.0000000        0.00694090        0.00289507
     1.1000000        0.00441516        0.00187640
     1.2000000        0.00275117        0.00290119
     1.3000000        0.00313450        0.00219815
     1.4000000        0.00146855        0.00209745
     1.5000000        0.00483035        0.00273510
     1.6000000        0.00097437        0.00200779
     1.7000000        0.00265875        0.00194368
     1.8000000        0.00297094        0.00159929
     1.9000000        0.00502729        0.00220320
     2.0000000        0.00091684        0.00334954
     2.1000000       -0.00027040        0.00229008
     2.2000000       -0.00047794        0.00404386
     2.3000000       -0.00281183        0.00280922
     2.4000000       -0.00492443        0.00329371
     2.5000000        0.00009914        0.00298001
     2.6000000       -0.00187923        0.00366015
     2.7000000        0.00004140        0.00158925
     2.8000000       -0.00043395        0.00352830
     2.9000000        0.00203370        0.00338023
     3.0000000       -0.00169921        0.00414770
