          51           9   10.000000000000000                1
     0.0000000        0.17819373        0.00566895
     0.1000000        0.12185370        0.00558863
     0.2000000        0.08477158        0.00535865
     0.3000000        0.06053223        0.00503951
     0.4000000        0.04450570        0.00500872
     0.5000000        0.03369279        0.00524097
     0.6000000        0.02677899        0.00533665
     0.7000000        0.02220999        0.00524723
     0.8000000        0.01924922        0.00511852
     0.9000000        0.01672137        0.00495183
     1.0000000        0.01386491        0.00497906
     1.1000000        0.01099132        0.00520742
     1.2000000        0.00876617        0.00544749
     1.3000000        0.00767201        0.00551810
     1.4000000        0.00715642        0.00533299
     1.5000000        0.00673963        0.00491976
     1.6000000        0.00646075        0.00448190
     1.7000000        0.00574871        0.00416619
     1.8000000        0.00414269        0.00397289
     1.9000000        0.00247157        0.00410956
     2.0000000        0.00133698        0.00436989
     2.1000000        0.00053276        0.00463715
     2.2000000        0.00002170        0.00479776
     2.3000000       -0.00001396        0.00490462
     2.4000000        0.00042530        0.00507262
     2.5000000        0.00069390        0.00523626
     2.6000000        0.00018226        0.00495488
     2.7000000       -0.00004604        0.00444670
     2.8000000        0.00043273        0.00432110
     2.9000000        0.00060062        0.00458500
     3.0000000        0.00058952        0.00473720
     3.1000000        0.00118173        0.00454329
     3.2000000        0.00178527        0.00461814
     3.3000000        0.00175943        0.00471493
     3.4000000        0.00094221        0.00459550
     3.5000000       -0.00078221        0.00440944
     3.6000000       -0.00196697        0.00399949
     3.7000000       -0.00248992        0.00385098
     3.8000000       -0.00326781        0.00391341
     3.9000000       -0.00385323        0.00398324
     4.0000000       -0.00477589        0.00427348
     4.1000000       -0.00610488        0.00447811
     4.2000000       -0.00708730        0.00426735
     4.3000000       -0.00855593        0.00430584
     4.4000000       -0.00964998        0.00442562
     4.5000000       -0.00963859        0.00414641
     4.6000000       -0.00957323        0.00397654
     4.7000000       -0.00968239        0.00423734
     4.8000000       -0.01052718        0.00487812
     4.9000000       -0.01167323        0.00570982
     5.0000000       -0.01211868        0.00613929
