          51           4   10.000000000000000                1
     0.0000000        0.28973696        0.03602597
     0.1000000        0.17366121        0.01163948
     0.2000000        0.12315266        0.00771297
     0.3000000        0.08923979        0.01595269
     0.4000000        0.03987051        0.00534859
     0.5000000        0.03241240        0.00560553
     0.6000000        0.02423801        0.01031500
     0.7000000        0.00309342        0.01606872
     0.8000000       -0.00049771        0.00877101
     0.9000000        0.00035995        0.00361896
     1.0000000        0.00146324        0.00367588
     1.1000000       -0.01111415        0.00483815
     1.2000000       -0.00728849        0.00824884
     1.3000000        0.00422300        0.00327353
     1.4000000        0.01416457        0.01750505
     1.5000000        0.00766600        0.01578382
     1.6000000        0.00140579        0.00632127
     1.7000000       -0.00067310        0.01427997
     1.8000000        0.00724100        0.00957293
     1.9000000        0.02034826        0.01851122
     2.0000000       -0.00002035        0.01380138
     2.1000000        0.01307411        0.01207633
     2.2000000       -0.00848773        0.00581631
     2.3000000       -0.00375831        0.01006059
     2.4000000        0.00379785        0.00903590
     2.5000000        0.00365472        0.00631117
     2.6000000        0.00212591        0.01112354
     2.7000000        0.01226297        0.01137349
     2.8000000       -0.00405355        0.00588997
     2.9000000       -0.00273434        0.01108739
     3.0000000        0.00713770        0.01375623
     3.1000000       -0.01149098        0.01745050
     3.2000000       -0.00020299        0.00822833
     3.3000000        0.01306114        0.00425579
     3.4000000        0.00117931        0.00532287
     3.5000000        0.00327154        0.00779986
     3.6000000       -0.01220178        0.00862746
     3.7000000       -0.00171928        0.01001745
     3.8000000        0.00568371        0.00597903
     3.9000000        0.00166955        0.01197149
     4.0000000       -0.00701859        0.01999636
     4.1000000       -0.00334465        0.01282979
     4.2000000        0.00158406        0.00870725
     4.3000000        0.01689143        0.01252975
     4.4000000        0.01140684        0.00681065
     4.5000000        0.00869937        0.01324442
     4.6000000       -0.00180996        0.02372529
     4.7000000       -0.00355944        0.01779278
     4.8000000       -0.00649578        0.00659344
     4.9000000       -0.00189863        0.00481848
     5.0000000        0.00831010        0.01949577
