          51           4   10.000000000000000                1
     0.0000000        0.25752527        0.00773343
     0.1000000        0.15492408        0.00652454
     0.2000000        0.09737988        0.00539984
     0.3000000        0.06486032        0.00490589
     0.4000000        0.04261121        0.00482953
     0.5000000        0.02882463        0.00447482
     0.6000000        0.01994214        0.00481254
     0.7000000        0.01399097        0.00427489
     0.8000000        0.00836609        0.00788185
     0.9000000        0.00544898        0.00668866
     1.0000000        0.00574117        0.00486659
     1.1000000        0.00434403        0.00381602
     1.2000000        0.00465550        0.00153617
     1.3000000        0.00350875        0.00240769
     1.4000000        0.00339290        0.00124988
     1.5000000        0.00512756        0.00242758
     1.6000000        0.00580987        0.00355074
     1.7000000        0.00315721        0.00630913
     1.8000000        0.00196254        0.00439452
     1.9000000        0.00146814        0.00228595
     2.0000000        0.00279621        0.00313538
     2.1000000        0.00601915        0.00375606
     2.2000000        0.00496199        0.00626006
     2.3000000        0.00705980        0.00487259
     2.4000000        0.00777741        0.00667255
     2.5000000        0.00438231        0.00863337
     2.6000000        0.00686975        0.00813203
     2.7000000        0.00592668        0.00871642
     2.8000000        0.00552748        0.00624341
     2.9000000        0.00446693        0.00625203
     3.0000000        0.00544548        0.00615108
     3.1000000        0.00362347        0.00618329
     3.2000000        0.00404740        0.00416229
     3.3000000        0.00706407        0.00465577
     3.4000000        0.00675867        0.00621615
     3.5000000        0.00534705        0.00733517
     3.6000000        0.00377783        0.00648742
     3.7000000        0.00198356        0.00513421
     3.8000000        0.00154543        0.00538170
     3.9000000       -0.00028829        0.00559052
     4.0000000       -0.00170009        0.00347423
     4.1000000        0.00004257        0.00402566
     4.2000000        0.00033137        0.00372690
     4.3000000        0.00234478        0.00566128
     4.4000000        0.00433795        0.00551769
     4.5000000        0.00602613        0.00522898
     4.6000000        0.00092089        0.00556040
     4.7000000       -0.00011620        0.00355127
     4.8000000       -0.00037327        0.00696965
     4.9000000       -0.00110413        0.00657461
     5.0000000       -0.00192314        0.00721433
