          31           4   6.0000000000000000                1
     0.0000000        0.96689722        0.09595090
     0.1000000        0.64184068        0.05560164
     0.2000000        0.45307769        0.02085235
     0.3000000        0.33487346        0.01970343
     0.4000000        0.23746810        0.01865767
     0.5000000        0.18288227        0.01339264
     0.6000000        0.11612401        0.00893335
     0.7000000        0.08679783        0.01272653
     0.8000000        0.10933505        0.01877768
     0.9000000        0.05588753        0.01245030
     1.0000000        0.04796963        0.03527933
     1.1000000        0.06183817        0.02201333
     1.2000000        0.08116362        0.03683217
     1.3000000        0.05479582        0.01116927
     1.4000000        0.04102051        0.03121859
     1.5000000        0.04980087        0.00943714
     1.6000000        0.00317233        0.03207158
     1.7000000       -0.01591699        0.02754895
     1.8000000       -0.00522239        0.01241435
     1.9000000       -0.00052971        0.02064349
     2.0000000        0.02131787        0.01760752
     2.1000000        0.01067399        0.02839962
     2.2000000        0.00692653        0.03866166
     2.3000000        0.01781020        0.03503384
     2.4000000        0.00687754        0.03128200
     2.5000000       -0.01604991        0.03546081
     2.6000000       -0.01543168        0.02115356
     2.7000000       -0.00310804        0.01262910
     2.8000000       -0.01157913        0.00588678
     2.9000000       -0.02165474        0.03400310
     3.0000000       -0.02007095        0.00794526
