          21           4   4.0000000000000000                1
     0.0000000        0.37785849        0.03662672
     0.1000000        0.23158469        0.01375615
     0.2000000        0.13853727        0.01784800
     0.3000000        0.08579295        0.01676568
     0.4000000        0.07089404        0.01226133
     0.5000000        0.05694167        0.01020069
     0.6000000        0.03349230        0.01737631
     0.7000000        0.03457924        0.02471201
     0.8000000        0.01943418        0.02463842
     0.9000000        0.00874004        0.02468019
     1.0000000        0.01125776        0.02250600
     1.1000000        0.01948648        0.02175991
     1.2000000        0.01057737        0.02495021
     1.3000000        0.01146603        0.01415513
     1.4000000        0.02161758        0.01105035
     1.5000000        0.00630189        0.01664094
     1.6000000       -0.00298567        0.01846328
     1.7000000       -0.00493571        0.01308005
     1.8000000       -0.01791107        0.01506776
     1.9000000       -0.02557764        0.02030937
     2.0000000       -0.01938557        0.03244930
