          21           4   4.0000000000000000                1
     0.0000000        0.60028678        0.01744419
     0.1000000        0.49904528        0.01548074
     0.2000000        0.42088836        0.01317190
     0.3000000        0.35946935        0.01115704
     0.4000000        0.31015225        0.01009226
     0.5000000        0.27120874        0.01041240
     0.6000000        0.23950134        0.01093616
     0.7000000        0.21164933        0.01010020
     0.8000000        0.18805748        0.00868244
     0.9000000        0.16879711        0.00815963
     1.0000000        0.15289176        0.00860345
     1.1000000        0.14036023        0.00933712
     1.2000000        0.12997395        0.00983063
     1.3000000        0.12038083        0.01008243
     1.4000000        0.11239169        0.01017374
     1.5000000        0.10638030        0.00992642
     1.6000000        0.10155405        0.00963243
     1.7000000        0.09788682        0.00970442
     1.8000000        0.09522350        0.01053545
     1.9000000        0.09341407        0.01171301
     2.0000000        0.09278143        0.01224629
