          21           4   5.0000000000000000                1
     0.0000000        1.07542031        0.34260573
     0.1250000        0.71462353        0.17121301
     0.2500000        0.09540275        0.31557260
     0.3750000        1.18361974        1.04881899
     0.5000000        0.15922713        0.08304744
     0.6250000        0.00219672        0.23021813
     0.7500000        0.23301022        0.09631083
     0.8750000       -0.37072425        0.66267213
     1.0000000        0.15816667        0.11664787
     1.1250000        0.15555534        0.08421014
     1.2500000        0.03260048        0.18197037
     1.3750000        0.41281036        0.35779417
     1.5000000        0.09651238        0.06416667
     1.6250000        0.05966506        0.07895641
     1.7500000        0.13308468        0.03400726
     1.8750000        0.11819331        0.01787055
     2.0000000       -0.03725887        0.07522824
     2.1250000        0.03840782        0.26702761
     2.2500000        0.11508076        0.18620706
     2.3750000        0.27228524        0.26916707
     2.5000000        0.35332068        0.32567928
