          61           9   6.0000000000000000                1
     0.0000000        0.75541387        0.01118922
     0.1000000        0.65579213        0.01075872
     0.2000000        0.58603164        0.01063723
     0.3000000        0.53938439        0.01170465
     0.4000000        0.50436749        0.01133828
     0.5000000        0.46097444        0.01253243
     0.6000000        0.42775856        0.00905723
     0.7000000        0.39154415        0.00662340
     0.8000000        0.37156240        0.00715488
     0.9000000        0.34129477        0.00851121
     1.0000000        0.32590635        0.00894405
     1.1000000        0.30448256        0.00845800
     1.2000000        0.28597198        0.00870379
     1.3000000        0.27332421        0.00586040
     1.4000000        0.26604523        0.00724543
     1.5000000        0.25419165        0.00988741
     1.6000000        0.25629851        0.01105693
     1.7000000        0.25127185        0.01005292
     1.8000000        0.24687068        0.00918985
     1.9000000        0.23801157        0.00898803
     2.0000000        0.23881709        0.01073169
     2.1000000        0.23714292        0.00955380
     2.2000000        0.23301156        0.01094895
     2.3000000        0.23379728        0.01264785
     2.4000000        0.22723084        0.01371780
     2.5000000        0.21945854        0.01120971
     2.6000000        0.22360557        0.01423593
     2.7000000        0.22010958        0.01472696
     2.8000000        0.22570633        0.01572900
     2.9000000        0.24210280        0.01671695
     3.0000000        0.23376007        0.01589930
     3.1000000        0.23492434        0.01333238
     3.2000000        0.24602595        0.01110415
     3.3000000        0.25736143        0.01126943
     3.4000000        0.26354060        0.00945167
     3.5000000        0.27342753        0.01182259
     3.6000000        0.28822858        0.01129707
     3.7000000        0.30062229        0.00878342
     3.8000000        0.32190774        0.00595132
     3.9000000        0.32783755        0.00580336
     4.0000000        0.32609059        0.00367920
     4.1000000        0.34180958        0.00627197
     4.2000000        0.36254945        0.00765589
     4.3000000        0.38234672        0.00933589
     4.4000000        0.40046925        0.00923331
     4.5000000        0.42033558        0.01062130
     4.6000000        0.44359942        0.00844648
     4.7000000        0.46783907        0.00979805
     4.8000000        0.49665275        0.00901483
     4.9000000        0.52129285        0.01196380
     5.0000000        0.55882001        0.01059037
     5.1000000        0.59973773        0.01258724
     5.2000000        0.63811050        0.01440521
     5.3000000        0.68071112        0.01309956
     5.4000000        0.72709321        0.01276509
     5.5000000        0.78151422        0.01142373
     5.6000000        0.84812599        0.01204210
     5.7000000        0.91240126        0.01079887
     5.8000000        1.00518355        0.01349299
     5.9000000        1.10721862        0.01109779
     6.0000000        1.24458613        0.01118922
