          51           9   10.000000000000000                1
     0.0000000        0.19703032        0.00580227
     0.1000000        0.12637171        0.00589508
     0.2000000        0.08218661        0.00575311
     0.3000000        0.05471977        0.00522741
     0.4000000        0.03730986        0.00480004
     0.5000000        0.02549205        0.00460366
     0.6000000        0.01777685        0.00462910
     0.7000000        0.01216623        0.00483072
     0.8000000        0.00791216        0.00480565
     0.9000000        0.00600770        0.00461613
     1.0000000        0.00531979        0.00461661
     1.1000000        0.00506956        0.00490970
     1.2000000        0.00444557        0.00492068
     1.3000000        0.00295477        0.00461443
     1.4000000        0.00136439        0.00427321
     1.5000000        0.00005370        0.00405646
     1.6000000       -0.00092173        0.00383431
     1.7000000       -0.00085393        0.00351040
     1.8000000       -0.00069087        0.00340890
     1.9000000       -0.00093823        0.00348621
     2.0000000       -0.00105366        0.00346822
     2.1000000       -0.00156535        0.00370788
     2.2000000       -0.00261234        0.00421547
     2.3000000       -0.00310790        0.00424928
     2.4000000       -0.00322798        0.00414249
     2.5000000       -0.00378989        0.00413290
     2.6000000       -0.00442733        0.00416472
     2.7000000       -0.00399706        0.00409380
     2.8000000       -0.00299711        0.00374753
     2.9000000       -0.00218507        0.00356562
     3.0000000       -0.00111138        0.00334598
     3.1000000        0.00042365        0.00304785
     3.2000000        0.00171272        0.00277293
     3.3000000        0.00203595        0.00261416
     3.4000000        0.00207652        0.00270068
     3.5000000        0.00202036        0.00301782
     3.6000000        0.00213267        0.00332615
     3.7000000        0.00228024        0.00369077
     3.8000000        0.00187888        0.00417702
     3.9000000        0.00124253        0.00450209
     4.0000000        0.00050111        0.00474742
     4.1000000        0.00008704        0.00488805
     4.2000000       -0.00024825        0.00525012
     4.3000000       -0.00105065        0.00569492
     4.4000000       -0.00207956        0.00598057
     4.5000000       -0.00293716        0.00611682
     4.6000000       -0.00351714        0.00607870
     4.7000000       -0.00424638        0.00624881
     4.8000000       -0.00506492        0.00646610
     4.9000000       -0.00481888        0.00636101
     5.0000000       -0.00427579        0.00628420
