          11           4   2.0000000000000000                1
     0.0000000        1.11561691        0.03066968
     0.1000000        0.75689634        0.00753809
     0.2000000        0.53119816        0.00870280
     0.3000000        0.40412010        0.01190818
     0.4000000        0.31951681        0.00898100
     0.5000000        0.29091996        0.01525547
     0.6000000        0.24953458        0.00980273
     0.7000000        0.22246805        0.00805256
     0.8000000        0.21171844        0.00968534
     0.9000000        0.20946342        0.01967140
     1.0000000        0.20873416        0.02680045
