         2 (-0.67376886311056827E+000, 0.00000000000000000E+000)  0.10000000000000000E+001
         2 (-0.68070059036489683E+000, 0.00000000000000000E+000)  0.10000000000000000E+001
         2 (-0.67943988581571946E+000, 0.00000000000000000E+000)  0.10000000000000000E+001
         2 (-0.68000192215143684E+000, 0.00000000000000000E+000)  0.10000000000000000E+001
         2 (-0.67954087988975331E+000, 0.00000000000000000E+000)  0.10000000000000000E+001
         2 (-0.67954857874418506E+000, 0.00000000000000000E+000)  0.10000000000000000E+001
         2 (-0.67885342360020573E+000, 0.00000000000000000E+000)  0.10000000000000000E+001
         2 (-0.67723072177262722E+000, 0.00000000000000000E+000)  0.10000000000000000E+001
         2 (-0.68359973148079001E+000, 0.00000000000000000E+000)  0.10000000000000000E+001
         2 (-0.67744185497834086E+000, 0.00000000000000000E+000)  0.10000000000000000E+001
