          11           4   2.0000000000000000                1
     0.0000000        0.83545373        0.09940895
     0.1000000        0.74898594        0.09524589
     0.2000000        0.69986650        0.09002438
     0.3000000        0.67395154        0.08573577
     0.4000000        0.65388966        0.08831346
     0.5000000        0.63556456        0.09469117
     0.6000000        0.62351947        0.09846461
     0.7000000        0.60908784        0.10260830
     0.8000000        0.59747390        0.10563475
     0.9000000        0.59915195        0.10737027
     1.0000000        0.60299240        0.10801592
