   -3.000000     -3.000000
  1    1       -0.00145420        0.00019891        0.00000000        0.00000000
   -3.000000     -2.000000
  1    1       -0.00327076        0.00020863       -0.00000000        0.00000000
   -3.000000     -1.000000
  1    1       -0.00250987        0.00018999        0.00000000        0.00000000
   -3.000000      0.000000
  1    1       -0.00172412        0.00014218       -0.00000000        0.00000000
   -3.000000      1.000000
  1    1       -0.00264445        0.00019545        0.00000000        0.00000000
   -3.000000      2.000000
  1    1       -0.00340607        0.00016957        0.00000000        0.00000000
   -3.000000      3.000000
  1    1       -0.00122096        0.00017184        0.00000000        0.00000000
   -3.000000      4.000000
  1    1       -0.00249223        0.00024348        0.00000000        0.00000000
   -2.000000     -3.000000
  1    1       -0.00106363        0.00016446       -0.00000000        0.00000000
   -2.000000     -2.000000
  1    1       -0.00566543        0.00018762        0.00000000        0.00000000
   -2.000000     -1.000000
  1    1       -0.00882107        0.00023658       -0.00000000        0.00000000
   -2.000000      0.000000
  1    1       -0.00280675        0.00030507        0.00000000        0.00000000
   -2.000000      1.000000
  1    1       -0.00886616        0.00025423       -0.00000000        0.00000000
   -2.000000      2.000000
  1    1       -0.00545842        0.00027317       -0.00000000        0.00000000
   -2.000000      3.000000
  1    1       -0.00121420        0.00011024       -0.00000000        0.00000000
   -2.000000      4.000000
  1    1       -0.00093125        0.00031017       -0.00000000        0.00000000
   -1.000000     -3.000000
  1    1        0.00056019        0.00023330        0.00000000        0.00000000
   -1.000000     -2.000000
  1    1       -0.00473813        0.00022188       -0.00000000        0.00000000
   -1.000000     -1.000000
  1    1       -0.03870122        0.00030826        0.00000000        0.00000000
   -1.000000      0.000000
  1    1       -0.08623040        0.00050889       -0.00000000        0.00000000
   -1.000000      1.000000
  1    1       -0.03904736        0.00029329        0.00000000        0.00000000
   -1.000000      2.000000
  1    1       -0.00497145        0.00031725        0.00000000        0.00000000
   -1.000000      3.000000
  1    1        0.00061123        0.00013907       -0.00000000        0.00000000
   -1.000000      4.000000
  1    1        0.00118511        0.00027219        0.00000000        0.00000000
    0.000000     -3.000000
  1    1        0.00115009        0.00018779       -0.00000000        0.00000000
    0.000000     -2.000000
  1    1        0.00798885        0.00022543        0.00000000        0.00000000
    0.000000     -1.000000
  1    1       -0.09474912        0.00043939       -0.00000000        0.00000000
    0.000000      0.000000
  1    1        0.76986802        0.00241301       -0.00000000        0.00000000
    0.000000      1.000000
  1    1       -0.09474912        0.00043939        0.00000000        0.00000000
    0.000000      2.000000
  1    1        0.00798885        0.00022543       -0.00000000        0.00000000
    0.000000      3.000000
  1    1        0.00115009        0.00018779        0.00000000        0.00000000
    0.000000      4.000000
  1    1        0.00041152        0.00040246       -0.00000000        0.00000000
    1.000000     -3.000000
  1    1        0.00061123        0.00013907        0.00000000        0.00000000
    1.000000     -2.000000
  1    1       -0.00497145        0.00031725       -0.00000000        0.00000000
    1.000000     -1.000000
  1    1       -0.03904736        0.00029329        0.00000000        0.00000000
    1.000000      0.000000
  1    1       -0.08631586        0.00054375        0.00000000        0.00000000
    1.000000      1.000000
  1    1       -0.03870122        0.00030826       -0.00000000        0.00000000
    1.000000      2.000000
  1    1       -0.00473813        0.00022188        0.00000000        0.00000000
    1.000000      3.000000
  1    1        0.00056019        0.00023330       -0.00000000        0.00000000
    1.000000      4.000000
  1    1        0.00118511        0.00027219        0.00000000        0.00000000
    2.000000     -3.000000
  1    1       -0.00121420        0.00011024        0.00000000        0.00000000
    2.000000     -2.000000
  1    1       -0.00545842        0.00027317       -0.00000000        0.00000000
    2.000000     -1.000000
  1    1       -0.00886616        0.00025423        0.00000000        0.00000000
    2.000000      0.000000
  1    1       -0.00280675        0.00030507       -0.00000000        0.00000000
    2.000000      1.000000
  1    1       -0.00882107        0.00023658        0.00000000        0.00000000
    2.000000      2.000000
  1    1       -0.00566543        0.00018762       -0.00000000        0.00000000
    2.000000      3.000000
  1    1       -0.00106363        0.00016446        0.00000000        0.00000000
    2.000000      4.000000
  1    1       -0.00093125        0.00031017       -0.00000000        0.00000000
    3.000000     -3.000000
  1    1       -0.00122096        0.00017184       -0.00000000        0.00000000
    3.000000     -2.000000
  1    1       -0.00340607        0.00016957       -0.00000000        0.00000000
    3.000000     -1.000000
  1    1       -0.00264445        0.00019545        0.00000000        0.00000000
    3.000000      0.000000
  1    1       -0.00172412        0.00014218        0.00000000        0.00000000
    3.000000      1.000000
  1    1       -0.00250987        0.00018999       -0.00000000        0.00000000
    3.000000      2.000000
  1    1       -0.00327076        0.00020863        0.00000000        0.00000000
    3.000000      3.000000
  1    1       -0.00145420        0.00019891       -0.00000000        0.00000000
    3.000000      4.000000
  1    1       -0.00249223        0.00024348        0.00000000        0.00000000
    4.000000     -3.000000
  1    1       -0.00140115        0.00023297        0.00000000        0.00000000
    4.000000     -2.000000
  1    1       -0.00176237        0.00011904       -0.00000000        0.00000000
    4.000000     -1.000000
  1    1       -0.00121136        0.00017592        0.00000000        0.00000000
    4.000000      0.000000
  1    1       -0.00220763        0.00035001       -0.00000000        0.00000000
    4.000000      1.000000
  1    1       -0.00121136        0.00017592        0.00000000        0.00000000
    4.000000      2.000000
  1    1       -0.00176237        0.00011904       -0.00000000        0.00000000
    4.000000      3.000000
  1    1       -0.00140115        0.00023297        0.00000000        0.00000000
    4.000000      4.000000
  1    1       -0.00358298        0.00043621       -0.00000000        0.00000000
