 0.10000000000000000E+001          1         64
( 0.00000000000000000E+000, 0.00000000000000000E+000)
-0.23561944901923448E+001 -0.23561944901923448E+001
( 0.37354796864544793E+000, 0.70473141211557788E-018)
-0.23561944901923448E+001 -0.15707963267948966E+001
( 0.31980979985841584E+000,-0.12993059883595135E-016)
-0.23561944901923448E+001 -0.78539816339744828E+000
( 0.26426685674480516E+000,-0.19407218887490529E-016)
-0.23561944901923448E+001  0.00000000000000000E+000
( 0.24767494801244105E+000,-0.19570177619011632E-016)
-0.23561944901923448E+001  0.78539816339744828E+000
( 0.26503959939965621E+000,-0.12820690689641090E-016)
-0.23561944901923448E+001  0.15707963267948966E+001
( 0.31956540467709194E+000,-0.52227660701260360E-017)
-0.23561944901923448E+001  0.23561944901923448E+001
( 0.37884314644692801E+000,-0.20789576657409548E-016)
-0.23561944901923448E+001  0.31415926535897931E+001
( 0.39648775751109278E+000,-0.59916870573614665E-017)
-0.15707963267948966E+001 -0.23561944901923448E+001
( 0.31703276639347672E+000,-0.54210108624275222E-019)
-0.15707963267948966E+001 -0.15707963267948966E+001
( 0.25718972049061728E+000,-0.15309339236656001E-016)
-0.15707963267948966E+001 -0.78539816339744828E+000
( 0.19613762647473709E+000,-0.91072982488782372E-017)
-0.15707963267948966E+001  0.00000000000000000E+000
( 0.17433350730314762E+000,-0.10317771737721533E-016)
-0.15707963267948966E+001  0.78539816339744828E+000
( 0.19227670365549657E+000,-0.93512437376874757E-017)
-0.15707963267948966E+001  0.15707963267948966E+001
( 0.25693850221969972E+000, 0.42044903849820758E-018)
-0.15707963267948966E+001  0.23561944901923448E+001
( 0.31619872236056989E+000,-0.98120296609938151E-017)
-0.15707963267948966E+001  0.31415926535897931E+001
( 0.33967205114601612E+000,-0.12700052583796329E-017)
-0.78539816339744828E+000 -0.23561944901923448E+001
( 0.26393367994741690E+000, 0.69388939039072284E-017)
-0.78539816339744828E+000 -0.15707963267948966E+001
( 0.19188639161017837E+000,-0.21060921231853196E-016)
-0.78539816339744828E+000 -0.78539816339744828E+000
( 0.11031491646596699E+000,-0.66407383064737147E-017)
-0.78539816339744828E+000  0.00000000000000000E+000
( 0.65982593352752458E-001,-0.85833766673930023E-017)
-0.78539816339744828E+000  0.78539816339744828E+000
( 0.11124230350173289E+000, 0.88904578143811364E-017)
-0.78539816339744828E+000  0.15707963267948966E+001
( 0.19462235591236315E+000, 0.53295028080608319E-018)
-0.78539816339744828E+000  0.23561944901923448E+001
( 0.26374076041447791E+000,-0.45807541787512562E-017)
-0.78539816339744828E+000  0.31415926535897931E+001
( 0.28605040224460965E+000,-0.13887523041216337E-017)
 0.00000000000000000E+000 -0.23561944901923448E+001
( 0.24369594202371050E+000, 0.61257422745431001E-017)
 0.00000000000000000E+000 -0.15707963267948966E+001
( 0.16571234705682503E+000,-0.77198030673821685E-017)
 0.00000000000000000E+000 -0.78539816339744828E+000
( 0.62017705947525814E-001,-0.10327025692924430E-016)
 0.00000000000000000E+000  0.00000000000000000E+000
(-0.46613429216743330E-002, 0.00000000000000000E+000)
 0.00000000000000000E+000  0.78539816339744828E+000
( 0.62017705947525814E-001, 0.10327025692924430E-016)
 0.00000000000000000E+000  0.15707963267948966E+001
( 0.16571234705682503E+000, 0.77198030673821685E-017)
 0.00000000000000000E+000  0.23561944901923448E+001
( 0.24369594202371050E+000,-0.61257422745431001E-017)
 0.00000000000000000E+000  0.31415926535897931E+001
( 0.26413382419022324E+000,-0.12571073215124331E-017)
 0.78539816339744828E+000 -0.23561944901923448E+001
( 0.26374076041447791E+000, 0.45807541787512562E-017)
 0.78539816339744828E+000 -0.15707963267948966E+001
( 0.19462235591236315E+000,-0.53295028080608319E-018)
 0.78539816339744828E+000 -0.78539816339744828E+000
( 0.11124230350173289E+000,-0.88904578143811364E-017)
 0.78539816339744828E+000  0.00000000000000000E+000
( 0.65982593352752458E-001, 0.85833766673930023E-017)
 0.78539816339744828E+000  0.78539816339744828E+000
( 0.11031491646596699E+000, 0.66407383064737147E-017)
 0.78539816339744828E+000  0.15707963267948966E+001
( 0.19188639161017837E+000, 0.21060921231853196E-016)
 0.78539816339744828E+000  0.23561944901923448E+001
( 0.26393367994741690E+000,-0.69388939039072284E-017)
 0.78539816339744828E+000  0.31415926535897931E+001
( 0.28605040224460965E+000,-0.19899879788122213E-017)
 0.15707963267948966E+001 -0.23561944901923448E+001
( 0.31619872236056989E+000, 0.98120296609938151E-017)
 0.15707963267948966E+001 -0.15707963267948966E+001
( 0.25693850221969972E+000,-0.42044903849820758E-018)
 0.15707963267948966E+001 -0.78539816339744828E+000
( 0.19227670365549657E+000, 0.93512437376874757E-017)
 0.15707963267948966E+001  0.00000000000000000E+000
( 0.17433350730314762E+000, 0.10317771737721533E-016)
 0.15707963267948966E+001  0.78539816339744828E+000
( 0.19613762647473709E+000, 0.91072982488782372E-017)
 0.15707963267948966E+001  0.15707963267948966E+001
( 0.25718972049061728E+000, 0.15309339236656001E-016)
 0.15707963267948966E+001  0.23561944901923448E+001
( 0.31703276639347672E+000, 0.54210108624275222E-019)
 0.15707963267948966E+001  0.31415926535897931E+001
( 0.33967205114601612E+000, 0.88114299192635961E-018)
 0.23561944901923448E+001 -0.23561944901923448E+001
( 0.37884314644692801E+000, 0.20789576657409548E-016)
 0.23561944901923448E+001 -0.15707963267948966E+001
( 0.31956540467709194E+000, 0.52227660701260360E-017)
 0.23561944901923448E+001 -0.78539816339744828E+000
( 0.26503959939965621E+000, 0.12820690689641090E-016)
 0.23561944901923448E+001  0.00000000000000000E+000
( 0.24767494801244105E+000, 0.19570177619011632E-016)
 0.23561944901923448E+001  0.78539816339744828E+000
( 0.26426685674480516E+000, 0.19407218887490529E-016)
 0.23561944901923448E+001  0.15707963267948966E+001
( 0.31980979985841584E+000, 0.12993059883595135E-016)
 0.23561944901923448E+001  0.23561944901923448E+001
( 0.37354796864544793E+000,-0.70473141211557788E-018)
 0.23561944901923448E+001  0.31415926535897931E+001
( 0.39648775751109278E+000, 0.16924415451236270E-016)
 0.31415926535897931E+001 -0.23561944901923448E+001
( 0.40305261676721638E+000, 0.89446679230054116E-018)
 0.31415926535897931E+001 -0.15707963267948966E+001
( 0.34573489051138295E+000,-0.41347357253303650E-017)
 0.31415926535897931E+001 -0.78539816339744828E+000
( 0.29114885861023848E+000,-0.14745149545802860E-016)
 0.31415926535897931E+001  0.00000000000000000E+000
( 0.27149801656002681E+000,-0.72323932252136837E-018)
 0.31415926535897931E+001  0.78539816339744828E+000
( 0.29114885861023848E+000, 0.90801931945660996E-017)
 0.31415926535897931E+001  0.15707963267948966E+001
( 0.34573489051138295E+000, 0.12780307298322774E-017)
 0.31415926535897931E+001  0.23561944901923448E+001
( 0.40305261676721638E+000,-0.69388939039072284E-017)
 0.31415926535897931E+001  0.31415926535897931E+001
( 0.42352987526513786E+000, 0.16045523822432595E-020)
 0.10000000000000000E+001          1         64
( 0.00000000000000000E+000, 0.00000000000000000E+000)
-0.23561944901923448E+001 -0.23561944901923448E+001
( 0.37086708613840708E+000, 0.38489177123235407E-017)
-0.23561944901923448E+001 -0.15707963267948966E+001
( 0.31890522216096662E+000, 0.21301195989967443E-016)
-0.23561944901923448E+001 -0.78539816339744828E+000
( 0.26464959064090143E+000, 0.27592945289756088E-016)
-0.23561944901923448E+001  0.00000000000000000E+000
( 0.24937605473743296E+000, 0.17468618485173169E-016)
-0.23561944901923448E+001  0.78539816339744828E+000
( 0.26513844229374356E+000, 0.18648277366750676E-016)
-0.23561944901923448E+001  0.15707963267948966E+001
( 0.31345206477816667E+000, 0.31333256051989961E-016)
-0.23561944901923448E+001  0.23561944901923448E+001
( 0.37460030345249573E+000, 0.37404974950749903E-016)
-0.23561944901923448E+001  0.31415926535897931E+001
( 0.39464702027642290E+000, 0.15013328622358763E-016)
-0.15707963267948966E+001 -0.23561944901923448E+001
( 0.32116257191584097E+000, 0.30791341698588326E-016)
-0.15707963267948966E+001 -0.15707963267948966E+001
( 0.25563409814929383E+000, 0.42720348389932618E-016)
-0.15707963267948966E+001 -0.78539816339744828E+000
( 0.19482016385997281E+000, 0.34152368433293390E-016)
-0.15707963267948966E+001  0.00000000000000000E+000
( 0.17501881357810911E+000, 0.94239165618528580E-017)
-0.15707963267948966E+001  0.78539816339744828E+000
( 0.20092481502043621E+000, 0.27430314963883262E-016)
-0.15707963267948966E+001  0.15707963267948966E+001
( 0.25838406074502690E+000, 0.39572972123193060E-016)
-0.15707963267948966E+001  0.23561944901923448E+001
( 0.31936350427692989E+000, 0.23472977034311171E-016)
-0.15707963267948966E+001  0.31415926535897931E+001
( 0.34069039877045026E+000, 0.19046669152195144E-016)
-0.78539816339744828E+000 -0.23561944901923448E+001
( 0.25927690141369292E+000, 0.25370330836160804E-016)
-0.78539816339744828E+000 -0.15707963267948966E+001
( 0.19228226001903770E+000, 0.24880250969907553E-016)
-0.78539816339744828E+000 -0.78539816339744828E+000
( 0.11328174322273120E+000, 0.17726705520137997E-016)
-0.78539816339744828E+000  0.00000000000000000E+000
( 0.70473239031842175E-001, 0.30199351673106806E-016)
-0.78539816339744828E+000  0.78539816339744828E+000
( 0.11281520045914133E+000, 0.31333442784831078E-016)
-0.78539816339744828E+000  0.15707963267948966E+001
( 0.18972757416962796E+000, 0.14962991058196786E-016)
-0.78539816339744828E+000  0.23561944901923448E+001
( 0.26587651648504917E+000, 0.10299920638612292E-017)
-0.78539816339744828E+000  0.31415926535897931E+001
( 0.28841342847437290E+000, 0.34225818066958331E-016)
 0.00000000000000000E+000 -0.23561944901923448E+001
( 0.24478235120917685E+000,-0.57462715141731735E-017)
 0.00000000000000000E+000 -0.15707963267948966E+001
( 0.17464669155230178E+000, 0.81586387128265519E-018)
 0.00000000000000000E+000 -0.78539816339744828E+000
( 0.72693300831946514E-001, 0.00000000000000000E+000)
 0.00000000000000000E+000  0.00000000000000000E+000
(-0.28994102300767266E-002, 0.00000000000000000E+000)
 0.00000000000000000E+000  0.78539816339744828E+000
( 0.72693300831946514E-001, 0.00000000000000000E+000)
 0.00000000000000000E+000  0.15707963267948966E+001
( 0.17464669155230178E+000,-0.81586387128265519E-018)
 0.00000000000000000E+000  0.23561944901923448E+001
( 0.24478235120917685E+000, 0.57462715141731735E-017)
 0.00000000000000000E+000  0.31415926535897931E+001
( 0.26722110444047137E+000,-0.13064670908196565E-017)
 0.78539816339744828E+000 -0.23561944901923448E+001
( 0.26587651648504917E+000,-0.10299920638612292E-017)
 0.78539816339744828E+000 -0.15707963267948966E+001
( 0.18972757416962796E+000,-0.14962991058196786E-016)
 0.78539816339744828E+000 -0.78539816339744828E+000
( 0.11281520045914133E+000,-0.31333442784831078E-016)
 0.78539816339744828E+000  0.00000000000000000E+000
( 0.70473239031842175E-001,-0.30199351673106806E-016)
 0.78539816339744828E+000  0.78539816339744828E+000
( 0.11328174322273120E+000,-0.17726705520137997E-016)
 0.78539816339744828E+000  0.15707963267948966E+001
( 0.19228226001903770E+000,-0.24880250969907553E-016)
 0.78539816339744828E+000  0.23561944901923448E+001
( 0.25927690141369292E+000,-0.25370330836160804E-016)
 0.78539816339744828E+000  0.31415926535897931E+001
( 0.28841342847437296E+000,-0.31346302376808548E-016)
 0.15707963267948966E+001 -0.23561944901923448E+001
( 0.31936350427692989E+000,-0.23472977034311171E-016)
 0.15707963267948966E+001 -0.15707963267948966E+001
( 0.25838406074502690E+000,-0.39572972123193060E-016)
 0.15707963267948966E+001 -0.78539816339744828E+000
( 0.20092481502043621E+000,-0.27430314963883262E-016)
 0.15707963267948966E+001  0.00000000000000000E+000
( 0.17501881357810911E+000,-0.94239165618528580E-017)
 0.15707963267948966E+001  0.78539816339744828E+000
( 0.19482016385997281E+000,-0.34152368433293390E-016)
 0.15707963267948966E+001  0.15707963267948966E+001
( 0.25563409814929383E+000,-0.42720348389932618E-016)
 0.15707963267948966E+001  0.23561944901923448E+001
( 0.32116257191584097E+000,-0.30791341698588326E-016)
 0.15707963267948966E+001  0.31415926535897931E+001
( 0.34069039877045026E+000,-0.19269889519755444E-016)
 0.23561944901923448E+001 -0.23561944901923448E+001
( 0.37460030345249573E+000,-0.37404974950749903E-016)
 0.23561944901923448E+001 -0.15707963267948966E+001
( 0.31345206477816667E+000,-0.31333256051989961E-016)
 0.23561944901923448E+001 -0.78539816339744828E+000
( 0.26513844229374356E+000,-0.18648277366750676E-016)
 0.23561944901923448E+001  0.00000000000000000E+000
( 0.24937605473743296E+000,-0.17468618485173169E-016)
 0.23561944901923448E+001  0.78539816339744828E+000
( 0.26464959064090143E+000,-0.27592945289756088E-016)
 0.23561944901923448E+001  0.15707963267948966E+001
( 0.31890522216096662E+000,-0.21301195989967443E-016)
 0.23561944901923448E+001  0.23561944901923448E+001
( 0.37086708613840708E+000,-0.38489177123235407E-017)
 0.23561944901923448E+001  0.31415926535897931E+001
( 0.39464702027642296E+000,-0.22704784113942642E-016)
 0.31415926535897931E+001 -0.23561944901923448E+001
( 0.39866110620485967E+000, 0.10137290312739466E-016)
 0.31415926535897931E+001 -0.15707963267948966E+001
( 0.33982856598713329E+000,-0.48152346686301424E-017)
 0.31415926535897931E+001 -0.78539816339744828E+000
( 0.29440991854270576E+000,-0.15449880957918438E-016)
 0.31415926535897931E+001  0.00000000000000000E+000
( 0.27513628563237585E+000,-0.10669174949434469E-017)
 0.31415926535897931E+001  0.78539816339744828E+000
( 0.29440991854270576E+000, 0.19353008778866254E-016)
 0.31415926535897931E+001  0.15707963267948966E+001
( 0.33982856598713329E+000, 0.10936225700221456E-016)
 0.31415926535897931E+001  0.23561944901923448E+001
( 0.39866110620485967E+000,-0.75352050987742558E-017)
 0.31415926535897931E+001  0.31415926535897931E+001
( 0.41856743224631848E+000,-0.71842452751608674E-018)
 0.10000000000000000E+001          1         64
( 0.00000000000000000E+000, 0.00000000000000000E+000)
-0.23561944901923448E+001 -0.23561944901923448E+001
( 0.36240292084160525E+000,-0.21141942363467336E-017)
-0.23561944901923448E+001 -0.15707963267948966E+001
( 0.31064959392015101E+000,-0.13785024576671333E-016)
-0.23561944901923448E+001 -0.78539816339744828E+000
( 0.26335455552401027E+000, 0.21277467635028025E-017)
-0.23561944901923448E+001  0.00000000000000000E+000
( 0.24800229453677072E+000,-0.45885818339217491E-017)
-0.23561944901923448E+001  0.78539816339744828E+000
( 0.26271076916809966E+000, 0.80095435492366640E-017)
-0.23561944901923448E+001  0.15707963267948966E+001
( 0.31735143985931225E+000, 0.14891721741264255E-016)
-0.23561944901923448E+001  0.23561944901923448E+001
( 0.37308643645959844E+000,-0.29815559743351372E-018)
-0.23561944901923448E+001  0.31415926535897931E+001
( 0.39828559141616243E+000,-0.16819987666727851E-016)
-0.15707963267948966E+001 -0.23561944901923448E+001
( 0.31410306244930314E+000,-0.91479558303464437E-017)
-0.15707963267948966E+001 -0.15707963267948966E+001
( 0.24965602225340816E+000,-0.21492971954276555E-016)
-0.15707963267948966E+001 -0.78539816339744828E+000
( 0.19333618112157136E+000,-0.34220131069073734E-017)
-0.15707963267948966E+001  0.00000000000000000E+000
( 0.17796504769483504E+000, 0.28783541938669152E-017)
-0.15707963267948966E+001  0.78539816339744828E+000
( 0.19405344329265198E+000,-0.55091022889419694E-017)
-0.15707963267948966E+001  0.15707963267948966E+001
( 0.25226622559695627E+000, 0.93258759429299133E-017)
-0.15707963267948966E+001  0.23561944901923448E+001
( 0.31783405685493016E+000,-0.66407383064737147E-018)
-0.15707963267948966E+001  0.31415926535897931E+001
( 0.34185663590445681E+000, 0.18170172088056091E-018)
-0.78539816339744828E+000 -0.23561944901923448E+001
( 0.25591726253249103E+000,-0.85787496897915538E-017)
-0.78539816339744828E+000 -0.15707963267948966E+001
( 0.18801178060818916E+000, 0.61116219758392450E-017)
-0.78539816339744828E+000 -0.78539816339744828E+000
( 0.10923016506720375E+000,-0.61325185381211345E-017)
-0.78539816339744828E+000  0.00000000000000000E+000
( 0.68165337806107895E-001,-0.41225774738350809E-017)
-0.78539816339744828E+000  0.78539816339744828E+000
( 0.10798172836293356E+000, 0.74742187265719462E-017)
-0.78539816339744828E+000  0.15707963267948966E+001
( 0.19887866018949268E+000, 0.21615311898075957E-016)
-0.78539816339744828E+000  0.23561944901923448E+001
( 0.26450278853675080E+000, 0.31577388273640317E-017)
-0.78539816339744828E+000  0.31415926535897931E+001
( 0.28902080413534481E+000,-0.54171946049283237E-017)
 0.00000000000000000E+000 -0.23561944901923448E+001
( 0.24175008847860427E+000,-0.30222135558033436E-017)
 0.00000000000000000E+000 -0.15707963267948966E+001
( 0.17547223964541625E+000,-0.12045320969561205E-016)
 0.00000000000000000E+000 -0.78539816339744828E+000
( 0.72197482383928577E-001,-0.20328790734103208E-018)
 0.00000000000000000E+000  0.00000000000000000E+000
(-0.98124906982632876E-004, 0.00000000000000000E+000)
 0.00000000000000000E+000  0.78539816339744828E+000
( 0.72197482383928577E-001, 0.20328790734103208E-018)
 0.00000000000000000E+000  0.15707963267948966E+001
( 0.17547223964541625E+000, 0.12045320969561205E-016)
 0.00000000000000000E+000  0.23561944901923448E+001
( 0.24175008847860427E+000, 0.30222135558033436E-017)
 0.00000000000000000E+000  0.31415926535897931E+001
( 0.26854433729633609E+000,-0.52074737629853798E-018)
 0.78539816339744828E+000 -0.23561944901923448E+001
( 0.26450278853675080E+000,-0.31577388273640317E-017)
 0.78539816339744828E+000 -0.15707963267948966E+001
( 0.19887866018949268E+000,-0.21615311898075957E-016)
 0.78539816339744828E+000 -0.78539816339744828E+000
( 0.10798172836293356E+000,-0.74742187265719462E-017)
 0.78539816339744828E+000  0.00000000000000000E+000
( 0.68165337806107895E-001, 0.41225774738350809E-017)
 0.78539816339744828E+000  0.78539816339744828E+000
( 0.10923016506720375E+000, 0.61325185381211345E-017)
 0.78539816339744828E+000  0.15707963267948966E+001
( 0.18801178060818916E+000,-0.61116219758392450E-017)
 0.78539816339744828E+000  0.23561944901923448E+001
( 0.25591726253249103E+000, 0.85787496897915538E-017)
 0.78539816339744828E+000  0.31415926535897931E+001
( 0.28902080413534481E+000, 0.54434973706284509E-017)
 0.15707963267948966E+001 -0.23561944901923448E+001
( 0.31783405685493016E+000, 0.66407383064737147E-018)
 0.15707963267948966E+001 -0.15707963267948966E+001
( 0.25226622559695627E+000,-0.93258759429299133E-017)
 0.15707963267948966E+001 -0.78539816339744828E+000
( 0.19405344329265198E+000, 0.55091022889419694E-017)
 0.15707963267948966E+001  0.00000000000000000E+000
( 0.17796504769483504E+000,-0.28783541938669152E-017)
 0.15707963267948966E+001  0.78539816339744828E+000
( 0.19333618112157136E+000, 0.34220131069073734E-017)
 0.15707963267948966E+001  0.15707963267948966E+001
( 0.24965602225340816E+000, 0.21492971954276555E-016)
 0.15707963267948966E+001  0.23561944901923448E+001
( 0.31410306244930314E+000, 0.91479558303464437E-017)
 0.15707963267948966E+001  0.31415926535897931E+001
( 0.34185663590445681E+000,-0.14819420392511565E-017)
 0.23561944901923448E+001 -0.23561944901923448E+001
( 0.37308643645959844E+000, 0.29815559743351372E-018)
 0.23561944901923448E+001 -0.15707963267948966E+001
( 0.31735143985931225E+000,-0.14891721741264255E-016)
 0.23561944901923448E+001 -0.78539816339744828E+000
( 0.26271076916809966E+000,-0.80095435492366640E-017)
 0.23561944901923448E+001  0.00000000000000000E+000
( 0.24800229453677072E+000, 0.45885818339217491E-017)
 0.23561944901923448E+001  0.78539816339744828E+000
( 0.26335455552401027E+000,-0.21277467635028025E-017)
 0.23561944901923448E+001  0.15707963267948966E+001
( 0.31064959392015101E+000, 0.13785024576671333E-016)
 0.23561944901923448E+001  0.23561944901923448E+001
( 0.36240292084160525E+000, 0.21141942363467336E-017)
 0.23561944901923448E+001  0.31415926535897931E+001
( 0.39828559141616243E+000, 0.13160003045977264E-016)
 0.31415926535897931E+001 -0.23561944901923448E+001
( 0.39491052867742926E+000,-0.20152607881074314E-016)
 0.31415926535897931E+001 -0.15707963267948966E+001
( 0.33479084028391481E+000,-0.16144978796266636E-016)
 0.31415926535897931E+001 -0.78539816339744828E+000
( 0.29222555195992383E+000, 0.69456701674852628E-017)
 0.31415926535897931E+001  0.00000000000000000E+000
( 0.26925030104840553E+000,-0.44411774255485848E-018)
 0.31415926535897931E+001  0.78539816339744828E+000
( 0.29222555195992378E+000,-0.27308342219478643E-017)
 0.31415926535897931E+001  0.15707963267948966E+001
( 0.33479084028391481E+000, 0.20041959867608158E-016)
 0.31415926535897931E+001  0.23561944901923448E+001
( 0.39491052867742926E+000, 0.22917323420912350E-016)
 0.31415926535897931E+001  0.31415926535897931E+001
( 0.42086004707247082E+000,-0.98432624515718302E-018)
 0.10000000000000000E+001          1         64
( 0.00000000000000000E+000, 0.00000000000000000E+000)
-0.23561944901923448E+001 -0.23561944901923448E+001
( 0.37286918027557703E+000,-0.17245590806097555E-016)
-0.23561944901923448E+001 -0.15707963267948966E+001
( 0.32219387979724134E+000,-0.13796294577698818E-016)
-0.23561944901923448E+001 -0.78539816339744828E+000
( 0.26644617426092387E+000,-0.27396433645993090E-016)
-0.23561944901923448E+001  0.00000000000000000E+000
( 0.23847770116495434E+000,-0.18406485946889985E-016)
-0.23561944901923448E+001  0.78539816339744828E+000
( 0.26715687583153447E+000,-0.51838416371963181E-017)
-0.23561944901923448E+001  0.15707963267948966E+001
( 0.31670850286429886E+000, 0.11950370860096241E-016)
-0.23561944901923448E+001  0.23561944901923448E+001
( 0.36840973468568422E+000, 0.65865281978494394E-017)
-0.23561944901923448E+001  0.31415926535897931E+001
( 0.40317254712699502E+000,-0.39192058255715526E-017)
-0.15707963267948966E+001 -0.23561944901923448E+001
( 0.31643329001054632E+000,-0.14284363622496521E-016)
-0.15707963267948966E+001 -0.15707963267948966E+001
( 0.25621770561460039E+000,-0.29088882190551110E-016)
-0.15707963267948966E+001 -0.78539816339744828E+000
( 0.20003861113214733E+000,-0.36429192995512949E-016)
-0.15707963267948966E+001  0.00000000000000000E+000
( 0.17194315071488703E+000,-0.17942109908669398E-016)
-0.15707963267948966E+001  0.78539816339744828E+000
( 0.19838038946091230E+000,-0.98391347153059527E-017)
-0.15707963267948966E+001  0.15707963267948966E+001
( 0.25736022778978546E+000, 0.21663815900792272E-017)
-0.15707963267948966E+001  0.23561944901923448E+001
( 0.32617637137973587E+000,-0.29883322379131716E-017)
-0.15707963267948966E+001  0.31415926535897931E+001
( 0.34324660032797177E+000,-0.78938767850457538E-017)
-0.78539816339744828E+000 -0.23561944901923448E+001
( 0.27091615909504879E+000,-0.69931040125315036E-017)
-0.78539816339744828E+000 -0.15707963267948966E+001
( 0.20042633285766129E+000,-0.17160912146663497E-016)
-0.78539816339744828E+000 -0.78539816339744828E+000
( 0.11105515670064739E+000,-0.12922334643311606E-016)
-0.78539816339744828E+000  0.00000000000000000E+000
( 0.67465618424959212E-001,-0.11466155997017059E-016)
-0.78539816339744828E+000  0.78539816339744828E+000
( 0.11465861592956136E+000,-0.40183243017744008E-017)
-0.78539816339744828E+000  0.15707963267948966E+001
( 0.19787863801951122E+000, 0.11513099156842422E-016)
-0.78539816339744828E+000  0.23561944901923448E+001
( 0.26742280357293707E+000, 0.24936649967166602E-017)
-0.78539816339744828E+000  0.31415926535897931E+001
( 0.29846101722478968E+000,-0.29528660092839811E-017)
 0.00000000000000000E+000 -0.23561944901923448E+001
( 0.25443895090825691E+000,-0.15856456772600502E-017)
 0.00000000000000000E+000 -0.15707963267948966E+001
( 0.17561953268068925E+000,-0.54245761831886991E-017)
 0.00000000000000000E+000 -0.78539816339744828E+000
( 0.70135237348010193E-001, 0.74538899358378430E-018)
 0.00000000000000000E+000  0.00000000000000000E+000
( 0.56804521376670192E-002, 0.00000000000000000E+000)
 0.00000000000000000E+000  0.78539816339744828E+000
( 0.70135237348010193E-001,-0.74538899358378430E-018)
 0.00000000000000000E+000  0.15707963267948966E+001
( 0.17561953268068925E+000, 0.54245761831886991E-017)
 0.00000000000000000E+000  0.23561944901923448E+001
( 0.25443895090825691E+000, 0.15856456772600502E-017)
 0.00000000000000000E+000  0.31415926535897931E+001
( 0.27818021907804003E+000,-0.86023109646604900E-018)
 0.78539816339744828E+000 -0.23561944901923448E+001
( 0.26742280357293707E+000,-0.24936649967166602E-017)
 0.78539816339744828E+000 -0.15707963267948966E+001
( 0.19787863801951122E+000,-0.11513099156842422E-016)
 0.78539816339744828E+000 -0.78539816339744828E+000
( 0.11465861592956136E+000, 0.40183243017744008E-017)
 0.78539816339744828E+000  0.00000000000000000E+000
( 0.67465618424959212E-001, 0.11466155997017059E-016)
 0.78539816339744828E+000  0.78539816339744828E+000
( 0.11105515670064739E+000, 0.12922334643311606E-016)
 0.78539816339744828E+000  0.15707963267948966E+001
( 0.20042633285766129E+000, 0.17160912146663497E-016)
 0.78539816339744828E+000  0.23561944901923448E+001
( 0.27091615909504879E+000, 0.69931040125315036E-017)
 0.78539816339744828E+000  0.31415926535897931E+001
( 0.29846101722478968E+000, 0.82049742283673337E-017)
 0.15707963267948966E+001 -0.23561944901923448E+001
( 0.32617637137973587E+000, 0.29883322379131716E-017)
 0.15707963267948966E+001 -0.15707963267948966E+001
( 0.25736022778978546E+000,-0.21663815900792272E-017)
 0.15707963267948966E+001 -0.78539816339744828E+000
( 0.19838038946091230E+000, 0.98391347153059527E-017)
 0.15707963267948966E+001  0.00000000000000000E+000
( 0.17194315071488703E+000, 0.17942109908669398E-016)
 0.15707963267948966E+001  0.78539816339744828E+000
( 0.20003861113214733E+000, 0.36429192995512949E-016)
 0.15707963267948966E+001  0.15707963267948966E+001
( 0.25621770561460039E+000, 0.29088882190551110E-016)
 0.15707963267948966E+001  0.23561944901923448E+001
( 0.31643329001054632E+000, 0.14284363622496521E-016)
 0.15707963267948966E+001  0.31415926535897931E+001
( 0.34324660032797177E+000, 0.64364761696616682E-017)
 0.23561944901923448E+001 -0.23561944901923448E+001
( 0.36840973468568422E+000,-0.65865281978494394E-017)
 0.23561944901923448E+001 -0.15707963267948966E+001
( 0.31670850286429886E+000,-0.11950370860096241E-016)
 0.23561944901923448E+001 -0.78539816339744828E+000
( 0.26715687583153447E+000, 0.51838416371963181E-017)
 0.23561944901923448E+001  0.00000000000000000E+000
( 0.23847770116495434E+000, 0.18406485946889985E-016)
 0.23561944901923448E+001  0.78539816339744828E+000
( 0.26644617426092387E+000, 0.27396433645993090E-016)
 0.23561944901923448E+001  0.15707963267948966E+001
( 0.32219387979724134E+000, 0.13796294577698818E-016)
 0.23561944901923448E+001  0.23561944901923448E+001
( 0.37286918027557703E+000, 0.17245590806097555E-016)
 0.23561944901923448E+001  0.31415926535897931E+001
( 0.40317254712699502E+000, 0.92797342619034541E-017)
 0.31415926535897931E+001 -0.23561944901923448E+001
( 0.39677967173227741E+000,-0.12976544751935881E-016)
 0.31415926535897931E+001 -0.15707963267948966E+001
( 0.33971664953777586E+000,-0.21575062842071501E-016)
 0.31415926535897931E+001 -0.78539816339744828E+000
( 0.29208841345037423E+000,-0.55497598704101758E-017)
 0.31415926535897931E+001  0.00000000000000000E+000
( 0.26404361731022175E+000, 0.10554812531715660E-018)
 0.31415926535897931E+001  0.78539816339744828E+000
( 0.29208841345037423E+000, 0.10842021724855044E-018)
 0.31415926535897931E+001  0.15707963267948966E+001
( 0.33971664953777586E+000, 0.18716290422023382E-016)
 0.31415926535897931E+001  0.23561944901923448E+001
( 0.39677967173227741E+000, 0.89988780316296868E-017)
 0.31415926535897931E+001  0.31415926535897931E+001
( 0.41765447440862480E+000,-0.22989078366866744E-017)
 0.10000000000000000E+001          1         64
( 0.00000000000000000E+000, 0.00000000000000000E+000)
-0.23561944901923448E+001 -0.23561944901923448E+001
( 0.37118869931939114E+000,-0.82941466195141089E-017)
-0.23561944901923448E+001 -0.15707963267948966E+001
( 0.31632755640090632E+000, 0.10096727328243279E-017)
-0.23561944901923448E+001 -0.78539816339744828E+000
( 0.25971577406482499E+000, 0.15991982044161190E-017)
-0.23561944901923448E+001  0.00000000000000000E+000
( 0.24651186686536808E+000,-0.20624888553871643E-016)
-0.23561944901923448E+001  0.78539816339744828E+000
( 0.25624427831408192E+000,-0.27511630126819675E-016)
-0.23561944901923448E+001  0.15707963267948966E+001
( 0.31002427001518157E+000,-0.20028776270881260E-016)
-0.23561944901923448E+001  0.23561944901923448E+001
( 0.36879562248873848E+000,-0.22253249590264979E-016)
-0.23561944901923448E+001  0.31415926535897931E+001
( 0.39314213591264635E+000,-0.19438328154151985E-016)
-0.15707963267948966E+001 -0.23561944901923448E+001
( 0.31480798868476717E+000,-0.13769367590565906E-016)
-0.15707963267948966E+001 -0.15707963267948966E+001
( 0.25991585567934894E+000, 0.31343238327246483E-017)
-0.15707963267948966E+001 -0.78539816339744828E+000
( 0.19407134289142053E+000,-0.10055975149803054E-016)
-0.15707963267948966E+001  0.00000000000000000E+000
( 0.17135324721218242E+000,-0.16155984221810736E-016)
-0.15707963267948966E+001  0.78539816339744828E+000
( 0.19108100069391012E+000,-0.10950441942103595E-016)
-0.15707963267948966E+001  0.15707963267948966E+001
( 0.25445519470486822E+000,-0.15265081187729986E-016)
-0.15707963267948966E+001  0.23561944901923448E+001
( 0.31344468791876307E+000,-0.13091741232762466E-016)
-0.15707963267948966E+001  0.31415926535897931E+001
( 0.33902258439855809E+000,-0.17641078596473106E-016)
-0.78539816339744828E+000 -0.23561944901923448E+001
( 0.26048358505229074E+000,-0.63154776547280633E-017)
-0.78539816339744828E+000 -0.15707963267948966E+001
( 0.19470221515429006E+000, 0.13410868729861355E-017)
-0.78539816339744828E+000 -0.78539816339744828E+000
( 0.10732433656537066E+000,-0.41470733097570545E-017)
-0.78539816339744828E+000  0.00000000000000000E+000
( 0.66048000993294498E-001,-0.18186805517555975E-016)
-0.78539816339744828E+000  0.78539816339744828E+000
( 0.11030942110282427E+000,-0.17699600465825860E-016)
-0.78539816339744828E+000  0.15707963267948966E+001
( 0.19570836303746919E+000, 0.42635058812101947E-017)
-0.78539816339744828E+000  0.23561944901923448E+001
( 0.26445371128232997E+000,-0.26291902682773483E-017)
-0.78539816339744828E+000  0.31415926535897931E+001
( 0.28594014052962979E+000,-0.76211395708183086E-017)
 0.00000000000000000E+000 -0.23561944901923448E+001
( 0.24483085785081693E+000,-0.11817803680091998E-016)
 0.00000000000000000E+000 -0.15707963267948966E+001
( 0.17201113124102441E+000, 0.11418834618317571E-017)
 0.00000000000000000E+000 -0.78539816339744828E+000
( 0.68643152050226114E-001, 0.55836411883003478E-017)
 0.00000000000000000E+000  0.00000000000000000E+000
( 0.31679283673458625E-002, 0.00000000000000000E+000)
 0.00000000000000000E+000  0.78539816339744828E+000
( 0.68643152050226114E-001,-0.55836411883003478E-017)
 0.00000000000000000E+000  0.15707963267948966E+001
( 0.17201113124102441E+000,-0.11418834618317571E-017)
 0.00000000000000000E+000  0.23561944901923448E+001
( 0.24483085785081693E+000, 0.11817803680091998E-016)
 0.00000000000000000E+000  0.31415926535897931E+001
( 0.27610317854905086E+000,-0.22378279594105096E-018)
 0.78539816339744828E+000 -0.23561944901923448E+001
( 0.26445371128232997E+000, 0.26291902682773483E-017)
 0.78539816339744828E+000 -0.15707963267948966E+001
( 0.19570836303746919E+000,-0.42635058812101947E-017)
 0.78539816339744828E+000 -0.78539816339744828E+000
( 0.11030942110282427E+000, 0.17699600465825860E-016)
 0.78539816339744828E+000  0.00000000000000000E+000
( 0.66048000993294498E-001, 0.18186805517555975E-016)
 0.78539816339744828E+000  0.78539816339744828E+000
( 0.10732433656537066E+000, 0.41470733097570545E-017)
 0.78539816339744828E+000  0.15707963267948966E+001
( 0.19470221515429006E+000,-0.13410868729861355E-017)
 0.78539816339744828E+000  0.23561944901923448E+001
( 0.26048358505229074E+000, 0.63154776547280633E-017)
 0.78539816339744828E+000  0.31415926535897931E+001
( 0.28594014052962979E+000, 0.32473721115905457E-017)
 0.15707963267948966E+001 -0.23561944901923448E+001
( 0.31344468791876307E+000, 0.13091741232762466E-016)
 0.15707963267948966E+001 -0.15707963267948966E+001
( 0.25445519470486822E+000, 0.15265081187729986E-016)
 0.15707963267948966E+001 -0.78539816339744828E+000
( 0.19108100069391012E+000, 0.10950441942103595E-016)
 0.15707963267948966E+001  0.00000000000000000E+000
( 0.17135324721218242E+000, 0.16155984221810736E-016)
 0.15707963267948966E+001  0.78539816339744828E+000
( 0.19407134289142053E+000, 0.10055975149803054E-016)
 0.15707963267948966E+001  0.15707963267948966E+001
( 0.25991585567934894E+000,-0.31343238327246483E-017)
 0.15707963267948966E+001  0.23561944901923448E+001
( 0.31480798868476717E+000, 0.13769367590565906E-016)
 0.15707963267948966E+001  0.31415926535897931E+001
( 0.33902258439855809E+000, 0.16133049269967009E-016)
 0.23561944901923448E+001 -0.23561944901923448E+001
( 0.36879562248873848E+000, 0.22253249590264979E-016)
 0.23561944901923448E+001 -0.15707963267948966E+001
( 0.31002427001518157E+000, 0.20028776270881260E-016)
 0.23561944901923448E+001 -0.78539816339744828E+000
( 0.25624427831408192E+000, 0.27511630126819675E-016)
 0.23561944901923448E+001  0.00000000000000000E+000
( 0.24651186686536808E+000, 0.20624888553871643E-016)
 0.23561944901923448E+001  0.78539816339744828E+000
( 0.25971577406482499E+000,-0.15991982044161190E-017)
 0.23561944901923448E+001  0.15707963267948966E+001
( 0.31632755640090632E+000,-0.10096727328243279E-017)
 0.23561944901923448E+001  0.23561944901923448E+001
( 0.37118869931939114E+000, 0.82941466195141089E-017)
 0.23561944901923448E+001  0.31415926535897931E+001
( 0.39314213591264635E+000, 0.16257183084658276E-016)
 0.31415926535897931E+001 -0.23561944901923448E+001
( 0.39343575423528326E+000, 0.76978354246470815E-017)
 0.31415926535897931E+001 -0.15707963267948966E+001
( 0.33726178087268904E+000, 0.26020111179645520E-016)
 0.31415926535897931E+001 -0.78539816339744828E+000
( 0.28921939562788107E+000, 0.91886134118146501E-017)
 0.31415926535897931E+001  0.00000000000000000E+000
( 0.26689566537477938E+000,-0.75619781718641279E-018)
 0.31415926535897931E+001  0.78539816339744828E+000
( 0.28921939562788107E+000,-0.12278589603398338E-016)
 0.31415926535897931E+001  0.15707963267948966E+001
( 0.33726178087268904E+000,-0.20677924379506894E-016)
 0.31415926535897931E+001  0.23561944901923448E+001
( 0.39343575423528326E+000,-0.42012834183813297E-017)
 0.31415926535897931E+001  0.31415926535897931E+001
( 0.41466011523482571E+000, 0.86518377113755941E-019)
 0.10000000000000000E+001          1         64
( 0.00000000000000000E+000, 0.00000000000000000E+000)
-0.23561944901923448E+001 -0.23561944901923448E+001
( 0.36480452198808017E+000,-0.13552527156068805E-017)
-0.23561944901923448E+001 -0.15707963267948966E+001
( 0.30700841248284400E+000, 0.83938416130924519E-017)
-0.23561944901923448E+001 -0.78539816339744828E+000
( 0.25955963254645065E+000, 0.57191664598610359E-017)
-0.23561944901923448E+001  0.00000000000000000E+000
( 0.23682274308520629E+000,-0.96393862011122011E-017)
-0.23561944901923448E+001  0.78539816339744828E+000
( 0.25877154827684928E+000, 0.43368086899420177E-017)
-0.23561944901923448E+001  0.15707963267948966E+001
( 0.31066024271584530E+000, 0.55154219867193056E-017)
-0.23561944901923448E+001  0.23561944901923448E+001
( 0.36962596918965462E+000,-0.86194072712597603E-017)
-0.23561944901923448E+001  0.31415926535897931E+001
( 0.39367913754091638E+000,-0.17049285971762257E-016)
-0.15707963267948966E+001 -0.23561944901923448E+001
( 0.31445955170706036E+000,-0.42012834183813297E-017)
-0.15707963267948966E+001 -0.15707963267948966E+001
( 0.24929348441128296E+000,-0.10005863888383780E-016)
-0.15707963267948966E+001 -0.78539816339744828E+000
( 0.19276146110743853E+000, 0.12929110906889640E-016)
-0.15707963267948966E+001  0.00000000000000000E+000
( 0.16772244565076788E+000, 0.12943671843100810E-017)
-0.15707963267948966E+001  0.78539816339744828E+000
( 0.19261799485677555E+000, 0.31170812458958252E-017)
-0.15707963267948966E+001  0.15707963267948966E+001
( 0.25023174054664454E+000, 0.12615700475959584E-017)
-0.15707963267948966E+001  0.23561944901923448E+001
( 0.31677721177845375E+000, 0.26562953225894859E-017)
-0.15707963267948966E+001  0.31415926535897931E+001
( 0.33619909808757620E+000,-0.82741774205920314E-017)
-0.78539816339744828E+000 -0.23561944901923448E+001
( 0.25768148715615591E+000, 0.12359904766334751E-016)
-0.78539816339744828E+000 -0.15707963267948966E+001
( 0.19321041483736157E+000,-0.57157960689368948E-017)
-0.78539816339744828E+000 -0.78539816339744828E+000
( 0.10401975762217948E+000, 0.29002408113987244E-017)
-0.78539816339744828E+000  0.00000000000000000E+000
( 0.64429498153380060E-001, 0.22801622735558226E-017)
-0.78539816339744828E+000  0.78539816339744828E+000
( 0.10418503840334929E+000, 0.19949319973733282E-016)
-0.78539816339744828E+000  0.15707963267948966E+001
( 0.19554572094145842E+000, 0.41993699400189096E-017)
-0.78539816339744828E+000  0.23561944901923448E+001
( 0.26204807394354390E+000,-0.89446679230054116E-018)
-0.78539816339744828E+000  0.31415926535897931E+001
( 0.28793467075132090E+000,-0.84694034794912554E-017)
 0.00000000000000000E+000 -0.23561944901923448E+001
( 0.24290191091751340E+000,-0.99475549325545032E-017)
 0.00000000000000000E+000 -0.15707963267948966E+001
( 0.17448310875524700E+000,-0.33317899369758342E-018)
 0.00000000000000000E+000 -0.78539816339744828E+000
( 0.68444487921977035E-001,-0.73725747729014302E-017)
 0.00000000000000000E+000  0.00000000000000000E+000
(-0.90722921017449276E-002, 0.00000000000000000E+000)
 0.00000000000000000E+000  0.78539816339744828E+000
( 0.68444487921977035E-001, 0.73725747729014302E-017)
 0.00000000000000000E+000  0.15707963267948966E+001
( 0.17448310875524700E+000, 0.33317899369758342E-018)
 0.00000000000000000E+000  0.23561944901923448E+001
( 0.24290191091751340E+000, 0.99475549325545032E-017)
 0.00000000000000000E+000  0.31415926535897931E+001
( 0.27154836757465206E+000,-0.68889472821171140E-018)
 0.78539816339744828E+000 -0.23561944901923448E+001
( 0.26204807394354390E+000, 0.89446679230054116E-018)
 0.78539816339744828E+000 -0.15707963267948966E+001
( 0.19554572094145842E+000,-0.41993699400189096E-017)
 0.78539816339744828E+000 -0.78539816339744828E+000
( 0.10418503840334929E+000,-0.19949319973733282E-016)
 0.78539816339744828E+000  0.00000000000000000E+000
( 0.64429498153380060E-001,-0.22801622735558226E-017)
 0.78539816339744828E+000  0.78539816339744828E+000
( 0.10401975762217948E+000,-0.29002408113987244E-017)
 0.78539816339744828E+000  0.15707963267948966E+001
( 0.19321041483736157E+000, 0.57157960689368948E-017)
 0.78539816339744828E+000  0.23561944901923448E+001
( 0.25768148715615591E+000,-0.12359904766334751E-016)
 0.78539816339744828E+000  0.31415926535897931E+001
( 0.28793467075132090E+000, 0.83504155236695797E-017)
 0.15707963267948966E+001 -0.23561944901923448E+001
( 0.31677721177845375E+000,-0.26562953225894859E-017)
 0.15707963267948966E+001 -0.15707963267948966E+001
( 0.25023174054664454E+000,-0.12615700475959584E-017)
 0.15707963267948966E+001 -0.78539816339744828E+000
( 0.19261799485677555E+000,-0.31170812458958252E-017)
 0.15707963267948966E+001  0.00000000000000000E+000
( 0.16772244565076788E+000,-0.12943671843100810E-017)
 0.15707963267948966E+001  0.78539816339744828E+000
( 0.19276146110743853E+000,-0.12929110906889640E-016)
 0.15707963267948966E+001  0.15707963267948966E+001
( 0.24929348441128296E+000, 0.10005863888383780E-016)
 0.15707963267948966E+001  0.23561944901923448E+001
( 0.31445955170706036E+000, 0.42012834183813297E-017)
 0.15707963267948966E+001  0.31415926535897931E+001
( 0.33619909808757620E+000, 0.66584419004368986E-017)
 0.23561944901923448E+001 -0.23561944901923448E+001
( 0.36962596918965462E+000, 0.86194072712597603E-017)
 0.23561944901923448E+001 -0.15707963267948966E+001
( 0.31066024271584530E+000,-0.55154219867193056E-017)
 0.23561944901923448E+001 -0.78539816339744828E+000
( 0.25877154827684928E+000,-0.43368086899420177E-017)
 0.23561944901923448E+001  0.00000000000000000E+000
( 0.23682274308520629E+000, 0.96393862011122011E-017)
 0.23561944901923448E+001  0.78539816339744828E+000
( 0.25955963254645065E+000,-0.57191664598610359E-017)
 0.23561944901923448E+001  0.15707963267948966E+001
( 0.30700841248284400E+000,-0.83938416130924519E-017)
 0.23561944901923448E+001  0.23561944901923448E+001
( 0.36480452198808017E+000, 0.13552527156068805E-017)
 0.23561944901923448E+001  0.31415926535897931E+001
( 0.39367913754091638E+000, 0.20725005619639847E-016)
 0.31415926535897931E+001 -0.23561944901923448E+001
( 0.39409392632838275E+000, 0.13823577699190182E-017)
 0.31415926535897931E+001 -0.15707963267948966E+001
( 0.33334936189916481E+000, 0.14147558531311984E-016)
 0.31415926535897931E+001 -0.78539816339744828E+000
( 0.28919722971595951E+000, 0.10543866127421531E-016)
 0.31415926535897931E+001  0.00000000000000000E+000
( 0.26218482697938722E+000,-0.85401089264335228E-018)
 0.31415926535897931E+001  0.78539816339744828E+000
( 0.28919722971595957E+000,-0.53396956994911093E-017)
 0.31415926535897931E+001  0.15707963267948966E+001
( 0.33334936189916481E+000,-0.99404474626837736E-017)
 0.31415926535897931E+001  0.23561944901923448E+001
( 0.39409392632838275E+000, 0.18160386389132199E-017)
 0.31415926535897931E+001  0.31415926535897931E+001
( 0.41526012053093081E+000,-0.16201815741925683E-017)
 0.10000000000000000E+001          1         64
( 0.00000000000000000E+000, 0.00000000000000000E+000)
-0.23561944901923448E+001 -0.23561944901923448E+001
( 0.37220755707383818E+000,-0.43368086899420177E-018)
-0.23561944901923448E+001 -0.15707963267948966E+001
( 0.31485236589393151E+000, 0.44060732760699189E-017)
-0.23561944901923448E+001 -0.78539816339744828E+000
( 0.26223236456305526E+000,-0.70473141211557788E-018)
-0.23561944901923448E+001  0.00000000000000000E+000
( 0.24977249743938146E+000,-0.15268183745368271E-016)
-0.23561944901923448E+001  0.78539816339744828E+000
( 0.26135747399418957E+000, 0.10516761073109393E-016)
-0.23561944901923448E+001  0.15707963267948966E+001
( 0.31500476350466838E+000, 0.19328563244321040E-016)
-0.23561944901923448E+001  0.23561944901923448E+001
( 0.36935213452130250E+000,-0.23852447794681098E-017)
-0.23561944901923448E+001  0.31415926535897931E+001
( 0.39393051427038639E+000,-0.68160275520478371E-017)
-0.15707963267948966E+001 -0.23561944901923448E+001
( 0.30767549359068413E+000, 0.79688859677684576E-017)
-0.15707963267948966E+001 -0.15707963267948966E+001
( 0.25522319392287030E+000,-0.51304399005671865E-017)
-0.15707963267948966E+001 -0.78539816339744828E+000
( 0.19606017915835289E+000,-0.12847795743953228E-016)
-0.15707963267948966E+001  0.00000000000000000E+000
( 0.17231089774854808E+000, 0.14328916388624439E-017)
-0.15707963267948966E+001  0.78539816339744828E+000
( 0.19592280616212676E+000, 0.16588293239028218E-016)
-0.15707963267948966E+001  0.15707963267948966E+001
( 0.25648713308897442E+000, 0.12364715088498275E-016)
-0.15707963267948966E+001  0.23561944901923448E+001
( 0.31426731703686428E+000, 0.13498317047444530E-016)
-0.15707963267948966E+001  0.31415926535897931E+001
( 0.33747165893971626E+000, 0.15092016148032323E-016)
-0.78539816339744828E+000 -0.23561944901923448E+001
( 0.26364582420667282E+000,-0.98120296609938151E-017)
-0.78539816339744828E+000 -0.15707963267948966E+001
( 0.19126546140776568E+000,-0.17563960400622442E-016)
-0.78539816339744828E+000 -0.78539816339744828E+000
( 0.10825323139618398E+000, 0.29815559743351372E-017)
-0.78539816339744828E+000  0.00000000000000000E+000
( 0.69337117754833630E-001, 0.11453723566718567E-016)
-0.78539816339744828E+000  0.78539816339744828E+000
( 0.10608490713364631E+000, 0.84025668367626594E-017)
-0.78539816339744828E+000  0.15707963267948966E+001
( 0.18772127161330673E+000, 0.20777296493315575E-016)
-0.78539816339744828E+000  0.23561944901923448E+001
( 0.26901276478002317E+000, 0.25966642031027831E-016)
-0.78539816339744828E+000  0.31415926535897931E+001
( 0.28571007854978037E+000, 0.14985647107657911E-016)
 0.00000000000000000E+000 -0.23561944901923448E+001
( 0.24437785982474028E+000,-0.91615083575025125E-017)
 0.00000000000000000E+000 -0.15707963267948966E+001
( 0.17196241216197600E+000,-0.97520026709388794E-017)
 0.00000000000000000E+000 -0.78539816339744828E+000
( 0.68006499084779223E-001, 0.54210108624275222E-019)
 0.00000000000000000E+000  0.00000000000000000E+000
(-0.34475114300251131E-002, 0.00000000000000000E+000)
 0.00000000000000000E+000  0.78539816339744828E+000
( 0.68006499084779223E-001,-0.54210108624275222E-019)
 0.00000000000000000E+000  0.15707963267948966E+001
( 0.17196241216197600E+000, 0.97520026709388794E-017)
 0.00000000000000000E+000  0.23561944901923448E+001
( 0.24437785982474028E+000, 0.91615083575025125E-017)
 0.00000000000000000E+000  0.31415926535897931E+001
( 0.26285377293590750E+000,-0.13126763698439224E-017)
 0.78539816339744828E+000 -0.23561944901923448E+001
( 0.26901276478002317E+000,-0.25966642031027831E-016)
 0.78539816339744828E+000 -0.15707963267948966E+001
( 0.18772127161330673E+000,-0.20777296493315575E-016)
 0.78539816339744828E+000 -0.78539816339744828E+000
( 0.10608490713364631E+000,-0.84025668367626594E-017)
 0.78539816339744828E+000  0.00000000000000000E+000
( 0.69337117754833630E-001,-0.11453723566718567E-016)
 0.78539816339744828E+000  0.78539816339744828E+000
( 0.10825323139618398E+000,-0.29815559743351372E-017)
 0.78539816339744828E+000  0.15707963267948966E+001
( 0.19126546140776568E+000, 0.17563960400622442E-016)
 0.78539816339744828E+000  0.23561944901923448E+001
( 0.26364582420667282E+000, 0.98120296609938151E-017)
 0.78539816339744828E+000  0.31415926535897931E+001
( 0.28571007854978037E+000,-0.11025994039247087E-016)
 0.15707963267948966E+001 -0.23561944901923448E+001
( 0.31426731703686428E+000,-0.13498317047444530E-016)
 0.15707963267948966E+001 -0.15707963267948966E+001
( 0.25648713308897442E+000,-0.12364715088498275E-016)
 0.15707963267948966E+001 -0.78539816339744828E+000
( 0.19592280616212676E+000,-0.16588293239028218E-016)
 0.15707963267948966E+001  0.00000000000000000E+000
( 0.17231089774854808E+000,-0.14328916388624439E-017)
 0.15707963267948966E+001  0.78539816339744828E+000
( 0.19606017915835289E+000, 0.12847795743953228E-016)
 0.15707963267948966E+001  0.15707963267948966E+001
( 0.25522319392287030E+000, 0.51304399005671865E-017)
 0.15707963267948966E+001  0.23561944901923448E+001
( 0.30767549359068413E+000,-0.79688859677684576E-017)
 0.15707963267948966E+001  0.31415926535897931E+001
( 0.33747165893971626E+000,-0.15988798079171597E-016)
 0.23561944901923448E+001 -0.23561944901923448E+001
( 0.36935213452130250E+000, 0.23852447794681098E-017)
 0.23561944901923448E+001 -0.15707963267948966E+001
( 0.31500476350466838E+000,-0.19328563244321040E-016)
 0.23561944901923448E+001 -0.78539816339744828E+000
( 0.26135747399418957E+000,-0.10516761073109393E-016)
 0.23561944901923448E+001  0.00000000000000000E+000
( 0.24977249743938146E+000, 0.15268183745368271E-016)
 0.23561944901923448E+001  0.78539816339744828E+000
( 0.26223236456305526E+000, 0.70473141211557788E-018)
 0.23561944901923448E+001  0.15707963267948966E+001
( 0.31485236589393151E+000,-0.44060732760699189E-017)
 0.23561944901923448E+001  0.23561944901923448E+001
( 0.37220755707383818E+000, 0.43368086899420177E-018)
 0.23561944901923448E+001  0.31415926535897931E+001
( 0.39393051427038639E+000, 0.98270037195338447E-017)
 0.31415926535897931E+001 -0.23561944901923448E+001
( 0.39950076421432390E+000,-0.75352050987742558E-017)
 0.31415926535897931E+001 -0.15707963267948966E+001
( 0.34159481901934224E+000,-0.13269633803681654E-016)
 0.31415926535897931E+001 -0.78539816339744828E+000
( 0.28946448927688095E+000,-0.71015242297800540E-017)
 0.31415926535897931E+001  0.00000000000000000E+000
( 0.26972015538317606E+000,-0.16731608879908323E-017)
 0.31415926535897931E+001  0.78539816339744828E+000
( 0.28946448927688095E+000, 0.98120296609938151E-017)
 0.31415926535897931E+001  0.15707963267948966E+001
( 0.34159481901934224E+000, 0.19400924705044055E-016)
 0.31415926535897931E+001  0.23561944901923448E+001
( 0.39950076421432390E+000, 0.10245710529988017E-016)
 0.31415926535897931E+001  0.31415926535897931E+001
( 0.41321537663677455E+000,-0.12291813669405198E-017)
 0.10000000000000000E+001          1         64
( 0.00000000000000000E+000, 0.00000000000000000E+000)
-0.23561944901923448E+001 -0.23561944901923448E+001
( 0.37525023952996206E+000, 0.81857264022655585E-017)
-0.23561944901923448E+001 -0.15707963267948966E+001
( 0.32448778681238644E+000, 0.21770345537409949E-017)
-0.23561944901923448E+001 -0.78539816339744828E+000
( 0.26627687117622578E+000, 0.13498317047444530E-016)
-0.23561944901923448E+001  0.00000000000000000E+000
( 0.25464018187587961E+000, 0.35994574915604316E-017)
-0.23561944901923448E+001  0.78539816339744828E+000
( 0.27079377886261446E+000, 0.75894152073985310E-018)
-0.23561944901923448E+001  0.15707963267948966E+001
( 0.32598559947632133E+000, 0.37631573734089222E-018)
-0.23561944901923448E+001  0.23561944901923448E+001
( 0.38048873319163035E+000, 0.72099444470286045E-017)
-0.23561944901923448E+001  0.31415926535897931E+001
( 0.40817631660114978E+000, 0.18063976701954988E-016)
-0.15707963267948966E+001 -0.23561944901923448E+001
( 0.32406151062292821E+000, 0.13498317047444530E-016)
-0.15707963267948966E+001 -0.15707963267948966E+001
( 0.25969871115091026E+000, 0.70757365157588015E-017)
-0.15707963267948966E+001 -0.78539816339744828E+000
( 0.20424971632062461E+000, 0.43368086899420177E-017)
-0.15707963267948966E+001  0.00000000000000000E+000
( 0.18030565324158665E+000, 0.11008328538697118E-016)
-0.15707963267948966E+001  0.78539816339744828E+000
( 0.19906987479356908E+000, 0.27647155398380363E-017)
-0.15707963267948966E+001  0.15707963267948966E+001
( 0.26645810513072549E+000,-0.11452335401944305E-016)
-0.15707963267948966E+001  0.23561944901923448E+001
( 0.32339078888873829E+000,-0.13010426069826053E-017)
-0.15707963267948966E+001  0.31415926535897931E+001
( 0.35089330528565255E+000, 0.16042113543337578E-016)
-0.78539816339744828E+000 -0.23561944901923448E+001
( 0.26759627771128630E+000, 0.18323016715005025E-016)
-0.78539816339744828E+000 -0.15707963267948966E+001
( 0.20206294687774004E+000, 0.53013257558272152E-017)
-0.78539816339744828E+000 -0.78539816339744828E+000
( 0.11757685889030578E+000, 0.18431436932253575E-016)
-0.78539816339744828E+000  0.00000000000000000E+000
( 0.78932855976050362E-001,-0.16823516113371559E-017)
-0.78539816339744828E+000  0.78539816339744828E+000
( 0.11424670103709218E+000,-0.14961989980299961E-016)
-0.78539816339744828E+000  0.15707963267948966E+001
( 0.20550732831129992E+000,-0.13467157059971031E-016)
-0.78539816339744828E+000  0.23561944901923448E+001
( 0.26855086353785340E+000,-0.15612511283791264E-016)
-0.78539816339744828E+000  0.31415926535897931E+001
( 0.29730954797514031E+000,-0.52622338477302632E-017)
 0.00000000000000000E+000 -0.23561944901923448E+001
( 0.25114808953864443E+000, 0.15937771935536915E-016)
 0.00000000000000000E+000 -0.15707963267948966E+001
( 0.18045033578586164E+000, 0.14095361857918435E-016)
 0.00000000000000000E+000 -0.78539816339744828E+000
( 0.72605233972361904E-001, 0.12522535092207576E-016)
 0.00000000000000000E+000  0.00000000000000000E+000
( 0.95342475682663186E-002, 0.00000000000000000E+000)
 0.00000000000000000E+000  0.78539816339744828E+000
( 0.72605233972361904E-001,-0.12522535092207576E-016)
 0.00000000000000000E+000  0.15707963267948966E+001
( 0.18045033578586164E+000,-0.14095361857918435E-016)
 0.00000000000000000E+000  0.23561944901923448E+001
( 0.25114808953864443E+000,-0.15937771935536915E-016)
 0.00000000000000000E+000  0.31415926535897931E+001
( 0.27350649314066189E+000,-0.21830766571085659E-018)
 0.78539816339744828E+000 -0.23561944901923448E+001
( 0.26855086353785340E+000, 0.15612511283791264E-016)
 0.78539816339744828E+000 -0.15707963267948966E+001
( 0.20550732831129992E+000, 0.13467157059971031E-016)
 0.78539816339744828E+000 -0.78539816339744828E+000
( 0.11424670103709218E+000, 0.14961989980299961E-016)
 0.78539816339744828E+000  0.00000000000000000E+000
( 0.78932855976050362E-001, 0.16823516113371559E-017)
 0.78539816339744828E+000  0.78539816339744828E+000
( 0.11757685889030578E+000,-0.18431436932253575E-016)
 0.78539816339744828E+000  0.15707963267948966E+001
( 0.20206294687774004E+000,-0.53013257558272152E-017)
 0.78539816339744828E+000  0.23561944901923448E+001
( 0.26759627771128630E+000,-0.18323016715005025E-016)
 0.78539816339744828E+000  0.31415926535897931E+001
( 0.29730954797514031E+000, 0.31109166206294212E-017)
 0.15707963267948966E+001 -0.23561944901923448E+001
( 0.32339078888873829E+000, 0.13010426069826053E-017)
 0.15707963267948966E+001 -0.15707963267948966E+001
( 0.26645810513072549E+000, 0.11452335401944305E-016)
 0.15707963267948966E+001 -0.78539816339744828E+000
( 0.19906987479356908E+000,-0.27647155398380363E-017)
 0.15707963267948966E+001  0.00000000000000000E+000
( 0.18030565324158665E+000,-0.11008328538697118E-016)
 0.15707963267948966E+001  0.78539816339744828E+000
( 0.20424971632062461E+000,-0.43368086899420177E-017)
 0.15707963267948966E+001  0.15707963267948966E+001
( 0.25969871115091026E+000,-0.70757365157588015E-017)
 0.15707963267948966E+001  0.23561944901923448E+001
( 0.32406151062292821E+000,-0.13498317047444530E-016)
 0.15707963267948966E+001  0.31415926535897931E+001
( 0.35089330528565255E+000,-0.16506434057358017E-016)
 0.23561944901923448E+001 -0.23561944901923448E+001
( 0.38048873319163035E+000,-0.72099444470286045E-017)
 0.23561944901923448E+001 -0.15707963267948966E+001
( 0.32598559947632133E+000,-0.37631573734089222E-018)
 0.23561944901923448E+001 -0.78539816339744828E+000
( 0.27079377886261446E+000,-0.75894152073985310E-018)
 0.23561944901923448E+001  0.00000000000000000E+000
( 0.25464018187587961E+000,-0.35994574915604316E-017)
 0.23561944901923448E+001  0.78539816339744828E+000
( 0.26627687117622578E+000,-0.13498317047444530E-016)
 0.23561944901923448E+001  0.15707963267948966E+001
( 0.32448778681238644E+000,-0.21770345537409949E-017)
 0.23561944901923448E+001  0.23561944901923448E+001
( 0.37525023952996206E+000,-0.81857264022655585E-017)
 0.23561944901923448E+001  0.31415926535897931E+001
( 0.40817631660114978E+000,-0.87634084821776897E-017)
 0.31415926535897931E+001 -0.23561944901923448E+001
( 0.40794762196981149E+000, 0.42825985813177425E-017)
 0.31415926535897931E+001 -0.15707963267948966E+001
( 0.35031569611040164E+000, 0.16404134941337136E-017)
 0.31415926535897931E+001 -0.78539816339744828E+000
( 0.29697815931256499E+000,-0.64510029262887514E-017)
 0.31415926535897931E+001  0.00000000000000000E+000
( 0.27120620892254355E+000,-0.15794461260424761E-017)
 0.31415926535897931E+001  0.78539816339744828E+000
( 0.29697815931256499E+000, 0.21684043449710089E-017)
 0.31415926535897931E+001  0.15707963267948966E+001
( 0.35031569611040164E+000, 0.15833531985612172E-017)
 0.31415926535897931E+001  0.23561944901923448E+001
( 0.40794762196981149E+000,-0.76436253160228063E-017)
 0.31415926535897931E+001  0.31415926535897931E+001
( 0.43177018652101307E+000,-0.62164380794571602E-018)
 0.10000000000000000E+001          1         64
( 0.00000000000000000E+000, 0.00000000000000000E+000)
-0.23561944901923448E+001 -0.23561944901923448E+001
( 0.36705472962153096E+000, 0.61121897473870312E-017)
-0.23561944901923448E+001 -0.15707963267948966E+001
( 0.30945296117409665E+000, 0.62628575844048851E-017)
-0.23561944901923448E+001 -0.78539816339744828E+000
( 0.25764251113596615E+000,-0.13186608922854948E-016)
-0.23561944901923448E+001  0.00000000000000000E+000
( 0.23893138076921167E+000, 0.55193295912651507E-017)
-0.23561944901923448E+001  0.78539816339744828E+000
( 0.26149483249534455E+000, 0.18024861117571511E-017)
-0.23561944901923448E+001  0.15707963267948966E+001
( 0.31267321457968472E+000, 0.12587802988340336E-016)
-0.23561944901923448E+001  0.23561944901923448E+001
( 0.37260691721149286E+000,-0.68982363224390220E-017)
-0.23561944901923448E+001  0.31415926535897931E+001
( 0.39937216020626559E+000, 0.48237841276812326E-017)
-0.15707963267948966E+001 -0.23561944901923448E+001
( 0.31673904826992894E+000, 0.17564075194265172E-016)
-0.15707963267948966E+001 -0.15707963267948966E+001
( 0.24925797544213543E+000,-0.94184884408006543E-017)
-0.15707963267948966E+001 -0.78539816339744828E+000
( 0.18627946844670773E+000,-0.79688859677684576E-017)
-0.15707963267948966E+001  0.00000000000000000E+000
( 0.17003987502424076E+000, 0.10909364980927855E-017)
-0.15707963267948966E+001  0.78539816339744828E+000
( 0.19133787649955059E+000, 0.15571853702323057E-016)
-0.15707963267948966E+001  0.15707963267948966E+001
( 0.24985165917027571E+000, 0.11361620467401508E-016)
-0.15707963267948966E+001  0.23561944901923448E+001
( 0.31087052729998071E+000,-0.32526065174565133E-017)
-0.15707963267948966E+001  0.31415926535897931E+001
( 0.34446213885241672E+000, 0.76543098236094504E-018)
-0.78539816339744828E+000 -0.23561944901923448E+001
( 0.26217648844061825E+000, 0.58004816227974487E-017)
-0.78539816339744828E+000 -0.15707963267948966E+001
( 0.19172182733328794E+000, 0.12442065947229006E-017)
-0.78539816339744828E+000 -0.78539816339744828E+000
( 0.10497463983927154E+000,-0.51364077921500773E-017)
-0.78539816339744828E+000  0.00000000000000000E+000
( 0.67115563664325958E-001,-0.21904251047010830E-016)
-0.78539816339744828E+000  0.78539816339744828E+000
( 0.10379612748890665E+000,-0.15720931501039814E-017)
-0.78539816339744828E+000  0.15707963267948966E+001
( 0.19583007710119421E+000,-0.22970877709597401E-017)
-0.78539816339744828E+000  0.23561944901923448E+001
( 0.26438241463909185E+000,-0.10137290312739466E-016)
-0.78539816339744828E+000  0.31415926535897931E+001
( 0.28833760474635883E+000,-0.60837457822994767E-018)
 0.00000000000000000E+000 -0.23561944901923448E+001
( 0.24864459728984140E+000,-0.68846837952829532E-017)
 0.00000000000000000E+000 -0.15707963267948966E+001
( 0.16777662381830000E+000,-0.34457283041030366E-017)
 0.00000000000000000E+000 -0.78539816339744828E+000
( 0.62012407436131414E-001,-0.32390539903004445E-017)
 0.00000000000000000E+000  0.00000000000000000E+000
(-0.89605605467676375E-002, 0.00000000000000000E+000)
 0.00000000000000000E+000  0.78539816339744828E+000
( 0.62012407436131414E-001, 0.32390539903004445E-017)
 0.00000000000000000E+000  0.15707963267948966E+001
( 0.16777662381830000E+000, 0.34457283041030366E-017)
 0.00000000000000000E+000  0.23561944901923448E+001
( 0.24864459728984140E+000, 0.68846837952829532E-017)
 0.00000000000000000E+000  0.31415926535897931E+001
( 0.27092833778979986E+000,-0.14569001199323091E-017)
 0.78539816339744828E+000 -0.23561944901923448E+001
( 0.26438241463909185E+000, 0.10137290312739466E-016)
 0.78539816339744828E+000 -0.15707963267948966E+001
( 0.19583007710119421E+000, 0.22970877709597401E-017)
 0.78539816339744828E+000 -0.78539816339744828E+000
( 0.10379612748890665E+000, 0.15720931501039814E-017)
 0.78539816339744828E+000  0.00000000000000000E+000
( 0.67115563664325958E-001, 0.21904251047010830E-016)
 0.78539816339744828E+000  0.78539816339744828E+000
( 0.10497463983927154E+000, 0.51364077921500773E-017)
 0.78539816339744828E+000  0.15707963267948966E+001
( 0.19172182733328794E+000,-0.12442065947229006E-017)
 0.78539816339744828E+000  0.23561944901923448E+001
( 0.26217648844061825E+000,-0.58004816227974487E-017)
 0.78539816339744828E+000  0.31415926535897931E+001
( 0.28833760474635878E+000, 0.33920256164827591E-017)
 0.15707963267948966E+001 -0.23561944901923448E+001
( 0.31087052729998071E+000, 0.32526065174565133E-017)
 0.15707963267948966E+001 -0.15707963267948966E+001
( 0.24985165917027571E+000,-0.11361620467401508E-016)
 0.15707963267948966E+001 -0.78539816339744828E+000
( 0.19133787649955059E+000,-0.15571853702323057E-016)
 0.15707963267948966E+001  0.00000000000000000E+000
( 0.17003987502424076E+000,-0.10909364980927855E-017)
 0.15707963267948966E+001  0.78539816339744828E+000
( 0.18627946844670773E+000, 0.79688859677684576E-017)
 0.15707963267948966E+001  0.15707963267948966E+001
( 0.24925797544213543E+000, 0.94184884408006543E-017)
 0.15707963267948966E+001  0.23561944901923448E+001
( 0.31673904826992894E+000,-0.17564075194265172E-016)
 0.15707963267948966E+001  0.31415926535897931E+001
( 0.34446213885241672E+000, 0.72929397042412890E-017)
 0.23561944901923448E+001 -0.23561944901923448E+001
( 0.37260691721149286E+000, 0.68982363224390220E-017)
 0.23561944901923448E+001 -0.15707963267948966E+001
( 0.31267321457968472E+000,-0.12587802988340336E-016)
 0.23561944901923448E+001 -0.78539816339744828E+000
( 0.26149483249534455E+000,-0.18024861117571511E-017)
 0.23561944901923448E+001  0.00000000000000000E+000
( 0.23893138076921167E+000,-0.55193295912651507E-017)
 0.23561944901923448E+001  0.78539816339744828E+000
( 0.25764251113596615E+000, 0.13186608922854948E-016)
 0.23561944901923448E+001  0.15707963267948966E+001
( 0.30945296117409665E+000,-0.62628575844048851E-017)
 0.23561944901923448E+001  0.23561944901923448E+001
( 0.36705472962153096E+000,-0.61121897473870312E-017)
 0.23561944901923448E+001  0.31415926535897931E+001
( 0.39937216020626559E+000, 0.27303564695077979E-017)
 0.31415926535897931E+001 -0.23561944901923448E+001
( 0.39361158478748259E+000, 0.12576745200831851E-016)
 0.31415926535897931E+001 -0.15707963267948966E+001
( 0.33496166053752979E+000, 0.78808405693025706E-017)
 0.31415926535897931E+001 -0.78539816339744828E+000
( 0.28457609422761843E+000, 0.33881317890172014E-018)
 0.31415926535897931E+001  0.00000000000000000E+000
( 0.26658964744971958E+000,-0.88083038920296679E-018)
 0.31415926535897931E+001  0.78539816339744828E+000
( 0.28457609422761843E+000,-0.58817967857338616E-017)
 0.31415926535897931E+001  0.15707963267948966E+001
( 0.33496166053752979E+000,-0.11712894513880010E-016)
 0.31415926535897931E+001  0.23561944901923448E+001
( 0.39361158478748259E+000,-0.10570971181733668E-016)
 0.31415926535897931E+001  0.31415926535897931E+001
( 0.41947230364824573E+000, 0.21525025164518829E-018)
 0.10000000000000000E+001          1         64
( 0.00000000000000000E+000, 0.00000000000000000E+000)
-0.23561944901923448E+001 -0.23561944901923448E+001
( 0.37516939848910896E+000, 0.32078831778414862E-016)
-0.23561944901923448E+001 -0.15707963267948966E+001
( 0.31692425176759614E+000, 0.31122216436637830E-016)
-0.23561944901923448E+001 -0.78539816339744828E+000
( 0.26275604285979293E+000, 0.37435468136851058E-016)
-0.23561944901923448E+001  0.00000000000000000E+000
( 0.24801059276052739E+000, 0.13410850429590078E-016)
-0.23561944901923448E+001  0.78539816339744828E+000
( 0.26767129465037165E+000,-0.27742023088472845E-016)
-0.23561944901923448E+001  0.15707963267948966E+001
( 0.32183055861364046E+000,-0.43602929666444617E-016)
-0.23561944901923448E+001  0.23561944901923448E+001
( 0.37496682846457619E+000,-0.23571232856192670E-016)
-0.23561944901923448E+001  0.31415926535897931E+001
( 0.40177474838249116E+000, 0.90535088253205721E-017)
-0.15707963267948966E+001 -0.23561944901923448E+001
( 0.32635831455352915E+000, 0.27094889916770559E-016)
-0.15707963267948966E+001 -0.15707963267948966E+001
( 0.26063804756020859E+000, 0.53097898867047846E-016)
-0.15707963267948966E+001 -0.78539816339744828E+000
( 0.20379634458425783E+000, 0.48440120187578928E-016)
-0.15707963267948966E+001  0.00000000000000000E+000
( 0.17722751912595458E+000, 0.18774351081100656E-016)
-0.15707963267948966E+001  0.78539816339744828E+000
( 0.20204805996427361E+000,-0.85584208990574506E-017)
-0.15707963267948966E+001  0.15707963267948966E+001
( 0.26131994544453074E+000,-0.12106797916280123E-016)
-0.15707963267948966E+001  0.23561944901923448E+001
( 0.32176740970815276E+000,-0.21944929597464413E-016)
-0.15707963267948966E+001  0.31415926535897931E+001
( 0.34373514983977471E+000, 0.10763780735765930E-016)
-0.78539816339744828E+000 -0.23561944901923448E+001
( 0.27299074552057867E+000, 0.48951728087720525E-016)
-0.78539816339744828E+000 -0.15707963267948966E+001
( 0.20380763102426422E+000, 0.44028351704623164E-016)
-0.78539816339744828E+000 -0.78539816339744828E+000
( 0.11584862819750263E+000, 0.49085559293386705E-016)
-0.78539816339744828E+000  0.00000000000000000E+000
( 0.76521360403604050E-001, 0.16437164955338782E-016)
-0.78539816339744828E+000  0.78539816339744828E+000
( 0.11607476447066878E+000,-0.56107462426124854E-017)
-0.78539816339744828E+000  0.15707963267948966E+001
( 0.20352020964706635E+000,-0.99749803768300801E-017)
-0.78539816339744828E+000  0.23561944901923448E+001
( 0.26778787499640333E+000,-0.68931541247554962E-017)
-0.78539816339744828E+000  0.31415926535897931E+001
( 0.29831618127103188E+000, 0.22567030023022796E-017)
 0.00000000000000000E+000 -0.23561944901923448E+001
( 0.25144499900218170E+000, 0.29798619084406286E-016)
 0.00000000000000000E+000 -0.15707963267948966E+001
( 0.17593270088225749E+000, 0.46240908038034282E-016)
 0.00000000000000000E+000 -0.78539816339744828E+000
( 0.74866184153224838E-001, 0.31601105196163437E-016)
 0.00000000000000000E+000  0.00000000000000000E+000
( 0.11621151421216308E-001, 0.00000000000000000E+000)
 0.00000000000000000E+000  0.78539816339744828E+000
( 0.74866184153224838E-001,-0.31601105196163437E-016)
 0.00000000000000000E+000  0.15707963267948966E+001
( 0.17593270088225749E+000,-0.46240908038034282E-016)
 0.00000000000000000E+000  0.23561944901923448E+001
( 0.25144499900218170E+000,-0.29798619084406286E-016)
 0.00000000000000000E+000  0.31415926535897931E+001
( 0.27453833806569494E+000,-0.89383755535558113E-018)
 0.78539816339744828E+000 -0.23561944901923448E+001
( 0.26778787499640333E+000, 0.68931541247554962E-017)
 0.78539816339744828E+000 -0.15707963267948966E+001
( 0.20352020964706635E+000, 0.99749803768300801E-017)
 0.78539816339744828E+000 -0.78539816339744828E+000
( 0.11607476447066878E+000, 0.56107462426124854E-017)
 0.78539816339744828E+000  0.00000000000000000E+000
( 0.76521360403604050E-001,-0.16437164955338782E-016)
 0.78539816339744828E+000  0.78539816339744828E+000
( 0.11584862819750263E+000,-0.49085559293386705E-016)
 0.78539816339744828E+000  0.15707963267948966E+001
( 0.20380763102426422E+000,-0.44028351704623164E-016)
 0.78539816339744828E+000  0.23561944901923448E+001
( 0.27299074552057867E+000,-0.48951728087720525E-016)
 0.78539816339744828E+000  0.31415926535897931E+001
( 0.29831618127103193E+000,-0.59495656449471703E-017)
 0.15707963267948966E+001 -0.23561944901923448E+001
( 0.32176740970815276E+000, 0.21944929597464413E-016)
 0.15707963267948966E+001 -0.15707963267948966E+001
( 0.26131994544453074E+000, 0.12106797916280123E-016)
 0.15707963267948966E+001 -0.78539816339744828E+000
( 0.20204805996427361E+000, 0.85584208990574506E-017)
 0.15707963267948966E+001  0.00000000000000000E+000
( 0.17722751912595458E+000,-0.18774351081100656E-016)
 0.15707963267948966E+001  0.78539816339744828E+000
( 0.20379634458425783E+000,-0.48440120187578928E-016)
 0.15707963267948966E+001  0.15707963267948966E+001
( 0.26063804756020859E+000,-0.53097898867047846E-016)
 0.15707963267948966E+001  0.23561944901923448E+001
( 0.32635831455352915E+000,-0.27094889916770559E-016)
 0.15707963267948966E+001  0.31415926535897931E+001
( 0.34373514983977471E+000,-0.54852724158609902E-017)
 0.23561944901923448E+001 -0.23561944901923448E+001
( 0.37496682846457619E+000, 0.23571232856192670E-016)
 0.23561944901923448E+001 -0.15707963267948966E+001
( 0.32183055861364046E+000, 0.43602929666444617E-016)
 0.23561944901923448E+001 -0.78539816339744828E+000
( 0.26767129465037165E+000, 0.27742023088472845E-016)
 0.23561944901923448E+001  0.00000000000000000E+000
( 0.24801059276052739E+000,-0.13410850429590078E-016)
 0.23561944901923448E+001  0.78539816339744828E+000
( 0.26275604285979293E+000,-0.37435468136851058E-016)
 0.23561944901923448E+001  0.15707963267948966E+001
( 0.31692425176759614E+000,-0.31122216436637830E-016)
 0.23561944901923448E+001  0.23561944901923448E+001
( 0.37516939848910896E+000,-0.32078831778414862E-016)
 0.23561944901923448E+001  0.31415926535897931E+001
( 0.40177474838249116E+000,-0.79216718004049697E-017)
 0.31415926535897931E+001 -0.23561944901923448E+001
( 0.40133913807881694E+000, 0.29683422603579701E-016)
 0.31415926535897931E+001 -0.15707963267948966E+001
( 0.34495846631517213E+000, 0.27250391878353589E-016)
 0.31415926535897931E+001 -0.78539816339744828E+000
( 0.29391827894170303E+000, 0.21518024992048246E-016)
 0.31415926535897931E+001  0.00000000000000000E+000
( 0.26337676710689484E+000,-0.12008243296247770E-017)
 0.31415926535897931E+001  0.78539816339744828E+000
( 0.29391827894170303E+000,-0.25167042928819772E-016)
 0.31415926535897931E+001  0.15707963267948966E+001
( 0.34495846631517213E+000,-0.30248465514320033E-016)
 0.31415926535897931E+001  0.23561944901923448E+001
( 0.40133913807881694E+000,-0.33207079664157590E-016)
 0.31415926535897931E+001  0.31415926535897931E+001
( 0.41803920310748433E+000,-0.24074075947543629E-017)
