          31           9   6.0000000000000000                1
     0.0000000        1.10406766        0.01869804
     0.1000000        0.91310974        0.01851316
     0.2000000        0.77947987        0.01759659
     0.3000000        0.68121082        0.01629254
     0.4000000        0.60566648        0.01534463
     0.5000000        0.54534273        0.01468114
     0.6000000        0.49614345        0.01405813
     0.7000000        0.45529217        0.01356476
     0.8000000        0.42107344        0.01313963
     0.9000000        0.39177531        0.01296534
     1.0000000        0.36557072        0.01294720
     1.1000000        0.34210553        0.01291968
     1.2000000        0.32206993        0.01276139
     1.3000000        0.30541498        0.01249727
     1.4000000        0.29124617        0.01244497
     1.5000000        0.27807772        0.01229490
     1.6000000        0.26581824        0.01212044
     1.7000000        0.25488211        0.01187371
     1.8000000        0.24479086        0.01154938
     1.9000000        0.23555013        0.01113472
     2.0000000        0.22714831        0.01067930
     2.1000000        0.21957383        0.01010999
     2.2000000        0.21276314        0.00953592
     2.3000000        0.20698965        0.00900977
     2.4000000        0.20282359        0.00860049
     2.5000000        0.19995294        0.00859037
     2.6000000        0.19739925        0.00877000
     2.7000000        0.19565670        0.00901190
     2.8000000        0.19518539        0.00930665
     2.9000000        0.19560788        0.00939643
     3.0000000        0.19580666        0.00932282
