          61           4   6.0000000000000000                1
     0.0000000        1.93863340        0.01354397
     0.1000000        1.29096243        0.00981737
     0.2000000        0.86579469        0.01915196
     0.3000000        0.58758700        0.02371002
     0.4000000        0.39501783        0.01596202
     0.5000000        0.27633006        0.01649367
     0.6000000        0.19775401        0.02319849
     0.7000000        0.13301206        0.01801092
     0.8000000        0.12079833        0.01753308
     0.9000000        0.08215477        0.01688452
     1.0000000        0.05531410        0.01616736
     1.1000000        0.03466977        0.01804042
     1.2000000        0.01810578        0.01748330
     1.3000000        0.01209416        0.01400324
     1.4000000        0.01408197        0.00691312
     1.5000000        0.02264975        0.00598151
     1.6000000        0.00278470        0.00907598
     1.7000000        0.01126154        0.01260897
     1.8000000        0.00978696        0.00487737
     1.9000000        0.01257583        0.00669343
     2.0000000       -0.00138844        0.01014214
     2.1000000       -0.00179403        0.01138291
     2.2000000       -0.00172977        0.01672008
     2.3000000       -0.01055227        0.01096049
     2.4000000       -0.01260895        0.01224245
     2.5000000       -0.00846778        0.01709087
     2.6000000       -0.00150539        0.01148312
     2.7000000        0.00410223        0.01288591
     2.8000000       -0.00460052        0.00433845
     2.9000000       -0.00170143        0.01104814
     3.0000000       -0.00043898        0.00914568
     3.1000000        0.01195094        0.01280187
     3.2000000        0.01636250        0.01070551
     3.3000000        0.02199650        0.00782393
     3.4000000        0.01667904        0.00282547
     3.5000000        0.02260974        0.01142233
     3.6000000        0.02354940        0.00855608
     3.7000000        0.01951312        0.00964640
     3.8000000        0.00871753        0.01102495
     3.9000000        0.00617852        0.00860153
     4.0000000        0.00379215        0.00537509
     4.1000000       -0.01215559        0.00746214
     4.2000000       -0.02064778        0.01093253
     4.3000000       -0.00446926        0.01028837
     4.4000000        0.00987570        0.00919075
     4.5000000        0.01518259        0.00708386
     4.6000000        0.00345696        0.00967915
     4.7000000        0.01112766        0.01205152
     4.8000000        0.00768021        0.02083157
     4.9000000        0.00321694        0.02239516
     5.0000000        0.00763980        0.01041214
     5.1000000        0.00048150        0.00862845
     5.2000000        0.00562383        0.00529336
     5.3000000        0.02410920        0.00581134
     5.4000000        0.01743929        0.01104363
     5.5000000        0.02020740        0.01120681
     5.6000000        0.01895005        0.00634739
     5.7000000        0.01146238        0.01128588
     5.8000000        0.02298947        0.01473898
     5.9000000        0.04663772        0.01217437
     6.0000000        0.06136660        0.01354397
