   -2.356194     -2.356194        0.58447669        0.01521672       -0.00137104        0.00301884
   -2.356194     -1.570796        0.58051926        0.01157955        0.00130200        0.00348818
   -2.356194     -0.785398        0.56849463        0.01323884       -0.00256847        0.00328719
   -2.356194      0.000000        0.56403255        0.00988820        0.00123042        0.00455083
   -2.356194      0.785398        0.58136404        0.01054356       -0.00214204        0.00262752
   -2.356194      1.570796        0.58581482        0.01329342       -0.00430873        0.00612357
   -2.356194      2.356194        0.58413431        0.01435074       -0.00015203        0.00365697
   -2.356194      3.141593        0.58370122        0.01343368       -0.00270157        0.00411899
   -1.570796     -2.356194        0.58819576        0.00983053        0.00400985        0.00312069
   -1.570796     -1.570796        0.58439339        0.01394099       -0.00340156        0.00468602
   -1.570796     -0.785398        0.57374821        0.01256823       -0.00059357        0.00517899
   -1.570796      0.000000        0.56391145        0.01204214       -0.00097783        0.00449536
   -1.570796      0.785398        0.57692068        0.01130414        0.00352793        0.00454391
   -1.570796      1.570796        0.58474614        0.01121455        0.00042219        0.00372484
   -1.570796      2.356194        0.58815812        0.01511894        0.00084279        0.00214007
   -1.570796      3.141593        0.59293076        0.01457721       -0.00059228        0.00303775
   -0.785398     -2.356194        0.59881094        0.01422305        0.00133902        0.00527429
   -0.785398     -1.570796        0.58432159        0.00985152       -0.00317699        0.00624740
   -0.785398     -0.785398        0.56728795        0.01234760       -0.00161350        0.00561533
   -0.785398      0.000000        0.56888383        0.01408214        0.00001903        0.00483725
   -0.785398      0.785398        0.56906643        0.01486212       -0.00021528        0.00370420
   -0.785398      1.570796        0.58330254        0.01187155       -0.00129812        0.00033166
   -0.785398      2.356194        0.60232166        0.01216656       -0.00593500        0.00315666
   -0.785398      3.141593        0.60485551        0.00951706       -0.00068000        0.00244684
    0.000000     -2.356194        0.60368802        0.00999996       -0.00221558        0.00163913
    0.000000     -1.570796        0.58917137        0.01117400        0.00286937        0.00251983
    0.000000     -0.785398        0.56752449        0.01187438        0.00060124        0.00430892
    0.000000      0.000000        0.56806809        0.01705942       -0.00000000        0.00000000
    0.000000      0.785398        0.56752449        0.01187438       -0.00060124        0.00430892
    0.000000      1.570796        0.58917137        0.01117400       -0.00286937        0.00251983
    0.000000      2.356194        0.60368802        0.00999996        0.00221558        0.00163913
    0.000000      3.141593        0.60959393        0.00996601        0.00000000        0.00000000
    0.785398     -2.356194        0.60232166        0.01216656        0.00593500        0.00315666
    0.785398     -1.570796        0.58330254        0.01187155        0.00129812        0.00033166
    0.785398     -0.785398        0.56906643        0.01486212        0.00021528        0.00370420
    0.785398      0.000000        0.56888383        0.01408214       -0.00001903        0.00483725
    0.785398      0.785398        0.56728795        0.01234760        0.00161350        0.00561533
    0.785398      1.570796        0.58432159        0.00985152        0.00317699        0.00624740
    0.785398      2.356194        0.59881094        0.01422305       -0.00133902        0.00527429
    0.785398      3.141593        0.60485551        0.00951706        0.00068000        0.00244684
    1.570796     -2.356194        0.58815812        0.01511894       -0.00084279        0.00214007
    1.570796     -1.570796        0.58474614        0.01121455       -0.00042219        0.00372484
    1.570796     -0.785398        0.57692068        0.01130414       -0.00352793        0.00454391
    1.570796      0.000000        0.56391145        0.01204214        0.00097783        0.00449536
    1.570796      0.785398        0.57374821        0.01256823        0.00059357        0.00517899
    1.570796      1.570796        0.58439339        0.01394099        0.00340156        0.00468602
    1.570796      2.356194        0.58819576        0.00983053       -0.00400985        0.00312069
    1.570796      3.141593        0.59293076        0.01457721        0.00059228        0.00303775
    2.356194     -2.356194        0.58413431        0.01435074        0.00015203        0.00365697
    2.356194     -1.570796        0.58581482        0.01329342        0.00430873        0.00612357
    2.356194     -0.785398        0.58136404        0.01054356        0.00214204        0.00262752
    2.356194      0.000000        0.56403255        0.00988820       -0.00123042        0.00455083
    2.356194      0.785398        0.56849463        0.01323884        0.00256847        0.00328719
    2.356194      1.570796        0.58051926        0.01157955       -0.00130200        0.00348818
    2.356194      2.356194        0.58447669        0.01521672        0.00137104        0.00301884
    2.356194      3.141593        0.58370122        0.01343368        0.00270157        0.00411899
    3.141593     -2.356194        0.58073968        0.01207794        0.00479560        0.00350673
    3.141593     -1.570796        0.58502428        0.01170255        0.00055791        0.00641910
    3.141593     -0.785398        0.57916083        0.00611461       -0.00307492        0.00278608
    3.141593      0.000000        0.56571159        0.00973322       -0.00000000        0.00000000
    3.141593      0.785398        0.57916083        0.00611461        0.00307492        0.00278608
    3.141593      1.570796        0.58502428        0.01170255       -0.00055791        0.00641910
    3.141593      2.356194        0.58073968        0.01207794       -0.00479560        0.00350673
    3.141593      3.141593        0.56597369        0.00915524       -0.00000000        0.00000000
