          21           4   4.0000000000000000                1
     0.0000000        0.48458908        0.17559444
     0.1000000        0.28418832        0.16732156
     0.2000000        0.18414687        0.16048958
     0.3000000        0.12904827        0.15383227
     0.4000000        0.08618322        0.14809314
     0.5000000        0.06496824        0.13984916
     0.6000000        0.06178517        0.14138356
     0.7000000        0.04913060        0.14773628
     0.8000000        0.04920791        0.15057040
     0.9000000        0.04214832        0.15844664
     1.0000000        0.04695630        0.16146199
     1.1000000        0.04194632        0.16007125
     1.2000000        0.03887793        0.16540853
     1.3000000        0.03286422        0.17608124
     1.4000000        0.03741626        0.17597353
     1.5000000        0.03853921        0.17558364
     1.6000000        0.03171949        0.17561447
     1.7000000        0.03479896        0.17894582
     1.8000000        0.03898446        0.17930559
     1.9000000        0.02948932        0.18601016
     2.0000000        0.02120149        0.18861834
