          11           9   2.0000000000000000                1
     0.0000000        0.11532504        0.00793095
     0.1000000        0.09468115        0.00629233
     0.2000000        0.08261516        0.00408214
     0.3000000        0.07593367        0.00461095
     0.4000000        0.06169158        0.00531805
     0.5000000        0.06054418        0.00274274
     0.6000000        0.05781723        0.00349705
     0.7000000        0.05286634        0.00334403
     0.8000000        0.05364977        0.00512005
     0.9000000        0.05546910        0.00780129
     1.0000000        0.04875736        0.00516145
