   -2.000000     -2.000000
  1    1       -0.00086185        0.00023578       -0.00000000        0.00000000
   -2.000000     -1.000000
  1    1       -0.00212326        0.00044329        0.00000000        0.00000000
   -2.000000      0.000000
  1    1        0.00388840        0.00027983        0.00000000        0.00000000
   -2.000000      1.000000
  1    1       -0.00199154        0.00023800       -0.00000000        0.00000000
   -2.000000      2.000000
  1    1       -0.00115682        0.00024744       -0.00000000        0.00000000
   -2.000000      3.000000
  1    1        0.00292677        0.00018390       -0.00000000        0.00000000
   -1.000000     -2.000000
  1    1       -0.00427939        0.00020024       -0.00000000        0.00000000
   -1.000000     -1.000000
  1    1       -0.01123781        0.00044727        0.00000000        0.00000000
   -1.000000      0.000000
  1    1       -0.14655853        0.00143339       -0.00000000        0.00000000
   -1.000000      1.000000
  1    1       -0.01088967        0.00044645        0.00000000        0.00000000
   -1.000000      2.000000
  1    1       -0.00434961        0.00024566        0.00000000        0.00000000
   -1.000000      3.000000
  1    1        0.00355814        0.00021595        0.00000000        0.00000000
    0.000000     -2.000000
  1    1        0.01035370        0.00026715        0.00000000        0.00000000
    0.000000     -1.000000
  1    1       -0.12231806        0.00142865       -0.00000000        0.00000000
    0.000000      0.000000
  1    1        1.68516508        0.00423087        0.00000000        0.00000000
    0.000000      1.000000
  1    1       -0.12231806        0.00142865        0.00000000        0.00000000
    0.000000      2.000000
  1    1        0.01035370        0.00026715       -0.00000000        0.00000000
    0.000000      3.000000
  1    1       -0.00262545        0.00033692        0.00000000        0.00000000
    1.000000     -2.000000
  1    1       -0.00434961        0.00024566       -0.00000000        0.00000000
    1.000000     -1.000000
  1    1       -0.01088967        0.00044645        0.00000000        0.00000000
    1.000000      0.000000
  1    1       -0.14511177        0.00100501        0.00000000        0.00000000
    1.000000      1.000000
  1    1       -0.01123781        0.00044727       -0.00000000        0.00000000
    1.000000      2.000000
  1    1       -0.00427939        0.00020024        0.00000000        0.00000000
    1.000000      3.000000
  1    1        0.00355814        0.00021595       -0.00000000        0.00000000
    2.000000     -2.000000
  1    1       -0.00115682        0.00024744        0.00000000        0.00000000
    2.000000     -1.000000
  1    1       -0.00199154        0.00023800        0.00000000        0.00000000
    2.000000      0.000000
  1    1        0.00388840        0.00027983       -0.00000000        0.00000000
    2.000000      1.000000
  1    1       -0.00212326        0.00044329       -0.00000000        0.00000000
    2.000000      2.000000
  1    1       -0.00086185        0.00023578        0.00000000        0.00000000
    2.000000      3.000000
  1    1        0.00292677        0.00018390       -0.00000000        0.00000000
    3.000000     -2.000000
  1    1       -0.00459557        0.00016511       -0.00000000        0.00000000
    3.000000     -1.000000
  1    1        0.00744043        0.00022449        0.00000000        0.00000000
    3.000000      0.000000
  1    1       -0.00317356        0.00038110        0.00000000        0.00000000
    3.000000      1.000000
  1    1        0.00744043        0.00022449       -0.00000000        0.00000000
    3.000000      2.000000
  1    1       -0.00459557        0.00016511       -0.00000000        0.00000000
    3.000000      3.000000
  1    1        0.01123176        0.00050181       -0.00000000        0.00000000
