   -2.094395     -2.094395        0.11780012        0.00361015       -0.00259161        0.00198802
   -2.094395     -1.047198        0.10771263        0.00212675       -0.00132894        0.00181076
   -2.094395      0.000000        0.10032182        0.00304640       -0.00023114        0.00078627
   -2.094395      1.047198        0.10673357        0.00248289       -0.00020761        0.00099414
   -2.094395      2.094395        0.11820572        0.00199440       -0.00109266        0.00153051
   -2.094395      3.141593        0.12880220        0.00373308        0.00164968        0.00168325
   -1.047198     -2.094395        0.10658536        0.00296391       -0.00195078        0.00168213
   -1.047198     -1.047198        0.07840052        0.00233532        0.00279231        0.00434593
   -1.047198      0.000000        0.06492317        0.00306375       -0.00169734        0.00148106
   -1.047198      1.047198        0.08138217        0.00175778        0.00085608        0.00223954
   -1.047198      2.094395        0.10474564        0.00229017       -0.00147150        0.00091871
   -1.047198      3.141593        0.11542130        0.00244453       -0.00027948        0.00115755
    0.000000     -2.094395        0.09994585        0.00248574       -0.00007557        0.00154813
    0.000000     -1.047198        0.06290714        0.00284882       -0.00130512        0.00119943
    0.000000      0.000000       -0.00605439        0.00889074        0.00000000        0.00000000
    0.000000      1.047198        0.06290714        0.00284882        0.00130512        0.00119943
    0.000000      2.094395        0.09994585        0.00248574        0.00007557        0.00154813
    0.000000      3.141593        0.10773478        0.00255585       -0.00000000        0.00000000
    1.047198     -2.094395        0.10474564        0.00229017        0.00147150        0.00091871
    1.047198     -1.047198        0.08138217        0.00175778       -0.00085608        0.00223954
    1.047198      0.000000        0.06492317        0.00306375        0.00169734        0.00148106
    1.047198      1.047198        0.07840052        0.00233532       -0.00279231        0.00434593
    1.047198      2.094395        0.10658536        0.00296391        0.00195078        0.00168213
    1.047198      3.141593        0.11542130        0.00244453        0.00027948        0.00115755
    2.094395     -2.094395        0.11820572        0.00199440        0.00109266        0.00153051
    2.094395     -1.047198        0.10673357        0.00248289        0.00020761        0.00099414
    2.094395      0.000000        0.10032182        0.00304640        0.00023114        0.00078627
    2.094395      1.047198        0.10771263        0.00212675        0.00132894        0.00181076
    2.094395      2.094395        0.11780012        0.00361015        0.00259161        0.00198802
    2.094395      3.141593        0.12880220        0.00373308       -0.00164968        0.00168325
    3.141593     -2.094395        0.13193593        0.00162549        0.00152436        0.00097916
    3.141593     -1.047198        0.11215466        0.00240380        0.00080838        0.00359198
    3.141593      0.000000        0.11232808        0.00457917       -0.00000000        0.00000000
    3.141593      1.047198        0.11215466        0.00240380       -0.00080838        0.00359198
    3.141593      2.094395        0.13193593        0.00162549       -0.00152436        0.00097916
    3.141593      3.141593        0.13824550        0.00250197       -0.00000000        0.00000000
