   -2.094395     -2.094395
  1    1        0.33247931        0.00060278        0.00000000        0.00000000
   -2.094395     -1.047198
  1    1        0.25585400        0.00078563       -0.00000000        0.00000000
   -2.094395      0.000000
  1    1        0.21692368        0.00093279       -0.00000000        0.00000000
   -2.094395      1.047198
  1    1        0.25576477        0.00079562        0.00000000        0.00000000
   -2.094395      2.094395
  1    1        0.33229380        0.00061322        0.00000000        0.00000000
   -2.094395      3.141593
  1    1        0.37367899        0.00053477        0.00000000        0.00000000
   -1.047198     -2.094395
  1    1        0.25570885        0.00042256        0.00000000        0.00000000
   -1.047198     -1.047198
  1    1        0.15507734        0.00040167       -0.00000000        0.00000000
   -1.047198      0.000000
  1    1        0.10045153        0.00065962        0.00000000        0.00000000
   -1.047198      1.047198
  1    1        0.15455820        0.00047173        0.00000000        0.00000000
   -1.047198      2.094395
  1    1        0.25561257        0.00044966        0.00000000        0.00000000
   -1.047198      3.141593
  1    1        0.29519241        0.00054605       -0.00000000        0.00000000
    0.000000     -2.094395
  1    1        0.21672305        0.00049577       -0.00000000        0.00000000
    0.000000     -1.047198
  1    1        0.10070290        0.00037257        0.00000000        0.00000000
    0.000000      0.000000
  1    1        0.00025546        0.00010725        0.00000000        0.00000000
    0.000000      1.047198
  1    1        0.10070290        0.00037257       -0.00000000        0.00000000
    0.000000      2.094395
  1    1        0.21672305        0.00049577        0.00000000        0.00000000
    0.000000      3.141593
  1    1        0.26559755        0.00057058       -0.00000000        0.00000000
    1.047198     -2.094395
  1    1        0.25561257        0.00044966       -0.00000000        0.00000000
    1.047198     -1.047198
  1    1        0.15455820        0.00047173       -0.00000000        0.00000000
    1.047198      0.000000
  1    1        0.10045153        0.00065962       -0.00000000        0.00000000
    1.047198      1.047198
  1    1        0.15507734        0.00040167        0.00000000        0.00000000
    1.047198      2.094395
  1    1        0.25570885        0.00042256       -0.00000000        0.00000000
    1.047198      3.141593
  1    1        0.29519241        0.00054605       -0.00000000        0.00000000
    2.094395     -2.094395
  1    1        0.33229380        0.00061322       -0.00000000        0.00000000
    2.094395     -1.047198
  1    1        0.25576477        0.00079562       -0.00000000        0.00000000
    2.094395      0.000000
  1    1        0.21692368        0.00093279        0.00000000        0.00000000
    2.094395      1.047198
  1    1        0.25585400        0.00078563        0.00000000        0.00000000
    2.094395      2.094395
  1    1        0.33247931        0.00060278       -0.00000000        0.00000000
    2.094395      3.141593
  1    1        0.37367899        0.00053477        0.00000000        0.00000000
    3.141593     -2.094395
  1    1        0.37396461        0.00072266        0.00000000        0.00000000
    3.141593     -1.047198
  1    1        0.29581744        0.00078444        0.00000000        0.00000000
    3.141593      0.000000
  1    1        0.26609312        0.00093246       -0.00000000        0.00000000
    3.141593      1.047198
  1    1        0.29581744        0.00078444       -0.00000000        0.00000000
    3.141593      2.094395
  1    1        0.37396461        0.00072266        0.00000000        0.00000000
    3.141593      3.141593
  1    1        0.41205373        0.00066002       -0.00000000        0.00000000
