          26           4   5.0000000000000000                1
     0.0000000        1.87587878        0.28232516
     0.1000000        1.31423696        0.62110784
     0.2000000        1.19930522        0.54174026
     0.3000000        1.30803418        0.24468984
     0.4000000        1.33573777        0.24528269
     0.5000000        1.12461602        0.43990514
     0.6000000        0.15408913        1.43643847
     0.7000000        1.31793673        0.86259111
     0.8000000        0.63824709        0.33460140
     0.9000000        0.62329034        0.30334238
     1.0000000        0.99980807        0.28839452
     1.1000000        0.75865843        0.24329133
     1.2000000        0.70666470        0.20782775
     1.3000000        0.70173694        0.15177828
     1.4000000        0.70314284        0.19857123
     1.5000000        0.57464940        0.16262698
     1.6000000        0.59862802        0.19993515
     1.7000000        0.65295132        0.24188865
     1.8000000        0.67863522        0.25312129
     1.9000000        0.69300760        0.26190310
     2.0000000        1.01287590        0.59527237
     2.1000000        0.67463767        0.25864951
     2.2000000        0.66527717        0.26146624
     2.3000000        0.63488177        0.23841449
     2.4000000        0.61372871        0.23005861
     2.5000000        0.61019159        0.22776838
