   -2.513274     -2.513274        2.69786610        0.70112723        0.09793320        0.24226977
   -2.513274     -1.884956        1.97507133        0.46175478        0.09966790        0.20333822
   -2.513274     -1.256637        1.39206808        0.24166445        0.03265453        0.16014510
   -2.513274     -0.628319        1.04132461        0.13598921       -0.02756760        0.14039970
   -2.513274      0.000000        0.92327974        0.13787215       -0.14843957        0.17122611
   -2.513274      0.628319        1.04083160        0.14932216       -0.30209509        0.25100515
   -2.513274      1.256637        1.47657134        0.23891508       -0.41236844        0.35919564
   -2.513274      1.884956        2.12266093        0.47734218       -0.43470762        0.41353801
   -2.513274      2.513274        2.85432897        0.75873044       -0.27719208        0.34723115
   -2.513274      3.141593        3.17039086        0.87007596       -0.05907262        0.29053172
   -1.884956     -2.513274        1.91552798        0.43804422        0.02332625        0.26625454
   -1.884956     -1.884956        1.44108887        0.24551920        0.02863040        0.21541052
   -1.884956     -1.256637        1.00395959        0.13791012        0.00444855        0.16588475
   -1.884956     -0.628319        0.73504164        0.21212953       -0.04374124        0.13735975
   -1.884956      0.000000        0.66789259        0.29587866       -0.15145121        0.17401584
   -1.884956      0.628319        0.80760449        0.27147022       -0.27759993        0.27731543
   -1.884956      1.256637        1.17005343        0.16280412       -0.38121893        0.40828216
   -1.884956      1.884956        1.64874593        0.26767493       -0.36650414        0.44032127
   -1.884956      2.513274        2.08663914        0.47738978       -0.22547164        0.39854043
   -1.884956      3.141593        2.20269959        0.54475708       -0.06185294        0.33105908
   -1.256637     -2.513274        1.44836724        0.33713306        0.04029739        0.09248202
   -1.256637     -1.884956        1.12490361        0.17705655        0.05100996        0.06959666
   -1.256637     -1.256637        0.78002121        0.17101348        0.04831041        0.07931149
   -1.256637     -0.628319        0.54829600        0.32236103       -0.00098393        0.05577058
   -1.256637      0.000000        0.52444723        0.40840911       -0.06292577        0.04835386
   -1.256637      0.628319        0.68428831        0.35716122       -0.13391023        0.16899117
   -1.256637      1.256637        0.95660892        0.22554295       -0.20347521        0.27927929
   -1.256637      1.884956        1.30979263        0.19935120       -0.19611617        0.29363679
   -1.256637      2.513274        1.57704779        0.31737386       -0.09232047        0.25074365
   -1.256637      3.141593        1.63225345        0.39516703        0.01935683        0.15940710
   -0.628319     -2.513274        1.31055076        0.37043460        0.06971802        0.10640907
   -0.628319     -1.884956        1.07281071        0.21251140        0.10166857        0.18162495
   -0.628319     -1.256637        0.79608004        0.17136370        0.09801795        0.18932771
   -0.628319     -0.628319        0.57857812        0.31917933        0.04892451        0.13611840
   -0.628319      0.000000        0.55510488        0.38626946        0.00507266        0.05563822
   -0.628319      0.628319        0.65920238        0.34221985       -0.05292637        0.09623611
   -0.628319      1.256637        0.86697861        0.22443036       -0.09319716        0.17400800
   -0.628319      1.884956        1.14186732        0.23689647       -0.09909503        0.18334469
   -0.628319      2.513274        1.34660335        0.33264506       -0.02117240        0.11353130
   -0.628319      3.141593        1.42927149        0.42523992        0.04712740        0.03546257
    0.000000     -2.513274        1.30752826        0.38751297        0.06265463        0.11716244
    0.000000     -1.884956        1.09876773        0.25466089        0.11875610        0.19845319
    0.000000     -1.256637        0.84910905        0.19332876        0.10353554        0.19214902
    0.000000     -0.628319        0.64342958        0.31028441        0.05952011        0.12824928
    0.000000      0.000000        0.59446890        0.35948135        0.00000000        0.00000000
    0.000000      0.628319        0.64342958        0.31028441       -0.05952011        0.12824928
    0.000000      1.256637        0.84910905        0.19332876       -0.10353554        0.19214902
    0.000000      1.884956        1.09876773        0.25466089       -0.11875610        0.19845319
    0.000000      2.513274        1.30752826        0.38751297       -0.06265463        0.11716244
    0.000000      3.141593        1.41160734        0.46944579       -0.00000000        0.00000000
    0.628319     -2.513274        1.34660335        0.33264506        0.02117240        0.11353130
    0.628319     -1.884956        1.14186732        0.23689647        0.09909503        0.18334469
    0.628319     -1.256637        0.86697861        0.22443036        0.09319716        0.17400800
    0.628319     -0.628319        0.65920238        0.34221985        0.05292637        0.09623611
    0.628319      0.000000        0.55510488        0.38626946       -0.00507266        0.05563822
    0.628319      0.628319        0.57857812        0.31917933       -0.04892451        0.13611840
    0.628319      1.256637        0.79608004        0.17136370       -0.09801795        0.18932771
    0.628319      1.884956        1.07281071        0.21251140       -0.10166857        0.18162495
    0.628319      2.513274        1.31055076        0.37043460       -0.06971802        0.10640907
    0.628319      3.141593        1.42927149        0.42523992       -0.04712740        0.03546257
    1.256637     -2.513274        1.57704779        0.31737386        0.09232047        0.25074365
    1.256637     -1.884956        1.30979263        0.19935120        0.19611617        0.29363679
    1.256637     -1.256637        0.95660892        0.22554295        0.20347521        0.27927929
    1.256637     -0.628319        0.68428831        0.35716122        0.13391023        0.16899117
    1.256637      0.000000        0.52444723        0.40840911        0.06292577        0.04835386
    1.256637      0.628319        0.54829600        0.32236103        0.00098393        0.05577058
    1.256637      1.256637        0.78002121        0.17101348       -0.04831041        0.07931149
    1.256637      1.884956        1.12490361        0.17705655       -0.05100996        0.06959666
    1.256637      2.513274        1.44836724        0.33713306       -0.04029739        0.09248202
    1.256637      3.141593        1.63225345        0.39516703       -0.01935683        0.15940710
    1.884956     -2.513274        2.08663914        0.47738978        0.22547164        0.39854043
    1.884956     -1.884956        1.64874593        0.26767493        0.36650414        0.44032127
    1.884956     -1.256637        1.17005343        0.16280412        0.38121893        0.40828216
    1.884956     -0.628319        0.80760449        0.27147022        0.27759993        0.27731543
    1.884956      0.000000        0.66789259        0.29587866        0.15145121        0.17401584
    1.884956      0.628319        0.73504164        0.21212953        0.04374124        0.13735975
    1.884956      1.256637        1.00395959        0.13791012       -0.00444855        0.16588475
    1.884956      1.884956        1.44108887        0.24551920       -0.02863040        0.21541052
    1.884956      2.513274        1.91552798        0.43804422       -0.02332625        0.26625454
    1.884956      3.141593        2.20269959        0.54475708        0.06185294        0.33105908
    2.513274     -2.513274        2.85432897        0.75873044        0.27719208        0.34723115
    2.513274     -1.884956        2.12266093        0.47734218        0.43470762        0.41353801
    2.513274     -1.256637        1.47657134        0.23891508        0.41236844        0.35919564
    2.513274     -0.628319        1.04083160        0.14932216        0.30209509        0.25100515
    2.513274      0.000000        0.92327974        0.13787215        0.14843957        0.17122611
    2.513274      0.628319        1.04132461        0.13598921        0.02756760        0.14039970
    2.513274      1.256637        1.39206808        0.24166445       -0.03265453        0.16014510
    2.513274      1.884956        1.97507133        0.46175478       -0.09966790        0.20333822
    2.513274      2.513274        2.69786610        0.70112723       -0.09793320        0.24226977
    2.513274      3.141593        3.17039086        0.87007596        0.05907262        0.29053172
    3.141593     -2.513274        3.25276129        0.87952438        0.22649171        0.10144079
    3.141593     -1.884956        2.33080139        0.60498263        0.30228668        0.16417097
    3.141593     -1.256637        1.61940529        0.35623986        0.22755689        0.13297655
    3.141593     -0.628319        1.18832793        0.22052753        0.13656328        0.07814427
    3.141593      0.000000        1.05911682        0.20185778        0.00000000        0.00000000
    3.141593      0.628319        1.18832793        0.22052753       -0.13656328        0.07814427
    3.141593      1.256637        1.61940529        0.35623986       -0.22755689        0.13297655
    3.141593      1.884956        2.33080139        0.60498263       -0.30228668        0.16417097
    3.141593      2.513274        3.25276129        0.87952438       -0.22649171        0.10144079
    3.141593      3.141593        3.80533785        1.05444871       -0.00000000        0.00000000
