          11           9   2.0000000000000000                1
     0.0000000        0.38455522        0.03439046
     0.1000000        0.20873371        0.03426427
     0.2000000        0.11337577        0.03352276
     0.3000000        0.06263958        0.03106975
     0.4000000        0.03505198        0.02761279
     0.5000000        0.02085177        0.02560516
     0.6000000        0.01465433        0.02516040
     0.7000000        0.01079914        0.02548851
     0.8000000        0.00711476        0.02566651
     0.9000000        0.00699151        0.02549020
     1.0000000        0.00895342        0.02529034
