          41           4   8.0000000000000000                1
     0.0000000        1.69719861        1.17203611
     0.1000000        1.98783321        1.68413074
     0.2000000        1.30275161        0.79207683
     0.3000000        1.84639674        1.36029957
     0.4000000        0.59071567        0.13249889
     0.5000000        0.44046107        0.25457435
     0.6000000        0.23662888        0.18304107
     0.7000000       -0.07901988        0.23446985
     0.8000000       -0.00305373        0.21441806
     0.9000000        0.53716467        0.45338887
     1.0000000        0.41194563        0.50754995
     1.1000000        0.42395352        0.40099552
     1.2000000        0.26339911        0.11476115
     1.3000000        0.71881940        0.74213407
     1.4000000        0.27884173        0.14730409
     1.5000000        0.40002559        0.23444945
     1.6000000        0.47306473        0.39668799
     1.7000000        0.11899649        0.05012568
     1.8000000        0.09386297        0.03429651
     1.9000000       -0.02140789        0.12027618
     2.0000000        0.01727376        0.06522587
     2.1000000        0.02451971        0.06331634
     2.2000000        0.05550134        0.02881480
     2.3000000        0.07542192        0.02485941
     2.4000000       -0.00729064        0.09336116
     2.5000000        0.02737947        0.06086156
     2.6000000        0.03465837        0.06227216
     2.7000000        0.05089744        0.04097061
     2.8000000        0.04261540        0.03495579
     2.9000000        0.04202587        0.02942150
     3.0000000        0.04156290        0.02441045
     3.1000000        0.03408094        0.02258155
     3.2000000        0.02993123        0.02087660
     3.3000000        0.02647268        0.01679056
     3.4000000        0.02072599        0.01077504
     3.5000000        0.01408202        0.01196471
     3.6000000        0.01553108        0.01465674
     3.7000000        0.01429563        0.01537605
     3.8000000        0.01637057        0.02577454
     3.9000000       -0.00071492        0.02116601
     4.0000000        0.00136221        0.02073316
