          41           4   8.0000000000000000                1
     0.0000000        0.43394678        0.02677851
     0.1000000        0.25595014        0.02541146
     0.2000000        0.16002161        0.02073755
     0.3000000        0.10845769        0.01661187
     0.4000000        0.07878508        0.01643824
     0.5000000        0.06131278        0.01776880
     0.6000000        0.04829741        0.01817993
     0.7000000        0.04300914        0.01668885
     0.8000000        0.04934018        0.01711041
     0.9000000        0.05512570        0.02191629
     1.0000000        0.05057496        0.02633357
     1.1000000        0.04390389        0.02632808
     1.2000000        0.03810097        0.02653736
     1.3000000        0.03039127        0.02822892
     1.4000000        0.02498489        0.02661306
     1.5000000        0.02293297        0.02047649
     1.6000000        0.02023377        0.01191998
     1.7000000        0.01533618        0.01115416
     1.8000000        0.01342581        0.01438083
     1.9000000        0.01366193        0.01463472
     2.0000000        0.01109994        0.01533706
     2.1000000        0.00805353        0.01717421
     2.2000000        0.00591046        0.01573779
     2.3000000        0.00405296        0.01370463
     2.4000000        0.00679642        0.01452088
     2.5000000        0.01155823        0.01503791
     2.6000000        0.01265713        0.01334795
     2.7000000        0.00932526        0.01363409
     2.8000000       -0.00344035        0.01555325
     2.9000000       -0.01393106        0.01566236
     3.0000000       -0.01502388        0.01721209
     3.1000000       -0.01366854        0.01801114
     3.2000000       -0.01226304        0.01841107
     3.3000000       -0.01504551        0.01963401
     3.4000000       -0.01802760        0.01836583
     3.5000000       -0.01421006        0.01581555
     3.6000000       -0.01278861        0.01694322
     3.7000000       -0.01813742        0.01747726
     3.8000000       -0.01929005        0.01468984
     3.9000000       -0.01765095        0.01055216
     4.0000000       -0.01847673        0.00995002
