          11           9   2.0000000000000000                1
     0.0000000        1.14595782        0.00783279
     0.1000000        0.96740541        0.00582014
     0.2000000        0.84673921        0.00661221
     0.3000000        0.77019472        0.00747836
     0.4000000        0.70310459        0.00576698
     0.5000000        0.65725980        0.00816854
     0.6000000        0.63450094        0.00889301
     0.7000000        0.61496244        0.01085559
     0.8000000        0.59811405        0.01115122
     0.9000000        0.57766427        0.00951165
     1.0000000        0.58091613        0.01178064
