          11           9   2.0000000000000000                1
     0.0000000        0.38123378        0.00132556
     0.1000000        0.21798198        0.00093997
     0.2000000        0.13148566        0.00067344
     0.3000000        0.08414459        0.00050442
     0.4000000        0.05729735        0.00038710
     0.5000000        0.04159826        0.00029492
     0.6000000        0.03222462        0.00023370
     0.7000000        0.02658262        0.00020820
     0.8000000        0.02323793        0.00020443
     0.9000000        0.02146531        0.00019905
     1.0000000        0.02092200        0.00019409
