          41           4   4.0000000000000000                1
     0.0000000        1.96951031        0.00265722
     0.1000000        1.25416316        0.00197079
     0.2000000        0.80974663        0.00258514
     0.3000000        0.52761388        0.00692805
     0.4000000        0.35231128        0.00498043
     0.5000000        0.24159881        0.00254823
     0.6000000        0.16727770        0.00595657
     0.7000000        0.11543913        0.00749768
     0.8000000        0.08124641        0.00646961
     0.9000000        0.06098048        0.00596736
     1.0000000        0.04509461        0.00620614
     1.1000000        0.03719593        0.00238976
     1.2000000        0.03380414        0.00200091
     1.3000000        0.02836092        0.00344419
     1.4000000        0.02535711        0.00402793
     1.5000000        0.02051619        0.00214335
     1.6000000        0.01477044        0.00095951
     1.7000000        0.01182076        0.00228713
     1.8000000        0.00937786        0.00384326
     1.9000000        0.00185855        0.00519821
     2.0000000        0.00519697        0.00326633
     2.1000000        0.00383525        0.00308810
     2.2000000        0.00595083        0.00353764
     2.3000000        0.00400106        0.00435086
     2.4000000        0.00359999        0.00207184
     2.5000000        0.00521951        0.00285482
     2.6000000        0.00601950        0.00382850
     2.7000000        0.00693249        0.00389689
     2.8000000        0.00687718        0.00171223
     2.9000000        0.00338296        0.00456986
     3.0000000        0.00319930        0.00646955
     3.1000000        0.00285208        0.00551666
     3.2000000        0.00498542        0.00657455
     3.3000000        0.00279057        0.00576627
     3.4000000        0.00370255        0.00332381
     3.5000000       -0.00006752        0.00275560
     3.6000000        0.00077136        0.00278856
     3.7000000        0.00605761        0.00508180
     3.8000000        0.01704602        0.00625398
     3.9000000        0.02403816        0.00406711
     4.0000000        0.03048969        0.00265722
