          31           4   6.0000000000000000                1
     0.0000000        1.03369260        0.02372092
     0.1000000        0.68953649        0.01571178
     0.2000000        0.45683950        0.01806500
     0.3000000        0.33733976        0.01133029
     0.4000000        0.24178934        0.01961994
     0.5000000        0.17921293        0.01588002
     0.6000000        0.13369976        0.01801736
     0.7000000        0.10738031        0.01526553
     0.8000000        0.07675765        0.01142537
     0.9000000        0.05593157        0.01411216
     1.0000000        0.03989120        0.01586307
     1.1000000        0.03209995        0.01474335
     1.2000000        0.03078895        0.00393139
     1.3000000        0.02606951        0.00428737
     1.4000000        0.02789739        0.01075123
     1.5000000        0.02582112        0.00552597
     1.6000000        0.02722496        0.01489264
     1.7000000        0.01756612        0.00575978
     1.8000000        0.01827496        0.01155238
     1.9000000        0.01869607        0.01492676
     2.0000000        0.03063997        0.01834647
     2.1000000        0.02069276        0.01012602
     2.2000000        0.02124771        0.01075729
     2.3000000        0.02091488        0.00406071
     2.4000000        0.01181497        0.00499843
     2.5000000        0.01542113        0.00919938
     2.6000000        0.00618838        0.01327259
     2.7000000        0.00781681        0.01193544
     2.8000000        0.01236060        0.00700739
     2.9000000        0.01755042        0.01192733
     3.0000000        0.01756073        0.00778462
