          61           4   6.0000000000000000                1
     0.0000000        1.78317705        0.01709186
     0.1000000        1.47512448        0.02202529
     0.2000000        1.19704387        0.05411276
     0.3000000        1.01359576        0.05780289
     0.4000000        0.89074494        0.03605567
     0.5000000        0.76160134        0.02671611
     0.6000000        0.67229047        0.03349431
     0.7000000        0.57387375        0.02930747
     0.8000000        0.52027536        0.02000446
     0.9000000        0.45999127        0.01374922
     1.0000000        0.38127960        0.02296006
     1.1000000        0.34370748        0.01727220
     1.2000000        0.30037344        0.03080925
     1.3000000        0.29147600        0.02750858
     1.4000000        0.25080416        0.02544015
     1.5000000        0.19523578        0.01667087
     1.6000000        0.18201774        0.02309567
     1.7000000        0.16161063        0.02401541
     1.8000000        0.16412184        0.01965232
     1.9000000        0.14064590        0.01910193
     2.0000000        0.11775166        0.02703287
     2.1000000        0.10452140        0.03555980
     2.2000000        0.09328381        0.03092160
     2.3000000        0.09217970        0.02839291
     2.4000000        0.08271742        0.00960645
     2.5000000        0.11124171        0.02430052
     2.6000000        0.07204614        0.03089521
     2.7000000        0.04651915        0.03760496
     2.8000000        0.03835328        0.02179518
     2.9000000        0.02982429        0.02749302
     3.0000000        0.01540468        0.02111480
     3.1000000        0.01824313        0.03286614
     3.2000000        0.03885601        0.03348135
     3.3000000        0.03916840        0.03403427
     3.4000000        0.04817263        0.02825574
     3.5000000        0.03523375        0.02336408
     3.6000000        0.03492329        0.01531444
     3.7000000        0.03320784        0.01263185
     3.8000000        0.03265757        0.02272075
     3.9000000        0.04839666        0.03096936
     4.0000000        0.03853343        0.02106870
     4.1000000        0.02793686        0.01792174
     4.2000000        0.04716466        0.02690061
     4.3000000        0.03207617        0.01917104
     4.4000000        0.03581945        0.01228807
     4.5000000        0.03000324        0.01302854
     4.6000000        0.04817751        0.02038273
     4.7000000        0.06109816        0.02785970
     4.8000000        0.04586883        0.01234936
     4.9000000        0.05624792        0.02286746
     5.0000000        0.05020854        0.01339854
     5.1000000        0.05008612        0.00701256
     5.2000000        0.04698132        0.00630095
     5.3000000        0.03824121        0.01329050
     5.4000000        0.05696401        0.02209948
     5.5000000        0.06822300        0.01008394
     5.6000000        0.08671745        0.01901718
     5.7000000        0.12342381        0.02335154
     5.8000000        0.15793259        0.02923617
     5.9000000        0.17773898        0.01931870
     6.0000000        0.21682295        0.01709186
