         101           3   10.000000000000000                1
     0.0000000        1.00000000        0.00000000
     0.1000000        0.79520192        0.00593239
     0.2000000        0.64453212        0.00918735
     0.3000000        0.52391370        0.01107018
     0.4000000        0.43490333        0.01135535
     0.5000000        0.36913865        0.00748318
     0.6000000        0.31851572        0.01270794
     0.7000000        0.27026037        0.01023659
     0.8000000        0.23804361        0.00806733
     0.9000000        0.20481000        0.00665410
     1.0000000        0.18330837        0.00987772
     1.1000000        0.15687180        0.01351026
     1.2000000        0.13717499        0.00632233
     1.3000000        0.12558711        0.00644113
     1.4000000        0.10971785        0.00977510
     1.5000000        0.09496121        0.00903452
     1.6000000        0.09752148        0.01412029
     1.7000000        0.08759933        0.01361661
     1.8000000        0.08160263        0.01656888
     1.9000000        0.06773770        0.01475087
     2.0000000        0.06591867        0.02210448
     2.1000000        0.04645373        0.01464864
     2.2000000        0.04163344        0.01183472
     2.3000000        0.03415368        0.00717055
     2.4000000        0.02742091        0.00606261
     2.5000000        0.02601037        0.00484324
     2.6000000        0.02267791        0.00363592
     2.7000000        0.02267271        0.00043185
     2.8000000        0.02055372        0.00212834
     2.9000000        0.01688767        0.00176194
     3.0000000        0.01733529        0.00217525
     3.1000000        0.01810020        0.00433832
     3.2000000        0.01720162        0.00383171
     3.3000000        0.01364234        0.00319154
     3.4000000        0.01225751        0.00549709
     3.5000000        0.00929954        0.00169661
     3.6000000        0.01020581        0.00111336
     3.7000000        0.00963823        0.00244541
     3.8000000        0.00969027        0.00185585
     3.9000000        0.00851300        0.00123668
     4.0000000        0.00865237        0.00201505
     4.1000000        0.00789406        0.00357814
     4.2000000        0.00910189        0.00345158
     4.3000000        0.00701044        0.00208104
     4.4000000        0.00655959        0.00188985
     4.5000000        0.00660895        0.00018655
     4.6000000        0.00617329        0.00101865
     4.7000000        0.00733949        0.00185466
     4.8000000        0.00785480        0.00153123
     4.9000000        0.00898351        0.00362585
     5.0000000        0.00907903        0.00501566
     5.1000000        0.00912706        0.00594589
     5.2000000        0.00997552        0.00631162
     5.3000000        0.00858669        0.00475311
     5.4000000        0.00854014        0.00280560
     5.5000000        0.00695134        0.00351785
     5.6000000        0.00643749        0.00391856
     5.7000000        0.00517037        0.00474592
     5.8000000        0.00616641        0.00400803
     5.9000000        0.00840571        0.00384737
     6.0000000        0.00810565        0.00364162
     6.1000000        0.00783402        0.00278435
     6.2000000        0.00844806        0.00298021
     6.3000000        0.00872768        0.00250378
     6.4000000        0.00654303        0.00369728
     6.5000000        0.00789355        0.00313456
     6.6000000        0.00909370        0.00413369
     6.7000000        0.01058312        0.00500325
     6.8000000        0.00930926        0.00531523
     6.9000000        0.01337397        0.00556716
     7.0000000        0.01792717        0.00436797
     7.1000000        0.02334138        0.00593834
     7.2000000        0.02514815        0.01004619
     7.3000000        0.02993354        0.00893985
     7.4000000        0.03023069        0.00643323
     7.5000000        0.02943634        0.00415300
     7.6000000        0.03041252        0.00580991
     7.7000000        0.03763540        0.00385665
     7.8000000        0.03934242        0.00615935
     7.9000000        0.04306371        0.00397772
     8.0000000        0.05112500        0.00127238
     8.1000000        0.05646628        0.00249728
     8.2000000        0.06519080        0.00598665
     8.3000000        0.06782998        0.00513491
     8.4000000        0.08011795        0.01130793
     8.5000000        0.08583723        0.01363571
     8.6000000        0.10018474        0.01610617
     8.7000000        0.11208630        0.01259218
     8.8000000        0.12712624        0.00869451
     8.9000000        0.14817912        0.00424812
     9.0000000        0.17344396        0.00273338
     9.1000000        0.19398471        0.00648913
     9.2000000        0.22868515        0.00531188
     9.3000000        0.27414733        0.00565569
     9.4000000        0.31948631        0.00525276
     9.5000000        0.37491401        0.01320411
     9.6000000        0.46091942        0.00335389
     9.7000000        0.54068876        0.01235898
     9.8000000        0.64404045        0.01373399
     9.9000000        0.79484142        0.00913996
    10.0000000        1.00000000        0.00000000
