          21           9   4.0000000000000000                1
     0.0000000        0.88465544        0.01875873
     0.1000000        0.71857091        0.01877150
     0.2000000        0.60261860        0.01845817
     0.3000000        0.51733363        0.01702796
     0.4000000        0.45128701        0.01443990
     0.5000000        0.40043409        0.01206350
     0.6000000        0.36138969        0.01075305
     0.7000000        0.32960011        0.01011659
     0.8000000        0.30347509        0.00987247
     0.9000000        0.28227631        0.00995197
     1.0000000        0.26418331        0.00998604
     1.1000000        0.24858364        0.00992744
     1.2000000        0.23551864        0.00981296
     1.3000000        0.22484540        0.00944561
     1.4000000        0.21678954        0.00926623
     1.5000000        0.21118249        0.00922694
     1.6000000        0.20555961        0.00863358
     1.7000000        0.20019183        0.00790591
     1.8000000        0.19688410        0.00760392
     1.9000000        0.19551127        0.00770034
     2.0000000        0.19524286        0.00778627
