          51           9   10.000000000000000                1
     0.0000000        0.25222208        0.00306518
     0.1000000        0.14760777        0.00264394
     0.2000000        0.08865359        0.00209958
     0.3000000        0.05460810        0.00167008
     0.4000000        0.03444308        0.00134620
     0.5000000        0.02217647        0.00104378
     0.6000000        0.01455560        0.00084237
     0.7000000        0.00978961        0.00065959
     0.8000000        0.00676067        0.00047047
     0.9000000        0.00479200        0.00035358
     1.0000000        0.00344719        0.00028952
     1.1000000        0.00249731        0.00023846
     1.2000000        0.00183250        0.00018167
     1.3000000        0.00137884        0.00012094
     1.4000000        0.00108928        0.00006841
     1.5000000        0.00085030        0.00005189
     1.6000000        0.00065474        0.00006146
     1.7000000        0.00049895        0.00006379
     1.8000000        0.00039493        0.00007119
     1.9000000        0.00035099        0.00011534
     2.0000000        0.00030564        0.00013947
     2.1000000        0.00027638        0.00015004
     2.2000000        0.00022616        0.00012881
     2.3000000        0.00015665        0.00007881
     2.4000000        0.00011788        0.00005968
     2.5000000        0.00008863        0.00005650
     2.6000000        0.00007288        0.00006440
     2.7000000        0.00006285        0.00007596
     2.8000000        0.00004782        0.00006598
     2.9000000        0.00004397        0.00005562
     3.0000000        0.00007271        0.00006552
     3.1000000        0.00010830        0.00008251
     3.2000000        0.00012828        0.00009875
     3.3000000        0.00015140        0.00010187
     3.4000000        0.00016019        0.00010366
     3.5000000        0.00014360        0.00009738
     3.6000000        0.00010604        0.00005710
     3.7000000        0.00005814        0.00001479
     3.8000000        0.00002668        0.00003226
     3.9000000        0.00000899        0.00004190
     4.0000000       -0.00002717        0.00007312
     4.1000000       -0.00004811        0.00009871
     4.2000000       -0.00004178        0.00009742
     4.3000000       -0.00001165        0.00006384
     4.4000000        0.00002389        0.00002255
     4.5000000        0.00004278        0.00002482
     4.6000000        0.00005596        0.00002960
     4.7000000        0.00006359        0.00002839
     4.8000000        0.00007573        0.00003511
     4.9000000        0.00008675        0.00005151
     5.0000000        0.00009158        0.00005914
