          41           4   10.000000000000000                1
     0.0000000        0.70644214        0.21141326
     0.1250000        0.48132986        0.15362099
     0.2500000        0.27883842        0.13950805
     0.3750000        0.36628348        0.15119109
     0.5000000        0.17920660        0.19064271
     0.6250000        0.07256992        0.10237877
     0.7500000        0.18872258        0.05124187
     0.8750000        0.20884830        0.05347593
     1.0000000        0.34278917        0.20337088
     1.1250000        0.15184877        0.05863529
     1.2500000        0.16345958        0.15114010
     1.3750000       -0.04759895        0.07372771
     1.5000000       -0.02638655        0.18975884
     1.6250000       -0.16107080        0.28836417
     1.7500000       -0.18753934        0.17126824
     1.8750000       -0.02881408        0.13637798
     2.0000000       -0.05458842        0.21614884
     2.1250000        0.00798187        0.24356481
     2.2500000       -0.07716875        0.17593852
     2.3750000        0.04466380        0.15565268
     2.5000000       -0.10041783        0.09897811
     2.6250000       -0.08291383        0.25102679
     2.7500000       -0.40216309        0.28077608
     2.8750000       -0.78290078        0.52529285
     3.0000000       -2.11218610        1.34322994
     3.1250000       -1.00750874        0.69770582
     3.2500000       -0.98953566        1.22062422
     3.3750000       -0.25996359        0.37778951
     3.5000000        0.06970941        0.17314282
     3.6250000        0.05102593        0.17453153
     3.7500000       -0.33295301        0.28111450
     3.8750000       -0.02304856        0.07194930
     4.0000000        0.11374827        0.15610963
     4.1250000        0.04993769        0.16901491
     4.2500000       -0.07426948        0.09742640
     4.3750000       -0.13670748        0.12055100
     4.5000000       -0.40972852        0.18624465
     4.6250000       -0.07431271        0.22177954
     4.7500000        0.08459220        0.85420124
     4.8750000        0.15024795        0.42236722
     5.0000000        0.04362653        0.23963460
