           9           4   2.0000000000000000                1
     0.0000000        0.49652565        0.02124332
     0.1250000        0.42807709        0.02138247
     0.2500000        0.39510981        0.01778560
     0.3750000        0.32260672        0.00925647
     0.5000000        0.36116932        0.00628600
     0.6250000        0.37419237        0.01904665
     0.7500000        0.36751045        0.05476416
     0.8750000        0.32231805        0.01188262
     1.0000000        0.34460257        0.06317071
