          51           4   10.000000000000000                1
     0.0000000        0.34973808        0.02941260
     0.1000000        0.22633418        0.05734246
     0.2000000        0.15722080        0.06894747
     0.3000000        0.11398295        0.05515343
     0.4000000        0.08942086        0.05832358
     0.5000000        0.05999046        0.04180670
     0.6000000        0.03873828        0.00765110
     0.7000000        0.01634423        0.00426189
     0.8000000       -0.01169734        0.01812982
     0.9000000       -0.00302845        0.01967908
     1.0000000        0.00677624        0.01247167
     1.1000000        0.01126216        0.00814783
     1.2000000        0.00657889        0.00732306
     1.3000000       -0.02581254        0.02017643
     1.4000000        0.00413445        0.00596416
     1.5000000        0.00050076        0.00701606
     1.6000000       -0.00872602        0.01446966
     1.7000000       -0.00377872        0.00459988
     1.8000000       -0.00163518        0.00706096
     1.9000000        0.00470857        0.01907415
     2.0000000        0.01869544        0.01849696
     2.1000000        0.00808027        0.00344300
     2.2000000        0.00304837        0.01221003
     2.3000000        0.00733819        0.00909712
     2.4000000       -0.00187407        0.01162575
     2.5000000       -0.00322143        0.01225786
     2.6000000       -0.01845570        0.01844212
     2.7000000       -0.01578815        0.01167697
     2.8000000       -0.00616133        0.00863911
     2.9000000       -0.00657346        0.01466334
     3.0000000       -0.00074440        0.01007890
     3.1000000       -0.02234164        0.02938049
     3.2000000        0.00790066        0.02054178
     3.3000000        0.01640199        0.02054931
     3.4000000        0.05040268        0.05515251
     3.5000000       -0.02762780        0.03571955
     3.6000000        0.00018061        0.00332114
     3.7000000        0.04372888        0.05790898
     3.8000000        0.04535471        0.05145252
     3.9000000       -0.00203994        0.00346554
     4.0000000       -0.00612813        0.01782953
     4.1000000       -0.02433622        0.02172681
     4.2000000       -0.03110301        0.03725985
     4.3000000        0.01345895        0.01838449
     4.4000000       -0.06974082        0.06675723
     4.5000000        0.00262123        0.01285178
     4.6000000       -0.05960141        0.06571358
     4.7000000       -0.09811695        0.11779311
     4.8000000       -0.10741064        0.12748444
     4.9000000       -0.03765995        0.03085616
     5.0000000       -0.09953781        0.10343340
