          41           9   8.0000000000000000                1
     0.0000000        1.13640173        0.01553200
     0.1000000        0.70696507        0.01124149
     0.2000000        0.46092012        0.00925919
     0.3000000        0.32292182        0.00692299
     0.4000000        0.22227506        0.00475253
     0.5000000        0.16909802        0.00910694
     0.6000000        0.14704105        0.00988188
     0.7000000        0.11559941        0.00933302
     0.8000000        0.09657823        0.01089990
     0.9000000        0.08275818        0.00844107
     1.0000000        0.06995988        0.00880272
     1.1000000        0.06355855        0.00586520
     1.2000000        0.05461111        0.00927030
     1.3000000        0.04154250        0.00795821
     1.4000000        0.03236808        0.00747170
     1.5000000        0.02871040        0.01055580
     1.6000000        0.02581572        0.00984109
     1.7000000        0.01457611        0.00941234
     1.8000000        0.00138011        0.01493685
     1.9000000        0.01917761        0.01025175
     2.0000000        0.01615678        0.00775525
     2.1000000        0.01667577        0.00777115
     2.2000000        0.01293611        0.01159084
     2.3000000        0.00008579        0.00991363
     2.4000000        0.00520608        0.00978812
     2.5000000        0.00379657        0.00972857
     2.6000000       -0.00017365        0.00834930
     2.7000000       -0.00075729        0.00517430
     2.8000000       -0.00146339        0.00667345
     2.9000000        0.00051401        0.00968584
     3.0000000        0.00299287        0.00792668
     3.1000000        0.00753008        0.00735411
     3.2000000        0.00652058        0.00913080
     3.3000000        0.00189512        0.00539462
     3.4000000        0.00355941        0.00918908
     3.5000000       -0.00257792        0.00443988
     3.6000000       -0.00843150        0.01096952
     3.7000000       -0.00958129        0.01492230
     3.8000000       -0.00299971        0.00756589
     3.9000000        0.00033815        0.00805410
     4.0000000       -0.00978758        0.01167366
