   -2.356194     -2.356194
  1    1        0.39371941        0.00251933        0.00000000        0.00000000
   -2.356194     -1.570796
  1    1        0.34040043        0.00081150       -0.00000000        0.00000000
   -2.356194     -0.785398
  1    1        0.28642105        0.00248694        0.00000000        0.00000000
   -2.356194      0.000000
  1    1        0.27265090        0.00351708       -0.00000000        0.00000000
   -2.356194      0.785398
  1    1        0.28984899        0.00195811       -0.00000000        0.00000000
   -2.356194      1.570796
  1    1        0.34143057        0.00267793       -0.00000000        0.00000000
   -2.356194      2.356194
  1    1        0.39198380        0.00380507       -0.00000000        0.00000000
   -2.356194      3.141593
  1    1        0.41923448        0.00795234       -0.00000000        0.00000000
   -1.570796     -2.356194
  1    1        0.34186592        0.00372113       -0.00000000        0.00000000
   -1.570796     -1.570796
  1    1        0.28094193        0.00312135       -0.00000000        0.00000000
   -1.570796     -0.785398
  1    1        0.22312549        0.00416948        0.00000000        0.00000000
   -1.570796      0.000000
  1    1        0.20031950        0.00068396        0.00000000        0.00000000
   -1.570796      0.785398
  1    1        0.22495517        0.00154376       -0.00000000        0.00000000
   -1.570796      1.570796
  1    1        0.28543860        0.00196033       -0.00000000        0.00000000
   -1.570796      2.356194
  1    1        0.34079464        0.00077981       -0.00000000        0.00000000
   -1.570796      3.141593
  1    1        0.36222015        0.00462929       -0.00000000        0.00000000
   -0.785398     -2.356194
  1    1        0.29162679        0.00216252       -0.00000000        0.00000000
   -0.785398     -1.570796
  1    1        0.22572436        0.00298432        0.00000000        0.00000000
   -0.785398     -0.785398
  1    1        0.14182427        0.00186200        0.00000000        0.00000000
   -0.785398      0.000000
  1    1        0.10170250        0.00376913        0.00000000        0.00000000
   -0.785398      0.785398
  1    1        0.13879431        0.00246296       -0.00000000        0.00000000
   -0.785398      1.570796
  1    1        0.22125391        0.00263864       -0.00000000        0.00000000
   -0.785398      2.356194
  1    1        0.29216998        0.00352164       -0.00000000        0.00000000
   -0.785398      3.141593
  1    1        0.31568510        0.00149751       -0.00000000        0.00000000
    0.000000     -2.356194
  1    1        0.27223689        0.00108528       -0.00000000        0.00000000
    0.000000     -1.570796
  1    1        0.20139616        0.00101752        0.00000000        0.00000000
    0.000000     -0.785398
  1    1        0.10143311        0.00315041       -0.00000000        0.00000000
    0.000000      0.000000
  1    1        0.03550804        0.00403129        0.00000000        0.00000000
    0.000000      0.785398
  1    1        0.10143311        0.00315041        0.00000000        0.00000000
    0.000000      1.570796
  1    1        0.20139616        0.00101752       -0.00000000        0.00000000
    0.000000      2.356194
  1    1        0.27223689        0.00108528        0.00000000        0.00000000
    0.000000      3.141593
  1    1        0.29441294        0.00400928       -0.00000000        0.00000000
    0.785398     -2.356194
  1    1        0.29216998        0.00352164        0.00000000        0.00000000
    0.785398     -1.570796
  1    1        0.22125391        0.00263864        0.00000000        0.00000000
    0.785398     -0.785398
  1    1        0.13879431        0.00246296        0.00000000        0.00000000
    0.785398      0.000000
  1    1        0.10170250        0.00376913       -0.00000000        0.00000000
    0.785398      0.785398
  1    1        0.14182427        0.00186200       -0.00000000        0.00000000
    0.785398      1.570796
  1    1        0.22572436        0.00298432       -0.00000000        0.00000000
    0.785398      2.356194
  1    1        0.29162679        0.00216252        0.00000000        0.00000000
    0.785398      3.141593
  1    1        0.31568510        0.00149751        0.00000000        0.00000000
    1.570796     -2.356194
  1    1        0.34079464        0.00077981        0.00000000        0.00000000
    1.570796     -1.570796
  1    1        0.28543860        0.00196033        0.00000000        0.00000000
    1.570796     -0.785398
  1    1        0.22495517        0.00154376        0.00000000        0.00000000
    1.570796      0.000000
  1    1        0.20031950        0.00068396       -0.00000000        0.00000000
    1.570796      0.785398
  1    1        0.22312549        0.00416948       -0.00000000        0.00000000
    1.570796      1.570796
  1    1        0.28094193        0.00312135        0.00000000        0.00000000
    1.570796      2.356194
  1    1        0.34186592        0.00372113        0.00000000        0.00000000
    1.570796      3.141593
  1    1        0.36222015        0.00462929        0.00000000        0.00000000
    2.356194     -2.356194
  1    1        0.39198380        0.00380507        0.00000000        0.00000000
    2.356194     -1.570796
  1    1        0.34143057        0.00267793        0.00000000        0.00000000
    2.356194     -0.785398
  1    1        0.28984899        0.00195811        0.00000000        0.00000000
    2.356194      0.000000
  1    1        0.27265090        0.00351708        0.00000000        0.00000000
    2.356194      0.785398
  1    1        0.28642105        0.00248694       -0.00000000        0.00000000
    2.356194      1.570796
  1    1        0.34040043        0.00081150        0.00000000        0.00000000
    2.356194      2.356194
  1    1        0.39371941        0.00251933       -0.00000000        0.00000000
    2.356194      3.141593
  1    1        0.41923448        0.00795234       -0.00000000        0.00000000
    3.141593     -2.356194
  1    1        0.42093647        0.00337678        0.00000000        0.00000000
    3.141593     -1.570796
  1    1        0.36238239        0.00279407        0.00000000        0.00000000
    3.141593     -0.785398
  1    1        0.31303347        0.00152123        0.00000000        0.00000000
    3.141593      0.000000
  1    1        0.29067458        0.00536424       -0.00000000        0.00000000
    3.141593      0.785398
  1    1        0.31303347        0.00152123       -0.00000000        0.00000000
    3.141593      1.570796
  1    1        0.36238239        0.00279407       -0.00000000        0.00000000
    3.141593      2.356194
  1    1        0.42093647        0.00337678       -0.00000000        0.00000000
    3.141593      3.141593
  1    1        0.43791572        0.00915549       -0.00000000        0.00000000
