          51           9   10.000000000000000                1
     0.0000000        0.22255473        0.00802941
     0.1000000        0.14080363        0.00808036
     0.2000000        0.08933149        0.00812181
     0.3000000        0.05668863        0.00814111
     0.4000000        0.03582286        0.00767758
     0.5000000        0.02216170        0.00668679
     0.6000000        0.01369620        0.00545759
     0.7000000        0.00941567        0.00473994
     0.8000000        0.00694362        0.00451036
     0.9000000        0.00559480        0.00430459
     1.0000000        0.00492015        0.00443587
     1.1000000        0.00343656        0.00458205
     1.2000000        0.00291119        0.00449263
     1.3000000        0.00343878        0.00417914
     1.4000000        0.00367465        0.00365369
     1.5000000        0.00349870        0.00321054
     1.6000000        0.00335467        0.00312271
     1.7000000        0.00345634        0.00346040
     1.8000000        0.00316933        0.00348761
     1.9000000        0.00271510        0.00373358
     2.0000000        0.00269061        0.00396824
     2.1000000        0.00347595        0.00392513
     2.2000000        0.00431459        0.00387483
     2.3000000        0.00453708        0.00381865
     2.4000000        0.00460356        0.00397825
     2.5000000        0.00431390        0.00390306
     2.6000000        0.00324871        0.00388318
     2.7000000        0.00106620        0.00429051
     2.8000000       -0.00089177        0.00456610
     2.9000000       -0.00240499        0.00466672
     3.0000000       -0.00412895        0.00429689
     3.1000000       -0.00464321        0.00368963
     3.2000000       -0.00410060        0.00320035
     3.3000000       -0.00305679        0.00300531
     3.4000000       -0.00231168        0.00349861
     3.5000000       -0.00229115        0.00441703
     3.6000000       -0.00180774        0.00531663
     3.7000000       -0.00098808        0.00580464
     3.8000000       -0.00081016        0.00538672
     3.9000000       -0.00117117        0.00488712
     4.0000000       -0.00155839        0.00466298
     4.1000000       -0.00248901        0.00438506
     4.2000000       -0.00377483        0.00405674
     4.3000000       -0.00459918        0.00429146
     4.4000000       -0.00550519        0.00477440
     4.5000000       -0.00644035        0.00508730
     4.6000000       -0.00797678        0.00504659
     4.7000000       -0.00986860        0.00535283
     4.8000000       -0.00987026        0.00586956
     4.9000000       -0.00855916        0.00608718
     5.0000000       -0.00787969        0.00614623
