          21           9   2.0000000000000000                1
     0.0000000        1.49208854        0.00324805
     0.1000000        1.27830232        0.00364964
     0.2000000        1.11704750        0.00331327
     0.3000000        0.98322996        0.00348360
     0.4000000        0.87958041        0.00416745
     0.5000000        0.78834493        0.00458871
     0.6000000        0.71383557        0.00469533
     0.7000000        0.65588511        0.00522095
     0.8000000        0.60507916        0.00411582
     0.9000000        0.56458985        0.00382826
     1.0000000        0.52572487        0.00414722
     1.1000000        0.49555613        0.00365699
     1.2000000        0.47252791        0.00267642
     1.3000000        0.45170860        0.00361840
     1.4000000        0.43948439        0.00368818
     1.5000000        0.43101428        0.00279561
     1.6000000        0.42939370        0.00347127
     1.7000000        0.43565812        0.00367387
     1.8000000        0.44560636        0.00328637
     1.9000000        0.46827455        0.00303478
     2.0000000        0.50791146        0.00324805
