           9           4   2.0000000000000000                1
     0.0000000        0.53420998        0.05328824
     0.1250000        0.45520116        0.05413402
     0.2500000        0.37693530        0.02001796
     0.3750000        0.32686697        0.01453503
     0.5000000        0.33349294        0.00665947
     0.6250000        0.28779655        0.02216560
     0.7500000        0.28787129        0.02847397
     0.8750000        0.27896466        0.06206852
     1.0000000        0.27860506        0.09065446
