          31           9   6.0000000000000000                1
     0.0000000        0.08308598        0.00759725
     0.1000000        0.06549071        0.00759635
     0.2000000        0.05182014        0.00754179
     0.3000000        0.04138722        0.00737158
     0.4000000        0.03339539        0.00721895
     0.5000000        0.02724661        0.00712152
     0.6000000        0.02247737        0.00691757
     0.7000000        0.01847230        0.00677429
     0.8000000        0.01509618        0.00678784
     0.9000000        0.01208477        0.00681017
     1.0000000        0.00967498        0.00674242
     1.1000000        0.00808749        0.00654466
     1.2000000        0.00670435        0.00627331
     1.3000000        0.00535860        0.00608977
     1.4000000        0.00407888        0.00597081
     1.5000000        0.00318149        0.00576605
     1.6000000        0.00233941        0.00551822
     1.7000000        0.00081178        0.00536274
     1.8000000       -0.00082786        0.00524907
     1.9000000       -0.00226032        0.00521102
     2.0000000       -0.00356336        0.00527410
     2.1000000       -0.00468193        0.00523599
     2.2000000       -0.00535696        0.00508596
     2.3000000       -0.00602661        0.00487328
     2.4000000       -0.00700388        0.00484268
     2.5000000       -0.00780912        0.00500454
     2.6000000       -0.00821050        0.00528950
     2.7000000       -0.00798983        0.00568166
     2.8000000       -0.00744715        0.00605573
     2.9000000       -0.00677899        0.00628403
     3.0000000       -0.00639636        0.00633349
