 0.10000000000000000E+001          1         36
( 0.00000000000000000E+000, 0.16875977276597471E-015)
-0.20943951023931953E+001 -0.20943951023931953E+001
( 0.10473418681600533E+001,-0.72845702119856597E-003)
-0.20943951023931953E+001 -0.10471975511965976E+001
( 0.90989917265380427E+000,-0.72845702119858299E-003)
-0.20943951023931953E+001  0.00000000000000000E+000
( 0.89144622368908655E+000,-0.72845702119855697E-003)
-0.20943951023931953E+001  0.10471975511965976E+001
( 0.91886240621058246E+000,-0.72845702119858939E-003)
-0.20943951023931953E+001  0.20943951023931953E+001
( 0.10376990644777659E+001,-0.72845702119859481E-003)
-0.20943951023931953E+001  0.31415926535897931E+001
( 0.11401153824855565E+001,-0.72845702119856825E-003)
-0.10471975511965976E+001 -0.20943951023931953E+001
( 0.96500008327738540E+000,-0.72845702119855870E-003)
-0.10471975511965976E+001 -0.10471975511965976E+001
( 0.68734127782171428E+000,-0.72845702119858342E-003)
-0.10471975511965976E+001  0.00000000000000000E+000
( 0.60748288353743740E+000,-0.72845702119859394E-003)
-0.10471975511965976E+001  0.10471975511965976E+001
( 0.68619691141904471E+000,-0.72845702119858733E-003)
-0.10471975511965976E+001  0.20943951023931953E+001
( 0.95591638886625141E+000,-0.72845702119857258E-003)
-0.10471975511965976E+001  0.31415926535897931E+001
( 0.10897068177018259E+001,-0.72845702119856044E-003)
 0.00000000000000000E+000 -0.20943951023931953E+001
( 0.91547054290699037E+000, 0.11406040007440064E-016)
 0.00000000000000000E+000 -0.10471975511965976E+001
( 0.57889218731257419E+000,-0.11774552169638856E-016)
 0.00000000000000000E+000  0.00000000000000000E+000
( 0.35119649438994138E+000, 0.00000000000000000E+000)
 0.00000000000000000E+000  0.10471975511965976E+001
( 0.57889218731257419E+000, 0.11774552169638856E-016)
 0.00000000000000000E+000  0.20943951023931953E+001
( 0.91547054290699037E+000,-0.11406040007440064E-016)
 0.00000000000000000E+000  0.31415926535897931E+001
( 0.10840064986484450E+001, 0.36527107208186550E-017)
 0.10471975511965976E+001 -0.20943951023931953E+001
( 0.95591638886625141E+000, 0.72845702119857258E-003)
 0.10471975511965976E+001 -0.10471975511965976E+001
( 0.68619691141904471E+000, 0.72845702119858733E-003)
 0.10471975511965976E+001  0.00000000000000000E+000
( 0.60748288353743740E+000, 0.72845702119859394E-003)
 0.10471975511965976E+001  0.10471975511965976E+001
( 0.68734127782171428E+000, 0.72845702119858342E-003)
 0.10471975511965976E+001  0.20943951023931953E+001
( 0.96500008327738540E+000, 0.72845702119855870E-003)
 0.10471975511965976E+001  0.31415926535897931E+001
( 0.10897068177018259E+001, 0.72845702119855263E-003)
 0.20943951023931953E+001 -0.20943951023931953E+001
( 0.10376990644777659E+001, 0.72845702119859481E-003)
 0.20943951023931953E+001 -0.10471975511965976E+001
( 0.91886240621058246E+000, 0.72845702119858939E-003)
 0.20943951023931953E+001  0.00000000000000000E+000
( 0.89144622368908655E+000, 0.72845702119855697E-003)
 0.20943951023931953E+001  0.10471975511965976E+001
( 0.90989917265380427E+000, 0.72845702119858299E-003)
 0.20943951023931953E+001  0.20943951023931953E+001
( 0.10473418681600533E+001, 0.72845702119856597E-003)
 0.20943951023931953E+001  0.31415926535897931E+001
( 0.11401153824855565E+001, 0.72845702119856217E-003)
 0.31415926535897931E+001 -0.20943951023931953E+001
( 0.11301179964448933E+001, 0.32398486828474230E-016)
 0.31415926535897931E+001 -0.10471975511965976E+001
( 0.10119841854824250E+001, 0.11723606338917362E-016)
 0.31415926535897931E+001  0.00000000000000000E+000
( 0.97622013981835032E+000, 0.35991919096292542E-017)
 0.31415926535897931E+001  0.10471975511965976E+001
( 0.10119841854824250E+001,-0.81633039955204255E-017)
 0.31415926535897931E+001  0.20943951023931953E+001
( 0.11301179964448933E+001,-0.32874836325690171E-016)
 0.31415926535897931E+001  0.31415926535897931E+001
( 0.12122562052159511E+001, 0.17685932633264878E-017)
 0.10000000000000000E+001          1         36
( 0.00000000000000000E+000,-0.17326071894255407E-015)
-0.20943951023931953E+001 -0.20943951023931953E+001
( 0.10310828495985689E+001, 0.18022282591567160E-002)
-0.20943951023931953E+001 -0.10471975511965976E+001
( 0.91735794325911368E+000, 0.18022282591567090E-002)
-0.20943951023931953E+001  0.00000000000000000E+000
( 0.89751716520807789E+000, 0.18022282591567587E-002)
-0.20943951023931953E+001  0.10471975511965976E+001
( 0.90565011203980672E+000, 0.18022282591568465E-002)
-0.20943951023931953E+001  0.20943951023931953E+001
( 0.10407646435883358E+001, 0.18022282591568274E-002)
-0.20943951023931953E+001  0.31415926535897931E+001
( 0.11165366503443110E+001, 0.18022282591567968E-002)
-0.10471975511965976E+001 -0.20943951023931953E+001
( 0.94729632315473933E+000, 0.18022282591567368E-002)
-0.10471975511965976E+001 -0.10471975511965976E+001
( 0.67294082854724302E+000, 0.18022282591567448E-002)
-0.10471975511965976E+001  0.00000000000000000E+000
( 0.59831982517623905E+000, 0.18022282591567611E-002)
-0.10471975511965976E+001  0.10471975511965976E+001
( 0.66870840815182475E+000, 0.18022282591568023E-002)
-0.10471975511965976E+001  0.20943951023931953E+001
( 0.93497170314180678E+000, 0.18022282591567888E-002)
-0.10471975511965976E+001  0.31415926535897931E+001
( 0.10607177092139048E+001, 0.18022282591567695E-002)
 0.00000000000000000E+000 -0.20943951023931953E+001
( 0.90378051029684414E+000,-0.16060827209819160E-016)
 0.00000000000000000E+000 -0.10471975511965976E+001
( 0.58103796228289595E+000,-0.95095682077448023E-017)
 0.00000000000000000E+000  0.00000000000000000E+000
( 0.36024884479775210E+000, 0.00000000000000000E+000)
 0.00000000000000000E+000  0.10471975511965976E+001
( 0.58103796228289595E+000, 0.95095682077448023E-017)
 0.00000000000000000E+000  0.20943951023931953E+001
( 0.90378051029684414E+000, 0.16060827209819160E-016)
 0.00000000000000000E+000  0.31415926535897931E+001
( 0.10555421587078206E+001, 0.30498737300318601E-017)
 0.10471975511965976E+001 -0.20943951023931953E+001
( 0.93497170314180678E+000,-0.18022282591567888E-002)
 0.10471975511965976E+001 -0.10471975511965976E+001
( 0.66870840815182475E+000,-0.18022282591568023E-002)
 0.10471975511965976E+001  0.00000000000000000E+000
( 0.59831982517623905E+000,-0.18022282591567611E-002)
 0.10471975511965976E+001  0.10471975511965976E+001
( 0.67294082854724302E+000,-0.18022282591567448E-002)
 0.10471975511965976E+001  0.20943951023931953E+001
( 0.94729632315473933E+000,-0.18022282591567368E-002)
 0.10471975511965976E+001  0.31415926535897931E+001
( 0.10607177092139048E+001,-0.18022282591567838E-002)
 0.20943951023931953E+001 -0.20943951023931953E+001
( 0.10407646435883358E+001,-0.18022282591568274E-002)
 0.20943951023931953E+001 -0.10471975511965976E+001
( 0.90565011203980672E+000,-0.18022282591568465E-002)
 0.20943951023931953E+001  0.00000000000000000E+000
( 0.89751716520807789E+000,-0.18022282591567587E-002)
 0.20943951023931953E+001  0.10471975511965976E+001
( 0.91735794325911368E+000,-0.18022282591567090E-002)
 0.20943951023931953E+001  0.20943951023931953E+001
( 0.10310828495985689E+001,-0.18022282591567160E-002)
 0.20943951023931953E+001  0.31415926535897931E+001
( 0.11165366503443113E+001,-0.18022282591568038E-002)
 0.31415926535897931E+001 -0.20943951023931953E+001
( 0.11134285049174684E+001,-0.63734311889053720E-016)
 0.31415926535897931E+001 -0.10471975511965976E+001
( 0.98978197156095160E+000,-0.78385228704473665E-016)
 0.31415926535897931E+001  0.00000000000000000E+000
( 0.98105335037451447E+000, 0.11173528987102060E-017)
 0.31415926535897931E+001  0.10471975511965976E+001
( 0.98978197156095160E+000, 0.61419206458357729E-016)
 0.31415926535897931E+001  0.20943951023931953E+001
( 0.11134285049174686E+001, 0.61425628846538460E-016)
 0.31415926535897931E+001  0.31415926535897931E+001
( 0.11858788741500808E+001,-0.17102668716206836E-017)
 0.10000000000000000E+001          1         36
( 0.00000000000000000E+000,-0.44193850966272490E-015)
-0.20943951023931953E+001 -0.20943951023931953E+001
( 0.10255289494690776E+001, 0.22100343068207850E-002)
-0.20943951023931953E+001 -0.10471975511965976E+001
( 0.91378388181822756E+000, 0.22100343068207806E-002)
-0.20943951023931953E+001  0.00000000000000000E+000
( 0.90370858247587371E+000, 0.22100343068208249E-002)
-0.20943951023931953E+001  0.10471975511965976E+001
( 0.91663173066651260E+000, 0.22100343068208097E-002)
-0.20943951023931953E+001  0.20943951023931953E+001
( 0.10385570201013476E+001, 0.22100343068207923E-002)
-0.20943951023931953E+001  0.31415926535897931E+001
( 0.11245180590652899E+001, 0.22100343068207910E-002)
-0.10471975511965976E+001 -0.20943951023931953E+001
( 0.96384162466617240E+000, 0.22100343068208223E-002)
-0.10471975511965976E+001 -0.10471975511965976E+001
( 0.68706525423710241E+000, 0.22100343068208223E-002)
-0.10471975511965976E+001  0.00000000000000000E+000
( 0.60665084300193695E+000, 0.22100343068207737E-002)
-0.10471975511965976E+001  0.10471975511965976E+001
( 0.67369292583238893E+000, 0.22100343068208236E-002)
-0.10471975511965976E+001  0.20943951023931953E+001
( 0.90781710255503090E+000, 0.22100343068207746E-002)
-0.10471975511965976E+001  0.31415926535897931E+001
( 0.10682970252660953E+001, 0.22100343068207668E-002)
 0.00000000000000000E+000 -0.20943951023931953E+001
( 0.87294310635947170E+000,-0.80947079103146757E-018)
 0.00000000000000000E+000 -0.10471975511965976E+001
( 0.58593942312293223E+000, 0.79218704580818982E-017)
 0.00000000000000000E+000  0.00000000000000000E+000
( 0.32311662894472748E+000, 0.00000000000000000E+000)
 0.00000000000000000E+000  0.10471975511965976E+001
( 0.58593942312293223E+000,-0.79218704580818982E-017)
 0.00000000000000000E+000  0.20943951023931953E+001
( 0.87294310635947170E+000, 0.80947079103146757E-018)
 0.00000000000000000E+000  0.31415926535897931E+001
( 0.10727597071320929E+001, 0.10754585608343397E-016)
 0.10471975511965976E+001 -0.20943951023931953E+001
( 0.90781710255503090E+000,-0.22100343068207746E-002)
 0.10471975511965976E+001 -0.10471975511965976E+001
( 0.67369292583238893E+000,-0.22100343068208236E-002)
 0.10471975511965976E+001  0.00000000000000000E+000
( 0.60665084300193695E+000,-0.22100343068207737E-002)
 0.10471975511965976E+001  0.10471975511965976E+001
( 0.68706525423710241E+000,-0.22100343068208223E-002)
 0.10471975511965976E+001  0.20943951023931953E+001
( 0.96384162466617240E+000,-0.22100343068208223E-002)
 0.10471975511965976E+001  0.31415926535897931E+001
( 0.10682970252660955E+001,-0.22100343068207776E-002)
 0.20943951023931953E+001 -0.20943951023931953E+001
( 0.10385570201013476E+001,-0.22100343068207923E-002)
 0.20943951023931953E+001 -0.10471975511965976E+001
( 0.91663173066651260E+000,-0.22100343068208097E-002)
 0.20943951023931953E+001  0.00000000000000000E+000
( 0.90370858247587371E+000,-0.22100343068208249E-002)
 0.20943951023931953E+001  0.10471975511965976E+001
( 0.91378388181822756E+000,-0.22100343068207806E-002)
 0.20943951023931953E+001  0.20943951023931953E+001
( 0.10255289494690776E+001,-0.22100343068207850E-002)
 0.20943951023931953E+001  0.31415926535897931E+001
( 0.11245180590652899E+001,-0.22100343068208153E-002)
 0.31415926535897931E+001 -0.20943951023931953E+001
( 0.11178280883524714E+001,-0.24883611112077347E-016)
 0.31415926535897931E+001 -0.10471975511965976E+001
( 0.10117197759401673E+001,-0.69004113244210070E-017)
 0.31415926535897931E+001  0.00000000000000000E+000
( 0.95830475772302393E+000, 0.22024534356935019E-017)
 0.31415926535897931E+001  0.10471975511965976E+001
( 0.10117197759401673E+001,-0.60909405333895408E-017)
 0.31415926535897931E+001  0.20943951023931953E+001
( 0.11178280883524714E+001, 0.26695633902481804E-016)
 0.31415926535897931E+001  0.31415926535897931E+001
( 0.11979588026108745E+001, 0.21486790792104894E-017)
 0.10000000000000000E+001          1         36
( 0.00000000000000000E+000, 0.45532589277023130E-016)
-0.20943951023931953E+001 -0.20943951023931953E+001
( 0.10247359635891584E+001, 0.13970763542371506E-002)
-0.20943951023931953E+001 -0.10471975511965976E+001
( 0.90826040165030753E+000, 0.13970763542371914E-002)
-0.20943951023931953E+001  0.00000000000000000E+000
( 0.88289789752933334E+000, 0.13970763542371747E-002)
-0.20943951023931953E+001  0.10471975511965976E+001
( 0.91002990237110870E+000, 0.13970763542371025E-002)
-0.20943951023931953E+001  0.20943951023931953E+001
( 0.10213772925731128E+001, 0.13970763542371127E-002)
-0.20943951023931953E+001  0.31415926535897931E+001
( 0.11377711920235392E+001, 0.13970763542371335E-002)
-0.10471975511965976E+001 -0.20943951023931953E+001
( 0.95745379449428347E+000, 0.13970763542371784E-002)
-0.10471975511965976E+001 -0.10471975511965976E+001
( 0.67279894393085971E+000, 0.13970763542372135E-002)
-0.10471975511965976E+001  0.00000000000000000E+000
( 0.60352026188312080E+000, 0.13970763542371649E-002)
-0.10471975511965976E+001  0.10471975511965976E+001
( 0.68222429829312226E+000, 0.13970763542371116E-002)
-0.10471975511965976E+001  0.20943951023931953E+001
( 0.95089837630937402E+000, 0.13970763542371369E-002)
-0.10471975511965976E+001  0.31415926535897931E+001
( 0.10865212537188047E+001, 0.13970763542371439E-002)
 0.00000000000000000E+000 -0.20943951023931953E+001
( 0.92221467545887092E+000, 0.36818518856865146E-016)
 0.00000000000000000E+000 -0.10471975511965976E+001
( 0.59888966999270099E+000, 0.27271792105623345E-016)
 0.00000000000000000E+000  0.00000000000000000E+000
( 0.35761738238093010E+000, 0.00000000000000000E+000)
 0.00000000000000000E+000  0.10471975511965976E+001
( 0.59888966999270099E+000,-0.27271792105623345E-016)
 0.00000000000000000E+000  0.20943951023931953E+001
( 0.92221467545887092E+000,-0.36818518856865146E-016)
 0.00000000000000000E+000  0.31415926535897931E+001
( 0.10740731551693479E+001, 0.42743701409543469E-017)
 0.10471975511965976E+001 -0.20943951023931953E+001
( 0.95089837630937402E+000,-0.13970763542371369E-002)
 0.10471975511965976E+001 -0.10471975511965976E+001
( 0.68222429829312226E+000,-0.13970763542371116E-002)
 0.10471975511965976E+001  0.00000000000000000E+000
( 0.60352026188312080E+000,-0.13970763542371649E-002)
 0.10471975511965976E+001  0.10471975511965976E+001
( 0.67279894393085971E+000,-0.13970763542372135E-002)
 0.10471975511965976E+001  0.20943951023931953E+001
( 0.95745379449428347E+000,-0.13970763542371784E-002)
 0.10471975511965976E+001  0.31415926535897931E+001
( 0.10865212537188047E+001,-0.13970763542371517E-002)
 0.20943951023931953E+001 -0.20943951023931953E+001
( 0.10213772925731128E+001,-0.13970763542371127E-002)
 0.20943951023931953E+001 -0.10471975511965976E+001
( 0.91002990237110870E+000,-0.13970763542371025E-002)
 0.20943951023931953E+001  0.00000000000000000E+000
( 0.88289789752933334E+000,-0.13970763542371747E-002)
 0.20943951023931953E+001  0.10471975511965976E+001
( 0.90826040165030753E+000,-0.13970763542371914E-002)
 0.20943951023931953E+001  0.20943951023931953E+001
( 0.10247359635891584E+001,-0.13970763542371506E-002)
 0.20943951023931953E+001  0.31415926535897931E+001
( 0.11377711920235392E+001,-0.13970763542371335E-002)
 0.31415926535897931E+001 -0.20943951023931953E+001
( 0.11195965486121624E+001, 0.41731652827676310E-016)
 0.31415926535897931E+001 -0.10471975511965976E+001
( 0.10100775791398235E+001, 0.31413937864889265E-016)
 0.31415926535897931E+001  0.00000000000000000E+000
( 0.97727800630987549E+000, 0.35318166461411561E-017)
 0.31415926535897931E+001  0.10471975511965976E+001
( 0.10100775791398235E+001,-0.37400591771103647E-016)
 0.31415926535897931E+001  0.20943951023931953E+001
( 0.11195965486121624E+001,-0.29962587334872566E-016)
 0.31415926535897931E+001  0.31415926535897931E+001
( 0.12053434107676375E+001, 0.21168898524746423E-017)
 0.10000000000000000E+001          1         36
( 0.00000000000000000E+000, 0.45040242677659201E-015)
-0.20943951023931953E+001 -0.20943951023931953E+001
( 0.10003275694744194E+001, 0.79850580532830773E-002)
-0.20943951023931953E+001 -0.10471975511965976E+001
( 0.88839650392872549E+000, 0.79850580532830548E-002)
-0.20943951023931953E+001  0.00000000000000000E+000
( 0.86533212677450444E+000, 0.79850580532830409E-002)
-0.20943951023931953E+001  0.10471975511965976E+001
( 0.88417625790831411E+000, 0.79850580532830930E-002)
-0.20943951023931953E+001  0.20943951023931953E+001
( 0.10019385823054243E+001, 0.79850580532830912E-002)
-0.20943951023931953E+001  0.31415926535897931E+001
( 0.11311360789817966E+001, 0.79850580532830669E-002)
-0.10471975511965976E+001 -0.20943951023931953E+001
( 0.94379362562534563E+000, 0.79850580532830426E-002)
-0.10471975511965976E+001 -0.10471975511965976E+001
( 0.66929982679236477E+000, 0.79850580532830721E-002)
-0.10471975511965976E+001  0.00000000000000000E+000
( 0.59113368829718205E+000, 0.79850580532831207E-002)
-0.10471975511965976E+001  0.10471975511965976E+001
( 0.66020242131846640E+000, 0.79850580532830930E-002)
-0.10471975511965976E+001  0.20943951023931953E+001
( 0.94508577881949141E+000, 0.79850580532830895E-002)
-0.10471975511965976E+001  0.31415926535897931E+001
( 0.10828197602551308E+001, 0.79850580532830739E-002)
 0.00000000000000000E+000 -0.20943951023931953E+001
( 0.92086727938990953E+000,-0.27221942256487430E-016)
 0.00000000000000000E+000 -0.10471975511965976E+001
( 0.57583459173499674E+000,-0.27155030557211249E-016)
 0.00000000000000000E+000  0.00000000000000000E+000
( 0.33452585112207428E+000, 0.00000000000000000E+000)
 0.00000000000000000E+000  0.10471975511965976E+001
( 0.57583459173499674E+000, 0.27155030557211249E-016)
 0.00000000000000000E+000  0.20943951023931953E+001
( 0.92086727938990953E+000, 0.27221942256487430E-016)
 0.00000000000000000E+000  0.31415926535897931E+001
( 0.10637708789956919E+001, 0.23990618051976838E-017)
 0.10471975511965976E+001 -0.20943951023931953E+001
( 0.94508577881949141E+000,-0.79850580532830895E-002)
 0.10471975511965976E+001 -0.10471975511965976E+001
( 0.66020242131846640E+000,-0.79850580532830930E-002)
 0.10471975511965976E+001  0.00000000000000000E+000
( 0.59113368829718205E+000,-0.79850580532831207E-002)
 0.10471975511965976E+001  0.10471975511965976E+001
( 0.66929982679236477E+000,-0.79850580532830721E-002)
 0.10471975511965976E+001  0.20943951023931953E+001
( 0.94379362562534563E+000,-0.79850580532830426E-002)
 0.10471975511965976E+001  0.31415926535897931E+001
( 0.10828197602551306E+001,-0.79850580532830773E-002)
 0.20943951023931953E+001 -0.20943951023931953E+001
( 0.10019385823054243E+001,-0.79850580532830912E-002)
 0.20943951023931953E+001 -0.10471975511965976E+001
( 0.88417625790831411E+000,-0.79850580532830930E-002)
 0.20943951023931953E+001  0.00000000000000000E+000
( 0.86533212677450444E+000,-0.79850580532830409E-002)
 0.20943951023931953E+001  0.10471975511965976E+001
( 0.88839650392872549E+000,-0.79850580532830548E-002)
 0.20943951023931953E+001  0.20943951023931953E+001
( 0.10003275694744194E+001,-0.79850580532830773E-002)
 0.20943951023931953E+001  0.31415926535897931E+001
( 0.11311360789817966E+001,-0.79850580532830687E-002)
 0.31415926535897931E+001 -0.20943951023931953E+001
( 0.11113557935600764E+001,-0.32990037988260300E-017)
 0.31415926535897931E+001 -0.10471975511965976E+001
( 0.98052946079328052E+000,-0.30602173609406138E-016)
 0.31415926535897931E+001  0.00000000000000000E+000
( 0.94995050802340486E+000, 0.29751004948040311E-017)
 0.31415926535897931E+001  0.10471975511965976E+001
( 0.98052946079328052E+000, 0.49078919211927069E-017)
 0.31415926535897931E+001  0.20943951023931953E+001
( 0.11113557935600766E+001, 0.12609785991702947E-016)
 0.31415926535897931E+001  0.31415926535897931E+001
( 0.11816407822824881E+001,-0.16634271606558483E-017)
