   -2.094395     -2.094395
  1    1        0.33456565        0.00795788       -0.00000000        0.00000000
   -2.094395     -1.047198
  1    1        0.25975955        0.00389280       -0.00000000        0.00000000
   -2.094395      0.000000
  1    1        0.22247110        0.00414971        0.00000000        0.00000000
   -2.094395      1.047198
  1    1        0.25566952        0.00338554       -0.00000000        0.00000000
   -2.094395      2.094395
  1    1        0.32725680        0.00586167       -0.00000000        0.00000000
   -2.094395      3.141593
  1    1        0.37258396        0.00354830       -0.00000000        0.00000000
   -1.047198     -2.094395
  1    1        0.24928104        0.00525884       -0.00000000        0.00000000
   -1.047198     -1.047198
  1    1        0.15017493        0.00283487       -0.00000000        0.00000000
   -1.047198      0.000000
  1    1        0.10424694        0.00588610       -0.00000000        0.00000000
   -1.047198      1.047198
  1    1        0.15554153        0.00650806       -0.00000000        0.00000000
   -1.047198      2.094395
  1    1        0.25520994        0.00205884       -0.00000000        0.00000000
   -1.047198      3.141593
  1    1        0.28880390        0.00598320       -0.00000000        0.00000000
    0.000000     -2.094395
  1    1        0.21390543        0.00269493        0.00000000        0.00000000
    0.000000     -1.047198
  1    1        0.09328334        0.01296842        0.00000000        0.00000000
    0.000000      0.000000
  1    1        0.00250166        0.00493354        0.00000000        0.00000000
    0.000000      1.047198
  1    1        0.09328334        0.01296842       -0.00000000        0.00000000
    0.000000      2.094395
  1    1        0.21390543        0.00269493       -0.00000000        0.00000000
    0.000000      3.141593
  1    1        0.26986039        0.00130684        0.00000000        0.00000000
    1.047198     -2.094395
  1    1        0.25520994        0.00205884        0.00000000        0.00000000
    1.047198     -1.047198
  1    1        0.15554153        0.00650806        0.00000000        0.00000000
    1.047198      0.000000
  1    1        0.10424694        0.00588610        0.00000000        0.00000000
    1.047198      1.047198
  1    1        0.15017493        0.00283487        0.00000000        0.00000000
    1.047198      2.094395
  1    1        0.24928104        0.00525884        0.00000000        0.00000000
    1.047198      3.141593
  1    1        0.28880390        0.00598320       -0.00000000        0.00000000
    2.094395     -2.094395
  1    1        0.32725680        0.00586167        0.00000000        0.00000000
    2.094395     -1.047198
  1    1        0.25566952        0.00338554        0.00000000        0.00000000
    2.094395      0.000000
  1    1        0.22247110        0.00414971       -0.00000000        0.00000000
    2.094395      1.047198
  1    1        0.25975955        0.00389280        0.00000000        0.00000000
    2.094395      2.094395
  1    1        0.33456565        0.00795788        0.00000000        0.00000000
    2.094395      3.141593
  1    1        0.37258396        0.00354830        0.00000000        0.00000000
    3.141593     -2.094395
  1    1        0.37515865        0.00439741       -0.00000000        0.00000000
    3.141593     -1.047198
  1    1        0.30020097        0.00365601       -0.00000000        0.00000000
    3.141593      0.000000
  1    1        0.26855347        0.00498947        0.00000000        0.00000000
    3.141593      1.047198
  1    1        0.30020097        0.00365601        0.00000000        0.00000000
    3.141593      2.094395
  1    1        0.37515865        0.00439741        0.00000000        0.00000000
    3.141593      3.141593
  1    1        0.41304577        0.00393911       -0.00000000        0.00000000
