           9           4   2.0000000000000000                1
     0.0000000        1.43974744        0.01582976
     0.1250000        0.77830701        0.02172788
     0.2500000        0.43519143        0.00898569
     0.3750000        0.26318110        0.00228525
     0.5000000        0.16461758        0.00321596
     0.6250000        0.11011421        0.00210107
     0.7500000        0.08239471        0.00282020
     0.8750000        0.06544627        0.00224135
     1.0000000        0.06070368        0.00225148
