          31           4   6.0000000000000000                1
     0.0000000        1.77889526        0.14169309
     0.1000000        1.56618849        0.14323779
     0.2000000        1.41774271        0.14646223
     0.3000000        1.30803035        0.15082667
     0.4000000        1.21961153        0.15057086
     0.5000000        1.14679644        0.14600784
     0.6000000        1.08675303        0.14116667
     0.7000000        1.03421672        0.13424662
     0.8000000        0.98804892        0.12553156
     0.9000000        0.94431868        0.11719104
     1.0000000        0.90179033        0.11075909
     1.1000000        0.86644121        0.10768238
     1.2000000        0.83659349        0.10737663
     1.3000000        0.81192083        0.10786601
     1.4000000        0.79097919        0.10839666
     1.5000000        0.76184668        0.10461518
     1.6000000        0.72900119        0.10036759
     1.7000000        0.70365118        0.09770495
     1.8000000        0.68469783        0.09523206
     1.9000000        0.67059413        0.09361475
     2.0000000        0.65983463        0.09024402
     2.1000000        0.65297465        0.08843228
     2.2000000        0.64890396        0.08829002
     2.3000000        0.64471459        0.08782311
     2.4000000        0.64469585        0.09013657
     2.5000000        0.64597319        0.09199812
     2.6000000        0.64396419        0.08931205
     2.7000000        0.64286081        0.08511554
     2.8000000        0.64288571        0.08176129
     2.9000000        0.64157036        0.07995531
     3.0000000        0.63991709        0.07921102
