          51           4   10.000000000000000                1
     0.0000000        0.24375515        0.05148007
     0.1000000        0.13877684        0.03506199
     0.2000000        0.08674073        0.02600678
     0.3000000        0.04326187        0.03006372
     0.4000000        0.03124664        0.01775946
     0.5000000        0.00915744        0.02214442
     0.6000000        0.00604387        0.02637620
     0.7000000        0.00207874        0.02025793
     0.8000000       -0.00904162        0.01702116
     0.9000000       -0.00805281        0.01762705
     1.0000000        0.00279420        0.00685760
     1.1000000       -0.00022149        0.01009937
     1.2000000        0.00610757        0.00766420
     1.3000000       -0.00312079        0.00890206
     1.4000000       -0.00015008        0.00760949
     1.5000000       -0.00116637        0.01408012
     1.6000000       -0.00555322        0.01095955
     1.7000000        0.00212527        0.00606356
     1.8000000       -0.00387586        0.00601172
     1.9000000       -0.00483352        0.00352864
     2.0000000       -0.00373792        0.00927735
     2.1000000       -0.00358701        0.01194339
     2.2000000       -0.00599611        0.01237369
     2.3000000       -0.00218219        0.00664897
     2.4000000        0.00060602        0.00854339
     2.5000000        0.00860501        0.00110890
     2.6000000        0.00450176        0.00145225
     2.7000000        0.00126551        0.00582913
     2.8000000        0.00718625        0.00578356
     2.9000000        0.00203724        0.00737840
     3.0000000        0.00096604        0.00805257
     3.1000000       -0.00070939        0.00749977
     3.2000000        0.00643739        0.00600181
     3.3000000       -0.00194216        0.00508751
     3.4000000       -0.00690315        0.00933788
     3.5000000        0.00019477        0.00383545
     3.6000000       -0.00154393        0.00674416
     3.7000000       -0.00582887        0.00523572
     3.8000000        0.00298050        0.01004104
     3.9000000        0.00775612        0.00812682
     4.0000000       -0.00135206        0.00768622
     4.1000000       -0.00478965        0.00688231
     4.2000000       -0.00987670        0.00989950
     4.3000000       -0.00455955        0.01085309
     4.4000000       -0.00280504        0.00278961
     4.5000000       -0.00451096        0.00446905
     4.6000000        0.00108569        0.00686764
     4.7000000        0.00295515        0.00328572
     4.8000000        0.00754335        0.00331206
     4.9000000        0.00071231        0.00612971
     5.0000000       -0.00875380        0.00747035
