          31           9   6.0000000000000000                1
     0.0000000        0.29584753        0.01133936
     0.1000000        0.17625677        0.01013727
     0.2000000        0.10886552        0.00930499
     0.3000000        0.07150909        0.00936001
     0.4000000        0.05052840        0.00868006
     0.5000000        0.03795830        0.00743662
     0.6000000        0.02981302        0.00650864
     0.7000000        0.02490636        0.00620343
     0.8000000        0.02197901        0.00665511
     0.9000000        0.01919010        0.00666190
     1.0000000        0.01747499        0.00674692
     1.1000000        0.01584653        0.00777494
     1.2000000        0.01242523        0.00880783
     1.3000000        0.01057345        0.00953073
     1.4000000        0.00920760        0.01053265
     1.5000000        0.00515984        0.01152437
     1.6000000        0.00031105        0.01222814
     1.7000000       -0.00447582        0.01211855
     1.8000000       -0.00518718        0.01027936
     1.9000000       -0.00336981        0.00753039
     2.0000000       -0.00405644        0.00612994
     2.1000000       -0.00412409        0.00577613
     2.2000000       -0.00242530        0.00607529
     2.3000000       -0.00017063        0.00797828
     2.4000000        0.00303303        0.01044765
     2.5000000        0.00574776        0.01195019
     2.6000000        0.00799482        0.01315805
     2.7000000        0.00870871        0.01524951
     2.8000000        0.00749839        0.01698721
     2.9000000        0.00501625        0.01740413
     3.0000000        0.00343252        0.01748725
