          51           9   10.000000000000000                1
     0.0000000        0.57044518        0.10303037
     0.1000000        0.44103801        0.10150670
     0.2000000        0.34848874        0.07113714
     0.3000000        0.21435128        0.06976647
     0.4000000        0.25212542        0.06221830
     0.5000000        0.16093925        0.03952963
     0.6000000        0.06287802        0.07204891
     0.7000000       -0.00262822        0.09766211
     0.8000000        0.04864497        0.07225335
     0.9000000        0.14664598        0.08922221
     1.0000000        0.19624282        0.12659275
     1.1000000        0.11818211        0.08093412
     1.2000000        0.09102843        0.09138741
     1.3000000        0.02741113        0.15125771
     1.4000000        0.03402590        0.09644613
     1.5000000       -0.08767712        0.19299666
     1.6000000       -0.17001485        0.22019273
     1.7000000       -0.05670544        0.06297448
     1.8000000        0.00713307        0.05750297
     1.9000000       -0.06475046        0.07295200
     2.0000000       -0.00920687        0.11584634
     2.1000000       -0.00654905        0.05244350
     2.2000000       -0.12947072        0.11449076
     2.3000000       -0.08543108        0.10027820
     2.4000000       -0.06479626        0.12217008
     2.5000000       -0.00271267        0.11604712
     2.6000000        0.13582584        0.16193784
     2.7000000        0.19386521        0.20834499
     2.8000000        0.00116637        0.10516585
     2.9000000        0.05002727        0.05470997
     3.0000000        0.10594203        0.04966479
     3.1000000        0.02382674        0.08646841
     3.2000000        0.17559614        0.17808746
     3.3000000        0.11806417        0.24217618
     3.4000000        0.08524081        0.17536017
     3.5000000        0.02856523        0.05227814
     3.6000000        0.00193411        0.05712816
     3.7000000        0.09394416        0.10511440
     3.8000000        0.21834011        0.10344045
     3.9000000        0.10605244        0.10031089
     4.0000000        0.17759482        0.16842691
     4.1000000        0.14521181        0.05457781
     4.2000000       -0.02807256        0.11613327
     4.3000000       -0.07003718        0.06125414
     4.4000000       -0.02621533        0.12294983
     4.5000000        0.02884695        0.13572927
     4.6000000       -0.06548245        0.12209645
     4.7000000        0.04220524        0.19726300
     4.8000000        0.06693739        0.12697417
     4.9000000        0.04361786        0.09573495
     5.0000000       -0.13719901        0.22073008
