 0.10000000000000000E+001          1         28
( 0.00000000000000000E+000, 0.00000000000000000E+000)
-0.29171931783333798E+001  0.00000000000000000E+000
( 0.61187269259054056E+000,-0.39650822308041303E-017)
-0.26927937030769660E+001  0.00000000000000000E+000
( 0.46464933597736058E+000, 0.11102230246251565E-015)
-0.24683942278205522E+001  0.00000000000000000E+000
( 0.37240675872160811E+000,-0.39650822308041300E-016)
-0.22439947525641384E+001  0.00000000000000000E+000
( 0.28062682316446202E+000, 0.17049853592457760E-015)
-0.20195952773077246E+001  0.00000000000000000E+000
( 0.25275520690648767E+000,-0.13877787807814457E-015)
-0.17951958020513106E+001  0.00000000000000000E+000
( 0.20451740447020766E+000, 0.51546069000453692E-016)
-0.15707963267948968E+001  0.00000000000000000E+000
( 0.16582047499047747E+000,-0.43912046680463273E-016)
-0.13463968515384830E+001  0.00000000000000000E+000
( 0.13340593553820615E+000, 0.45598445654247499E-016)
-0.11219973762820692E+001  0.00000000000000000E+000
( 0.11197799192160642E+000,-0.81284185731484670E-016)
-0.89759790102565529E+000  0.00000000000000000E+000
( 0.88412503696891714E-001, 0.19825411154020650E-016)
-0.67319842576924149E+000  0.00000000000000000E+000
( 0.59927702234927001E-001,-0.63441315692866085E-016)
-0.44879895051282764E+000  0.00000000000000000E+000
( 0.43129297345162049E-001, 0.15860328923216521E-016)
-0.22439947525641382E+000  0.00000000000000000E+000
( 0.20012796983801984E-001, 0.00000000000000000E+000)
 0.00000000000000000E+000  0.00000000000000000E+000
( 0.78846798198130481E-003, 0.00000000000000000E+000)
 0.22439947525641382E+000  0.00000000000000000E+000
( 0.20012796983801984E-001, 0.00000000000000000E+000)
 0.44879895051282764E+000  0.00000000000000000E+000
( 0.43129297345162049E-001,-0.15860328923216521E-016)
 0.67319842576924149E+000  0.00000000000000000E+000
( 0.59927702234927001E-001, 0.63441315692866085E-016)
 0.89759790102565529E+000  0.00000000000000000E+000
( 0.88412503696891714E-001,-0.19825411154020650E-016)
 0.11219973762820692E+001  0.00000000000000000E+000
( 0.11197799192160642E+000, 0.81284185731484670E-016)
 0.13463968515384830E+001  0.00000000000000000E+000
( 0.13340593553820615E+000,-0.45598445654247499E-016)
 0.15707963267948968E+001  0.00000000000000000E+000
( 0.16582047499047747E+000, 0.43912046680463273E-016)
 0.17951958020513106E+001  0.00000000000000000E+000
( 0.20451740447020766E+000,-0.51546069000453692E-016)
 0.20195952773077246E+001  0.00000000000000000E+000
( 0.25275520690648767E+000, 0.13877787807814457E-015)
 0.22439947525641384E+001  0.00000000000000000E+000
( 0.28062682316446202E+000,-0.17049853592457760E-015)
 0.24683942278205522E+001  0.00000000000000000E+000
( 0.37240675872160811E+000, 0.39650822308041300E-016)
 0.26927937030769660E+001  0.00000000000000000E+000
( 0.46464933597736058E+000,-0.11102230246251565E-015)
 0.29171931783333798E+001  0.00000000000000000E+000
( 0.61187269259054056E+000, 0.39650822308041303E-017)
 0.31415926535897936E+001  0.00000000000000000E+000
( 0.13801816829345430E+001,-0.11954475120735950E-015)
 0.10000000000000000E+001          1         28
( 0.00000000000000000E+000, 0.00000000000000000E+000)
-0.29171931783333798E+001  0.00000000000000000E+000
( 0.65446325442629072E+000,-0.62450045135165055E-016)
-0.26927937030769660E+001  0.00000000000000000E+000
( 0.47040910052561619E+000, 0.57493692346659885E-016)
-0.24683942278205522E+001  0.00000000000000000E+000
( 0.35472286318107316E+000,-0.75336562385278471E-016)
-0.22439947525641384E+001  0.00000000000000000E+000
( 0.28681549648718935E+000, 0.12291754915492803E-015)
-0.20195952773077246E+001  0.00000000000000000E+000
( 0.23862869735915515E+000,-0.97144514654701197E-016)
-0.17951958020513106E+001  0.00000000000000000E+000
( 0.21258570866094723E+000, 0.58484962904360927E-016)
-0.15707963267948968E+001  0.00000000000000000E+000
( 0.17753177863129935E+000,-0.35873533026930633E-016)
-0.13463968515384830E+001  0.00000000000000000E+000
( 0.14185443758956376E+000, 0.49563527885051628E-016)
-0.11219973762820692E+001  0.00000000000000000E+000
( 0.11558561378334803E+000,-0.35685740077237171E-016)
-0.89759790102565529E+000  0.00000000000000000E+000
( 0.87890510987462908E-001, 0.11895246692412391E-016)
-0.67319842576924149E+000  0.00000000000000000E+000
( 0.63384505223008647E-001,-0.37668281192639235E-016)
-0.44879895051282764E+000  0.00000000000000000E+000
( 0.39914250688394014E-001, 0.00000000000000000E+000)
-0.22439947525641382E+000  0.00000000000000000E+000
( 0.21629751457282454E-001,-0.31720657846433042E-016)
 0.00000000000000000E+000  0.00000000000000000E+000
( 0.12127370177309313E-002, 0.00000000000000000E+000)
 0.22439947525641382E+000  0.00000000000000000E+000
( 0.21629751457282454E-001, 0.31720657846433042E-016)
 0.44879895051282764E+000  0.00000000000000000E+000
( 0.39914250688394014E-001, 0.00000000000000000E+000)
 0.67319842576924149E+000  0.00000000000000000E+000
( 0.63384505223008647E-001, 0.37668281192639235E-016)
 0.89759790102565529E+000  0.00000000000000000E+000
( 0.87890510987462908E-001,-0.11895246692412391E-016)
 0.11219973762820692E+001  0.00000000000000000E+000
( 0.11558561378334803E+000, 0.35685740077237171E-016)
 0.13463968515384830E+001  0.00000000000000000E+000
( 0.14185443758956376E+000,-0.49563527885051628E-016)
 0.15707963267948968E+001  0.00000000000000000E+000
( 0.17753177863129935E+000, 0.35873533026930633E-016)
 0.17951958020513106E+001  0.00000000000000000E+000
( 0.21258570866094723E+000,-0.58484962904360927E-016)
 0.20195952773077246E+001  0.00000000000000000E+000
( 0.23862869735915515E+000, 0.97144514654701197E-016)
 0.22439947525641384E+001  0.00000000000000000E+000
( 0.28681549648718935E+000,-0.12291754915492803E-015)
 0.24683942278205522E+001  0.00000000000000000E+000
( 0.35472286318107316E+000, 0.75336562385278471E-016)
 0.26927937030769660E+001  0.00000000000000000E+000
( 0.47040910052561619E+000,-0.57493692346659885E-016)
 0.29171931783333798E+001  0.00000000000000000E+000
( 0.65446325442629072E+000, 0.62450045135165055E-016)
 0.31415926535897936E+001  0.00000000000000000E+000
( 0.12679553249810103E+001,-0.95537559438686248E-016)
 0.10000000000000000E+001          1         28
( 0.00000000000000000E+000, 0.00000000000000000E+000)
-0.29171931783333798E+001  0.00000000000000000E+000
( 0.60734327762203044E+000,-0.33703198961835107E-016)
-0.26927937030769660E+001  0.00000000000000000E+000
( 0.45825132920652512E+000, 0.19428902930940239E-015)
-0.24683942278205522E+001  0.00000000000000000E+000
( 0.35298783718043641E+000,-0.47580986769649563E-016)
-0.22439947525641384E+001  0.00000000000000000E+000
( 0.29097891408840731E+000, 0.19032394707859825E-015)
-0.20195952773077246E+001  0.00000000000000000E+000
( 0.25000093167186344E+000,-0.13481279584734043E-015)
-0.17951958020513106E+001  0.00000000000000000E+000
( 0.21319198770865688E+000, 0.65423856808268155E-016)
-0.15707963267948968E+001  0.00000000000000000E+000
( 0.16173089988049197E+000,-0.83023962646850123E-016)
-0.13463968515384830E+001  0.00000000000000000E+000
( 0.13722337977006066E+000, 0.51546069000453692E-016)
-0.11219973762820692E+001  0.00000000000000000E+000
( 0.10235209203450776E+000,-0.87231809077690869E-016)
-0.89759790102565529E+000  0.00000000000000000E+000
( 0.88386973991447945E-001, 0.23790493384824782E-016)
-0.67319842576924149E+000  0.00000000000000000E+000
( 0.65160334550088503E-001,-0.55511151231257827E-016)
-0.44879895051282764E+000  0.00000000000000000E+000
( 0.42768116257073406E-001, 0.47580986769649563E-016)
-0.22439947525641382E+000  0.00000000000000000E+000
( 0.15409153634903725E-001, 0.00000000000000000E+000)
 0.00000000000000000E+000  0.00000000000000000E+000
( 0.19342282189807998E-003, 0.00000000000000000E+000)
 0.22439947525641382E+000  0.00000000000000000E+000
( 0.15409153634903725E-001, 0.00000000000000000E+000)
 0.44879895051282764E+000  0.00000000000000000E+000
( 0.42768116257073406E-001,-0.47580986769649563E-016)
 0.67319842576924149E+000  0.00000000000000000E+000
( 0.65160334550088503E-001, 0.55511151231257827E-016)
 0.89759790102565529E+000  0.00000000000000000E+000
( 0.88386973991447945E-001,-0.23790493384824782E-016)
 0.11219973762820692E+001  0.00000000000000000E+000
( 0.10235209203450776E+000, 0.87231809077690869E-016)
 0.13463968515384830E+001  0.00000000000000000E+000
( 0.13722337977006066E+000,-0.51546069000453692E-016)
 0.15707963267948968E+001  0.00000000000000000E+000
( 0.16173089988049197E+000, 0.83023962646850123E-016)
 0.17951958020513106E+001  0.00000000000000000E+000
( 0.21319198770865691E+000,-0.65423856808268155E-016)
 0.20195952773077246E+001  0.00000000000000000E+000
( 0.25000093167186344E+000, 0.13481279584734043E-015)
 0.22439947525641384E+001  0.00000000000000000E+000
( 0.29097891408840731E+000,-0.19032394707859825E-015)
 0.24683942278205522E+001  0.00000000000000000E+000
( 0.35298783718043641E+000, 0.47580986769649563E-016)
 0.26927937030769660E+001  0.00000000000000000E+000
( 0.45825132920652512E+000,-0.19428902930940239E-015)
 0.29171931783333798E+001  0.00000000000000000E+000
( 0.60734327762203044E+000, 0.33703198961835107E-016)
 0.31415926535897936E+001  0.00000000000000000E+000
( 0.14282361219851174E+001,-0.15018759637048381E-015)
 0.10000000000000000E+001          1         28
( 0.00000000000000000E+000, 0.00000000000000000E+000)
-0.29171931783333798E+001  0.00000000000000000E+000
( 0.66071018076992560E+000,-0.54519880673556792E-016)
-0.26927937030769660E+001  0.00000000000000000E+000
( 0.47690758090948615E+000, 0.93179432423897056E-016)
-0.24683942278205522E+001  0.00000000000000000E+000
( 0.36746373729676635E+000, 0.19825411154020651E-017)
-0.22439947525641384E+001  0.00000000000000000E+000
( 0.29263159559278445E+000, 0.10705722023171151E-015)
-0.20195952773077246E+001  0.00000000000000000E+000
( 0.24417520665084683E+000,-0.69388939039072284E-016)
-0.17951958020513106E+001  0.00000000000000000E+000
( 0.20163187490769202E+000, 0.50554798442752663E-016)
-0.15707963267948968E+001  0.00000000000000000E+000
( 0.17184455493230810E+000,-0.33173615727195212E-018)
-0.13463968515384830E+001  0.00000000000000000E+000
( 0.13940576714815778E+000, 0.59476233462061956E-016)
-0.11219973762820692E+001  0.00000000000000000E+000
( 0.11195775637897833E+000,-0.21807952269422717E-016)
-0.89759790102565529E+000  0.00000000000000000E+000
( 0.83850384601509356E-001, 0.57493692346659885E-016)
-0.67319842576924149E+000  0.00000000000000000E+000
( 0.60189448661172547E-001,-0.39650822308041303E-017)
-0.44879895051282764E+000  0.00000000000000000E+000
( 0.41997390851967423E-001, 0.39650822308041300E-016)
-0.22439947525641382E+000  0.00000000000000000E+000
( 0.19528918630468284E-001,-0.69388939039072284E-017)
 0.00000000000000000E+000  0.00000000000000000E+000
( 0.16471422761364453E-003, 0.00000000000000000E+000)
 0.22439947525641382E+000  0.00000000000000000E+000
( 0.19528918630468284E-001, 0.69388939039072284E-017)
 0.44879895051282764E+000  0.00000000000000000E+000
( 0.41997390851967423E-001,-0.39650822308041300E-016)
 0.67319842576924149E+000  0.00000000000000000E+000
( 0.60189448661172547E-001, 0.39650822308041303E-017)
 0.89759790102565529E+000  0.00000000000000000E+000
( 0.83850384601509356E-001,-0.57493692346659885E-016)
 0.11219973762820692E+001  0.00000000000000000E+000
( 0.11195775637897833E+000, 0.21807952269422717E-016)
 0.13463968515384830E+001  0.00000000000000000E+000
( 0.13940576714815778E+000,-0.59476233462061956E-016)
 0.15707963267948968E+001  0.00000000000000000E+000
( 0.17184455493230810E+000, 0.33173615727195212E-018)
 0.17951958020513106E+001  0.00000000000000000E+000
( 0.20163187490769205E+000,-0.50554798442752663E-016)
 0.20195952773077246E+001  0.00000000000000000E+000
( 0.24417520665084683E+000, 0.69388939039072284E-016)
 0.22439947525641384E+001  0.00000000000000000E+000
( 0.29263159559278445E+000,-0.10705722023171151E-015)
 0.24683942278205522E+001  0.00000000000000000E+000
( 0.36746373729676635E+000,-0.19825411154020651E-017)
 0.26927937030769660E+001  0.00000000000000000E+000
( 0.47690758090948615E+000,-0.93179432423897056E-016)
 0.29171931783333798E+001  0.00000000000000000E+000
( 0.66071018076992560E+000, 0.54519880673556792E-016)
 0.31415926535897936E+001  0.00000000000000000E+000
( 0.12552464911082624E+001,-0.87895281392234821E-016)
 0.10000000000000000E+001          1         28
( 0.00000000000000000E+000, 0.00000000000000000E+000)
-0.29171931783333798E+001  0.00000000000000000E+000
( 0.67834042385162030E+000,-0.36677010634938206E-016)
-0.26927937030769660E+001  0.00000000000000000E+000
( 0.48464463162836768E+000, 0.63441315692866085E-016)
-0.24683942278205522E+001  0.00000000000000000E+000
( 0.37272320557903588E+000,-0.19825411154020651E-017)
-0.22439947525641384E+001  0.00000000000000000E+000
( 0.29955458200723989E+000, 0.97144514654701197E-016)
-0.20195952773077246E+001  0.00000000000000000E+000
( 0.24385610990025935E+000,-0.31720657846433042E-016)
-0.17951958020513106E+001  0.00000000000000000E+000
( 0.20343534450034551E+000, 0.60467504019762985E-016)
-0.15707963267948968E+001  0.00000000000000000E+000
( 0.17012247764820199E+000,-0.22481095153433735E-017)
-0.13463968515384830E+001  0.00000000000000000E+000
( 0.14175905511470496E+000, 0.53528610115855756E-016)
-0.11219973762820692E+001  0.00000000000000000E+000
( 0.11296544633780425E+000, 0.19825411154020651E-017)
-0.89759790102565529E+000  0.00000000000000000E+000
( 0.88071970371203678E-001, 0.49563527885051628E-016)
-0.67319842576924149E+000  0.00000000000000000E+000
( 0.63422016529289957E-001,-0.59476233462061954E-017)
-0.44879895051282764E+000  0.00000000000000000E+000
( 0.43255125674155438E-001, 0.27755575615628914E-016)
-0.22439947525641382E+000  0.00000000000000000E+000
( 0.20354842859614180E-001, 0.59476233462061954E-017)
 0.00000000000000000E+000  0.00000000000000000E+000
( 0.40845481315951050E-004, 0.00000000000000000E+000)
 0.22439947525641382E+000  0.00000000000000000E+000
( 0.20354842859614180E-001,-0.59476233462061954E-017)
 0.44879895051282764E+000  0.00000000000000000E+000
( 0.43255125674155438E-001,-0.27755575615628914E-016)
 0.67319842576924149E+000  0.00000000000000000E+000
( 0.63422016529289957E-001, 0.59476233462061954E-017)
 0.89759790102565529E+000  0.00000000000000000E+000
( 0.88071970371203678E-001,-0.49563527885051628E-016)
 0.11219973762820692E+001  0.00000000000000000E+000
( 0.11296544633780425E+000,-0.19825411154020651E-017)
 0.13463968515384830E+001  0.00000000000000000E+000
( 0.14175905511470496E+000,-0.53528610115855756E-016)
 0.15707963267948968E+001  0.00000000000000000E+000
( 0.17012247764820199E+000, 0.22481095153433735E-017)
 0.17951958020513106E+001  0.00000000000000000E+000
( 0.20343534450034551E+000,-0.60467504019762985E-016)
 0.20195952773077246E+001  0.00000000000000000E+000
( 0.24385610990025935E+000, 0.31720657846433042E-016)
 0.22439947525641384E+001  0.00000000000000000E+000
( 0.29955458200723989E+000,-0.97144514654701197E-016)
 0.24683942278205522E+001  0.00000000000000000E+000
( 0.37272320557903588E+000, 0.19825411154020651E-017)
 0.26927937030769660E+001  0.00000000000000000E+000
( 0.48464463162836768E+000,-0.63441315692866085E-016)
 0.29171931783333798E+001  0.00000000000000000E+000
( 0.67834042385162030E+000, 0.36677010634938206E-016)
 0.31415926535897936E+001  0.00000000000000000E+000
( 0.11549486905150008E+001,-0.67937534723552731E-016)
