          51           4   10.000000000000000                1
     0.0000000        0.23839403        0.00066459
     0.1000000        0.13615562        0.00104370
     0.2000000        0.07823457        0.00107800
     0.3000000        0.04475383        0.00104819
     0.4000000        0.02549393        0.00094322
     0.5000000        0.01439740        0.00089527
     0.6000000        0.00803796        0.00078297
     0.7000000        0.00437607        0.00079131
     0.8000000        0.00231232        0.00076261
     0.9000000        0.00116995        0.00072475
     1.0000000        0.00055217        0.00064011
     1.1000000        0.00017863        0.00052165
     1.2000000       -0.00002829        0.00041412
     1.3000000        0.00003453        0.00027831
     1.4000000        0.00019097        0.00013995
     1.5000000        0.00031330        0.00018108
     1.6000000        0.00038358        0.00041332
     1.7000000        0.00042122        0.00041059
     1.8000000        0.00045805        0.00031899
     1.9000000        0.00055162        0.00036131
     2.0000000        0.00054220        0.00035394
     2.1000000        0.00042644        0.00032017
     2.2000000        0.00029305        0.00025583
     2.3000000        0.00019079        0.00018459
     2.4000000        0.00013129        0.00014434
     2.5000000        0.00008092        0.00011341
     2.6000000        0.00007175        0.00010842
     2.7000000        0.00008679        0.00008995
     2.8000000        0.00009379        0.00007753
     2.9000000        0.00007502        0.00007494
     3.0000000        0.00005567        0.00005443
     3.1000000        0.00005496        0.00003859
     3.2000000        0.00003949        0.00002727
     3.3000000        0.00001348        0.00003622
     3.4000000        0.00001361        0.00005180
     3.5000000        0.00002372        0.00006199
     3.6000000        0.00002473        0.00006981
     3.7000000        0.00002591        0.00006137
     3.8000000        0.00003082        0.00005656
     3.9000000        0.00005230        0.00005325
     4.0000000        0.00004463        0.00007420
     4.1000000        0.00001231        0.00011634
     4.2000000       -0.00000452        0.00013812
     4.3000000       -0.00002723        0.00014706
     4.4000000       -0.00004604        0.00015979
     4.5000000       -0.00004735        0.00017142
     4.6000000       -0.00005086        0.00017227
     4.7000000       -0.00004601        0.00017394
     4.8000000       -0.00003419        0.00018102
     4.9000000       -0.00003728        0.00019491
     5.0000000       -0.00004316        0.00020632
