          11           4   2.0000000000000000                1
     0.0000000        0.68331678        0.03414683
     0.1000000        0.57704142        0.03215060
     0.2000000        0.49952405        0.02887800
     0.3000000        0.44210335        0.02600323
     0.4000000        0.40033764        0.02430889
     0.5000000        0.36810035        0.02330960
     0.6000000        0.34287915        0.02218322
     0.7000000        0.32425449        0.02067751
     0.8000000        0.31165546        0.01983298
     0.9000000        0.30493355        0.01975254
     1.0000000        0.30272956        0.01969837
