          41           4   8.0000000000000000                1
     0.0000000        0.30329802        0.44341781
     0.1000000       -0.47829939        0.36576704
     0.2000000        0.02438073        0.27678470
     0.3000000       -0.28541443        0.77873168
     0.4000000        0.15591838        0.10723311
     0.5000000        0.36062309        0.32017546
     0.6000000        0.12105473        0.09456865
     0.7000000        0.12018489        0.18018128
     0.8000000        0.63814790        0.52740097
     0.9000000        0.34459612        0.41341790
     1.0000000        0.00610643        0.34693635
     1.1000000       -0.00066251        0.59137260
     1.2000000        0.18371581        0.15233915
     1.3000000        0.30535089        0.28589373
     1.4000000        0.08732402        0.09420036
     1.5000000        0.02281877        0.07457255
     1.6000000       -0.00864912        0.05299746
     1.7000000        0.01806732        0.01234774
     1.8000000        0.07763501        0.06945759
     1.9000000        0.05381937        0.08386486
     2.0000000        0.10029580        0.13719049
     2.1000000        0.32078841        0.39885975
     2.2000000        0.11585247        0.14442085
     2.3000000        0.10476540        0.12753372
     2.4000000        0.06225393        0.07097381
     2.5000000        0.01924735        0.03218146
     2.6000000        0.03979644        0.05313821
     2.7000000        0.01020562        0.01159347
     2.8000000        0.01392368        0.02994648
     2.9000000        0.01092800        0.02953502
     3.0000000        0.00594020        0.02652786
     3.1000000        0.00829903        0.02875281
     3.2000000        0.01089713        0.02843697
     3.3000000        0.01602033        0.02669801
     3.4000000        0.01860810        0.02541545
     3.5000000        0.01247826        0.02481051
     3.6000000        0.01218003        0.02648291
     3.7000000        0.01221857        0.02630990
     3.8000000        0.00475208        0.01815746
     3.9000000        0.01595641        0.02871327
     4.0000000        0.01497688        0.02969388
