          11           4   2.0000000000000000                1
     0.0000000        0.40169355        0.88295984
     0.1000000        1.62702757        1.45935817
     0.2000000        4.51767350        4.68147702
     0.3000000        1.49971818        1.13477685
     0.4000000        0.28754507        0.14073800
     0.5000000        0.40146296        0.37458000
     0.6000000        0.76617973        0.46454603
     0.7000000        0.25743714        0.18947883
     0.8000000        0.18822260        0.33163732
     0.9000000        0.83268680        0.70675287
     1.0000000        1.46087356        0.41402902
