          21           9   4.0000000000000000                1
     0.0000000        0.95469698        0.01779106
     0.1000000        0.66124612        0.01338556
     0.2000000        0.46519177        0.01381417
     0.3000000        0.36028744        0.00602594
     0.4000000        0.27229940        0.00311314
     0.5000000        0.20520807        0.00567724
     0.6000000        0.16821392        0.00533048
     0.7000000        0.13331127        0.00840817
     0.8000000        0.11078100        0.00582882
     0.9000000        0.09092090        0.00452301
     1.0000000        0.07192981        0.00701003
     1.1000000        0.06046311        0.00385027
     1.2000000        0.04513641        0.00392778
     1.3000000        0.05192902        0.00699678
     1.4000000        0.04339944        0.01014015
     1.5000000        0.03245807        0.00601308
     1.6000000        0.02308653        0.00235942
     1.7000000        0.02603212        0.00302586
     1.8000000        0.02230987        0.00618427
     1.9000000        0.02195462        0.00337205
     2.0000000        0.02056201        0.00318766
