          41           9   4.0000000000000000                1
     0.0000000        0.10873893        0.00237028
     0.1000000        0.07803138        0.00203798
     0.2000000        0.05698034        0.00270709
     0.3000000        0.04544797        0.00258437
     0.4000000        0.03629536        0.00261678
     0.5000000        0.02885028        0.00219752
     0.6000000        0.02107939        0.00225309
     0.7000000        0.01870115        0.00192359
     0.8000000        0.01830004        0.00220127
     0.9000000        0.01911169        0.00198754
     1.0000000        0.01539791        0.00151673
     1.1000000        0.01419794        0.00176027
     1.2000000        0.01498132        0.00315947
     1.3000000        0.01594023        0.00320807
     1.4000000        0.01635034        0.00288287
     1.5000000        0.01676127        0.00309450
     1.6000000        0.01852256        0.00253919
     1.7000000        0.01809837        0.00229123
     1.8000000        0.01957573        0.00221165
     1.9000000        0.02216348        0.00240872
     2.0000000        0.02573529        0.00149065
     2.1000000        0.02896515        0.00190597
     2.2000000        0.03460584        0.00191410
     2.3000000        0.03831211        0.00227920
     2.4000000        0.04615262        0.00198646
     2.5000000        0.05445157        0.00184091
     2.6000000        0.06426001        0.00237486
     2.7000000        0.07570946        0.00254571
     2.8000000        0.08789154        0.00263134
     2.9000000        0.11089408        0.00294490
     3.0000000        0.13953538        0.00213628
     3.1000000        0.17393252        0.00225278
     3.2000000        0.21725697        0.00188607
     3.3000000        0.27630089        0.00256541
     3.4000000        0.35587338        0.00208544
     3.5000000        0.45676407        0.00194057
     3.6000000        0.59379919        0.00240869
     3.7000000        0.78285886        0.00223163
     3.8000000        1.03862137        0.00285302
     3.9000000        1.39355147        0.00206631
     4.0000000        1.89126107        0.00237028
