   -1.570796     -1.570796        1.88923785        0.05675206       -0.01575432        0.04034082
   -1.570796      0.000000        0.86605008        0.00774189        0.00919497        0.01820009
   -1.570796      1.570796        1.84296480        0.02468682        0.01846202        0.05818983
   -1.570796      3.141593        0.85536037        0.01923319        0.00243147        0.02296541
    0.000000     -1.570796        0.83513235        0.01988797        0.02231198        0.01547941
    0.000000      0.000000        0.45953824        0.00190395        0.00000000        0.00000000
    0.000000      1.570796        0.83513235        0.01988797       -0.02231198        0.01547941
    0.000000      3.141593        1.84676605        0.04288700        0.00000000        0.00000000
    1.570796     -1.570796        1.84296480        0.02468682       -0.01846202        0.05818983
    1.570796      0.000000        0.86605008        0.00774189       -0.00919497        0.01820009
    1.570796      1.570796        1.88923785        0.05675206        0.01575432        0.04034082
    1.570796      3.141593        0.85536037        0.01923319       -0.00243147        0.02296541
    3.141593     -1.570796        0.87127397        0.01371317       -0.00677898        0.01770116
    3.141593      0.000000        1.89030952        0.07766973        0.00000000        0.00000000
    3.141593      1.570796        0.87127397        0.01371317        0.00677898        0.01770116
    3.141593      3.141593        0.47515162        0.01376248        0.00000000        0.00000000
