          51           4   10.000000000000000                1
     0.0000000       -0.05586926        0.26262954
     0.1000000       -0.10679763        0.25880675
     0.2000000       -0.12365167        0.23673633
     0.3000000       -0.11412881        0.19896159
     0.4000000       -0.10287614        0.16769110
     0.5000000       -0.09284922        0.14055411
     0.6000000       -0.07962113        0.11455497
     0.7000000       -0.07056336        0.09940260
     0.8000000       -0.05914905        0.08617895
     0.9000000       -0.05359600        0.07914280
     1.0000000       -0.04463321        0.06701662
     1.1000000       -0.02740244        0.04615802
     1.2000000       -0.00664694        0.02390964
     1.3000000        0.01948227        0.00762405
     1.4000000        0.04251089        0.03195202
     1.5000000        0.05980968        0.05253172
     1.6000000        0.07013507        0.06570242
     1.7000000        0.08308579        0.08306293
     1.8000000        0.09934179        0.10571659
     1.9000000        0.10491362        0.11487878
     2.0000000        0.10227312        0.11280348
     2.1000000        0.11535998        0.12840543
     2.2000000        0.14309243        0.16066642
     2.3000000        0.17943739        0.20273262
     2.4000000        0.21733676        0.24783282
     2.5000000        0.24196614        0.27740917
     2.6000000        0.24715964        0.28255335
     2.7000000        0.24846141        0.28228128
     2.8000000        0.27558186        0.31244264
     2.9000000        0.31066567        0.35252003
     3.0000000        0.32499160        0.36874210
     3.1000000        0.32294370        0.36667573
     3.2000000        0.31506796        0.35913321
     3.3000000        0.32225332        0.36927424
     3.4000000        0.34162239        0.39170343
     3.5000000        0.37131322        0.42580182
     3.6000000        0.38124111        0.43824071
     3.7000000        0.36160783        0.41650720
     3.8000000        0.33757566        0.38816210
     3.9000000        0.31161312        0.35593738
     4.0000000        0.28953843        0.32871203
     4.1000000        0.28066904        0.31639130
     4.2000000        0.28978998        0.32405657
     4.3000000        0.30573854        0.34023688
     4.4000000        0.30399743        0.33703039
     4.5000000        0.27394746        0.30122947
     4.6000000        0.23897250        0.26003144
     4.7000000        0.20965751        0.22770776
     4.8000000        0.17931725        0.19604267
     4.9000000        0.14917356        0.16469129
     5.0000000        0.13726338        0.15262245
