          51           3   10.000000000000000                1
     0.0000000        0.23938810        0.00471453
     0.1000000        0.13709638        0.00283869
     0.2000000        0.07937132        0.00155606
     0.3000000        0.04664940        0.00081888
     0.4000000        0.02779154        0.00038678
     0.5000000        0.01677859        0.00016873
     0.6000000        0.01037602        0.00024225
     0.7000000        0.00645287        0.00037546
     0.8000000        0.00390333        0.00035323
     0.9000000        0.00229803        0.00020982
     1.0000000        0.00138602        0.00017821
     1.1000000        0.00089823        0.00016043
     1.2000000        0.00073107        0.00010243
     1.3000000        0.00078965        0.00029854
     1.4000000        0.00090420        0.00054036
     1.5000000        0.00087838        0.00059755
     1.6000000        0.00070299        0.00048342
     1.7000000        0.00042844        0.00030505
     1.8000000        0.00024486        0.00025525
     1.9000000        0.00024400        0.00020145
     2.0000000        0.00025192        0.00016323
     2.1000000        0.00020997        0.00012511
     2.2000000        0.00019926        0.00008628
     2.3000000        0.00016715        0.00006144
     2.4000000        0.00012403        0.00003232
     2.5000000        0.00009862        0.00002037
     2.6000000        0.00007484        0.00007746
     2.7000000        0.00007472        0.00009576
     2.8000000        0.00009754        0.00005390
     2.9000000        0.00011315        0.00006187
     3.0000000        0.00011500        0.00007207
     3.1000000        0.00008069        0.00006690
     3.2000000        0.00004224        0.00007914
     3.3000000       -0.00000143        0.00011758
     3.4000000       -0.00005201        0.00014130
     3.5000000       -0.00008069        0.00014515
     3.6000000       -0.00011112        0.00015525
     3.7000000       -0.00011180        0.00012899
     3.8000000       -0.00002484        0.00000765
     3.9000000        0.00006075        0.00010036
     4.0000000        0.00007177        0.00011910
     4.1000000        0.00005815        0.00012163
     4.2000000        0.00004167        0.00011868
     4.3000000        0.00001663        0.00010012
     4.4000000       -0.00000745        0.00007642
     4.5000000       -0.00001940        0.00005768
     4.6000000       -0.00002409        0.00004724
     4.7000000       -0.00002442        0.00004101
     4.8000000       -0.00002658        0.00003817
     4.9000000       -0.00003657        0.00003274
     5.0000000       -0.00004261        0.00002843
