 0.10000000000000000E+001          1         28
( 0.00000000000000000E+000, 0.00000000000000000E+000)
-0.26927937030769660E+001  0.00000000000000000E+000
( 0.33241092186719112E+000,-0.47873605574862916E-002)
-0.26927937030769660E+001  0.31415926535897936E+001
( 0.99910401646268077E-001, 0.51772405750469984E-002)
-0.22439947525641384E+001  0.00000000000000000E+000
( 0.65947043298285424E+000, 0.40732891931439018E-002)
-0.22439947525641384E+001  0.31415926535897936E+001
( 0.13555733786812621E+000, 0.25359192734413535E-002)
-0.17951958020513106E+001  0.00000000000000000E+000
( 0.15243228004539147E+001, 0.12360581573122692E-001)
-0.17951958020513106E+001  0.31415926535897936E+001
( 0.21305064440256960E+000,-0.59519854172379065E-002)
-0.13463968515384830E+001  0.00000000000000000E+000
( 0.17869493555965654E+001, 0.59519854180469650E-002)
-0.13463968515384830E+001  0.31415926535897936E+001
( 0.47567719954630061E+000,-0.12360581573407463E-001)
-0.89759790102565529E+000  0.00000000000000000E+000
( 0.18644426621317334E+001,-0.25359192736863442E-002)
-0.89759790102565529E+000  0.31415926535897936E+001
( 0.13405295670170148E+001,-0.40732891933591489E-002)
-0.44879895051282764E+000  0.00000000000000000E+000
( 0.19000895983538348E+001,-0.51772405751784106E-002)
-0.44879895051282764E+000  0.31415926535897936E+001
( 0.16675890781324683E+001, 0.47873605570901995E-002)
 0.00000000000000000E+000  0.00000000000000000E+000
( 0.19058778238704597E+001, 0.00000000000000000E+000)
 0.00000000000000000E+000  0.31415926535897936E+001
( 0.17453863400567622E+001, 0.25808999020101798E-016)
 0.44879895051282764E+000  0.00000000000000000E+000
( 0.19000895983538348E+001, 0.51772405751784106E-002)
 0.44879895051282764E+000  0.31415926535897936E+001
( 0.16675890781324683E+001,-0.47873605570902152E-002)
 0.89759790102565529E+000  0.00000000000000000E+000
( 0.18644426621317334E+001, 0.25359192736863442E-002)
 0.89759790102565529E+000  0.31415926535897936E+001
( 0.13405295670170148E+001, 0.40732891933593337E-002)
 0.13463968515384830E+001  0.00000000000000000E+000
( 0.17869493555965654E+001,-0.59519854180469650E-002)
 0.13463968515384830E+001  0.31415926535897936E+001
( 0.47567719954630061E+000, 0.12360581573407923E-001)
 0.17951958020513106E+001  0.00000000000000000E+000
( 0.15243228004539147E+001,-0.12360581573122692E-001)
 0.17951958020513106E+001  0.31415926535897936E+001
( 0.21305064440256949E+000, 0.59519854172383905E-002)
 0.22439947525641384E+001  0.00000000000000000E+000
( 0.65947043298285424E+000,-0.40732891931439018E-002)
 0.22439947525641384E+001  0.31415926535897936E+001
( 0.13555733786812629E+000,-0.25359192734410482E-002)
 0.26927937030769660E+001  0.00000000000000000E+000
( 0.33241092186719112E+000, 0.47873605574862916E-002)
 0.26927937030769660E+001  0.31415926535897936E+001
( 0.99910401646268049E-001,-0.51772405750470001E-002)
 0.31415926535897936E+001  0.00000000000000000E+000
( 0.25461365994495794E+000, 0.68630738469262506E-016)
 0.31415926535897936E+001  0.31415926535897936E+001
( 0.94122176130090343E-001, 0.82327157750326786E-017)
 0.10000000000000000E+001          1         28
( 0.00000000000000000E+000, 0.00000000000000000E+000)
-0.26927937030769660E+001  0.00000000000000000E+000
( 0.38237982851365360E+000, 0.11469088574778338E-001)
-0.26927937030769660E+001  0.31415926535897936E+001
( 0.10708011202835085E+000, 0.18526687676193615E-002)
-0.22439947525641384E+001  0.00000000000000000E+000
( 0.69970448584267075E+000,-0.47366795987688840E-002)
-0.22439947525641384E+001  0.31415926535897936E+001
( 0.14776308531952084E+000,-0.21338103265931829E-002)
-0.17951958020513106E+001  0.00000000000000000E+000
( 0.14975307563284002E+001,-0.11774845422354768E-001)
-0.17951958020513106E+001  0.31415926535897936E+001
( 0.22181576571020703E+000, 0.65591632848874962E-002)
-0.13463968515384830E+001  0.00000000000000000E+000
( 0.17781842342899654E+001,-0.65591632845720818E-002)
-0.13463968515384830E+001  0.31415926535897936E+001
( 0.50246924367118073E+000, 0.11774845422819995E-001)
-0.89759790102565529E+000  0.00000000000000000E+000
( 0.18522369146808615E+001, 0.21338103267093777E-002)
-0.89759790102565529E+000  0.31415926535897936E+001
( 0.13002955141570955E+001, 0.47366795983143388E-002)
-0.44879895051282764E+000  0.00000000000000000E+000
( 0.18929198879714193E+001,-0.18526687668922537E-002)
-0.44879895051282764E+000  0.31415926535897936E+001
( 0.16176201714858984E+001,-0.11469088574351114E-001)
 0.00000000000000000E+000  0.00000000000000000E+000
( 0.19034605467117847E+001, 0.00000000000000000E+000)
 0.00000000000000000E+000  0.31415926535897936E+001
( 0.16758171571494636E+001, 0.36607849080433049E-016)
 0.44879895051282764E+000  0.00000000000000000E+000
( 0.18929198879714193E+001, 0.18526687668922537E-002)
 0.44879895051282764E+000  0.31415926535897936E+001
( 0.16176201714858987E+001, 0.11469088574351138E-001)
 0.89759790102565529E+000  0.00000000000000000E+000
( 0.18522369146808615E+001,-0.21338103267093777E-002)
 0.89759790102565529E+000  0.31415926535897936E+001
( 0.13002955141570958E+001,-0.47366795983141523E-002)
 0.13463968515384830E+001  0.00000000000000000E+000
( 0.17781842342899654E+001, 0.65591632845720818E-002)
 0.13463968515384830E+001  0.31415926535897936E+001
( 0.50246924367118062E+000,-0.11774845422819542E-001)
 0.17951958020513106E+001  0.00000000000000000E+000
( 0.14975307563284002E+001, 0.11774845422354768E-001)
 0.17951958020513106E+001  0.31415926535897936E+001
( 0.22181576571020703E+000,-0.65591632848870443E-002)
 0.22439947525641384E+001  0.00000000000000000E+000
( 0.69970448584267075E+000, 0.47366795987688840E-002)
 0.22439947525641384E+001  0.31415926535897936E+001
( 0.14776308531952079E+000, 0.21338103265934544E-002)
 0.26927937030769660E+001  0.00000000000000000E+000
( 0.38237982851365360E+000,-0.11469088574778338E-001)
 0.26927937030769660E+001  0.31415926535897936E+001
( 0.10708011202835084E+000,-0.18526687676193399E-002)
 0.31415926535897936E+001  0.00000000000000000E+000
( 0.32418284285103571E+000, 0.78999175082760189E-016)
 0.31415926535897936E+001  0.31415926535897936E+001
( 0.96539453289302316E-001, 0.67869719056767122E-018)
 0.10000000000000000E+001          1         28
( 0.00000000000000000E+000, 0.00000000000000000E+000)
-0.26927937030769660E+001  0.00000000000000000E+000
( 0.38156236423686452E+000,-0.17657523834535140E-001)
-0.26927937030769660E+001  0.31415926535897936E+001
( 0.10456778420559526E+000,-0.53984867990302429E-003)
-0.22439947525641384E+001  0.00000000000000000E+000
( 0.79104994765491821E+000,-0.37542697640374713E-003)
-0.22439947525641384E+001  0.31415926535897936E+001
( 0.13046168223381788E+000,-0.23015655790700551E-002)
-0.17951958020513106E+001  0.00000000000000000E+000
( 0.15365781697257315E+001,-0.24018531941985586E-001)
-0.17951958020513106E+001  0.31415926535897936E+001
( 0.21631720004439764E+000, 0.13029274689726100E-002)
-0.13463968515384830E+001  0.00000000000000000E+000
( 0.17836827999557352E+001,-0.13029274691849877E-002)
-0.13463968515384830E+001  0.31415926535897936E+001
( 0.46342183027433098E+000, 0.24018531941692945E-001)
-0.89759790102565529E+000  0.00000000000000000E+000
( 0.18695383177660467E+001, 0.23015655786533373E-002)
-0.89759790102565529E+000  0.31415926535897936E+001
( 0.12089500523452166E+001, 0.37542697615210223E-003)
-0.44879895051282764E+000  0.00000000000000000E+000
( 0.18954322157945118E+001, 0.53984867961014149E-003)
-0.44879895051282764E+000  0.31415926535897936E+001
( 0.16184376357627337E+001, 0.17657523833865627E-001)
 0.00000000000000000E+000  0.00000000000000000E+000
( 0.19059782773903386E+001, 0.00000000000000000E+000)
 0.00000000000000000E+000  0.31415926535897936E+001
( 0.16952445139083341E+001, 0.33888573810701126E-016)
 0.44879895051282764E+000  0.00000000000000000E+000
( 0.18954322157945118E+001,-0.53984867961014149E-003)
 0.44879895051282764E+000  0.31415926535897936E+001
( 0.16184376357627337E+001,-0.17657523833865627E-001)
 0.89759790102565529E+000  0.00000000000000000E+000
( 0.18695383177660467E+001,-0.23015655786533373E-002)
 0.89759790102565529E+000  0.31415926535897936E+001
( 0.12089500523452166E+001,-0.37542697615187075E-003)
 0.13463968515384830E+001  0.00000000000000000E+000
( 0.17836827999557352E+001, 0.13029274691849877E-002)
 0.13463968515384830E+001  0.31415926535897936E+001
( 0.46342183027433098E+000,-0.24018531941692487E-001)
 0.17951958020513106E+001  0.00000000000000000E+000
( 0.15365781697257315E+001, 0.24018531941985586E-001)
 0.17951958020513106E+001  0.31415926535897936E+001
( 0.21631720004439764E+000,-0.13029274689721421E-002)
 0.22439947525641384E+001  0.00000000000000000E+000
( 0.79104994765491821E+000, 0.37542697640374713E-003)
 0.22439947525641384E+001  0.31415926535897936E+001
( 0.13046168223381788E+000, 0.23015655790703496E-002)
 0.26927937030769660E+001  0.00000000000000000E+000
( 0.38156236423686452E+000, 0.17657523834535140E-001)
 0.26927937030769660E+001  0.31415926535897936E+001
( 0.10456778420559526E+000, 0.53984867990304706E-003)
 0.31415926535897936E+001  0.00000000000000000E+000
( 0.30475548609160230E+000, 0.85576954277917590E-017)
 0.31415926535897936E+001  0.31415926535897936E+001
( 0.94021722609831396E-001,-0.29297853620111206E-016)
 0.10000000000000000E+001          1         28
( 0.00000000000000000E+000, 0.00000000000000000E+000)
-0.26927937030769660E+001  0.00000000000000000E+000
( 0.41825462734312441E+000, 0.65304149678836161E-002)
-0.26927937030769660E+001  0.31415926535897936E+001
( 0.10703717905439288E+000,-0.11332540837122520E-002)
-0.22439947525641384E+001  0.00000000000000000E+000
( 0.75571346686432084E+000, 0.55010566065880950E-001)
-0.22439947525641384E+001  0.31415926535897936E+001
( 0.15400688341125912E+000,-0.54440287598829162E-002)
-0.17951958020513106E+001  0.00000000000000000E+000
( 0.14585058059941187E+001, 0.38680336940524612E-001)
-0.17951958020513106E+001  0.31415926535897936E+001
( 0.23834137738432581E+000, 0.23517730195814012E-003)
-0.13463968515384830E+001  0.00000000000000000E+000
( 0.17616586226168305E+001,-0.23517730045858964E-003)
-0.13463968515384830E+001  0.31415926535897936E+001
( 0.54149419400615795E+000,-0.38680336939181929E-001)
-0.89759790102565529E+000  0.00000000000000000E+000
( 0.18459931165890162E+001, 0.54440287612676332E-002)
-0.89759790102565529E+000  0.31415926535897936E+001
( 0.12442865331359136E+001,-0.55010566065744532E-001)
-0.44879895051282764E+000  0.00000000000000000E+000
( 0.18929628209466074E+001, 0.11332540849903353E-002)
-0.44879895051282764E+000  0.31415926535897936E+001
( 0.15817453726555226E+001,-0.65304149695153135E-002)
 0.00000000000000000E+000  0.00000000000000000E+000
( 0.18991120533710515E+001, 0.00000000000000000E+000)
 0.00000000000000000E+000  0.31415926535897936E+001
( 0.16671717321039665E+001, 0.37298848400287546E-016)
 0.44879895051282764E+000  0.00000000000000000E+000
( 0.18929628209466074E+001,-0.11332540849903353E-002)
 0.44879895051282764E+000  0.31415926535897936E+001
( 0.15817453726555226E+001, 0.65304149695153309E-002)
 0.89759790102565529E+000  0.00000000000000000E+000
( 0.18459931165890162E+001,-0.54440287612676332E-002)
 0.89759790102565529E+000  0.31415926535897936E+001
( 0.12442865331359139E+001, 0.55010566065744726E-001)
 0.13463968515384830E+001  0.00000000000000000E+000
( 0.17616586226168305E+001, 0.23517730045858964E-003)
 0.13463968515384830E+001  0.31415926535897936E+001
( 0.54149419400615795E+000, 0.38680336939182346E-001)
 0.17951958020513106E+001  0.00000000000000000E+000
( 0.14585058059941187E+001,-0.38680336940524612E-001)
 0.17951958020513106E+001  0.31415926535897936E+001
( 0.23834137738432581E+000,-0.23517730195770397E-003)
 0.22439947525641384E+001  0.00000000000000000E+000
( 0.75571346686432084E+000,-0.55010566065880950E-001)
 0.22439947525641384E+001  0.31415926535897936E+001
( 0.15400688341125912E+000, 0.54440287598831972E-002)
 0.26927937030769660E+001  0.00000000000000000E+000
( 0.41825462734312441E+000,-0.65304149678836161E-002)
 0.26927937030769660E+001  0.31415926535897936E+001
( 0.10703717905439282E+000, 0.11332540837122743E-002)
 0.31415926535897936E+001  0.00000000000000000E+000
( 0.33282826789225844E+000, 0.31132149915912199E-016)
 0.31415926535897936E+001  0.31415926535897936E+001
( 0.10088794662951608E+000,-0.18901618129449561E-017)
 0.10000000000000000E+001          1         28
( 0.00000000000000000E+000, 0.00000000000000000E+000)
-0.26927937030769660E+001  0.00000000000000000E+000
( 0.41625725448428896E+000, 0.43892545435314893E-002)
-0.26927937030769660E+001  0.31415926535897936E+001
( 0.10477585195692103E+000,-0.59027339672547540E-002)
-0.22439947525641384E+001  0.00000000000000000E+000
( 0.75354962137556702E+000, 0.12507248672373116E-001)
-0.22439947525641384E+001  0.31415926535897936E+001
( 0.13446468589915592E+000,-0.78134510379055215E-002)
-0.17951958020513106E+001  0.00000000000000000E+000
( 0.14639749699465183E+001,-0.16185696179987872E-002)
-0.17951958020513106E+001  0.31415926535897936E+001
( 0.22984128078652699E+000,-0.20899282173071532E-002)
-0.13463968515384830E+001  0.00000000000000000E+000
( 0.17701587192158796E+001, 0.20899282177988939E-002)
-0.13463968515384830E+001  0.31415926535897936E+001
( 0.53602503005485824E+000, 0.16185696189221807E-002)
-0.89759790102565529E+000  0.00000000000000000E+000
( 0.18655353140980548E+001, 0.78134510388596420E-002)
-0.89759790102565529E+000  0.31415926535897936E+001
( 0.12464503786228949E+001,-0.12507248675147166E-001)
-0.44879895051282764E+000  0.00000000000000000E+000
( 0.18952241480453234E+001, 0.59027339660694088E-002)
-0.44879895051282764E+000  0.31415926535897936E+001
( 0.15837427455136315E+001,-0.43892545449274239E-002)
 0.00000000000000000E+000  0.00000000000000000E+000
( 0.19013648361264863E+001, 0.00000000000000000E+000)
 0.00000000000000000E+000  0.31415926535897936E+001
( 0.16691175413305348E+001, 0.37348213508749652E-016)
 0.44879895051282764E+000  0.00000000000000000E+000
( 0.18952241480453234E+001,-0.59027339660694088E-002)
 0.44879895051282764E+000  0.31415926535897936E+001
( 0.15837427455136315E+001, 0.43892545449274682E-002)
 0.89759790102565529E+000  0.00000000000000000E+000
( 0.18655353140980548E+001,-0.78134510388596420E-002)
 0.89759790102565529E+000  0.31415926535897936E+001
( 0.12464503786228949E+001, 0.12507248675147364E-001)
 0.13463968515384830E+001  0.00000000000000000E+000
( 0.17701587192158796E+001,-0.20899282177988939E-002)
 0.13463968515384830E+001  0.31415926535897936E+001
( 0.53602503005485846E+000,-0.16185696189217526E-002)
 0.17951958020513106E+001  0.00000000000000000E+000
( 0.14639749699465183E+001, 0.16185696179987872E-002)
 0.17951958020513106E+001  0.31415926535897936E+001
( 0.22984128078652713E+000, 0.20899282173075617E-002)
 0.22439947525641384E+001  0.00000000000000000E+000
( 0.75354962137556702E+000,-0.12507248672373116E-001)
 0.22439947525641384E+001  0.31415926535897936E+001
( 0.13446468589915592E+000, 0.78134510379058320E-002)
 0.26927937030769660E+001  0.00000000000000000E+000
( 0.41625725448428896E+000,-0.43892545435314893E-002)
 0.26927937030769660E+001  0.31415926535897936E+001
( 0.10477585195692107E+000, 0.59027339672547705E-002)
 0.31415926535897936E+001  0.00000000000000000E+000
( 0.33088245866996085E+000, 0.42373193116413030E-016)
 0.31415926535897936E+001  0.31415926535897936E+001
( 0.98635163873852141E-001,-0.14012070359240901E-016)
