          41           4   8.0000000000000000                1
     0.0000000        0.66382659        0.01637433
     0.1000000        0.53175798        0.01577837
     0.2000000        0.43462512        0.01452629
     0.3000000        0.35980595        0.01300142
     0.4000000        0.30071573        0.01129575
     0.5000000        0.25306590        0.00972729
     0.6000000        0.21402401        0.00858350
     0.7000000        0.18269911        0.00757372
     0.8000000        0.15695486        0.00640585
     0.9000000        0.13457058        0.00567552
     1.0000000        0.11640734        0.00569734
     1.1000000        0.10136344        0.00553246
     1.2000000        0.08823589        0.00524705
     1.3000000        0.07626551        0.00487151
     1.4000000        0.06586769        0.00415624
     1.5000000        0.05787860        0.00333358
     1.6000000        0.05160971        0.00286067
     1.7000000        0.04587754        0.00303773
     1.8000000        0.04029751        0.00290239
     1.9000000        0.03518239        0.00295314
     2.0000000        0.03042572        0.00290085
     2.1000000        0.02688385        0.00343541
     2.2000000        0.02364215        0.00442856
     2.3000000        0.02056326        0.00512685
     2.4000000        0.01837396        0.00512442
     2.5000000        0.01720981        0.00509139
     2.6000000        0.01658586        0.00539188
     2.7000000        0.01516167        0.00550522
     2.8000000        0.01273189        0.00553060
     2.9000000        0.00995126        0.00526972
     3.0000000        0.00805736        0.00460465
     3.1000000        0.00748411        0.00472327
     3.2000000        0.00773069        0.00484545
     3.3000000        0.00847215        0.00475105
     3.4000000        0.00944625        0.00515918
     3.5000000        0.01027297        0.00516950
     3.6000000        0.01002271        0.00475246
     3.7000000        0.00948752        0.00471900
     3.8000000        0.01019494        0.00507694
     3.9000000        0.01142253        0.00527140
     4.0000000        0.01188104        0.00538954
