          41           4   8.0000000000000000                1
     0.0000000        0.16741549        0.00565542
     0.1000000        0.06762743        0.00196122
     0.2000000        0.02826500        0.00082719
     0.3000000        0.01211007        0.00028099
     0.4000000        0.00529002        0.00012426
     0.5000000        0.00233694        0.00003542
     0.6000000        0.00113326        0.00003861
     0.7000000        0.00053749        0.00012395
     0.8000000        0.00022243        0.00016161
     0.9000000        0.00010602        0.00012495
     1.0000000        0.00008131        0.00010006
     1.1000000        0.00006435        0.00008408
     1.2000000        0.00004627        0.00006534
     1.3000000        0.00004659        0.00006517
     1.4000000        0.00006396        0.00008513
     1.5000000        0.00006215        0.00008245
     1.6000000        0.00005184        0.00007486
     1.7000000        0.00003942        0.00006053
     1.8000000        0.00002579        0.00004061
     1.9000000        0.00001136        0.00002268
     2.0000000        0.00000203        0.00001082
     2.1000000       -0.00000266        0.00000458
     2.2000000       -0.00000866        0.00000649
     2.3000000       -0.00000653        0.00001033
     2.4000000        0.00000190        0.00000836
     2.5000000        0.00000962        0.00000617
     2.6000000        0.00001196        0.00000828
     2.7000000        0.00000890        0.00000553
     2.8000000        0.00000130        0.00000193
     2.9000000       -0.00000435        0.00000432
     3.0000000       -0.00000624        0.00000785
     3.1000000       -0.00000146        0.00000155
     3.2000000        0.00000136        0.00002039
     3.3000000       -0.00001110        0.00001852
     3.4000000       -0.00002078        0.00001910
     3.5000000       -0.00002441        0.00001662
     3.6000000       -0.00000425        0.00001578
     3.7000000        0.00001323        0.00001054
     3.8000000        0.00001988        0.00001445
     3.9000000        0.00000210        0.00000662
     4.0000000       -0.00001451        0.00002335
