          11           4   2.0000000000000000                1
     0.0000000        0.92030059        0.02132204
     0.1000000        0.76703659        0.02109019
     0.2000000        0.66317240        0.02008101
     0.3000000        0.58949665        0.01829890
     0.4000000        0.53752398        0.01643272
     0.5000000        0.50037193        0.01507538
     0.6000000        0.47382700        0.01392710
     0.7000000        0.45578140        0.01325910
     0.8000000        0.44493890        0.01250097
     0.9000000        0.43908826        0.01166420
     1.0000000        0.43688675        0.01142314
