          26           4   5.0000000000000000                1
     0.0000000        0.49809100        0.00552726
     0.1000000        0.24386863        0.00475604
     0.2000000        0.12617129        0.00308988
     0.3000000        0.07012677        0.00213933
     0.4000000        0.04185431        0.00184527
     0.5000000        0.02658307        0.00146647
     0.6000000        0.01793845        0.00096197
     0.7000000        0.01270951        0.00075285
     0.8000000        0.00940266        0.00071873
     0.9000000        0.00727447        0.00067420
     1.0000000        0.00571716        0.00055953
     1.1000000        0.00474503        0.00038236
     1.2000000        0.00401699        0.00024164
     1.3000000        0.00342864        0.00017389
     1.4000000        0.00304524        0.00015892
     1.5000000        0.00273444        0.00014747
     1.6000000        0.00244073        0.00016053
     1.7000000        0.00211465        0.00017048
     1.8000000        0.00183437        0.00016363
     1.9000000        0.00164549        0.00014416
     2.0000000        0.00151688        0.00013304
     2.1000000        0.00144693        0.00015138
     2.2000000        0.00132939        0.00012330
     2.3000000        0.00122918        0.00010619
     2.4000000        0.00124617        0.00012933
     2.5000000        0.00127464        0.00014688
