          51           4   10.000000000000000                1
     0.0000000        0.25477783        0.00864818
     0.1000000        0.23610918        0.00858039
     0.2000000        0.21961177        0.00829457
     0.3000000        0.20462108        0.00787251
     0.4000000        0.19093462        0.00762344
     0.5000000        0.17819153        0.00765953
     0.6000000        0.16602618        0.00770386
     0.7000000        0.15466215        0.00775596
     0.8000000        0.14420866        0.00772035
     0.9000000        0.13435995        0.00786473
     1.0000000        0.12511079        0.00799866
     1.1000000        0.11660113        0.00809867
     1.2000000        0.10868050        0.00838585
     1.3000000        0.10129147        0.00846668
     1.4000000        0.09452116        0.00820125
     1.5000000        0.08823026        0.00753311
     1.6000000        0.08231274        0.00715736
     1.7000000        0.07688647        0.00738482
     1.8000000        0.07144671        0.00744356
     1.9000000        0.06587039        0.00735563
     2.0000000        0.06105907        0.00737828
     2.1000000        0.05723517        0.00724823
     2.2000000        0.05366611        0.00686933
     2.3000000        0.05043252        0.00633604
     2.4000000        0.04780671        0.00569686
     2.5000000        0.04529609        0.00516348
     2.6000000        0.04299870        0.00478899
     2.7000000        0.04103223        0.00466227
     2.8000000        0.03928471        0.00507785
     2.9000000        0.03774930        0.00547818
     3.0000000        0.03620969        0.00558018
     3.1000000        0.03457627        0.00572685
     3.2000000        0.03311824        0.00589822
     3.3000000        0.03181801        0.00591030
     3.4000000        0.03052031        0.00582486
     3.5000000        0.02903324        0.00571692
     3.6000000        0.02732593        0.00574649
     3.7000000        0.02548358        0.00584523
     3.8000000        0.02375958        0.00590527
     3.9000000        0.02209624        0.00589519
     4.0000000        0.02012055        0.00576272
     4.1000000        0.01897086        0.00565344
     4.2000000        0.01878867        0.00548651
     4.3000000        0.01866037        0.00533438
     4.4000000        0.01850010        0.00553426
     4.5000000        0.01846115        0.00619158
     4.6000000        0.01859014        0.00699213
     4.7000000        0.01868357        0.00757477
     4.8000000        0.01893410        0.00812725
     4.9000000        0.01915127        0.00856806
     5.0000000        0.01916050        0.00872669
