   -2.513274     -2.513274
  1    1        0.39005619        0.01076724       -0.00000000        0.00000000
   -2.513274     -1.884956
  1    1        0.34881427        0.00853607       -0.00000000        0.00000000
   -2.513274     -1.256637
  1    1        0.31457315        0.00363163       -0.00000000        0.00000000
   -2.513274     -0.628319
  1    1        0.27282364        0.00683312       -0.00000000        0.00000000
   -2.513274      0.000000
  1    1        0.26110966        0.00619401       -0.00000000        0.00000000
   -2.513274      0.628319
  1    1        0.27519130        0.00995511       -0.00000000        0.00000000
   -2.513274      1.256637
  1    1        0.30886508        0.00766655       -0.00000000        0.00000000
   -2.513274      1.884956
  1    1        0.35196809        0.01007775       -0.00000000        0.00000000
   -2.513274      2.513274
  1    1        0.39082033        0.01057905       -0.00000000        0.00000000
   -2.513274      3.141593
  1    1        0.39022389        0.00897957       -0.00000000        0.00000000
   -1.884956     -2.513274
  1    1        0.34715200        0.01011601       -0.00000000        0.00000000
   -1.884956     -1.884956
  1    1        0.31083662        0.00637349       -0.00000000        0.00000000
   -1.884956     -1.256637
  1    1        0.25992450        0.00639831       -0.00000000        0.00000000
   -1.884956     -0.628319
  1    1        0.22710807        0.00479665       -0.00000000        0.00000000
   -1.884956      0.000000
  1    1        0.21680856        0.00366586       -0.00000000        0.00000000
   -1.884956      0.628319
  1    1        0.23224972        0.00406718        0.00000000        0.00000000
   -1.884956      1.256637
  1    1        0.27059652        0.00654063       -0.00000000        0.00000000
   -1.884956      1.884956
  1    1        0.30676804        0.01004333        0.00000000        0.00000000
   -1.884956      2.513274
  1    1        0.34094241        0.00488501       -0.00000000        0.00000000
   -1.884956      3.141593
  1    1        0.36275233        0.00963657       -0.00000000        0.00000000
   -1.256637     -2.513274
  1    1        0.30721780        0.00638526       -0.00000000        0.00000000
   -1.256637     -1.884956
  1    1        0.26729201        0.00476159       -0.00000000        0.00000000
   -1.256637     -1.256637
  1    1        0.20764731        0.00463826       -0.00000000        0.00000000
   -1.256637     -0.628319
  1    1        0.16286323        0.00364773       -0.00000000        0.00000000
   -1.256637      0.000000
  1    1        0.14158647        0.00581214       -0.00000000        0.00000000
   -1.256637      0.628319
  1    1        0.16242649        0.00156202       -0.00000000        0.00000000
   -1.256637      1.256637
  1    1        0.20464995        0.00592381       -0.00000000        0.00000000
   -1.256637      1.884956
  1    1        0.26692130        0.00383945       -0.00000000        0.00000000
   -1.256637      2.513274
  1    1        0.30623866        0.00564234       -0.00000000        0.00000000
   -1.256637      3.141593
  1    1        0.32464210        0.00846656       -0.00000000        0.00000000
   -0.628319     -2.513274
  1    1        0.27561865        0.00881145       -0.00000000        0.00000000
   -0.628319     -1.884956
  1    1        0.23183054        0.00486134       -0.00000000        0.00000000
   -0.628319     -1.256637
  1    1        0.16317286        0.00484886       -0.00000000        0.00000000
   -0.628319     -0.628319
  1    1        0.09299731        0.00367918       -0.00000000        0.00000000
   -0.628319      0.000000
  1    1        0.06226605        0.00200947       -0.00000000        0.00000000
   -0.628319      0.628319
  1    1        0.09307472        0.00356141       -0.00000000        0.00000000
   -0.628319      1.256637
  1    1        0.16081806        0.00325823       -0.00000000        0.00000000
   -0.628319      1.884956
  1    1        0.22737207        0.00614538       -0.00000000        0.00000000
   -0.628319      2.513274
  1    1        0.27858863        0.00737523       -0.00000000        0.00000000
   -0.628319      3.141593
  1    1        0.29084221        0.00496866        0.00000000        0.00000000
    0.000000     -2.513274
  1    1        0.26309680        0.00324014        0.00000000        0.00000000
    0.000000     -1.884956
  1    1        0.21103839        0.00520841       -0.00000000        0.00000000
    0.000000     -1.256637
  1    1        0.14114763        0.00640919       -0.00000000        0.00000000
    0.000000     -0.628319
  1    1        0.06268466        0.00213160       -0.00000000        0.00000000
    0.000000      0.000000
  1    1        0.00996702        0.00112283        0.00000000        0.00000000
    0.000000      0.628319
  1    1        0.06268466        0.00213160        0.00000000        0.00000000
    0.000000      1.256637
  1    1        0.14114763        0.00640919        0.00000000        0.00000000
    0.000000      1.884956
  1    1        0.21103839        0.00520841        0.00000000        0.00000000
    0.000000      2.513274
  1    1        0.26309680        0.00324014       -0.00000000        0.00000000
    0.000000      3.141593
  1    1        0.28442302        0.00932012        0.00000000        0.00000000
    0.628319     -2.513274
  1    1        0.27858863        0.00737523        0.00000000        0.00000000
    0.628319     -1.884956
  1    1        0.22737207        0.00614538        0.00000000        0.00000000
    0.628319     -1.256637
  1    1        0.16081806        0.00325823        0.00000000        0.00000000
    0.628319     -0.628319
  1    1        0.09307472        0.00356141        0.00000000        0.00000000
    0.628319      0.000000
  1    1        0.06226605        0.00200947        0.00000000        0.00000000
    0.628319      0.628319
  1    1        0.09299731        0.00367918        0.00000000        0.00000000
    0.628319      1.256637
  1    1        0.16317286        0.00484886        0.00000000        0.00000000
    0.628319      1.884956
  1    1        0.23183054        0.00486134        0.00000000        0.00000000
    0.628319      2.513274
  1    1        0.27561865        0.00881145        0.00000000        0.00000000
    0.628319      3.141593
  1    1        0.29084221        0.00496866       -0.00000000        0.00000000
    1.256637     -2.513274
  1    1        0.30623866        0.00564234        0.00000000        0.00000000
    1.256637     -1.884956
  1    1        0.26692130        0.00383945        0.00000000        0.00000000
    1.256637     -1.256637
  1    1        0.20464995        0.00592381        0.00000000        0.00000000
    1.256637     -0.628319
  1    1        0.16242649        0.00156202        0.00000000        0.00000000
    1.256637      0.000000
  1    1        0.14158647        0.00581214        0.00000000        0.00000000
    1.256637      0.628319
  1    1        0.16286323        0.00364773        0.00000000        0.00000000
    1.256637      1.256637
  1    1        0.20764731        0.00463826        0.00000000        0.00000000
    1.256637      1.884956
  1    1        0.26729201        0.00476159        0.00000000        0.00000000
    1.256637      2.513274
  1    1        0.30721780        0.00638526        0.00000000        0.00000000
    1.256637      3.141593
  1    1        0.32464210        0.00846656        0.00000000        0.00000000
    1.884956     -2.513274
  1    1        0.34094241        0.00488501        0.00000000        0.00000000
    1.884956     -1.884956
  1    1        0.30676804        0.01004333       -0.00000000        0.00000000
    1.884956     -1.256637
  1    1        0.27059652        0.00654063        0.00000000        0.00000000
    1.884956     -0.628319
  1    1        0.23224972        0.00406718       -0.00000000        0.00000000
    1.884956      0.000000
  1    1        0.21680856        0.00366586        0.00000000        0.00000000
    1.884956      0.628319
  1    1        0.22710807        0.00479665        0.00000000        0.00000000
    1.884956      1.256637
  1    1        0.25992450        0.00639831        0.00000000        0.00000000
    1.884956      1.884956
  1    1        0.31083662        0.00637349        0.00000000        0.00000000
    1.884956      2.513274
  1    1        0.34715200        0.01011601        0.00000000        0.00000000
    1.884956      3.141593
  1    1        0.36275233        0.00963657        0.00000000        0.00000000
    2.513274     -2.513274
  1    1        0.39082033        0.01057905        0.00000000        0.00000000
    2.513274     -1.884956
  1    1        0.35196809        0.01007775        0.00000000        0.00000000
    2.513274     -1.256637
  1    1        0.30886508        0.00766655        0.00000000        0.00000000
    2.513274     -0.628319
  1    1        0.27519130        0.00995511        0.00000000        0.00000000
    2.513274      0.000000
  1    1        0.26110966        0.00619401        0.00000000        0.00000000
    2.513274      0.628319
  1    1        0.27282364        0.00683312        0.00000000        0.00000000
    2.513274      1.256637
  1    1        0.31457315        0.00363163        0.00000000        0.00000000
    2.513274      1.884956
  1    1        0.34881427        0.00853607        0.00000000        0.00000000
    2.513274      2.513274
  1    1        0.39005619        0.01076724        0.00000000        0.00000000
    2.513274      3.141593
  1    1        0.39022389        0.00897957       -0.00000000        0.00000000
    3.141593     -2.513274
  1    1        0.40081986        0.01027419        0.00000000        0.00000000
    3.141593     -1.884956
  1    1        0.36429368        0.00272903        0.00000000        0.00000000
    3.141593     -1.256637
  1    1        0.32488946        0.00834221       -0.00000000        0.00000000
    3.141593     -0.628319
  1    1        0.28890585        0.00834242       -0.00000000        0.00000000
    3.141593      0.000000
  1    1        0.28013275        0.00590082        0.00000000        0.00000000
    3.141593      0.628319
  1    1        0.28890585        0.00834242       -0.00000000        0.00000000
    3.141593      1.256637
  1    1        0.32488946        0.00834221        0.00000000        0.00000000
    3.141593      1.884956
  1    1        0.36429368        0.00272903       -0.00000000        0.00000000
    3.141593      2.513274
  1    1        0.40081986        0.01027419       -0.00000000        0.00000000
    3.141593      3.141593
  1    1        0.41404654        0.01063404       -0.00000000        0.00000000
