         2 (-0.48512256571321068E+002, 0.00000000000000000E+000)  0.10000000000000000E+001
         2 (-0.48704544736843566E+002, 0.00000000000000000E+000)  0.10000000000000000E+001
         2 (-0.48372742310378300E+002, 0.00000000000000000E+000)  0.10000000000000000E+001
         2 (-0.48621646027068735E+002, 0.00000000000000000E+000)  0.10000000000000000E+001
         2 (-0.48599247159358249E+002, 0.00000000000000000E+000)  0.10000000000000000E+001
         2 (-0.48308042667967193E+002, 0.00000000000000000E+000)  0.10000000000000000E+001
         2 (-0.48562671786030897E+002, 0.00000000000000000E+000)  0.10000000000000000E+001
         2 (-0.48577683488214646E+002, 0.00000000000000000E+000)  0.10000000000000000E+001
         2 (-0.48477698936436276E+002, 0.00000000000000000E+000)  0.10000000000000000E+001
         2 (-0.48642898459998342E+002, 0.00000000000000000E+000)  0.10000000000000000E+001
