          21           4   4.0000000000000000                1
     0.0000000        0.12389258        0.00702980
     0.1000000        0.09431551        0.00666552
     0.2000000        0.07260823        0.00631062
     0.3000000        0.05675684        0.00607756
     0.4000000        0.04515019        0.00616964
     0.5000000        0.03629961        0.00641299
     0.6000000        0.02947315        0.00648005
     0.7000000        0.02406733        0.00684080
     0.8000000        0.01984334        0.00724865
     0.9000000        0.01642329        0.00725212
     1.0000000        0.01379030        0.00691108
     1.1000000        0.01189645        0.00645413
     1.2000000        0.01017233        0.00639285
     1.3000000        0.00899929        0.00620177
     1.4000000        0.00844450        0.00567664
     1.5000000        0.00820314        0.00532942
     1.6000000        0.00794748        0.00510810
     1.7000000        0.00781085        0.00506585
     1.8000000        0.00828717        0.00506710
     1.9000000        0.00867840        0.00501050
     2.0000000        0.00870561        0.00497532
