         101           9   10.000000000000000                1
     0.0000000        1.91753150        0.00880019
     0.1000000        1.39895313        0.00925968
     0.2000000        1.03373592        0.01395731
     0.3000000        0.76573573        0.00992660
     0.4000000        0.57181485        0.01015387
     0.5000000        0.42776833        0.00985635
     0.6000000        0.32677729        0.01038647
     0.7000000        0.24530112        0.00873687
     0.8000000        0.18166992        0.00634930
     0.9000000        0.13547581        0.00537504
     1.0000000        0.10572708        0.00353135
     1.1000000        0.07512938        0.00312197
     1.2000000        0.06130249        0.00413305
     1.3000000        0.05225202        0.00371053
     1.4000000        0.04187679        0.00400537
     1.5000000        0.03475309        0.00512989
     1.6000000        0.02561164        0.00695280
     1.7000000        0.01425007        0.00475213
     1.8000000        0.01159648        0.00489491
     1.9000000        0.01281517        0.00356775
     2.0000000        0.01538201        0.00536275
     2.1000000        0.00871542        0.00624126
     2.2000000        0.00567804        0.00309016
     2.3000000        0.00565045        0.00575148
     2.4000000        0.00605163        0.00636637
     2.5000000        0.00052322        0.00442570
     2.6000000        0.00271414        0.00615894
     2.7000000       -0.00210021        0.00563755
     2.8000000       -0.00192444        0.00475194
     2.9000000       -0.00598003        0.00357927
     3.0000000       -0.00823736        0.00687085
     3.1000000       -0.00847203        0.00399644
     3.2000000        0.00332299        0.00622213
     3.3000000        0.00289646        0.00416915
     3.4000000        0.00846237        0.00244835
     3.5000000        0.00867205        0.00527995
     3.6000000        0.00730459        0.00597183
     3.7000000        0.00410313        0.00511331
     3.8000000        0.00870571        0.00852951
     3.9000000        0.00607556        0.00400899
     4.0000000        0.00190663        0.00388949
     4.1000000       -0.00119887        0.00452263
     4.2000000       -0.00211617        0.00379235
     4.3000000        0.00019345        0.00529761
     4.4000000        0.00210856        0.00701455
     4.5000000       -0.00134169        0.00322596
     4.6000000        0.00065051        0.00323377
     4.7000000        0.00515171        0.00441279
     4.8000000        0.00471035        0.00642395
     4.9000000        0.00509108        0.00611640
     5.0000000       -0.00008017        0.00633326
     5.1000000       -0.00212864        0.00716771
     5.2000000        0.00048949        0.00737630
     5.3000000       -0.00423263        0.00682303
     5.4000000        0.00209905        0.00437004
     5.5000000        0.00235087        0.00442376
     5.6000000       -0.00742043        0.00762186
     5.7000000        0.00057408        0.00693937
     5.8000000       -0.00296166        0.00688891
     5.9000000       -0.00055966        0.00452849
     6.0000000       -0.00712186        0.00502052
     6.1000000        0.00253611        0.00615602
     6.2000000        0.00265405        0.00484870
     6.3000000        0.00609281        0.00610421
     6.4000000       -0.00461317        0.00530269
     6.5000000        0.00041200        0.00791334
     6.6000000        0.00035006        0.00706814
     6.7000000       -0.00571164        0.00604955
     6.8000000       -0.00954451        0.00668707
     6.9000000       -0.00384249        0.00687204
     7.0000000        0.00458480        0.00945816
     7.1000000        0.00345454        0.00562759
     7.2000000       -0.00125337        0.00500282
     7.3000000       -0.00747801        0.00775122
     7.4000000       -0.00850643        0.01068146
     7.5000000       -0.00113798        0.00634337
     7.6000000        0.00054990        0.00796791
     7.7000000        0.00341702        0.00701802
     7.8000000        0.00616150        0.00667806
     7.9000000       -0.00046809        0.00375074
     8.0000000        0.00143275        0.00357977
     8.1000000        0.00264520        0.00483590
     8.2000000        0.00008811        0.00615144
     8.3000000        0.00293014        0.00462499
     8.4000000        0.00077001        0.00868034
     8.5000000       -0.00182652        0.00646497
     8.6000000       -0.00573766        0.00324380
     8.7000000       -0.00124331        0.00365276
     8.8000000       -0.00108444        0.00661406
     8.9000000        0.01071921        0.00388151
     9.0000000       -0.00117708        0.00502393
     9.1000000        0.00024420        0.00437884
     9.2000000        0.00180404        0.00558520
     9.3000000        0.00616446        0.00508736
     9.4000000        0.01901496        0.00655837
     9.5000000        0.01682176        0.00441921
     9.6000000        0.01893966        0.00546862
     9.7000000        0.02008898        0.00934483
     9.8000000        0.02562437        0.00706927
     9.9000000        0.04483354        0.01080025
    10.0000000        0.08246850        0.00880019
