          51           9   10.000000000000000                1
     0.0000000        0.08002202        0.00874751
     0.1000000        0.05954911        0.00428019
     0.2000000        0.04000699        0.00432416
     0.3000000        0.03088391        0.00338136
     0.4000000        0.02190506        0.00440235
     0.5000000        0.01941803        0.00323191
     0.6000000        0.01121510        0.00383299
     0.7000000        0.00617935        0.00331890
     0.8000000        0.00724310        0.00264554
     0.9000000        0.00547340        0.00351148
     1.0000000        0.00271764        0.00252704
     1.1000000        0.00346788        0.00392564
     1.2000000       -0.00138510        0.00410556
     1.3000000       -0.00252006        0.00286957
     1.4000000        0.00088017        0.00274302
     1.5000000       -0.00009708        0.00299266
     1.6000000        0.00362388        0.00257348
     1.7000000        0.00538560        0.00233200
     1.8000000        0.00265451        0.00219184
     1.9000000        0.00349909        0.00177348
     2.0000000       -0.00059123        0.00272351
     2.1000000        0.00235090        0.00225319
     2.2000000        0.00621731        0.00237356
     2.3000000        0.00254230        0.00216046
     2.4000000       -0.00051564        0.00250309
     2.5000000        0.00419540        0.00256737
     2.6000000        0.00157190        0.00257415
     2.7000000        0.00102491        0.00260801
     2.8000000        0.00190516        0.00226011
     2.9000000       -0.00111892        0.00338737
     3.0000000       -0.00268486        0.00386667
     3.1000000        0.00116418        0.00412134
     3.2000000        0.00741635        0.00253931
     3.3000000        0.00475781        0.00285691
     3.4000000        0.00496358        0.00285120
     3.5000000        0.00333006        0.00173286
     3.6000000        0.00540886        0.00203833
     3.7000000        0.00568142        0.00166385
     3.8000000        0.00173799        0.00224250
     3.9000000        0.00078573        0.00211477
     4.0000000       -0.00205745        0.00246408
     4.1000000        0.00102424        0.00144222
     4.2000000       -0.00146234        0.00252492
     4.3000000        0.00121301        0.00186981
     4.4000000        0.00014507        0.00175163
     4.5000000        0.00206972        0.00166241
     4.6000000        0.00018851        0.00306718
     4.7000000        0.00246837        0.00342800
     4.8000000        0.00592487        0.00363090
     4.9000000        0.00274722        0.00207654
     5.0000000        0.00957017        0.00295282
