          51          24   10.000000000000000                1
     0.0000000       -0.02598398        0.04758159
     0.1000000        0.00135642        0.04307670
     0.2000000        0.01632089        0.05635336
     0.3000000        0.08685507        0.04387706
     0.4000000        0.12707809        0.05336833
     0.5000000        0.11368890        0.05468920
     0.6000000       -0.02551677        0.08232412
     0.7000000       -0.01129295        0.04826975
     0.8000000        0.04177893        0.03590720
     0.9000000        0.04441100        0.04279214
     1.0000000        0.04529643        0.07625293
     1.1000000        0.01575611        0.06203805
     1.2000000       -0.01451736        0.08993272
     1.3000000        0.08435950        0.04222994
     1.4000000        0.04461651        0.06244594
     1.5000000       -0.05667187        0.13060673
     1.6000000        0.02184952        0.06056370
     1.7000000       -0.00337365        0.09437724
     1.8000000        0.05313422        0.06238942
     1.9000000        0.09353997        0.03688850
     2.0000000        0.14667345        0.04632858
     2.1000000        0.10101494        0.06258902
     2.2000000        0.13914231        0.09783923
     2.3000000        0.06068225        0.06252811
     2.4000000       -0.03734126        0.08246363
     2.5000000       -0.05015217        0.10317011
     2.6000000       -0.01543529        0.03593542
     2.7000000        0.05341826        0.05142344
     2.8000000        0.05174771        0.06054153
     2.9000000        0.05148274        0.04494623
     3.0000000        0.02553029        0.04008023
     3.1000000        0.00279747        0.04010974
     3.2000000        0.01558287        0.05315115
     3.3000000        0.06555645        0.07730165
     3.4000000        0.11856791        0.05937775
     3.5000000        0.06386749        0.05747582
     3.6000000        0.03279298        0.03825528
     3.7000000        0.03143144        0.06261989
     3.8000000        0.05298457        0.03731491
     3.9000000        0.08677910        0.03598390
     4.0000000        0.05127103        0.04057583
     4.1000000        0.03194327        0.08118923
     4.2000000       -0.07944895        0.14716260
     4.3000000        0.08480476        0.03395584
     4.4000000        0.06867932        0.04547521
     4.5000000        0.04793280        0.06676934
     4.6000000        0.03606054        0.07458997
     4.7000000        0.08592065        0.03138002
     4.8000000        0.08357469        0.03175643
     4.9000000        0.10011514        0.05226801
     5.0000000        0.05932128        0.02331923
