          81           9   8.0000000000000000                1
     0.0000000        1.93792095        0.00467265
     0.1000000        1.24905357        0.00383772
     0.2000000        0.81338600        0.00331646
     0.3000000        0.53625199        0.00478131
     0.4000000        0.35931754        0.00490435
     0.5000000        0.24020938        0.00404126
     0.6000000        0.16063386        0.00322223
     0.7000000        0.10830022        0.00451713
     0.8000000        0.07294878        0.00516986
     0.9000000        0.05483459        0.00345304
     1.0000000        0.03984648        0.00329961
     1.1000000        0.02553039        0.00302277
     1.2000000        0.02274422        0.00246370
     1.3000000        0.01620512        0.00304087
     1.4000000        0.01659956        0.00348017
     1.5000000        0.00841265        0.00192593
     1.6000000        0.00966770        0.00302956
     1.7000000        0.00252449        0.00439389
     1.8000000        0.00605661        0.00360671
     1.9000000       -0.00265281        0.00242163
     2.0000000        0.00028683        0.00356215
     2.1000000        0.00053261        0.00355414
     2.2000000        0.00000376        0.00428401
     2.3000000       -0.00092638        0.00460414
     2.4000000       -0.00038007        0.00420340
     2.5000000       -0.00312058        0.00356426
     2.6000000        0.00452685        0.00235207
     2.7000000        0.00438844        0.00286146
     2.8000000        0.00817659        0.00266294
     2.9000000        0.00673431        0.00129710
     3.0000000        0.00373456        0.00263610
     3.1000000        0.00109649        0.00162540
     3.2000000        0.00232004        0.00240472
     3.3000000        0.00416407        0.00218345
     3.4000000       -0.00429998        0.00173480
     3.5000000       -0.00381420        0.00215031
     3.6000000       -0.00388985        0.00262286
     3.7000000        0.00173802        0.00398785
     3.8000000        0.00303051        0.00413196
     3.9000000        0.00249144        0.00365801
     4.0000000        0.00156135        0.00361953
     4.1000000        0.00113275        0.00511419
     4.2000000       -0.00081724        0.00361815
     4.3000000       -0.00316682        0.00491074
     4.4000000        0.00272973        0.00386657
     4.5000000        0.00356055        0.00417437
     4.6000000       -0.00077861        0.00359689
     4.7000000       -0.00238343        0.00224378
     4.8000000       -0.00339974        0.00458355
     4.9000000        0.00279270        0.00406107
     5.0000000        0.00103374        0.00334798
     5.1000000        0.00148993        0.00274986
     5.2000000        0.00264726        0.00289160
     5.3000000       -0.00303083        0.00297065
     5.4000000       -0.00626320        0.00489849
     5.5000000       -0.00417689        0.00313893
     5.6000000        0.00348557        0.00229906
     5.7000000        0.00763840        0.00393246
     5.8000000        0.00502776        0.00313804
     5.9000000        0.00718348        0.00376437
     6.0000000        0.00088996        0.00349671
     6.1000000       -0.00002725        0.00357889
     6.2000000        0.00268325        0.00303257
     6.3000000       -0.00041873        0.00296499
     6.4000000       -0.00410780        0.00222551
     6.5000000       -0.00081403        0.00221018
     6.6000000        0.00171423        0.00320914
     6.7000000        0.00168456        0.00718455
     6.8000000        0.00500861        0.00602009
     6.9000000        0.00286059        0.00378532
     7.0000000       -0.00030637        0.00264369
     7.1000000        0.00355687        0.00321981
     7.2000000        0.00249323        0.00287582
     7.3000000        0.00371015        0.00363530
     7.4000000        0.00018317        0.00320369
     7.5000000        0.00251677        0.00377734
     7.6000000        0.00262375        0.00355694
     7.7000000        0.01164099        0.00494052
     7.8000000        0.02006136        0.00516426
     7.9000000        0.03490923        0.00499728
     8.0000000        0.06207905        0.00467265
