          21           9   4.0000000000000000                1
     0.0000000        0.04157032        0.00530839
     0.1000000        0.04157032        0.00530839
     0.2000000        0.04157032        0.00530839
     0.3000000        0.04157032        0.00530839
     0.4000000        0.04157032        0.00530839
     0.5000000        0.04157032        0.00530839
     0.6000000        0.04157032        0.00530839
     0.7000000        0.04157032        0.00530839
     0.8000000        0.04157032        0.00530839
     0.9000000        0.04157032        0.00530839
     1.0000000        0.04157032        0.00530839
     1.1000000        0.04157032        0.00530839
     1.2000000        0.04157032        0.00530839
     1.3000000        0.04157032        0.00530839
     1.4000000        0.04157032        0.00530839
     1.5000000        0.04157032        0.00530839
     1.6000000        0.04157032        0.00530839
     1.7000000        0.04157032        0.00530839
     1.8000000        0.04157032        0.00530839
     1.9000000        0.04157032        0.00530839
     2.0000000        0.04157032        0.00530839
