 0.10000000000000000E+001          1         16
( 0.00000000000000000E+000, 0.00000000000000000E+000)
-0.15707963267948966E+001 -0.15707963267948966E+001
( 0.59091365121403761E+000,-0.38228080290838300E-016)
-0.15707963267948966E+001  0.00000000000000000E+000
( 0.46294740825626712E+000, 0.35428450568274650E-016)
-0.15707963267948966E+001  0.15707963267948966E+001
( 0.42386885271078256E+000,-0.11102230246251565E-015)
-0.15707963267948966E+001  0.31415926535897931E+001
( 0.66024823208504524E+000,-0.36173602406943191E-016)
 0.00000000000000000E+000 -0.15707963267948966E+001
( 0.40650033734667468E+000,-0.36397111085838674E-016)
 0.00000000000000000E+000  0.00000000000000000E+000
(-0.13630112326569555E+000, 0.00000000000000000E+000)
 0.00000000000000000E+000  0.15707963267948966E+001
( 0.40650033734667468E+000, 0.36397111085838674E-016)
 0.00000000000000000E+000  0.31415926535897931E+001
( 0.68494033295317469E+000,-0.16187471096867193E-016)
 0.15707963267948966E+001 -0.15707963267948966E+001
( 0.42386885271078256E+000, 0.11102230246251565E-015)
 0.15707963267948966E+001  0.00000000000000000E+000
( 0.46294740825626712E+000,-0.35428450568274650E-016)
 0.15707963267948966E+001  0.15707963267948966E+001
( 0.59091365121403761E+000, 0.38228080290838300E-016)
 0.15707963267948966E+001  0.31415926535897931E+001
( 0.66024823208504524E+000,-0.40282558174733434E-016)
 0.31415926535897931E+001 -0.15707963267948966E+001
( 0.87836688183262235E+000, 0.36397111085838674E-016)
 0.31415926535897931E+001  0.00000000000000000E+000
( 0.40624515700672270E+000,-0.40165401325966359E-016)
 0.31415926535897931E+001  0.15707963267948966E+001
( 0.87836688183262257E+000,-0.18309692049996197E-017)
 0.31415926535897931E+001  0.31415926535897931E+001
( 0.43289240614687809E+001, 0.40853013300284028E-015)
 0.10000000000000000E+001          1         16
( 0.00000000000000000E+000, 0.00000000000000000E+000)
-0.15707963267948966E+001 -0.15707963267948966E+001
( 0.24328448520675738E+000, 0.42670300661257391E-016)
-0.15707963267948966E+001  0.00000000000000000E+000
( 0.68078908491620060E+000, 0.20530198740411268E-016)
-0.15707963267948966E+001  0.15707963267948966E+001
( 0.28461329887647074E+000, 0.16653345369377348E-015)
-0.15707963267948966E+001  0.31415926535897931E+001
( 0.77023858390756783E+000, 0.21105422971006640E-015)
 0.00000000000000000E+000 -0.15707963267948966E+001
( 0.10988169247008878E+000, 0.13132051555533033E-015)
 0.00000000000000000E+000  0.00000000000000000E+000
( 0.16719826107014166E+000, 0.00000000000000000E+000)
 0.00000000000000000E+000  0.15707963267948966E+001
( 0.10988169247008878E+000,-0.13132051555533033E-015)
 0.00000000000000000E+000  0.31415926535897931E+001
( 0.92183418974724385E+000, 0.53227378956216611E-016)
 0.15707963267948966E+001 -0.15707963267948966E+001
( 0.28461329887647074E+000,-0.16653345369377348E-015)
 0.15707963267948966E+001  0.00000000000000000E+000
( 0.68078908491620060E+000,-0.20530198740411268E-016)
 0.15707963267948966E+001  0.15707963267948966E+001
( 0.24328448520675738E+000,-0.42670300661257391E-016)
 0.15707963267948966E+001  0.31415926535897931E+001
( 0.77023858390756827E+000,-0.70202477156293781E-016)
 0.31415926535897931E+001 -0.15707963267948966E+001
( 0.81738917760170404E+000, 0.22950196744784557E-015)
 0.31415926535897931E+001  0.00000000000000000E+000
( 0.95838119042981540E+000,-0.14450753750435290E-016)
 0.31415926535897931E+001  0.15707963267948966E+001
( 0.81738917760170404E+000,-0.19967251735658858E-015)
 0.31415926535897931E+001  0.31415926535897931E+001
( 0.43053476800648314E+001, 0.44795468727587994E-015)
 0.10000000000000000E+001          1         16
( 0.00000000000000000E+000, 0.00000000000000000E+000)
-0.15707963267948966E+001 -0.15707963267948966E+001
( 0.57764679696005949E+000, 0.12383228869198400E-015)
-0.15707963267948966E+001  0.00000000000000000E+000
( 0.35834190265490595E+000,-0.29520916952481232E-017)
-0.15707963267948966E+001  0.15707963267948966E+001
( 0.58893642650277855E+000, 0.19428902930940239E-015)
-0.15707963267948966E+001  0.31415926535897931E+001
( 0.77379013997442914E+000,-0.63092349731266941E-016)
 0.00000000000000000E+000 -0.15707963267948966E+001
( 0.38537533733379314E+000, 0.76861733732152566E-016)
 0.00000000000000000E+000  0.00000000000000000E+000
( 0.17740108825107850E+000, 0.00000000000000000E+000)
 0.00000000000000000E+000  0.15707963267948966E+001
( 0.38537533733379314E+000,-0.76861733732152566E-016)
 0.00000000000000000E+000  0.31415926535897931E+001
( 0.63523536743578568E+000, 0.25647643827522754E-017)
 0.15707963267948966E+001 -0.15707963267948966E+001
( 0.58893642650277855E+000,-0.19428902930940239E-015)
 0.15707963267948966E+001  0.00000000000000000E+000
( 0.35834190265490595E+000, 0.29520916952481232E-017)
 0.15707963267948966E+001  0.15707963267948966E+001
( 0.57764679696005949E+000,-0.12383228869198400E-015)
 0.15707963267948966E+001  0.31415926535897931E+001
( 0.77379013997442914E+000,-0.22309980272312020E-016)
 0.31415926535897931E+001 -0.15707963267948966E+001
( 0.81838915399821743E+000, 0.25620517365539438E-015)
 0.31415926535897931E+001  0.00000000000000000E+000
( 0.44286008492337869E+000,-0.59041833904962403E-017)
 0.31415926535897931E+001  0.15707963267948966E+001
( 0.81838915399821743E+000,-0.20282962558082877E-015)
 0.31415926535897931E+001  0.31415926535897931E+001
( 0.38725818656048250E+001, 0.34528307825702238E-015)
 0.10000000000000000E+001          1         16
( 0.00000000000000000E+000, 0.00000000000000000E+000)
-0.15707963267948966E+001 -0.15707963267948966E+001
( 0.58438463299184695E+000, 0.15854893708208850E-016)
-0.15707963267948966E+001  0.00000000000000000E+000
( 0.40478342507702320E+000,-0.35629697163255905E-016)
-0.15707963267948966E+001  0.15707963267948966E+001
( 0.55092724730604570E+000, 0.13877787807814457E-015)
-0.15707963267948966E+001  0.31415926535897931E+001
( 0.92791952651178389E+000, 0.15390586406431621E-016)
 0.00000000000000000E+000 -0.15707963267948966E+001
( 0.29216622895200406E+000,-0.79274468541044250E-017)
 0.00000000000000000E+000  0.00000000000000000E+000
( 0.92301514117164335E-001, 0.00000000000000000E+000)
 0.00000000000000000E+000  0.15707963267948966E+001
( 0.29216622895200406E+000, 0.79274468541044250E-017)
 0.00000000000000000E+000  0.31415926535897931E+001
( 0.52470007789183626E+000, 0.20004075256297480E-017)
 0.15707963267948966E+001 -0.15707963267948966E+001
( 0.55092724730604570E+000,-0.13877787807814457E-015)
 0.15707963267948966E+001  0.00000000000000000E+000
( 0.40478342507702320E+000, 0.35629697163255905E-016)
 0.15707963267948966E+001  0.15707963267948966E+001
( 0.58438463299184695E+000,-0.15854893708208850E-016)
 0.15707963267948966E+001  0.31415926535897931E+001
( 0.92791952651178389E+000,-0.94703101452529560E-016)
 0.31415926535897931E+001 -0.15707963267948966E+001
( 0.77154595334859000E+000, 0.20221647616350683E-015)
 0.31415926535897931E+001  0.00000000000000000E+000
( 0.46007700865598283E+000,-0.15748243095253977E-016)
 0.31415926535897931E+001  0.15707963267948966E+001
( 0.77154595334859000E+000,-0.22601783997834692E-015)
 0.31415926535897931E+001  0.31415926535897931E+001
( 0.40356712403615029E+001, 0.34640289602045374E-015)
 0.10000000000000000E+001          1         16
( 0.00000000000000000E+000, 0.00000000000000000E+000)
-0.15707963267948966E+001 -0.15707963267948966E+001
( 0.20120795541008132E+001,-0.74699086419073302E-015)
-0.15707963267948966E+001  0.00000000000000000E+000
(-0.22504046414219558E+000,-0.16315105828151208E-015)
-0.15707963267948966E+001  0.15707963267948966E+001
(-0.11989864187464234E+001, 0.13322676295501878E-014)
-0.15707963267948966E+001  0.31415926535897931E+001
( 0.12165764552855225E+001, 0.71523206555809544E-015)
 0.00000000000000000E+000 -0.15707963267948966E+001
(-0.13474758829316893E+001,-0.18161608021721179E-015)
 0.00000000000000000E+000  0.00000000000000000E+000
(-0.80975052280763506E+001, 0.00000000000000000E+000)
 0.00000000000000000E+000  0.15707963267948966E+001
(-0.13474758829316893E+001, 0.18161608021721179E-015)
 0.00000000000000000E+000  0.31415926535897931E+001
(-0.50018455798639057E+001,-0.63708569919656178E-015)
 0.15707963267948966E+001 -0.15707963267948966E+001
(-0.11989864187464234E+001,-0.13322676295501878E-014)
 0.15707963267948966E+001  0.00000000000000000E+000
(-0.22504046414219558E+000, 0.16315105828151208E-015)
 0.15707963267948966E+001  0.15707963267948966E+001
( 0.20120795541008132E+001, 0.74699086419073302E-015)
 0.15707963267948966E+001  0.31415926535897931E+001
( 0.12165764552855225E+001,-0.87694616438937352E-015)
 0.31415926535897931E+001 -0.15707963267948966E+001
( 0.26037130828404287E+001, 0.10697944999173370E-014)
 0.31415926535897931E+001  0.00000000000000000E+000
( 0.23185063327469568E+001,-0.32630211656302431E-015)
 0.31415926535897931E+001  0.15707963267948966E+001
( 0.26037130828404296E+001,-0.12315085987486152E-014)
 0.31415926535897931E+001  0.31415926535897931E+001
( 0.18932187896188449E+002, 0.16863666543237254E-014)
