 0.10000000000000000E+001          1         16
( 0.00000000000000000E+000, 0.00000000000000000E+000)
-0.15707963267948966E+001 -0.15707963267948966E+001
( 0.75591095271497810E+000,-0.11361170994718951E-015)
-0.15707963267948966E+001  0.00000000000000000E+000
( 0.47675756763954169E+000,-0.54889825739409468E-016)
-0.15707963267948966E+001  0.15707963267948966E+001
( 0.77206374103354347E+000,-0.13877787807814457E-016)
-0.15707963267948966E+001  0.31415926535897931E+001
( 0.95390027008161016E+000,-0.51617065755269359E-016)
 0.00000000000000000E+000 -0.15707963267948966E+001
( 0.53004736733279922E+000,-0.33399765777199215E-016)
 0.00000000000000000E+000  0.00000000000000000E+000
( 0.13029129611570428E+000, 0.00000000000000000E+000)
 0.00000000000000000E+000  0.15707963267948966E+001
( 0.53004736733279922E+000, 0.33399765777199215E-016)
 0.00000000000000000E+000  0.31415926535897931E+001
( 0.82515988060867596E+000,-0.64075699142051848E-017)
 0.15707963267948966E+001 -0.15707963267948966E+001
( 0.77206374103354347E+000, 0.13877787807814457E-016)
 0.15707963267948966E+001  0.00000000000000000E+000
( 0.47675756763954169E+000, 0.54889825739409468E-016)
 0.15707963267948966E+001  0.15707963267948966E+001
( 0.75591095271497810E+000, 0.11361170994718951E-015)
 0.15707963267948966E+001  0.31415926535897931E+001
( 0.95390027008161038E+000, 0.18682675170292749E-016)
 0.31415926535897931E+001 -0.15707963267948966E+001
( 0.80273987591207097E+000,-0.12947037423369241E-017)
 0.31415926535897931E+001  0.00000000000000000E+000
( 0.84351786981061405E+000, 0.12426509836967268E-017)
 0.31415926535897931E+001  0.15707963267948966E+001
( 0.80273987591207097E+000,-0.31639686842639683E-016)
 0.31415926535897931E+001  0.31415926535897931E+001
( 0.17476905590897605E+001, 0.10108103499741173E-015)
 0.10000000000000000E+001          1         16
( 0.00000000000000000E+000, 0.00000000000000000E+000)
-0.15707963267948966E+001 -0.15707963267948966E+001
( 0.93647647116580268E+000, 0.45904725573065469E-016)
-0.15707963267948966E+001  0.00000000000000000E+000
( 0.47221370958723025E+000,-0.13311356772776124E-016)
-0.15707963267948966E+001  0.15707963267948966E+001
( 0.74431662106082230E+000,-0.97144514654701197E-016)
-0.15707963267948966E+001  0.31415926535897931E+001
( 0.79049964155231800E+000,-0.91723522057246069E-016)
 0.00000000000000000E+000 -0.15707963267948966E+001
( 0.45271696160886749E+000, 0.81131045772075691E-016)
 0.00000000000000000E+000  0.00000000000000000E+000
( 0.46064394686193277E-003, 0.00000000000000000E+000)
 0.00000000000000000E+000  0.15707963267948966E+001
( 0.45271696160886749E+000,-0.81131045772075691E-016)
 0.00000000000000000E+000  0.31415926535897931E+001
( 0.76702611715109237E+000,-0.84468275270725307E-017)
 0.15707963267948966E+001 -0.15707963267948966E+001
( 0.74431662106082230E+000, 0.97144514654701197E-016)
 0.15707963267948966E+001  0.00000000000000000E+000
( 0.47221370958723025E+000, 0.13311356772776124E-016)
 0.15707963267948966E+001  0.15707963267948966E+001
( 0.93647647116580268E+000,-0.45904725573065469E-016)
 0.15707963267948966E+001  0.31415926535897931E+001
( 0.79049964155231800E+000, 0.44755095125232428E-016)
 0.31415926535897931E+001 -0.15707963267948966E+001
( 0.94233186793409573E+000, 0.71524620113883333E-016)
 0.31415926535897931E+001  0.00000000000000000E+000
( 0.73582634246590273E+000,-0.12744925737737790E-016)
 0.31415926535897931E+001  0.15707963267948966E+001
( 0.94233186793409573E+000,-0.10461525923808251E-015)
 0.31415926535897931E+001  0.31415926535897931E+001
( 0.19847303178874802E+001, 0.12287187965477385E-015)
 0.10000000000000000E+001          1         16
( 0.00000000000000000E+000, 0.00000000000000000E+000)
-0.15707963267948966E+001 -0.15707963267948966E+001
( 0.92447837628157958E+000, 0.41199392216302268E-016)
-0.15707963267948966E+001  0.00000000000000000E+000
( 0.45577229469828662E+000, 0.77779064846762659E-016)
-0.15707963267948966E+001  0.15707963267948966E+001
( 0.86099992040910567E+000, 0.00000000000000000E+000)
-0.15707963267948966E+001  0.31415926535897931E+001
( 0.91621684338614662E+000,-0.43751245119239524E-016)
 0.00000000000000000E+000 -0.15707963267948966E+001
( 0.44952713293638691E+000, 0.15829496887361815E-016)
 0.00000000000000000E+000  0.00000000000000000E+000
( 0.47406344776965342E-001, 0.00000000000000000E+000)
 0.00000000000000000E+000  0.15707963267948966E+001
( 0.44952713293638691E+000,-0.15829496887361815E-016)
 0.00000000000000000E+000  0.31415926535897931E+001
( 0.79324073761982516E+000,-0.35764085145537428E-017)
 0.15707963267948966E+001 -0.15707963267948966E+001
( 0.86099992040910567E+000, 0.00000000000000000E+000)
 0.15707963267948966E+001  0.00000000000000000E+000
( 0.45577229469828662E+000,-0.77779064846762659E-016)
 0.15707963267948966E+001  0.15707963267948966E+001
( 0.92447837628157958E+000,-0.41199392216302268E-016)
 0.15707963267948966E+001  0.31415926535897931E+001
( 0.91621684338614662E+000, 0.81888331854211780E-017)
 0.31415926535897931E+001 -0.15707963267948966E+001
( 0.92135407861097951E+000, 0.18864972632174327E-016)
 0.31415926535897931E+001  0.00000000000000000E+000
( 0.91153907577495974E+000, 0.29024638075662819E-017)
 0.31415926535897931E+001  0.15707963267948966E+001
( 0.92135407861097951E+000,-0.68305172373807130E-016)
 0.31415926535897931E+001  0.31415926535897931E+001
( 0.13241544702467156E+001, 0.41512275659674103E-016)
 0.10000000000000000E+001          1         16
( 0.00000000000000000E+000, 0.00000000000000000E+000)
-0.15707963267948966E+001 -0.15707963267948966E+001
( 0.92425195734374466E+000, 0.53721509064949265E-016)
-0.15707963267948966E+001  0.00000000000000000E+000
( 0.43879974761323243E+000,-0.48025903427758608E-016)
-0.15707963267948966E+001  0.15707963267948966E+001
( 0.66729088080081067E+000, 0.20816681711721685E-016)
-0.15707963267948966E+001  0.31415926535897931E+001
( 0.92561757443835457E+000, 0.53419909678538970E-016)
 0.00000000000000000E+000 -0.15707963267948966E+001
( 0.47932623324358165E+000,-0.78902458811778839E-016)
 0.00000000000000000E+000  0.00000000000000000E+000
( 0.24713146617414661E+000, 0.00000000000000000E+000)
 0.00000000000000000E+000  0.15707963267948966E+001
( 0.47932623324358165E+000, 0.78902458811778839E-016)
 0.00000000000000000E+000  0.31415926535897931E+001
( 0.73741963798621257E+000, 0.15858341864378256E-017)
 0.15707963267948966E+001 -0.15707963267948966E+001
( 0.66729088080081067E+000,-0.20816681711721685E-016)
 0.15707963267948966E+001  0.00000000000000000E+000
( 0.43879974761323243E+000, 0.48025903427758608E-016)
 0.15707963267948966E+001  0.15707963267948966E+001
( 0.92425195734374466E+000,-0.53721509064949265E-016)
 0.15707963267948966E+001  0.31415926535897931E+001
( 0.92561757443835457E+000,-0.98632557434599457E-016)
 0.31415926535897931E+001 -0.15707963267948966E+001
( 0.83111812590713208E+000, 0.23391307580521019E-016)
 0.31415926535897931E+001  0.00000000000000000E+000
( 0.64831330166389534E+000, 0.10927077991840022E-017)
 0.31415926535897931E+001  0.15707963267948966E+001
( 0.83111812590713208E+000,-0.68603955336581506E-016)
 0.31415926535897931E+001  0.31415926535897931E+001
( 0.20105304248831066E+001, 0.11593256015532592E-015)
 0.10000000000000000E+001          1         16
( 0.00000000000000000E+000, 0.00000000000000000E+000)
-0.15707963267948966E+001 -0.15707963267948966E+001
( 0.92575174389008397E+000, 0.25759881067755446E-015)
-0.15707963267948966E+001  0.00000000000000000E+000
( 0.65169411503021868E+000, 0.18730724649483024E-015)
-0.15707963267948966E+001  0.15707963267948966E+001
( 0.10016946010666914E+001, 0.22204460492503131E-015)
-0.15707963267948966E+001  0.31415926535897931E+001
( 0.95355599592764184E+000, 0.25202126069376872E-015)
 0.00000000000000000E+000 -0.15707963267948966E+001
( 0.63581859986106104E+000,-0.31654890684076019E-016)
 0.00000000000000000E+000  0.00000000000000000E+000
( 0.25058606322153237E+000, 0.00000000000000000E+000)
 0.00000000000000000E+000  0.15707963267948966E+001
( 0.63581859986106104E+000, 0.31654890684076019E-016)
 0.00000000000000000E+000  0.31415926535897931E+001
( 0.68359501163725556E+000,-0.20663228158327602E-016)
 0.15707963267948966E+001 -0.15707963267948966E+001
( 0.10016946010666914E+001,-0.22204460492503131E-015)
 0.15707963267948966E+001  0.00000000000000000E+000
( 0.65169411503021868E+000,-0.18730724649483024E-015)
 0.15707963267948966E+001  0.15707963267948966E+001
( 0.92575174389008397E+000,-0.25759881067755446E-015)
 0.15707963267948966E+001  0.31415926535897931E+001
( 0.95355599592764184E+000,-0.26417957603560921E-015)
 0.31415926535897931E+001 -0.15707963267948966E+001
( 0.12279201286434822E+001,-0.16917366643274576E-016)
 0.31415926535897931E+001  0.00000000000000000E+000
( 0.71143909713416043E+000,-0.20902459533051539E-016)
 0.31415926535897931E+001  0.15707963267948966E+001
( 0.12279201286434822E+001, 0.11697945205341327E-016)
 0.31415926535897931E+001  0.31415926535897931E+001
( 0.18345855329767575E+001, 0.42939357535377422E-016)
