          51           5   10.000000000000000                1
     0.0000000        0.76438345        0.00256295
     0.1000000        0.65387536        0.00341280
     0.2000000        0.57326699        0.00366239
     0.3000000        0.51078196        0.00426033
     0.4000000        0.46228808        0.00583526
     0.5000000        0.42261303        0.00691777
     0.6000000        0.38909384        0.00734231
     0.7000000        0.36136322        0.00794166
     0.8000000        0.33719261        0.00881418
     0.9000000        0.31549647        0.01010785
     1.0000000        0.29704263        0.01125186
     1.1000000        0.28079088        0.01279200
     1.2000000        0.26576105        0.01427898
     1.3000000        0.25324075        0.01526470
     1.4000000        0.24279195        0.01538719
     1.5000000        0.23378852        0.01539922
     1.6000000        0.22517682        0.01545690
     1.7000000        0.21668047        0.01489972
     1.8000000        0.20844495        0.01511978
     1.9000000        0.20103796        0.01626390
     2.0000000        0.19475125        0.01724106
     2.1000000        0.18895555        0.01814471
     2.2000000        0.18531305        0.01912228
     2.3000000        0.18279598        0.02037072
     2.4000000        0.17877076        0.02210639
     2.5000000        0.17483688        0.02389573
     2.6000000        0.17081970        0.02510567
     2.7000000        0.16656462        0.02529984
     2.8000000        0.16340780        0.02493730
     2.9000000        0.16062681        0.02531737
     3.0000000        0.15792391        0.02551074
     3.1000000        0.15461684        0.02525977
     3.2000000        0.15043918        0.02603601
     3.3000000        0.14687291        0.02680960
     3.4000000        0.14483809        0.02650129
     3.5000000        0.14231039        0.02621340
     3.6000000        0.13909491        0.02638886
     3.7000000        0.13702175        0.02673441
     3.8000000        0.13479454        0.02734096
     3.9000000        0.13262388        0.02784178
     4.0000000        0.13038064        0.02798196
     4.1000000        0.12843941        0.02876657
     4.2000000        0.12810777        0.02981787
     4.3000000        0.12798253        0.03057209
     4.4000000        0.12735783        0.03168953
     4.5000000        0.12659042        0.03286547
     4.6000000        0.12541430        0.03287643
     4.7000000        0.12379008        0.03196161
     4.8000000        0.12218552        0.03165713
     4.9000000        0.12142491        0.03200838
     5.0000000        0.12144192        0.03227669
