          11           4   2.0000000000000000                1
     0.0000000        1.45833741        0.07224787
     0.1000000        0.68112117        0.02484240
     0.2000000        0.41258323        0.02833188
     0.3000000        0.27734256        0.03663583
     0.4000000        0.16231377        0.02968467
     0.5000000        0.17262338        0.05357185
     0.6000000        0.12674205        0.03490837
     0.7000000        0.17266697        0.06145447
     0.8000000        0.19056950        0.07687388
     0.9000000        0.23691444        0.04938016
     1.0000000        0.13895605        0.07738349
