          21           9   4.0000000000000000                1
     0.0000000        0.40692477        0.00900755
     0.1000000        0.21922017        0.00563781
     0.2000000        0.12899835        0.00314967
     0.3000000        0.07751427        0.00391684
     0.4000000        0.04720854        0.00277801
     0.5000000        0.03285853        0.00227106
     0.6000000        0.02215535        0.00227383
     0.7000000        0.01444671        0.00175683
     0.8000000        0.01252644        0.00234043
     0.9000000        0.01113149        0.00243131
     1.0000000        0.00870123        0.00256624
     1.1000000        0.00829482        0.00175377
     1.2000000        0.00990216        0.00114662
     1.3000000        0.00676251        0.00360907
     1.4000000        0.00491046        0.00232211
     1.5000000        0.00684178        0.00263488
     1.6000000        0.00561751        0.00249215
     1.7000000        0.00331533        0.00156258
     1.8000000        0.00386762        0.00215605
     1.9000000        0.00489618        0.00252114
     2.0000000        0.00501868        0.00314223
