          21           9   4.0000000000000000                1
     0.0000000        0.33238557        0.00722851
     0.1000000        0.19360913        0.00486929
     0.2000000        0.11673494        0.00450438
     0.3000000        0.07243950        0.00349666
     0.4000000        0.04489576        0.00323690
     0.5000000        0.03199296        0.00307959
     0.6000000        0.02089570        0.00347239
     0.7000000        0.01468388        0.00306831
     0.8000000        0.01078473        0.00417274
     0.9000000        0.01042195        0.00395589
     1.0000000        0.00675613        0.00342562
     1.1000000        0.00608168        0.00289941
     1.2000000        0.00486560        0.00301228
     1.3000000        0.00404816        0.00215226
     1.4000000        0.00352143        0.00222230
     1.5000000        0.00486748        0.00186311
     1.6000000        0.00411092        0.00212804
     1.7000000        0.00264359        0.00252870
     1.8000000        0.00508099        0.00333300
     1.9000000        0.00341968        0.00342801
     2.0000000        0.00323001        0.00296844
