          11           9   2.0000000000000000                1
     0.0000000        0.15587320        0.00698152
     0.1000000        0.12465487        0.00684565
     0.2000000        0.10238653        0.00671413
     0.3000000        0.08649425        0.00667584
     0.4000000        0.07498353        0.00658451
     0.5000000        0.06667081        0.00655418
     0.6000000        0.06093978        0.00657629
     0.7000000        0.05729443        0.00660037
     0.8000000        0.05507562        0.00671070
     0.9000000        0.05392499        0.00685917
     1.0000000        0.05369844        0.00693737
