          81           4   8.0000000000000000                1
     0.0000000        1.12847025        0.00320955
     0.1000000        0.90241983        0.00337604
     0.2000000        0.73367415        0.00581272
     0.3000000        0.60954376        0.00565499
     0.4000000        0.51359924        0.00451952
     0.5000000        0.43628877        0.00421878
     0.6000000        0.37744850        0.00602173
     0.7000000        0.32379684        0.00644731
     0.8000000        0.28510184        0.00455143
     0.9000000        0.25180278        0.00437902
     1.0000000        0.22177337        0.00304024
     1.1000000        0.19605526        0.00272799
     1.2000000        0.17638003        0.00585554
     1.3000000        0.15999479        0.00747980
     1.4000000        0.14331849        0.00623354
     1.5000000        0.13339467        0.00547562
     1.6000000        0.11801851        0.00380667
     1.7000000        0.10373756        0.00721639
     1.8000000        0.09803872        0.00588557
     1.9000000        0.09198888        0.00610171
     2.0000000        0.08377309        0.00443165
     2.1000000        0.07805749        0.00530695
     2.2000000        0.07280041        0.00474009
     2.3000000        0.06794633        0.00379853
     2.4000000        0.06445914        0.00388739
     2.5000000        0.05667963        0.00693525
     2.6000000        0.05727223        0.00699227
     2.7000000        0.05685840        0.00718022
     2.8000000        0.05237772        0.00456742
     2.9000000        0.04958976        0.00635202
     3.0000000        0.04694919        0.00777944
     3.1000000        0.04037154        0.00991990
     3.2000000        0.04102980        0.00864031
     3.3000000        0.03627652        0.00733166
     3.4000000        0.03343647        0.00633012
     3.5000000        0.03086413        0.00603545
     3.6000000        0.03230159        0.00496209
     3.7000000        0.03284685        0.00510878
     3.8000000        0.03038200        0.00509128
     3.9000000        0.02925404        0.00517148
     4.0000000        0.02788692        0.00569224
     4.1000000        0.02376306        0.00464608
     4.2000000        0.02485624        0.00496818
     4.3000000        0.02023963        0.00366271
     4.4000000        0.02463600        0.00453234
     4.5000000        0.02683720        0.00521805
     4.6000000        0.02629973        0.00313258
     4.7000000        0.02744563        0.00313046
     4.8000000        0.02854522        0.00470620
     4.9000000        0.03083130        0.00430469
     5.0000000        0.03229598        0.00313849
     5.1000000        0.03611730        0.00423218
     5.2000000        0.04043096        0.00346919
     5.3000000        0.04522423        0.00150204
     5.4000000        0.04463876        0.00153818
     5.5000000        0.04964502        0.00098998
     5.6000000        0.05315088        0.00307504
     5.7000000        0.05676460        0.00335634
     5.8000000        0.06247499        0.00293869
     5.9000000        0.06085904        0.00457216
     6.0000000        0.06829681        0.00716652
     6.1000000        0.07466753        0.00680324
     6.2000000        0.08252317        0.00618365
     6.3000000        0.08484187        0.00685351
     6.4000000        0.09221712        0.00852535
     6.5000000        0.10454234        0.00953686
     6.6000000        0.11715393        0.00859627
     6.7000000        0.12620217        0.00699883
     6.8000000        0.14502565        0.00821164
     6.9000000        0.16261823        0.00611150
     7.0000000        0.18095728        0.00835340
     7.1000000        0.20943581        0.00432574
     7.2000000        0.23767546        0.00518704
     7.3000000        0.26379392        0.00316113
     7.4000000        0.30382279        0.00346976
     7.5000000        0.34890275        0.00844925
     7.6000000        0.41200746        0.00618100
     7.7000000        0.48586482        0.00583627
     7.8000000        0.58049375        0.00739663
     7.9000000        0.70481116        0.00389996
     8.0000000        0.87152975        0.00320955
