          81           4   8.0000000000000000                1
     0.0000000        0.39942781        0.04094885
     0.1000000        0.32266061        0.05005674
     0.2000000        0.29443280        0.04138292
     0.3000000        0.27867088        0.02932179
     0.4000000        0.25891284        0.03405825
     0.5000000        0.21564563        0.05347229
     0.6000000        0.21352299        0.06129367
     0.7000000        0.19130853        0.06086400
     0.8000000        0.19242857        0.07394479
     0.9000000        0.19040862        0.06450805
     1.0000000        0.16938093        0.07822150
     1.1000000        0.14752911        0.07263848
     1.2000000        0.13438110        0.06191609
     1.3000000        0.13293404        0.05366836
     1.4000000        0.10482611        0.02430977
     1.5000000        0.13406816        0.04313876
     1.6000000        0.13133425        0.04762550
     1.7000000        0.10683964        0.04489538
     1.8000000        0.08526951        0.05400667
     1.9000000        0.06468904        0.06367724
     2.0000000        0.05844238        0.06991329
     2.1000000        0.04878946        0.06189629
     2.2000000        0.05213096        0.04615156
     2.3000000        0.00644390        0.04377027
     2.4000000        0.03379662        0.03804487
     2.5000000        0.03357846        0.04232916
     2.6000000        0.04489987        0.05951227
     2.7000000        0.03979038        0.04165065
     2.8000000        0.03763179        0.03084284
     2.9000000        0.04404083        0.04524892
     3.0000000        0.02523737        0.03968663
     3.1000000        0.02394282        0.04737003
     3.2000000        0.01357279        0.05366923
     3.3000000       -0.00260599        0.05503702
     3.4000000       -0.00264115        0.02958704
     3.5000000        0.02724962        0.04463234
     3.6000000        0.01818989        0.04016020
     3.7000000        0.03359749        0.05789868
     3.8000000        0.03316094        0.04986057
     3.9000000        0.06624906        0.04766192
     4.0000000        0.05551428        0.05777820
     4.1000000        0.06164745        0.05437119
     4.2000000        0.08092926        0.04417647
     4.3000000        0.08171398        0.06856570
     4.4000000        0.08894750        0.05374097
     4.5000000        0.06575396        0.06569755
     4.6000000        0.09270373        0.05895517
     4.7000000        0.07468198        0.07005131
     4.8000000        0.05921382        0.06145538
     4.9000000        0.07587965        0.06945981
     5.0000000        0.09103532        0.06888239
     5.1000000        0.11808450        0.06549137
     5.2000000        0.12993962        0.04092816
     5.3000000        0.11469925        0.05893640
     5.4000000        0.13106728        0.06879934
     5.5000000        0.15723561        0.05493706
     5.6000000        0.19527817        0.06086774
     5.7000000        0.17514611        0.05193332
     5.8000000        0.19109077        0.05816094
     5.9000000        0.22468797        0.04163540
     6.0000000        0.24103183        0.04867483
     6.1000000        0.22535675        0.06153891
     6.2000000        0.23918695        0.05556572
     6.3000000        0.26229928        0.04359191
     6.4000000        0.26559981        0.05206524
     6.5000000        0.34681096        0.03770757
     6.6000000        0.38054393        0.05786845
     6.7000000        0.39545736        0.04102150
     6.8000000        0.45701791        0.04607466
     6.9000000        0.47012319        0.04414775
     7.0000000        0.52706232        0.05073640
     7.1000000        0.62090687        0.03861129
     7.2000000        0.66991047        0.04793760
     7.3000000        0.75826398        0.03886790
     7.4000000        0.83142663        0.03982539
     7.5000000        0.89357242        0.03941868
     7.6000000        0.97593068        0.04059720
     7.7000000        1.11178640        0.04066049
     7.8000000        1.25786966        0.03842698
     7.9000000        1.42104035        0.03830064
     8.0000000        1.60057219        0.04094885
