          11           9   2.0000000000000000                1
     0.0000000        0.31716694        0.00448275
     0.1000000        0.19769726        0.00425301
     0.2000000        0.12863185        0.00340403
     0.3000000        0.08493614        0.00283918
     0.4000000        0.06112564        0.00356745
     0.5000000        0.04591543        0.00341958
     0.6000000        0.03190465        0.00372157
     0.7000000        0.02430226        0.00396044
     0.8000000        0.01914573        0.00422574
     0.9000000        0.01799934        0.00427410
     1.0000000        0.01895631        0.00431864
