          11           4   2.0000000000000000                1
     0.0000000        1.37210433        0.11922452
     0.1000000        1.26976285        0.08664831
     0.2000000        0.47252107        0.64477361
     0.3000000        1.05767547        0.32722862
     0.4000000        1.23186852        0.51525630
     0.5000000        1.44923069        0.88565192
     0.6000000        1.23323831        0.70401968
     0.7000000        1.48262422        0.79154408
     0.8000000        1.76222273        0.84274393
     0.9000000        1.25116715        0.38901594
     1.0000000        1.23959354        0.76713232
