          81           9   8.0000000000000000                1
     0.0000000        1.51712244        0.00800098
     0.1000000        1.32419919        0.00908307
     0.2000000        1.16327026        0.00777287
     0.3000000        1.02944089        0.00696502
     0.4000000        0.91941361        0.00758886
     0.5000000        0.82550798        0.01009138
     0.6000000        0.74291719        0.00705132
     0.7000000        0.66549524        0.00664617
     0.8000000        0.61318746        0.00517064
     0.9000000        0.55762855        0.00633828
     1.0000000        0.50632638        0.00722918
     1.1000000        0.45287564        0.00732307
     1.2000000        0.41708637        0.00694923
     1.3000000        0.38019910        0.00752453
     1.4000000        0.35147816        0.00753499
     1.5000000        0.31906356        0.00995945
     1.6000000        0.28876622        0.00768514
     1.7000000        0.25461986        0.00541271
     1.8000000        0.23339491        0.00842724
     1.9000000        0.21147992        0.01043738
     2.0000000        0.18792640        0.00934710
     2.1000000        0.16538895        0.01157122
     2.2000000        0.15254842        0.01312409
     2.3000000        0.14043136        0.01175300
     2.4000000        0.13446481        0.01292977
     2.5000000        0.12043748        0.01144999
     2.6000000        0.11038548        0.01260399
     2.7000000        0.10337583        0.01451316
     2.8000000        0.09388492        0.01303090
     2.9000000        0.09172748        0.01289963
     3.0000000        0.08321871        0.01250013
     3.1000000        0.08433792        0.01118428
     3.2000000        0.07643689        0.01224631
     3.3000000        0.07038507        0.00962927
     3.4000000        0.06519080        0.01140546
     3.5000000        0.05324777        0.01287701
     3.6000000        0.05557740        0.01530871
     3.7000000        0.05124752        0.01412096
     3.8000000        0.04588171        0.01289813
     3.9000000        0.04185682        0.01361413
     4.0000000        0.03777126        0.01245613
     4.1000000        0.04133439        0.01152398
     4.2000000        0.04118818        0.01024132
     4.3000000        0.03927322        0.01228710
     4.4000000        0.04335888        0.01032258
     4.5000000        0.05055452        0.00942038
     4.6000000        0.05167382        0.00835115
     4.7000000        0.04142505        0.00807670
     4.8000000        0.04181034        0.00666084
     4.9000000        0.04429373        0.00765849
     5.0000000        0.04513817        0.00849625
     5.1000000        0.04937977        0.00919185
     5.2000000        0.04730373        0.00793807
     5.3000000        0.04571840        0.00847890
     5.4000000        0.04589954        0.00941390
     5.5000000        0.04022125        0.01110423
     5.6000000        0.04558883        0.01044044
     5.7000000        0.05081520        0.01175521
     5.8000000        0.05081579        0.00966940
     5.9000000        0.06130627        0.01014847
     6.0000000        0.05889956        0.00972229
     6.1000000        0.06610103        0.00688977
     6.2000000        0.07345639        0.00701439
     6.3000000        0.08067753        0.00743846
     6.4000000        0.08665987        0.00910033
     6.5000000        0.09429536        0.00917308
     6.6000000        0.09644457        0.00595777
     6.7000000        0.10412642        0.00732453
     6.8000000        0.11474032        0.00934368
     6.9000000        0.12486736        0.00694692
     7.0000000        0.13292377        0.00797811
     7.1000000        0.14931893        0.00681705
     7.2000000        0.16438823        0.00818755
     7.3000000        0.18128910        0.00803819
     7.4000000        0.20344328        0.00673066
     7.5000000        0.22778128        0.00898435
     7.6000000        0.26704724        0.00966135
     7.7000000        0.29895197        0.01057895
     7.8000000        0.34571645        0.00847280
     7.9000000        0.40160203        0.00607481
     8.0000000        0.48287756        0.00800098
