   -1.570796     -1.570796        0.06857911        0.01664134       -0.02825522        0.03000078
   -1.570796      0.000000        0.10053364        0.04526976        0.01026290        0.01874189
   -1.570796      1.570796        0.14338419        0.04897136        0.02008778        0.01796630
   -1.570796      3.141593        0.11423196        0.01266136        0.10594457        0.04571828
    0.000000     -1.570796        0.06517822        0.02333476       -0.04447666        0.06002092
    0.000000      0.000000       -0.11598603        0.07423361        0.00000000        0.00000000
    0.000000      1.570796        0.06517822        0.02333476        0.04447666        0.06002092
    0.000000      3.141593        0.06952250        0.05740581       -0.00000000        0.00000000
    1.570796     -1.570796        0.14338419        0.04897136       -0.02008778        0.01796630
    1.570796      0.000000        0.10053364        0.04526976       -0.01026290        0.01874189
    1.570796      1.570796        0.06857911        0.01664134        0.02825522        0.03000078
    1.570796      3.141593        0.11423196        0.01266136       -0.10594457        0.04571828
    3.141593     -1.570796        0.09815505        0.04938288       -0.04156007        0.04554625
    3.141593      0.000000        0.02684133        0.08660541       -0.00000000        0.00000000
    3.141593      1.570796        0.09815505        0.04938288        0.04156007        0.04554625
    3.141593      3.141593        0.14156416        0.07964430       -0.00000000        0.00000000
