         101           4   10.000000000000000                1
     0.0000000        0.99174922        0.01574777
     0.1000000        0.87886272        0.01321413
     0.2000000        0.76889126        0.01952428
     0.3000000        0.68461417        0.02039653
     0.4000000        0.61766029        0.02572081
     0.5000000        0.55387145        0.02959537
     0.6000000        0.50886546        0.03050629
     0.7000000        0.45798309        0.02403895
     0.8000000        0.42492439        0.02005839
     0.9000000        0.38185778        0.02456526
     1.0000000        0.34871214        0.01886209
     1.1000000        0.31204305        0.01199067
     1.2000000        0.28405180        0.01659338
     1.3000000        0.25587376        0.01899132
     1.4000000        0.22044712        0.01671155
     1.5000000        0.21364010        0.01215645
     1.6000000        0.18140090        0.00578086
     1.7000000        0.15178498        0.01923249
     1.8000000        0.14086024        0.01276719
     1.9000000        0.13698082        0.01023913
     2.0000000        0.13787831        0.01408520
     2.1000000        0.12662564        0.01779888
     2.2000000        0.11431026        0.02168173
     2.3000000        0.09986919        0.01920057
     2.4000000        0.09338517        0.02267112
     2.5000000        0.08090510        0.01923978
     2.6000000        0.08266471        0.02253638
     2.7000000        0.08065312        0.02523117
     2.8000000        0.07678004        0.02714406
     2.9000000        0.06943412        0.02579143
     3.0000000        0.07136564        0.01922628
     3.1000000        0.06364103        0.01838379
     3.2000000        0.05681849        0.01856536
     3.3000000        0.05536021        0.01530072
     3.4000000        0.05176527        0.01000063
     3.5000000        0.04375119        0.01139255
     3.6000000        0.04130789        0.01418428
     3.7000000        0.03493454        0.00978584
     3.8000000        0.04130660        0.01235560
     3.9000000        0.03800624        0.01104425
     4.0000000        0.03656777        0.01677657
     4.1000000        0.03776971        0.01905299
     4.2000000        0.03782318        0.01956814
     4.3000000        0.02394997        0.00551540
     4.4000000        0.02915604        0.00508280
     4.5000000        0.02557068        0.00532203
     4.6000000        0.02566717        0.00411697
     4.7000000        0.02700384        0.00423944
     4.8000000        0.02243733        0.00135126
     4.9000000        0.01553033        0.00309600
     5.0000000        0.01195610        0.00646348
     5.1000000        0.01024136        0.00594129
     5.2000000        0.01271820        0.00647972
     5.3000000        0.01494958        0.00687796
     5.4000000        0.02222886        0.00998132
     5.5000000        0.02321269        0.00855026
     5.6000000        0.02745538        0.00785465
     5.7000000        0.02973048        0.00822939
     5.8000000        0.02850943        0.00907332
     5.9000000        0.03649233        0.00682986
     6.0000000        0.04190258        0.00885389
     6.1000000        0.04245541        0.01049837
     6.2000000        0.04191874        0.00388251
     6.3000000        0.04554268        0.00567229
     6.4000000        0.04381326        0.00428665
     6.5000000        0.05388156        0.00374332
     6.6000000        0.06106808        0.01090850
     6.7000000        0.06261726        0.01257856
     6.8000000        0.06201230        0.01221306
     6.9000000        0.06451890        0.01584001
     7.0000000        0.06598341        0.01296873
     7.1000000        0.06894349        0.01119711
     7.2000000        0.06750139        0.00912914
     7.3000000        0.07815360        0.01456945
     7.4000000        0.09007800        0.01844981
     7.5000000        0.09594587        0.02292053
     7.6000000        0.09824285        0.02364108
     7.7000000        0.10823446        0.01976488
     7.8000000        0.12024714        0.01980609
     7.9000000        0.13480198        0.02255793
     8.0000000        0.14113838        0.02767123
     8.1000000        0.14518624        0.02623928
     8.2000000        0.16956795        0.02437070
     8.3000000        0.18820099        0.01747174
     8.4000000        0.20713935        0.01983913
     8.5000000        0.22031779        0.01627943
     8.6000000        0.23937870        0.01356259
     8.7000000        0.27047461        0.01668983
     8.8000000        0.29157052        0.01453924
     8.9000000        0.30928142        0.00968607
     9.0000000        0.34092462        0.01084311
     9.1000000        0.37275290        0.00990911
     9.2000000        0.42586542        0.01456642
     9.3000000        0.47513385        0.01614074
     9.4000000        0.53098732        0.01465357
     9.5000000        0.57855595        0.00905229
     9.6000000        0.64832861        0.00873743
     9.7000000        0.72164818        0.01729483
     9.8000000        0.79115949        0.01583378
     9.9000000        0.87849670        0.02390653
    10.0000000        1.00825078        0.01574777
