          41           4   8.0000000000000000                1
     0.0000000        0.08773864        0.01785340
     0.1000000        0.06561449        0.01760605
     0.2000000        0.04948761        0.01681145
     0.3000000        0.03724824        0.01644336
     0.4000000        0.02864246        0.01696196
     0.5000000        0.02299397        0.01713087
     0.6000000        0.01844322        0.01691182
     0.7000000        0.01465741        0.01678202
     0.8000000        0.01161703        0.01668799
     0.9000000        0.00964241        0.01610684
     1.0000000        0.00939767        0.01548403
     1.1000000        0.00960184        0.01535262
     1.2000000        0.00874411        0.01534160
     1.3000000        0.00743142        0.01531330
     1.4000000        0.00682138        0.01466554
     1.5000000        0.00648571        0.01355229
     1.6000000        0.00623313        0.01317634
     1.7000000        0.00599620        0.01281897
     1.8000000        0.00543339        0.01236949
     1.9000000        0.00532715        0.01202038
     2.0000000        0.00516501        0.01191907
     2.1000000        0.00486887        0.01201865
     2.2000000        0.00498536        0.01188762
     2.3000000        0.00359745        0.01213734
     2.4000000        0.00039032        0.01288540
     2.5000000       -0.00200765        0.01320299
     2.6000000       -0.00323036        0.01271553
     2.7000000       -0.00449035        0.01297985
     2.8000000       -0.00522337        0.01365272
     2.9000000       -0.00515422        0.01433445
     3.0000000       -0.00453038        0.01496294
     3.1000000       -0.00333153        0.01527083
     3.2000000       -0.00250785        0.01474637
     3.3000000       -0.00210307        0.01392649
     3.4000000       -0.00167054        0.01342552
     3.5000000       -0.00196515        0.01332485
     3.6000000       -0.00223365        0.01344138
     3.7000000       -0.00191078        0.01376913
     3.8000000       -0.00239778        0.01431938
     3.9000000       -0.00316332        0.01418860
     4.0000000       -0.00331781        0.01392120
