   -1.570796     -1.570796        2.15798464        0.08309647        0.02968730        0.03126893
   -1.570796      0.000000        0.92192726        0.02091492        0.01347248        0.01060604
   -1.570796      1.570796        2.18454640        0.09666248        0.00450921        0.04927188
   -1.570796      3.141593        0.97350343        0.04348274        0.01882700        0.01773390
    0.000000     -1.570796        0.93962704        0.02479430        0.00751465        0.01875559
    0.000000      0.000000        0.51413286        0.01503336        0.00000000        0.00000000
    0.000000      1.570796        0.93962704        0.02479430       -0.00751465        0.01875559
    0.000000      3.141593        2.01118824        0.08590693        0.00000000        0.00000000
    1.570796     -1.570796        2.18454640        0.09666248       -0.00450921        0.04927188
    1.570796      0.000000        0.92192726        0.02091492       -0.01347248        0.01060604
    1.570796      1.570796        2.15798464        0.08309647       -0.02968730        0.03126893
    1.570796      3.141593        0.97350343        0.04348274       -0.01882700        0.01773390
    3.141593     -1.570796        0.93354695        0.02872828        0.02255386        0.02022735
    3.141593      0.000000        2.13011965        0.10682943        0.00000000        0.00000000
    3.141593      1.570796        0.93354695        0.02872828       -0.02255386        0.02022735
    3.141593      3.141593        0.51652617        0.00515779        0.00000000        0.00000000
