          41           4   10.000000000000000                1
     0.0000000        0.26089000        0.00826161
     0.1250000        0.13623807        0.00594260
     0.2500000        0.07331024        0.00423193
     0.3750000        0.04082483        0.00289080
     0.5000000        0.02363620        0.00216946
     0.6250000        0.01413842        0.00174009
     0.7500000        0.00883545        0.00137425
     0.8750000        0.00534904        0.00124364
     1.0000000        0.00318142        0.00128456
     1.1250000        0.00175682        0.00128536
     1.2500000        0.00117469        0.00095921
     1.3750000        0.00139628        0.00042196
     1.5000000        0.00167114        0.00035920
     1.6250000        0.00173059        0.00033504
     1.7500000        0.00129520        0.00025452
     1.8750000        0.00089357        0.00021112
     2.0000000        0.00066382        0.00020953
     2.1250000        0.00040022        0.00017226
     2.2500000        0.00023497        0.00014427
     2.3750000        0.00022944        0.00017422
     2.5000000        0.00025874        0.00030136
     2.6250000        0.00017621        0.00030834
     2.7500000        0.00016626        0.00020540
     2.8750000        0.00032926        0.00020171
     3.0000000        0.00051693        0.00036611
     3.1250000        0.00050361        0.00041862
     3.2500000        0.00042071        0.00047827
     3.3750000        0.00048735        0.00062446
     3.5000000        0.00046675        0.00066394
     3.6250000        0.00022205        0.00045958
     3.7500000        0.00017891        0.00034030
     3.8750000        0.00019411        0.00026706
     4.0000000        0.00000943        0.00013965
     4.1250000       -0.00011454        0.00014526
     4.2500000       -0.00017118        0.00023769
     4.3750000       -0.00011828        0.00026205
     4.5000000       -0.00011179        0.00031581
     4.6250000       -0.00006296        0.00034266
     4.7500000       -0.00006340        0.00024037
     4.8750000       -0.00006108        0.00016824
     5.0000000        0.00001352        0.00020772
