          31           4   6.0000000000000000                1
     0.0000000        0.78952932        0.03393910
     0.1000000        0.53074221        0.01214843
     0.2000000        0.38521740        0.01971802
     0.3000000        0.27615477        0.01431092
     0.4000000        0.20276092        0.01980777
     0.5000000        0.16719686        0.02065716
     0.6000000        0.12829027        0.01457752
     0.7000000        0.10117993        0.01333250
     0.8000000        0.09662422        0.01340735
     0.9000000        0.07656411        0.01557280
     1.0000000        0.07904642        0.01849500
     1.1000000        0.05584827        0.01159890
     1.2000000        0.03212381        0.01647577
     1.3000000        0.04049170        0.02057357
     1.4000000        0.03694048        0.00868290
     1.5000000        0.04239414        0.01463017
     1.6000000        0.03861126        0.01812678
     1.7000000        0.02560732        0.01655147
     1.8000000        0.02288606        0.01954471
     1.9000000        0.02510125        0.01330169
     2.0000000        0.03556308        0.01853303
     2.1000000        0.01911345        0.01188571
     2.2000000        0.02597588        0.01045707
     2.3000000        0.02595220        0.00887958
     2.4000000        0.01503571        0.01008339
     2.5000000        0.01385079        0.01093359
     2.6000000        0.01512626        0.01089622
     2.7000000        0.02660038        0.01672272
     2.8000000        0.01658057        0.02000351
     2.9000000        0.00396146        0.00685796
     3.0000000        0.02144362        0.00697647
