          21           4   5.0000000000000000                1
     0.0000000        0.75082691        0.14598705
     0.1250000        0.58072310        0.13716481
     0.2500000        0.49873159        0.05626622
     0.3750000        0.42184053        0.02190871
     0.5000000        0.23203518        0.07652846
     0.6250000        0.28874199        0.12664844
     0.7500000        0.21963434        0.06556986
     0.8750000        0.15287885        0.05394710
     1.0000000        0.22337109        0.08883515
     1.1250000        0.30468359        0.15023215
     1.2500000        0.11610295        0.05433384
     1.3750000        0.21075686        0.08351255
     1.5000000        0.17594192        0.04011353
     1.6250000        0.14865241        0.06324336
     1.7500000        0.07405966        0.03712765
     1.8750000        0.14428538        0.11339984
     2.0000000        0.05025848        0.05728326
     2.1250000       -0.03577333        0.06377245
     2.2500000        0.22895982        0.21662741
     2.3750000        0.18446738        0.19058317
     2.5000000        0.05083809        0.08124820
