          41           4   8.0000000000000000                1
     0.0000000        1.57163146        0.23435492
     0.1000000        0.83491115        0.55832017
     0.2000000        0.64645497        0.29097496
     0.3000000        0.45946642        0.35327592
     0.4000000        0.76955651        0.18848863
     0.5000000        1.14575336        0.59417443
     0.6000000        0.89765100        0.34312882
     0.7000000        0.80313962        0.21541263
     0.8000000        1.22268723        0.64035407
     0.9000000        1.06022859        0.55098761
     1.0000000        1.11095167        0.62286765
     1.1000000        0.36269353        1.15531176
     1.2000000        0.28342273        0.35860996
     1.3000000        0.52751255        0.58316704
     1.4000000        0.34764623        0.17889427
     1.5000000        0.39053824        0.23587448
     1.6000000        0.15349746        0.05180295
     1.7000000        0.10775664        0.08156394
     1.8000000        0.07998203        0.04871193
     1.9000000        0.13751977        0.10024010
     2.0000000       -0.02266130        0.06424535
     2.1000000       -0.31832821        0.37022157
     2.2000000       -0.06850713        0.06780929
     2.3000000        0.08729261        0.09614738
     2.4000000        0.00232508        0.02671413
     2.5000000       -0.00318229        0.03293131
     2.6000000       -0.00508641        0.04368476
     2.7000000       -0.02512279        0.04111462
     2.8000000       -0.03565388        0.04147478
     2.9000000       -0.04644540        0.05203537
     3.0000000       -0.05198291        0.06250417
     3.1000000       -0.06502316        0.07347166
     3.2000000       -0.06878631        0.07702868
     3.3000000       -0.07069278        0.07958762
     3.4000000       -0.06813346        0.07740263
     3.5000000       -0.07987673        0.08036681
     3.6000000       -0.08275666        0.07949863
     3.7000000       -0.08926858        0.07588170
     3.8000000       -0.09727081        0.07404148
     3.9000000       -0.08879026        0.07694716
     4.0000000       -0.09006327        0.07654273
