          51           4   10.000000000000000                1
     0.0000000        1.72478954        0.06470048
     0.1000000        1.07962745        0.04463797
     0.2000000        0.67483857        0.02817036
     0.3000000        0.45680343        0.02437560
     0.4000000        0.34391326        0.02701354
     0.5000000        0.24467012        0.02058485
     0.6000000        0.17353486        0.01566914
     0.7000000        0.12621105        0.00723782
     0.8000000        0.09658748        0.00422977
     0.9000000        0.07308594        0.00691669
     1.0000000        0.05984859        0.00689166
     1.1000000        0.04472487        0.00552142
     1.2000000        0.03414141        0.00421956
     1.3000000        0.02894667        0.00538839
     1.4000000        0.02064694        0.00453560
     1.5000000        0.01511786        0.00465029
     1.6000000        0.01730289        0.00871837
     1.7000000        0.01109887        0.00411671
     1.8000000        0.00833091        0.00203639
     1.9000000        0.00749444        0.00162973
     2.0000000        0.00570791        0.00104562
     2.1000000        0.00490529        0.00081545
     2.2000000        0.00368260        0.00088713
     2.3000000        0.00258210        0.00047706
     2.4000000        0.00212815        0.00044526
     2.5000000        0.00199890        0.00034353
     2.6000000        0.00143497        0.00047729
     2.7000000        0.00194230        0.00013582
     2.8000000        0.00169615        0.00025751
     2.9000000        0.00135187        0.00052887
     3.0000000        0.00105845        0.00036094
     3.1000000        0.00061090        0.00034125
     3.2000000        0.00052088        0.00034117
     3.3000000        0.00030224        0.00039473
     3.4000000        0.00029663        0.00018890
     3.5000000        0.00033846        0.00013242
     3.6000000        0.00044544        0.00015469
     3.7000000        0.00090901        0.00053145
     3.8000000        0.00170854        0.00156167
     3.9000000        0.00225660        0.00228708
     4.0000000        0.00117650        0.00115562
     4.1000000        0.00090412        0.00081158
     4.2000000        0.00043674        0.00034907
     4.3000000        0.00091163        0.00093642
     4.4000000        0.00047907        0.00053036
     4.5000000        0.00026177        0.00031093
     4.6000000        0.00014349        0.00027647
     4.7000000        0.00006646        0.00010077
     4.8000000        0.00015151        0.00015069
     4.9000000        0.00023295        0.00022859
     5.0000000        0.00030136        0.00023855
