          41           9   8.0000000000000000                1
     0.0000000        1.58086885        0.02477020
     0.1000000        1.03389249        0.03836022
     0.2000000        0.71535037        0.03680155
     0.3000000        0.51524290        0.02939451
     0.4000000        0.37989703        0.02153106
     0.5000000        0.30345874        0.02834484
     0.6000000        0.24628976        0.02571896
     0.7000000        0.19527194        0.02166703
     0.8000000        0.14792394        0.02033246
     0.9000000        0.12020755        0.01822747
     1.0000000        0.09075710        0.01384616
     1.1000000        0.08043747        0.00868665
     1.2000000        0.06151364        0.01848437
     1.3000000        0.04795338        0.01087817
     1.4000000        0.05164900        0.01693783
     1.5000000        0.02468237        0.01593072
     1.6000000        0.00557928        0.01868108
     1.7000000        0.01006033        0.01347409
     1.8000000        0.01703187        0.01295634
     1.9000000        0.01973673        0.00823186
     2.0000000        0.00340634        0.00769403
     2.1000000        0.00541282        0.00752953
     2.2000000       -0.00725040        0.00788227
     2.3000000       -0.00952595        0.01102548
     2.4000000        0.00599523        0.01238713
     2.5000000        0.01013488        0.01283241
     2.6000000        0.01602837        0.00929036
     2.7000000        0.01721461        0.01777412
     2.8000000        0.00499028        0.01279766
     2.9000000        0.00379063        0.01616915
     3.0000000        0.02836887        0.01337518
     3.1000000        0.04987066        0.01960323
     3.2000000        0.03815626        0.01860582
     3.3000000        0.02948735        0.01421121
     3.4000000        0.02524321        0.01211864
     3.5000000        0.02196978        0.00972321
     3.6000000        0.01991880        0.01385594
     3.7000000        0.00870054        0.01414480
     3.8000000        0.00374188        0.00993159
     3.9000000        0.02852100        0.00916909
     4.0000000        0.03790822        0.01419174
