          11           4   2.0000000000000000                1
     0.0000000        0.18590551        0.63132841
     0.1000000       -0.30939823        1.14316532
     0.2000000       -3.10205818        4.55571172
     0.3000000       -0.84789208        1.65487827
     0.4000000        0.34916810        0.29478451
     0.5000000        0.47291753        0.26714295
     0.6000000        0.91752360        0.30922029
     0.7000000        0.35680449        0.19528266
     0.8000000        0.54114020        0.14924774
     0.9000000        1.09876000        0.94413050
     1.0000000        1.70036356        0.83026957
