 0.10000000000000000E+001          1         16         21  0.10000000000000001E+000
( 0.10000000000000000E+001, 0.00000000000000000E+000)
-0.15707963267948966E+001 -0.15707963267948966E+001
( 0.69929825644575527E+000, 0.30348744810301962E-015)
( 0.59400417845737286E+000, 0.12726050954944666E-003)
( 0.51844990494429932E+000, 0.30931140068709949E-003)
( 0.46524218316532140E+000, 0.12435822291177714E-002)
( 0.43038739094202050E+000, 0.17204322335288823E-002)
( 0.40483119333671425E+000, 0.21208437837351960E-002)
( 0.38299491540764363E+000, 0.36652763568490697E-002)
( 0.36646576057121749E+000, 0.37483849954054976E-002)
( 0.35614013410370060E+000, 0.17210566186934518E-002)
( 0.34880229142103769E+000, 0.66495542627539395E-003)
( 0.34440604437170041E+000, 0.15451210659480302E-002)
( 0.34502447997399555E+000, 0.43487469779018521E-002)
( 0.35138540092392267E+000, 0.70235941862065391E-002)
( 0.36316345013614015E+000, 0.72585483722665501E-002)
( 0.38424930543127800E+000, 0.49172643748489299E-002)
( 0.41140607221923242E+000, 0.25740568468010892E-002)
( 0.44599850199148994E+000, 0.53257377434192951E-004)
( 0.48647248419629896E+000,-0.10462771310083855E-002)
( 0.53482294216525728E+000, 0.46613499132012166E-004)
( 0.60180364608589110E+000, 0.19631931991989445E-003)
( 0.69929825644575461E+000,-0.14060176174704399E-015)
-0.15707963267948966E+001  0.00000000000000000E+000
( 0.49805183760682903E+000, 0.11558089400294791E-014)
( 0.44305861796668489E+000, 0.19208330924739738E-002)
( 0.39814071102561233E+000, 0.41818002614898890E-002)
( 0.36386095469984103E+000, 0.58068560125760687E-002)
( 0.33786767297795595E+000, 0.68776547255562830E-002)
( 0.31535369301497029E+000, 0.79040872560288047E-002)
( 0.29616840863030025E+000, 0.96597205627787976E-002)
( 0.28084084875016990E+000, 0.11345140837375303E-001)
( 0.27040396836841052E+000, 0.12603075269435873E-001)
( 0.26348871344553526E+000, 0.14789490365142257E-001)
( 0.25938035116431868E+000, 0.16834502258671499E-001)
( 0.25951912545616640E+000, 0.17874533144844603E-001)
( 0.26399381781062536E+000, 0.18505847600602084E-001)
( 0.27314967171768934E+000, 0.17411504411142417E-001)
( 0.28877289205549928E+000, 0.13982790160302952E-001)
( 0.30941155832804768E+000, 0.10317618228555306E-001)
( 0.33575021371345604E+000, 0.71130401899452324E-002)
( 0.36658276321321748E+000, 0.40356369129506591E-002)
( 0.40144305774601752E+000, 0.20803500165065734E-002)
( 0.44337782315861163E+000, 0.43308078420083580E-003)
( 0.49805183760682681E+000, 0.93376433510444954E-015)
-0.15707963267948966E+001  0.15707963267948966E+001
( 0.65889570837538125E+000,-0.77715611723760958E-015)
( 0.55393102984185316E+000, 0.27471542097114998E-002)
( 0.47852258732334574E+000, 0.63215708091419742E-002)
( 0.42669222780473104E+000, 0.85924845391290861E-002)
( 0.38990177003792403E+000, 0.87021634546617932E-002)
( 0.36254531085370167E+000, 0.83310697834528824E-002)
( 0.34135456928351771E+000, 0.83251635932389823E-002)
( 0.32553418181276428E+000, 0.74284008376414024E-002)
( 0.31641669597322875E+000, 0.58490205714231136E-002)
( 0.31104547276326200E+000, 0.44597562130335167E-002)
( 0.30897766389351100E+000, 0.41369390868915001E-002)
( 0.31092755852593335E+000, 0.47474483280273150E-002)
( 0.31725933672838436E+000, 0.56082287977973211E-002)
( 0.32830465885534166E+000, 0.50667463470458474E-002)
( 0.34550840485786860E+000, 0.25548389123664084E-002)
( 0.36729767089427734E+000, 0.15711859218088264E-002)
( 0.39616706449402173E+000, 0.17592244213748831E-003)
( 0.43375543495218361E+000,-0.13109701841572674E-002)
( 0.48504779858191072E+000,-0.21341939533947585E-003)
( 0.55720969036426338E+000,-0.88194878025582568E-004)
( 0.65889570837537659E+000,-0.25535129566378600E-014)
-0.15707963267948966E+001  0.31415926535897931E+001
( 0.85443866027626125E+000,-0.35132953963997593E-015)
( 0.70393794095266871E+000,-0.23959104951787507E-002)
( 0.59870243643722199E+000,-0.12934565823011963E-002)
( 0.52120237026255500E+000, 0.36421676849816381E-003)
( 0.46717444115510487E+000,-0.77425016964740234E-003)
( 0.42843820597331961E+000,-0.42146699744174097E-003)
( 0.39632226373366075E+000, 0.16366399707926443E-002)
( 0.37300207306874111E+000, 0.26528824869026320E-002)
( 0.35809253616885406E+000, 0.14165863439188151E-002)
( 0.34701922880285729E+000,-0.68653350809490883E-003)
( 0.34137425105589880E+000, 0.16687614877195704E-003)
( 0.34324850699604781E+000, 0.44590983570653520E-002)
( 0.35350130547562286E+000, 0.82451461805181717E-002)
( 0.37213530459931787E+000, 0.88916930080093839E-002)
( 0.40298552449596037E+000, 0.70441647037592179E-002)
( 0.43911395244241458E+000, 0.58812663042519895E-002)
( 0.48506897801781013E+000, 0.55975120945352761E-002)
( 0.54111518289855320E+000, 0.50505384796731652E-002)
( 0.60948036512197779E+000, 0.41450859617030251E-002)
( 0.70795509236732324E+000, 0.25930789191511523E-002)
( 0.85443866027625948E+000, 0.16470719046853045E-014)
 0.00000000000000000E+000 -0.15707963267948966E+001
( 0.48781132044437436E+000, 0.56990124195484192E-015)
( 0.43579684156650833E+000,-0.25338891797083004E-002)
( 0.39380743361416548E+000,-0.55909890891732003E-002)
( 0.35982099460528727E+000,-0.76571278299617370E-002)
( 0.33369841078638895E+000,-0.88863205620320750E-002)
( 0.31261693436672067E+000,-0.88994318414151573E-002)
( 0.29401322431565391E+000,-0.79479835559641398E-002)
( 0.27983021902758343E+000,-0.76716540629979523E-002)
( 0.26969920574926354E+000,-0.78664845211715417E-002)
( 0.26177972387001502E+000,-0.69317031522222296E-002)
( 0.25695101047120561E+000,-0.48894290505981765E-002)
( 0.25674313935728832E+000,-0.30341015152959118E-002)
( 0.26148452731813232E+000,-0.17187296116333132E-002)
( 0.27087618281650561E+000, 0.40773479686785857E-003)
( 0.28766317258194718E+000, 0.23834499648045676E-002)
( 0.30837681637843106E+000, 0.21621559596965035E-002)
( 0.33321466122403365E+000, 0.14505991765057112E-002)
( 0.36157052382105581E+000, 0.15309676577471994E-002)
( 0.39397196752894037E+000, 0.93481354018477955E-003)
( 0.43497189907053224E+000, 0.49597545820524822E-003)
( 0.48781132044436681E+000, 0.12581203210477982E-015)
 0.00000000000000000E+000  0.00000000000000000E+000
( 0.16335713992024473E+002, 0.00000000000000000E+000)
( 0.16335713992024480E+002, 0.00000000000000000E+000)
( 0.16335713992024488E+002, 0.00000000000000000E+000)
( 0.16335713992024491E+002, 0.00000000000000000E+000)
( 0.16335713992024495E+002, 0.00000000000000000E+000)
( 0.16335713992024502E+002, 0.00000000000000000E+000)
( 0.16335713992024502E+002, 0.00000000000000000E+000)
( 0.16335713992024509E+002, 0.00000000000000000E+000)
( 0.16335713992024516E+002, 0.00000000000000000E+000)
( 0.16335713992024523E+002, 0.00000000000000000E+000)
( 0.16335713992024527E+002, 0.00000000000000000E+000)
( 0.16335713992024477E+002, 0.00000000000000000E+000)
( 0.16335713992024480E+002, 0.00000000000000000E+000)
( 0.16335713992024488E+002, 0.00000000000000000E+000)
( 0.16335713992024495E+002, 0.00000000000000000E+000)
( 0.16335713992024498E+002, 0.00000000000000000E+000)
( 0.16335713992024502E+002, 0.00000000000000000E+000)
( 0.16335713992024509E+002, 0.00000000000000000E+000)
( 0.16335713992024516E+002, 0.00000000000000000E+000)
( 0.16335713992024523E+002, 0.00000000000000000E+000)
( 0.16335713992024527E+002, 0.00000000000000000E+000)
 0.00000000000000000E+000  0.15707963267948966E+001
( 0.48781132044437436E+000,-0.56990124195484192E-015)
( 0.43579684156650833E+000, 0.25338891797083004E-002)
( 0.39380743361416548E+000, 0.55909890891732003E-002)
( 0.35982099460528727E+000, 0.76571278299617370E-002)
( 0.33369841078638895E+000, 0.88863205620320750E-002)
( 0.31261693436672067E+000, 0.88994318414151573E-002)
( 0.29401322431565391E+000, 0.79479835559641398E-002)
( 0.27983021902758343E+000, 0.76716540629979523E-002)
( 0.26969920574926354E+000, 0.78664845211715417E-002)
( 0.26177972387001502E+000, 0.69317031522222296E-002)
( 0.25695101047120561E+000, 0.48894290505981765E-002)
( 0.25674313935728832E+000, 0.30341015152959118E-002)
( 0.26148452731813232E+000, 0.17187296116333132E-002)
( 0.27087618281650561E+000,-0.40773479686785857E-003)
( 0.28766317258194718E+000,-0.23834499648045676E-002)
( 0.30837681637843106E+000,-0.21621559596965035E-002)
( 0.33321466122403365E+000,-0.14505991765057112E-002)
( 0.36157052382105581E+000,-0.15309676577471994E-002)
( 0.39397196752894037E+000,-0.93481354018477955E-003)
( 0.43497189907053224E+000,-0.49597545820524822E-003)
( 0.48781132044436681E+000,-0.12581203210477982E-015)
 0.00000000000000000E+000  0.31415926535897931E+001
( 0.65794213148850844E+000, 0.98082167165654492E-015)
( 0.55589832445833609E+000, 0.98125353900797199E-015)
( 0.48272626246667394E+000, 0.98228964859928999E-015)
( 0.42802556340533393E+000, 0.98335536419267493E-015)
( 0.39019385555195274E+000, 0.98438846675664265E-015)
( 0.36374368314528893E+000, 0.98535220273840493E-015)
( 0.34233287751216668E+000, 0.98620294759601383E-015)
( 0.32866877123229987E+000, 0.98706933899499732E-015)
( 0.31980947717431174E+000, 0.98779141483749580E-015)
( 0.31155621662397193E+000, 0.98814142749401517E-015)
( 0.30892825841840810E+000, 0.98832175186041025E-015)
( 0.31103558654142160E+000, 0.98824903326911888E-015)
( 0.31681318641297673E+000, 0.98786107007046485E-015)
( 0.32893622204503015E+000, 0.98719282904198745E-015)
( 0.34889130766623433E+000, 0.98611695697462287E-015)
( 0.37152808965606809E+000, 0.98499347104706378E-015)
( 0.40198000353969521E+000, 0.98390349484524505E-015)
( 0.44158698601505297E+000, 0.98284628912388089E-015)
( 0.49138664909934215E+000, 0.98200061441434658E-015)
( 0.56041202730529904E+000, 0.98125989851081689E-015)
( 0.65794213148850711E+000, 0.98082167165654906E-015)
 0.15707963267948966E+001 -0.15707963267948966E+001
( 0.65889570837538125E+000, 0.77715611723760958E-015)
( 0.55393102984185316E+000,-0.27471542097114998E-002)
( 0.47852258732334574E+000,-0.63215708091419742E-002)
( 0.42669222780473104E+000,-0.85924845391290861E-002)
( 0.38990177003792403E+000,-0.87021634546617932E-002)
( 0.36254531085370167E+000,-0.83310697834528824E-002)
( 0.34135456928351771E+000,-0.83251635932389823E-002)
( 0.32553418181276428E+000,-0.74284008376414024E-002)
( 0.31641669597322875E+000,-0.58490205714231136E-002)
( 0.31104547276326200E+000,-0.44597562130335167E-002)
( 0.30897766389351100E+000,-0.41369390868915001E-002)
( 0.31092755852593335E+000,-0.47474483280273150E-002)
( 0.31725933672838436E+000,-0.56082287977973211E-002)
( 0.32830465885534166E+000,-0.50667463470458474E-002)
( 0.34550840485786860E+000,-0.25548389123664084E-002)
( 0.36729767089427734E+000,-0.15711859218088264E-002)
( 0.39616706449402173E+000,-0.17592244213748831E-003)
( 0.43375543495218361E+000, 0.13109701841572674E-002)
( 0.48504779858191072E+000, 0.21341939533947585E-003)
( 0.55720969036426338E+000, 0.88194878025582568E-004)
( 0.65889570837537659E+000, 0.25535129566378600E-014)
 0.15707963267948966E+001  0.00000000000000000E+000
( 0.49805183760682903E+000,-0.11558089400294791E-014)
( 0.44305861796668489E+000,-0.19208330924739738E-002)
( 0.39814071102561233E+000,-0.41818002614898890E-002)
( 0.36386095469984103E+000,-0.58068560125760687E-002)
( 0.33786767297795595E+000,-0.68776547255562830E-002)
( 0.31535369301497029E+000,-0.79040872560288047E-002)
( 0.29616840863030025E+000,-0.96597205627787976E-002)
( 0.28084084875016990E+000,-0.11345140837375303E-001)
( 0.27040396836841052E+000,-0.12603075269435873E-001)
( 0.26348871344553526E+000,-0.14789490365142257E-001)
( 0.25938035116431868E+000,-0.16834502258671499E-001)
( 0.25951912545616640E+000,-0.17874533144844603E-001)
( 0.26399381781062536E+000,-0.18505847600602084E-001)
( 0.27314967171768934E+000,-0.17411504411142417E-001)
( 0.28877289205549928E+000,-0.13982790160302952E-001)
( 0.30941155832804768E+000,-0.10317618228555306E-001)
( 0.33575021371345604E+000,-0.71130401899452324E-002)
( 0.36658276321321748E+000,-0.40356369129506591E-002)
( 0.40144305774601752E+000,-0.20803500165065734E-002)
( 0.44337782315861163E+000,-0.43308078420083580E-003)
( 0.49805183760682681E+000,-0.93376433510444954E-015)
 0.15707963267948966E+001  0.15707963267948966E+001
( 0.69929825644575527E+000,-0.30348744810301962E-015)
( 0.59400417845737286E+000,-0.12726050954944666E-003)
( 0.51844990494429932E+000,-0.30931140068709949E-003)
( 0.46524218316532140E+000,-0.12435822291177714E-002)
( 0.43038739094202050E+000,-0.17204322335288823E-002)
( 0.40483119333671425E+000,-0.21208437837351960E-002)
( 0.38299491540764363E+000,-0.36652763568490697E-002)
( 0.36646576057121749E+000,-0.37483849954054976E-002)
( 0.35614013410370060E+000,-0.17210566186934518E-002)
( 0.34880229142103769E+000,-0.66495542627539395E-003)
( 0.34440604437170041E+000,-0.15451210659480302E-002)
( 0.34502447997399555E+000,-0.43487469779018521E-002)
( 0.35138540092392267E+000,-0.70235941862065391E-002)
( 0.36316345013614015E+000,-0.72585483722665501E-002)
( 0.38424930543127800E+000,-0.49172643748489299E-002)
( 0.41140607221923242E+000,-0.25740568468010892E-002)
( 0.44599850199148994E+000,-0.53257377434192951E-004)
( 0.48647248419629896E+000, 0.10462771310083855E-002)
( 0.53482294216525728E+000,-0.46613499132012166E-004)
( 0.60180364608589110E+000,-0.19631931991989445E-003)
( 0.69929825644575461E+000, 0.14060176174704399E-015)
 0.15707963267948966E+001  0.31415926535897931E+001
( 0.85443866027626125E+000, 0.29217062107092129E-015)
( 0.70393794095266915E+000, 0.23959104951786917E-002)
( 0.59870243643722199E+000, 0.12934565823011373E-002)
( 0.52120237026255500E+000,-0.36421676849822333E-003)
( 0.46717444115510487E+000, 0.77425016964734173E-003)
( 0.42843820597331961E+000, 0.42146699744167906E-003)
( 0.39632226373366075E+000,-0.16366399707927074E-002)
( 0.37300207306874111E+000,-0.26528824869026962E-002)
( 0.35809253616885406E+000,-0.14165863439188798E-002)
( 0.34701922880285729E+000, 0.68653350809484389E-003)
( 0.34137425105589880E+000,-0.16687614877202220E-003)
( 0.34324850699604781E+000,-0.44590983570654170E-002)
( 0.35350130547562286E+000,-0.82451461805182358E-002)
( 0.37213530459931787E+000,-0.88916930080094481E-002)
( 0.40298552449596081E+000,-0.70441647037592812E-002)
( 0.43911395244241458E+000,-0.58812663042520519E-002)
( 0.48506897801781013E+000,-0.55975120945353368E-002)
( 0.54111518289855320E+000,-0.50505384796732250E-002)
( 0.60948036512197801E+000,-0.41450859617030850E-002)
( 0.70795509236732324E+000,-0.25930789191512117E-002)
( 0.85443866027625948E+000,-0.17062308232543616E-014)
 0.31415926535897931E+001 -0.15707963267948966E+001
( 0.83353649193175516E+000,-0.23683433456729496E-015)
( 0.68035094533016149E+000,-0.19868999050466713E-003)
( 0.57689724557793642E+000,-0.95409583112728100E-003)
( 0.50788020982345294E+000,-0.93065452653519440E-003)
( 0.45915632113165605E+000,-0.76122768080823364E-003)
( 0.42107933670749897E+000,-0.18832721661592598E-002)
( 0.38990898921474804E+000,-0.31917923302772367E-002)
( 0.36673465885893974E+000,-0.29167846558219184E-002)
( 0.35503125803713353E+000,-0.14369921364737631E-002)
( 0.34828191413408538E+000, 0.25478191223503427E-002)
( 0.34418067848169076E+000, 0.60961946350594877E-002)
( 0.34578750383343171E+000, 0.73600987366014671E-002)
( 0.35374892399136115E+000, 0.61487886411439709E-002)
( 0.36868173071327903E+000, 0.43188354102961903E-002)
( 0.39447222050774178E+000, 0.48446595810308479E-002)
( 0.42771685172000340E+000, 0.54887571662184231E-002)
( 0.47089628479305801E+000, 0.51884881492588585E-002)
( 0.52486371326829362E+000, 0.30127645094954873E-002)
( 0.59274115562973928E+000, 0.60269081458651122E-003)
( 0.68789883084606540E+000,-0.12870259295784492E-003)
( 0.83353649193175028E+000,-0.29013695936676712E-014)
 0.31415926535897931E+001  0.00000000000000000E+000
( 0.65439303485975853E+000, 0.97935025050877030E-015)
( 0.54913603669669786E+000, 0.97940461104522991E-015)
( 0.47436672784227940E+000, 0.98005027978240610E-015)
( 0.42387739911967115E+000, 0.98095774749543494E-015)
( 0.38873406810783706E+000, 0.98185796300804981E-015)
( 0.36198284481889031E+000, 0.98285138862782135E-015)
( 0.34244947827282046E+000, 0.98378983152724377E-015)
( 0.32810722591717256E+000, 0.98458230211539293E-015)
( 0.32028378509039923E+000, 0.98522735120473627E-015)
( 0.31612369307558530E+000, 0.98555173489203383E-015)
( 0.31409043316221785E+000, 0.98567992117457729E-015)
( 0.31613898611669222E+000, 0.98566099686669511E-015)
( 0.32212082969662803E+000, 0.98540197365669830E-015)
( 0.33077699012727080E+000, 0.98494476028525261E-015)
( 0.34483485759502097E+000, 0.98431216012045494E-015)
( 0.36458348564564791E+000, 0.98344276127546182E-015)
( 0.39320311170078759E+000, 0.98236210057012503E-015)
( 0.43257782711728554E+000, 0.98137408143207508E-015)
( 0.48518276545022054E+000, 0.98056550367173583E-015)
( 0.55382559533020848E+000, 0.97983486944229831E-015)
( 0.65439303485975364E+000, 0.97935025050877346E-015)
 0.31415926535897931E+001  0.15707963267948966E+001
( 0.83353649193175516E+000, 0.17767541599824031E-015)
( 0.68035094533016149E+000, 0.19868999050460826E-003)
( 0.57689724557793665E+000, 0.95409583112722202E-003)
( 0.50788020982345294E+000, 0.93065452653513499E-003)
( 0.45915632113165583E+000, 0.76122768080817325E-003)
( 0.42107933670749875E+000, 0.18832721661591982E-002)
( 0.38990898921474804E+000, 0.31917923302771743E-002)
( 0.36673465885893952E+000, 0.29167846558218547E-002)
( 0.35503125803713353E+000, 0.14369921364736987E-002)
( 0.34828191413408516E+000,-0.25478191223504074E-002)
( 0.34418067848169076E+000,-0.60961946350595536E-002)
( 0.34578750383343171E+000,-0.73600987366015331E-002)
( 0.35374892399136115E+000,-0.61487886411440359E-002)
( 0.36868173071327903E+000,-0.43188354102962553E-002)
( 0.39447222050774156E+000,-0.48446595810309112E-002)
( 0.42771685172000340E+000,-0.54887571662184855E-002)
( 0.47089628479305801E+000,-0.51884881492589201E-002)
( 0.52486371326829340E+000,-0.30127645094955480E-002)
( 0.59274115562973906E+000,-0.60269081458657117E-003)
( 0.68789883084606518E+000, 0.12870259295778537E-003)
( 0.83353649193175028E+000, 0.28422106750986147E-014)
 0.31415926535897931E+001  0.31415926535897931E+001
( 0.14205708110238340E+001, 0.47609765992914315E-016)
( 0.12177923140425739E+001, 0.47591637158499798E-016)
( 0.10780612773239819E+001, 0.46935279630414713E-016)
( 0.98179200404660316E+000, 0.46441955173100206E-016)
( 0.92092238946946969E+000, 0.47221286581365925E-016)
( 0.87710191187392306E+000, 0.48098293564223695E-016)
( 0.83649808143322624E+000, 0.48277188302878452E-016)
( 0.80715068189341177E+000, 0.48504077632282463E-016)
( 0.79369573323361176E+000, 0.49064123951394710E-016)
( 0.78464804037612867E+000, 0.49148207064418172E-016)
( 0.77946069764340242E+000, 0.48882027197059907E-016)
( 0.78144572686506597E+000, 0.48272858752002988E-016)
( 0.79117532257653100E+000, 0.47638535928576246E-016)
( 0.80941359251010614E+000, 0.47178615968294874E-016)
( 0.84810715229885347E+000, 0.47225278780270705E-016)
( 0.89419114924463272E+000, 0.47032083843344152E-016)
( 0.95250883337641368E+000, 0.46946728249009034E-016)
( 0.10232673045620126E+001, 0.47309025802329178E-016)
( 0.11073139599538884E+001, 0.47593371365857077E-016)
( 0.12312960893857079E+001, 0.47773055397360605E-016)
( 0.14205708110238304E+001, 0.47609765992914413E-016)
 0.10000000000000000E+001          1         16         21  0.10000000000000001E+000
( 0.10000000000000009E+001, 0.00000000000000000E+000)
-0.15707963267948966E+001 -0.15707963267948966E+001
( 0.69013156286887756E+000, 0.77414745671803259E-016)
( 0.58759684839550164E+000,-0.16646410839766736E-001)
( 0.52097950823989492E+000,-0.40685969527054201E-001)
( 0.45895749585227708E+000,-0.55715728767757135E-001)
( 0.39163946444153586E+000,-0.55602883940338112E-001)
( 0.34709361455706833E+000,-0.50400336680980685E-001)
( 0.31668543378222569E+000,-0.42089628851312767E-001)
( 0.29721044596713464E+000,-0.40332014929141444E-001)
( 0.28318750132006143E+000,-0.42919779871584060E-001)
( 0.27536229138284096E+000,-0.40832942806624792E-001)
( 0.27974734459009476E+000,-0.30663010560690804E-001)
( 0.28609067990596759E+000,-0.18312978172251460E-001)
( 0.28242584240145552E+000, 0.73508937433364239E-004)
( 0.26788157914371225E+000, 0.15686013214282826E-001)
( 0.25469656321296719E+000, 0.24263020462103005E-001)
( 0.27719989617072027E+000, 0.35002965407452027E-001)
( 0.32315069448354072E+000, 0.40268519269591810E-001)
( 0.38396702314243347E+000, 0.41223855746026349E-001)
( 0.46696614400209013E+000, 0.30815966312639793E-001)
( 0.56159400244976565E+000, 0.14239105716946386E-001)
( 0.69013156286887467E+000, 0.63252625798438054E-015)
-0.15707963267948966E+001  0.00000000000000000E+000
( 0.56540460666519432E+000, 0.11602298779523399E-014)
( 0.50333169734193284E+000,-0.15127601911390563E-002)
( 0.45070830366783232E+000,-0.94061403227012098E-002)
( 0.38909544683168584E+000,-0.17705155492611816E-001)
( 0.32630508252972379E+000,-0.14732366034943710E-001)
( 0.28969448310242973E+000,-0.34009788312364115E-002)
( 0.25727440224026865E+000, 0.92396844614053859E-002)
( 0.22588677137204360E+000, 0.16827601747303748E-001)
( 0.20404715444882338E+000, 0.22252900101680521E-001)
( 0.18899540879742105E+000, 0.29281623105050506E-001)
( 0.19042329167377936E+000, 0.32539541073776941E-001)
( 0.20163083184149166E+000, 0.24048008090623189E-001)
( 0.20932148708889464E+000, 0.15796323851486275E-001)
( 0.21106071787168568E+000, 0.13368899596310661E-001)
( 0.21516320012517198E+000, 0.14251333064817137E-001)
( 0.24956861501946959E+000, 0.15701884613806907E-001)
( 0.29501920541573323E+000, 0.13602802771959530E-001)
( 0.35255570547420167E+000, 0.14011104248823630E-001)
( 0.42333691328203882E+000, 0.10454025366917252E-001)
( 0.48902062416953562E+000, 0.33778774474664775E-002)
( 0.56540460666519210E+000, 0.27205145825221628E-015)
-0.15707963267948966E+001  0.15707963267948966E+001
( 0.68168581912595205E+000, 0.22204460492503131E-015)
( 0.57742596287186099E+000, 0.91815401207306913E-002)
( 0.51140730688836855E+000, 0.19018548593817908E-001)
( 0.44386458030310860E+000, 0.12526167953919365E-001)
( 0.37061818612326891E+000, 0.54270533259402898E-002)
( 0.32294442650250565E+000, 0.74134151267297721E-002)
( 0.28996479676306541E+000, 0.10454998434681451E-001)
( 0.26563154986057613E+000, 0.11759398361395168E-001)
( 0.24451680450897095E+000, 0.64771536158770848E-002)
( 0.22882468245567411E+000, 0.74983306584996967E-003)
( 0.23235993284982737E+000,-0.47061592193747837E-002)
( 0.25068290443893670E+000,-0.16995365757579761E-001)
( 0.26455904851106982E+000,-0.24936162674189633E-001)
( 0.26805559991749872E+000,-0.25299226391569452E-001)
( 0.26875832790980947E+000,-0.28939892316191429E-001)
( 0.29362748960939078E+000,-0.33659042355000945E-001)
( 0.33362708186933909E+000,-0.23780091342663678E-001)
( 0.38933450770610156E+000,-0.93453999747891148E-002)
( 0.46781393650274428E+000,-0.45015500722976887E-002)
( 0.55706111453911689E+000,-0.39610308225525026E-002)
( 0.68168581912595050E+000, 0.22204460492503131E-014)
-0.15707963267948966E+001  0.31415926535897931E+001
( 0.75142880923427646E+000, 0.16671806696275824E-016)
( 0.61658654872236252E+000,-0.53968194935354154E-002)
( 0.53151615688962872E+000,-0.13134048620938124E-001)
( 0.45933834971537846E+000,-0.23065982941908408E-001)
( 0.38305059278793308E+000,-0.27748164157957764E-001)
( 0.32704673336308865E+000,-0.27886052728176226E-001)
( 0.28632351640714870E+000,-0.27543625510204384E-001)
( 0.25559688709899264E+000,-0.31496760164409610E-001)
( 0.22477693135442256E+000,-0.37291276578396371E-001)
( 0.19585834969953897E+000,-0.42268780016994856E-001)
( 0.18388032700062040E+000,-0.39432979254971239E-001)
( 0.18067591775498704E+000,-0.29762624002794162E-001)
( 0.17463218325043761E+000,-0.17514769923230745E-001)
( 0.17366959204589638E+000,-0.10008831125677176E-001)
( 0.17037597960796713E+000,-0.95357017279988736E-002)
( 0.19181764302756932E+000,-0.10320266060561887E-001)
( 0.24957832224120202E+000,-0.40073871066776704E-002)
( 0.32610315818797297E+000, 0.16892510344475270E-002)
( 0.42557698916613829E+000, 0.15119098106882926E-002)
( 0.55663591251458211E+000, 0.19168788650765379E-002)
( 0.75142880923427668E+000,-0.12045735203913972E-014)
 0.00000000000000000E+000 -0.15707963267948966E+001
( 0.63191959509835116E+000, 0.23884838332038751E-015)
( 0.58121392932087046E+000,-0.30788072219598392E-002)
( 0.54409103204911324E+000,-0.96653313838976733E-002)
( 0.49561924441307670E+000,-0.95407762624044427E-002)
( 0.43521030251484860E+000,-0.76236148068050498E-002)
( 0.38863636270157520E+000,-0.12117215051315005E-001)
( 0.35312770533998195E+000,-0.12339903080531881E-001)
( 0.32618501030363345E+000,-0.99751715649072179E-002)
( 0.30871450652258847E+000,-0.61386667648949201E-002)
( 0.29626854337423825E+000,-0.33888091674566319E-002)
( 0.28738217054582482E+000,-0.19949317733958037E-002)
( 0.28768395074234721E+000,-0.25279811374582018E-002)
( 0.30137430979839519E+000,-0.10399285688562387E-001)
( 0.32433926853197348E+000,-0.17346632186327017E-001)
( 0.35740178189650207E+000,-0.16653409668057596E-001)
( 0.40424059122143996E+000,-0.85744310471108434E-002)
( 0.44598014424141508E+000,-0.23234362980377537E-002)
( 0.48313102329196034E+000,-0.28414373272267293E-002)
( 0.52386186123549461E+000,-0.33649827019830254E-002)
( 0.56991337011185483E+000,-0.11123011999985934E-002)
( 0.63191959509834761E+000,-0.53830773391722163E-015)
 0.00000000000000000E+000  0.00000000000000000E+000
( 0.16370987969195347E+002, 0.00000000000000000E+000)
( 0.16370987969195351E+002, 0.00000000000000000E+000)
( 0.16370987969195355E+002, 0.00000000000000000E+000)
( 0.16370987969195362E+002, 0.00000000000000000E+000)
( 0.16370987969195365E+002, 0.00000000000000000E+000)
( 0.16370987969195372E+002, 0.00000000000000000E+000)
( 0.16370987969195379E+002, 0.00000000000000000E+000)
( 0.16370987969195383E+002, 0.00000000000000000E+000)
( 0.16370987969195387E+002, 0.00000000000000000E+000)
( 0.16370987969195394E+002, 0.00000000000000000E+000)
( 0.16370987969195397E+002, 0.00000000000000000E+000)
( 0.16370987969195358E+002, 0.00000000000000000E+000)
( 0.16370987969195358E+002, 0.00000000000000000E+000)
( 0.16370987969195358E+002, 0.00000000000000000E+000)
( 0.16370987969195362E+002, 0.00000000000000000E+000)
( 0.16370987969195369E+002, 0.00000000000000000E+000)
( 0.16370987969195376E+002, 0.00000000000000000E+000)
( 0.16370987969195379E+002, 0.00000000000000000E+000)
( 0.16370987969195390E+002, 0.00000000000000000E+000)
( 0.16370987969195401E+002, 0.00000000000000000E+000)
( 0.16370987969195397E+002, 0.00000000000000000E+000)
 0.00000000000000000E+000  0.15707963267948966E+001
( 0.63191959509835116E+000,-0.23884838332038751E-015)
( 0.58121392932087046E+000, 0.30788072219598392E-002)
( 0.54409103204911324E+000, 0.96653313838976733E-002)
( 0.49561924441307670E+000, 0.95407762624044427E-002)
( 0.43521030251484860E+000, 0.76236148068050498E-002)
( 0.38863636270157520E+000, 0.12117215051315005E-001)
( 0.35312770533998195E+000, 0.12339903080531881E-001)
( 0.32618501030363345E+000, 0.99751715649072179E-002)
( 0.30871450652258847E+000, 0.61386667648949201E-002)
( 0.29626854337423825E+000, 0.33888091674566319E-002)
( 0.28738217054582482E+000, 0.19949317733958037E-002)
( 0.28768395074234721E+000, 0.25279811374582018E-002)
( 0.30137430979839519E+000, 0.10399285688562387E-001)
( 0.32433926853197348E+000, 0.17346632186327017E-001)
( 0.35740178189650207E+000, 0.16653409668057596E-001)
( 0.40424059122143996E+000, 0.85744310471108434E-002)
( 0.44598014424141508E+000, 0.23234362980377537E-002)
( 0.48313102329196034E+000, 0.28414373272267293E-002)
( 0.52386186123549461E+000, 0.33649827019830254E-002)
( 0.56991337011185483E+000, 0.11123011999985934E-002)
( 0.63191959509834761E+000, 0.53830773391722163E-015)
 0.00000000000000000E+000  0.31415926535897931E+001
( 0.86580202284001062E+000, 0.97806115362049285E-015)
( 0.77957308235455913E+000, 0.97936785209278366E-015)
( 0.73825538652308176E+000, 0.98219073320051179E-015)
( 0.66753352383898990E+000, 0.98378109641687799E-015)
( 0.56513873720552610E+000, 0.98467440120142538E-015)
( 0.48956310745795650E+000, 0.98630069849543986E-015)
( 0.44161259168478539E+000, 0.98774040398869479E-015)
( 0.40751854817744859E+000, 0.98866267836165412E-015)
( 0.38403061193648413E+000, 0.98889414038602063E-015)
( 0.36690869592709952E+000, 0.98903315586692465E-015)
( 0.36316038595489397E+000, 0.98972120413157204E-015)
( 0.37977720198165865E+000, 0.99076701296410627E-015)
( 0.40391034548240479E+000, 0.99153211316382939E-015)
( 0.42552182460007260E+000, 0.99089384284468716E-015)
( 0.46430189462508265E+000, 0.98913455188585594E-015)
( 0.53354006029295464E+000, 0.98664867746163810E-015)
( 0.58681901349996624E+000, 0.98403392536551359E-015)
( 0.63417629152170774E+000, 0.98244748863155616E-015)
( 0.69055822235479503E+000, 0.98097591297310706E-015)
( 0.75646428392045317E+000, 0.97909593812692277E-015)
( 0.86580202284000929E+000, 0.97806115362049660E-015)
 0.15707963267948966E+001 -0.15707963267948966E+001
( 0.68168581912595205E+000,-0.22204460492503131E-015)
( 0.57742596287186099E+000,-0.91815401207306913E-002)
( 0.51140730688836855E+000,-0.19018548593817908E-001)
( 0.44386458030310860E+000,-0.12526167953919365E-001)
( 0.37061818612326891E+000,-0.54270533259402898E-002)
( 0.32294442650250565E+000,-0.74134151267297721E-002)
( 0.28996479676306541E+000,-0.10454998434681451E-001)
( 0.26563154986057613E+000,-0.11759398361395168E-001)
( 0.24451680450897095E+000,-0.64771536158770848E-002)
( 0.22882468245567411E+000,-0.74983306584996967E-003)
( 0.23235993284982737E+000, 0.47061592193747837E-002)
( 0.25068290443893670E+000, 0.16995365757579761E-001)
( 0.26455904851106982E+000, 0.24936162674189633E-001)
( 0.26805559991749872E+000, 0.25299226391569452E-001)
( 0.26875832790980947E+000, 0.28939892316191429E-001)
( 0.29362748960939078E+000, 0.33659042355000945E-001)
( 0.33362708186933909E+000, 0.23780091342663678E-001)
( 0.38933450770610156E+000, 0.93453999747891148E-002)
( 0.46781393650274428E+000, 0.45015500722976887E-002)
( 0.55706111453911689E+000, 0.39610308225525026E-002)
( 0.68168581912595050E+000,-0.22204460492503131E-014)
 0.15707963267948966E+001  0.00000000000000000E+000
( 0.56540460666519432E+000,-0.11602298779523399E-014)
( 0.50333169734193284E+000, 0.15127601911390563E-002)
( 0.45070830366783232E+000, 0.94061403227012098E-002)
( 0.38909544683168584E+000, 0.17705155492611816E-001)
( 0.32630508252972379E+000, 0.14732366034943710E-001)
( 0.28969448310242973E+000, 0.34009788312364115E-002)
( 0.25727440224026865E+000,-0.92396844614053859E-002)
( 0.22588677137204360E+000,-0.16827601747303748E-001)
( 0.20404715444882338E+000,-0.22252900101680521E-001)
( 0.18899540879742105E+000,-0.29281623105050506E-001)
( 0.19042329167377936E+000,-0.32539541073776941E-001)
( 0.20163083184149166E+000,-0.24048008090623189E-001)
( 0.20932148708889464E+000,-0.15796323851486275E-001)
( 0.21106071787168568E+000,-0.13368899596310661E-001)
( 0.21516320012517198E+000,-0.14251333064817137E-001)
( 0.24956861501946959E+000,-0.15701884613806907E-001)
( 0.29501920541573323E+000,-0.13602802771959530E-001)
( 0.35255570547420167E+000,-0.14011104248823630E-001)
( 0.42333691328203882E+000,-0.10454025366917252E-001)
( 0.48902062416953562E+000,-0.33778774474664775E-002)
( 0.56540460666519210E+000,-0.27205145825221628E-015)
 0.15707963267948966E+001  0.15707963267948966E+001
( 0.69013156286887756E+000,-0.77414745671803259E-016)
( 0.58759684839550164E+000, 0.16646410839766736E-001)
( 0.52097950823989492E+000, 0.40685969527054201E-001)
( 0.45895749585227708E+000, 0.55715728767757135E-001)
( 0.39163946444153586E+000, 0.55602883940338112E-001)
( 0.34709361455706833E+000, 0.50400336680980685E-001)
( 0.31668543378222569E+000, 0.42089628851312767E-001)
( 0.29721044596713464E+000, 0.40332014929141444E-001)
( 0.28318750132006143E+000, 0.42919779871584060E-001)
( 0.27536229138284096E+000, 0.40832942806624792E-001)
( 0.27974734459009476E+000, 0.30663010560690804E-001)
( 0.28609067990596759E+000, 0.18312978172251460E-001)
( 0.28242584240145552E+000,-0.73508937433364239E-004)
( 0.26788157914371225E+000,-0.15686013214282826E-001)
( 0.25469656321296719E+000,-0.24263020462103005E-001)
( 0.27719989617072027E+000,-0.35002965407452027E-001)
( 0.32315069448354072E+000,-0.40268519269591810E-001)
( 0.38396702314243347E+000,-0.41223855746026349E-001)
( 0.46696614400209013E+000,-0.30815966312639793E-001)
( 0.56159400244976565E+000,-0.14239105716946386E-001)
( 0.69013156286887467E+000,-0.63252625798438054E-015)
 0.15707963267948966E+001  0.31415926535897931E+001
( 0.75142880923427646E+000,-0.83886920277700565E-016)
( 0.61658654872236252E+000, 0.53968194935355715E-002)
( 0.53151615688962872E+000, 0.13134048620938057E-001)
( 0.45933834971537868E+000, 0.23065982941908338E-001)
( 0.38305059278793308E+000, 0.27748164157957916E-001)
( 0.32704673336308865E+000, 0.27886052728176378E-001)
( 0.28632351640714915E+000, 0.27543625510204540E-001)
( 0.25559688709899264E+000, 0.31496760164409533E-001)
( 0.22477693135442256E+000, 0.37291276578396287E-001)
( 0.19585834969953897E+000, 0.42268780016994772E-001)
( 0.18388032700062062E+000, 0.39432979254971377E-001)
( 0.18067591775498704E+000, 0.29762624002794297E-001)
( 0.17463218325043783E+000, 0.17514769923230880E-001)
( 0.17366959204589638E+000, 0.10008831125677088E-001)
( 0.17037597960796713E+000, 0.95357017279987868E-002)
( 0.19181764302756954E+000, 0.10320266060561800E-001)
( 0.24957832224120202E+000, 0.40073871066778101E-002)
( 0.32610315818797297E+000,-0.16892510344476048E-002)
( 0.42557698916613851E+000,-0.15119098106883674E-002)
( 0.55663591251458211E+000,-0.19168788650763869E-002)
( 0.75142880923427668E+000, 0.11373584068099706E-014)
 0.31415926535897931E+001 -0.15707963267948966E+001
( 0.12799898894646990E+001, 0.42728543145470642E-015)
( 0.11233844853878978E+001,-0.89750880543315766E-002)
( 0.10392583482668516E+001,-0.19750825027883740E-001)
( 0.97901515547239049E+000,-0.14306698170637473E-001)
( 0.85045069931447470E+000, 0.53024825931117054E-002)
( 0.73173136869012501E+000, 0.24626158928191182E-001)
( 0.65123448503769765E+000, 0.26455977490034015E-001)
( 0.59300949653886836E+000, 0.20556710121440981E-001)
( 0.55870911629325670E+000, 0.26545911535659529E-001)
( 0.55308872691425082E+000, 0.32365449461401942E-001)
( 0.56672103175086397E+000, 0.32836490079678683E-001)
( 0.58766329349016733E+000, 0.27830990981382843E-001)
( 0.62099604349966175E+000, 0.15592769365898795E-001)
( 0.71289809983454333E+000, 0.11069872762763257E-001)
( 0.87065860882844182E+000, 0.36844736331612463E-002)
( 0.10288556040465062E+001,-0.38489927237267611E-002)
( 0.10710543126334915E+001, 0.66297392876768302E-002)
( 0.10735951552266931E+001, 0.94921708476180897E-002)
( 0.10666616740653725E+001, 0.50355077552555012E-002)
( 0.10963069737169557E+001, 0.20593918287930939E-002)
( 0.12799898894646933E+001,-0.16821383153330915E-014)
 0.31415926535897931E+001  0.00000000000000000E+000
( 0.89822338657332768E+000, 0.98819212635449173E-015)
( 0.78350592080542580E+000, 0.98895470615578947E-015)
( 0.71670489087242328E+000, 0.99227549011501281E-015)
( 0.68280667216026614E+000, 0.99876155789034277E-015)
( 0.60691974395105219E+000, 0.10014403638604980E-014)
( 0.52343304930025214E+000, 0.99942408882518222E-015)
( 0.47673652412926459E+000, 0.99898703136263596E-015)
( 0.44127245928645287E+000, 0.99973010799383280E-015)
( 0.41729617995196844E+000, 0.10002721585762634E-014)
( 0.41548441706464878E+000, 0.10011437569957653E-014)
( 0.43098617275787565E+000, 0.10015191206696716E-014)
( 0.45951821859134023E+000, 0.10029335896493198E-014)
( 0.49095324577214128E+000, 0.10049271361561193E-014)
( 0.55836769667197184E+000, 0.10091393601249723E-014)
( 0.68631847638948507E+000, 0.10163636096581496E-014)
( 0.81400841009539637E+000, 0.10197912736344537E-014)
( 0.83109102261500323E+000, 0.10155282533526771E-014)
( 0.80827834661366960E+000, 0.10070351882476792E-014)
( 0.78689565034815123E+000, 0.99749329428928303E-015)
( 0.78364111313293339E+000, 0.99011665492065303E-015)
( 0.89822338657332912E+000, 0.98819212635449508E-015)
 0.31415926535897931E+001  0.15707963267948966E+001
( 0.12799898894646990E+001,-0.27245594011109985E-015)
( 0.11233844853878978E+001, 0.89750880543317309E-002)
( 0.10392583482668516E+001, 0.19750825027883893E-001)
( 0.97901515547239049E+000, 0.14306698170637623E-001)
( 0.85045069931447470E+000,-0.53024825931115554E-002)
( 0.73173136869012501E+000,-0.24626158928191033E-001)
( 0.65123448503769765E+000,-0.26455977490033866E-001)
( 0.59300949653886836E+000,-0.20556710121440839E-001)
( 0.55870911629325670E+000,-0.26545911535659387E-001)
( 0.55308872691425082E+000,-0.32365449461401803E-001)
( 0.56672103175086397E+000,-0.32836490079678544E-001)
( 0.58766329349016710E+000,-0.27830990981382708E-001)
( 0.62099604349966175E+000,-0.15592769365898661E-001)
( 0.71289809983454311E+000,-0.11069872762763120E-001)
( 0.87065860882844182E+000,-0.36844736331611075E-002)
( 0.10288556040465062E+001, 0.38489927237269016E-002)
( 0.10710543126334915E+001,-0.66297392876766871E-002)
( 0.10735951552266931E+001,-0.94921708476179440E-002)
( 0.10666616740653729E+001,-0.50355077552553520E-002)
( 0.10963069737169557E+001,-0.20593918287929417E-002)
( 0.12799898894646933E+001, 0.18369678066766962E-014)
 0.31415926535897931E+001  0.31415926535897931E+001
( 0.22793042348931767E+001, 0.13837262640814742E-015)
( 0.20830889167681308E+001, 0.13949085763204720E-015)
( 0.20423034094700663E+001, 0.15086349419269628E-015)
( 0.19845144577880636E+001, 0.15414674961165023E-015)
( 0.17794626443936497E+001, 0.14137766883056544E-015)
( 0.16269858832600554E+001, 0.13201273094745459E-015)
( 0.15221179002984679E+001, 0.12795380462982282E-015)
( 0.14621335159240685E+001, 0.12844863312298544E-015)
( 0.14525965490768384E+001, 0.13232544561349639E-015)
( 0.14943177276607287E+001, 0.14040214747989562E-015)
( 0.15615229917606501E+001, 0.14874454721688921E-015)
( 0.16217851115657160E+001, 0.15614555834416833E-015)
( 0.16548937631361009E+001, 0.16025964769349400E-015)
( 0.17215008934370113E+001, 0.16236574480137034E-015)
( 0.18842296920553956E+001, 0.17443336496595019E-015)
( 0.20649276266433332E+001, 0.18764012215005993E-015)
( 0.20931790372661903E+001, 0.18111045172804055E-015)
( 0.20732715213569151E+001, 0.16944447083339741E-015)
( 0.20480795099258877E+001, 0.15773700178215706E-015)
( 0.20658273334631154E+001, 0.14438106619675825E-015)
( 0.22793042348931758E+001, 0.13837262640814870E-015)
 0.10000000000000000E+001          1         16         21  0.10000000000000001E+000
( 0.10000000000000002E+001, 0.00000000000000000E+000)
-0.15707963267948966E+001 -0.15707963267948966E+001
( 0.69960748295386077E+000, 0.85555675212367631E-015)
( 0.59345233961549870E+000, 0.15943869129594009E-002)
( 0.52188629010777488E+000, 0.32818925463966252E-002)
( 0.47189864443940321E+000, 0.27728166318725313E-002)
( 0.44107029149689436E+000, 0.22403632097337182E-002)
( 0.42168263511284410E+000, 0.98754273123676526E-003)
( 0.40307512159560355E+000,-0.38769081847777418E-002)
( 0.38593220528097716E+000,-0.94385293843603311E-002)
( 0.37272133726194545E+000,-0.13655278567469878E-001)
( 0.36513571941463663E+000,-0.18190150696206813E-001)
( 0.36415743289812574E+000,-0.23154803062702050E-001)
( 0.36371186773164366E+000,-0.27555532727363590E-001)
( 0.36523548235030090E+000,-0.29931565946490196E-001)
( 0.37515840554643221E+000,-0.30229207927714701E-001)
( 0.38921917914140780E+000,-0.28608161718502036E-001)
( 0.40916048230065993E+000,-0.25303869640168654E-001)
( 0.43867353893039540E+000,-0.22616237914863148E-001)
( 0.47963996782706275E+000,-0.16762628180701657E-001)
( 0.53240736477369410E+000,-0.80534967645919161E-002)
( 0.60162629266314616E+000,-0.23553854535563242E-002)
( 0.69960748295385433E+000, 0.85555675212367591E-015)
-0.15707963267948966E+001  0.00000000000000000E+000
( 0.50753269849893301E+000, 0.60126510594701766E-015)
( 0.45062931453518429E+000,-0.10403318238129768E-002)
( 0.40847556618790226E+000,-0.16776213193227612E-002)
( 0.37212263325199135E+000,-0.22138524031775713E-002)
( 0.34225744070407127E+000,-0.20197751555462509E-002)
( 0.32249087184215330E+000,-0.21157128812579530E-002)
( 0.30825107251730821E+000,-0.45729423818176634E-002)
( 0.29857293523764183E+000,-0.79291763146940916E-002)
( 0.29346130948294058E+000,-0.12276595486481806E-001)
( 0.29135163035485445E+000,-0.16960722024525091E-001)
( 0.29068840102322691E+000,-0.18211159392266200E-001)
( 0.29051052790266652E+000,-0.17390995761074453E-001)
( 0.29234759009062117E+000,-0.16949479861646029E-001)
( 0.29840140029764672E+000,-0.16224469219660538E-001)
( 0.30894610348802054E+000,-0.15702748328519429E-001)
( 0.32489682007832354E+000,-0.15321400615297914E-001)
( 0.34828698269571423E+000,-0.13652590784428880E-001)
( 0.37872507084476559E+000,-0.97048954836171444E-002)
( 0.41528388196198684E+000,-0.41071358711417061E-002)
( 0.45839622238419997E+000,-0.26849205404994931E-003)
( 0.50753269849893234E+000, 0.11563766182595976E-014)
-0.15707963267948966E+001  0.15707963267948966E+001
( 0.70517263323641877E+000,-0.22204460492503131E-015)
( 0.59441823878500522E+000,-0.13600992327390538E-002)
( 0.52195422310341300E+000,-0.20477500578379715E-002)
( 0.47248972241624820E+000,-0.35236261606756969E-002)
( 0.44049650766655579E+000,-0.19365311956985876E-002)
( 0.42018452337381695E+000, 0.13127958007023155E-002)
( 0.40362990471711713E+000, 0.45245287235730069E-002)
( 0.38668220502635242E+000, 0.87802942258939920E-002)
( 0.37240742675504290E+000, 0.97164219639139793E-002)
( 0.36374893729786961E+000, 0.51697880660677153E-002)
( 0.36128177583808385E+000,-0.11448550053101414E-002)
( 0.36368355307362410E+000,-0.26766753282077005E-002)
( 0.37067959770306091E+000,-0.42963689809299987E-002)
( 0.38227972253944775E+000,-0.69010299189531388E-002)
( 0.39818085745646636E+000,-0.41940792776616886E-002)
( 0.42478635928895037E+000, 0.61039718591349157E-003)
( 0.46172603291124437E+000, 0.37210267033263023E-002)
( 0.50289108376942560E+000, 0.40578283880383648E-002)
( 0.55140883618959036E+000, 0.21172270121184722E-002)
( 0.61481954031663943E+000, 0.11226076403798579E-002)
( 0.70517263323641188E+000, 0.44408920985006262E-015)
-0.15707963267948966E+001  0.31415926535897931E+001
( 0.93583945050257444E+000, 0.20941158272274846E-015)
( 0.78318305715590952E+000, 0.67100096539986932E-002)
( 0.68562519299977498E+000, 0.14348734878911295E-001)
( 0.61726260865064098E+000, 0.15421305776109994E-001)
( 0.56895876851542249E+000, 0.18701504930724075E-001)
( 0.53534968800578708E+000, 0.22081444310019339E-001)
( 0.50619166145587502E+000, 0.16951328484591348E-001)
( 0.48141837300018220E+000, 0.10582894199259275E-001)
( 0.46007610105221164E+000, 0.36225407468421966E-002)
( 0.44772040172069127E+000,-0.25108890929304126E-002)
( 0.44743758741745054E+000,-0.49486026701023424E-002)
( 0.45182256179715119E+000,-0.53286100972225305E-002)
( 0.45883632635751792E+000,-0.89206183834936847E-002)
( 0.47008463604645478E+000,-0.12196945903577795E-001)
( 0.48649098480715347E+000,-0.96157643902800120E-002)
( 0.51935003416471592E+000,-0.57092263534061069E-002)
( 0.57076265850507202E+000,-0.59080179396420306E-002)
( 0.62906400884394453E+000,-0.62583332223286169E-002)
( 0.69376903723798811E+000,-0.33358340537732586E-002)
( 0.78739403596702839E+000,-0.17298551744756713E-002)
( 0.93583945050257356E+000,-0.11228560468274399E-014)
 0.00000000000000000E+000 -0.15707963267948966E+001
( 0.53221486858872669E+000, 0.16310833788224487E-016)
( 0.47764963707027142E+000, 0.47720389202950018E-002)
( 0.43289616048067625E+000, 0.89965041249128359E-002)
( 0.39753466076996280E+000, 0.13411198777096307E-001)
( 0.37351728713074417E+000, 0.15414084070801821E-001)
( 0.35935336183481059E+000, 0.14248525491237913E-001)
( 0.34808961384257242E+000, 0.11301921010504442E-001)
( 0.33358442128445431E+000, 0.66197104636655140E-002)
( 0.31721529387174763E+000, 0.15742924956354727E-002)
( 0.30655124914704612E+000,-0.35714155278396644E-002)
( 0.30185311390014813E+000,-0.10331339838134038E-001)
( 0.29836603221037472E+000,-0.18273291838770338E-001)
( 0.29673337489157214E+000,-0.22028471568953694E-001)
( 0.30052158464227841E+000,-0.21234552585765436E-001)
( 0.31225413530019841E+000,-0.20268902657594606E-001)
( 0.33201625174042859E+000,-0.21422852438822009E-001)
( 0.35974125640572718E+000,-0.22910454275728114E-001)
( 0.39190050281455480E+000,-0.19118564505398377E-001)
( 0.42830882923053704E+000,-0.12246752219442252E-001)
( 0.47376671690862593E+000,-0.59299156136983612E-002)
( 0.53221486858872513E+000, 0.12733313625074034E-015)
 0.00000000000000000E+000  0.00000000000000000E+000
( 0.16346042831026999E+002, 0.00000000000000000E+000)
( 0.16346042831027010E+002, 0.00000000000000000E+000)
( 0.16346042831027010E+002, 0.00000000000000000E+000)
( 0.16346042831027013E+002, 0.00000000000000000E+000)
( 0.16346042831027013E+002, 0.00000000000000000E+000)
( 0.16346042831027027E+002, 0.00000000000000000E+000)
( 0.16346042831027024E+002, 0.00000000000000000E+000)
( 0.16346042831027027E+002, 0.00000000000000000E+000)
( 0.16346042831027031E+002, 0.00000000000000000E+000)
( 0.16346042831027042E+002, 0.00000000000000000E+000)
( 0.16346042831027045E+002, 0.00000000000000000E+000)
( 0.16346042831027010E+002, 0.00000000000000000E+000)
( 0.16346042831027013E+002, 0.00000000000000000E+000)
( 0.16346042831027013E+002, 0.00000000000000000E+000)
( 0.16346042831027017E+002, 0.00000000000000000E+000)
( 0.16346042831027024E+002, 0.00000000000000000E+000)
( 0.16346042831027027E+002, 0.00000000000000000E+000)
( 0.16346042831027034E+002, 0.00000000000000000E+000)
( 0.16346042831027034E+002, 0.00000000000000000E+000)
( 0.16346042831027042E+002, 0.00000000000000000E+000)
( 0.16346042831027052E+002, 0.00000000000000000E+000)
 0.00000000000000000E+000  0.15707963267948966E+001
( 0.53221486858872669E+000,-0.16310833788224487E-016)
( 0.47764963707027142E+000,-0.47720389202950018E-002)
( 0.43289616048067625E+000,-0.89965041249128359E-002)
( 0.39753466076996280E+000,-0.13411198777096307E-001)
( 0.37351728713074417E+000,-0.15414084070801821E-001)
( 0.35935336183481059E+000,-0.14248525491237913E-001)
( 0.34808961384257242E+000,-0.11301921010504442E-001)
( 0.33358442128445431E+000,-0.66197104636655140E-002)
( 0.31721529387174763E+000,-0.15742924956354727E-002)
( 0.30655124914704612E+000, 0.35714155278396644E-002)
( 0.30185311390014813E+000, 0.10331339838134038E-001)
( 0.29836603221037472E+000, 0.18273291838770338E-001)
( 0.29673337489157214E+000, 0.22028471568953694E-001)
( 0.30052158464227841E+000, 0.21234552585765436E-001)
( 0.31225413530019841E+000, 0.20268902657594606E-001)
( 0.33201625174042859E+000, 0.21422852438822009E-001)
( 0.35974125640572718E+000, 0.22910454275728114E-001)
( 0.39190050281455480E+000, 0.19118564505398377E-001)
( 0.42830882923053704E+000, 0.12246752219442252E-001)
( 0.47376671690862593E+000, 0.59299156136983612E-002)
( 0.53221486858872513E+000,-0.12733313625074034E-015)
 0.00000000000000000E+000  0.31415926535897931E+001
( 0.78679526479336492E+000, 0.98390624319023094E-015)
( 0.68461095332176469E+000, 0.98374716608535938E-015)
( 0.61855507380516095E+000, 0.98466578242113783E-015)
( 0.57382218022431963E+000, 0.98571657324999590E-015)
( 0.54352473199624496E+000, 0.98655738686897367E-015)
( 0.52697762767596990E+000, 0.98742148928799614E-015)
( 0.51648569223481922E+000, 0.98851930979733065E-015)
( 0.50103842076306748E+000, 0.98992321639880257E-015)
( 0.48172927764781392E+000, 0.99136339782885558E-015)
( 0.47085899465842918E+000, 0.99263392127525361E-015)
( 0.46804222871771684E+000, 0.99386465170170776E-015)
( 0.46489893826300199E+000, 0.99507183362462799E-015)
( 0.45772770612967939E+000, 0.99529254204036426E-015)
( 0.45219820936912436E+000, 0.99439280908620429E-015)
( 0.45865217780085288E+000, 0.99323291960502192E-015)
( 0.47910059182729792E+000, 0.99220618067058374E-015)
( 0.51586809511218101E+000, 0.99124438579193461E-015)
( 0.55863356797374719E+000, 0.98946027137988029E-015)
( 0.60455584950264496E+000, 0.98697191180127749E-015)
( 0.67629390056789995E+000, 0.98502402549489154E-015)
( 0.78679526479336515E+000, 0.98390624319023429E-015)
 0.15707963267948966E+001 -0.15707963267948966E+001
( 0.70517263323641877E+000, 0.22204460492503131E-015)
( 0.59441823878500522E+000, 0.13600992327390538E-002)
( 0.52195422310341300E+000, 0.20477500578379715E-002)
( 0.47248972241624820E+000, 0.35236261606756969E-002)
( 0.44049650766655579E+000, 0.19365311956985876E-002)
( 0.42018452337381695E+000,-0.13127958007023155E-002)
( 0.40362990471711713E+000,-0.45245287235730069E-002)
( 0.38668220502635242E+000,-0.87802942258939920E-002)
( 0.37240742675504290E+000,-0.97164219639139793E-002)
( 0.36374893729786961E+000,-0.51697880660677153E-002)
( 0.36128177583808385E+000, 0.11448550053101414E-002)
( 0.36368355307362410E+000, 0.26766753282077005E-002)
( 0.37067959770306091E+000, 0.42963689809299987E-002)
( 0.38227972253944775E+000, 0.69010299189531388E-002)
( 0.39818085745646636E+000, 0.41940792776616886E-002)
( 0.42478635928895037E+000,-0.61039718591349157E-003)
( 0.46172603291124437E+000,-0.37210267033263023E-002)
( 0.50289108376942560E+000,-0.40578283880383648E-002)
( 0.55140883618959036E+000,-0.21172270121184722E-002)
( 0.61481954031663943E+000,-0.11226076403798579E-002)
( 0.70517263323641188E+000,-0.44408920985006262E-015)
 0.15707963267948966E+001  0.00000000000000000E+000
( 0.50753269849893301E+000,-0.60126510594701766E-015)
( 0.45062931453518429E+000, 0.10403318238129768E-002)
( 0.40847556618790226E+000, 0.16776213193227612E-002)
( 0.37212263325199135E+000, 0.22138524031775713E-002)
( 0.34225744070407127E+000, 0.20197751555462509E-002)
( 0.32249087184215330E+000, 0.21157128812579530E-002)
( 0.30825107251730821E+000, 0.45729423818176634E-002)
( 0.29857293523764183E+000, 0.79291763146940916E-002)
( 0.29346130948294058E+000, 0.12276595486481806E-001)
( 0.29135163035485445E+000, 0.16960722024525091E-001)
( 0.29068840102322691E+000, 0.18211159392266200E-001)
( 0.29051052790266652E+000, 0.17390995761074453E-001)
( 0.29234759009062117E+000, 0.16949479861646029E-001)
( 0.29840140029764672E+000, 0.16224469219660538E-001)
( 0.30894610348802054E+000, 0.15702748328519429E-001)
( 0.32489682007832354E+000, 0.15321400615297914E-001)
( 0.34828698269571423E+000, 0.13652590784428880E-001)
( 0.37872507084476559E+000, 0.97048954836171444E-002)
( 0.41528388196198684E+000, 0.41071358711417061E-002)
( 0.45839622238419997E+000, 0.26849205404994931E-003)
( 0.50753269849893234E+000,-0.11563766182595976E-014)
 0.15707963267948966E+001  0.15707963267948966E+001
( 0.69960748295386077E+000,-0.85555675212367631E-015)
( 0.59345233961549870E+000,-0.15943869129594009E-002)
( 0.52188629010777488E+000,-0.32818925463966252E-002)
( 0.47189864443940321E+000,-0.27728166318725313E-002)
( 0.44107029149689436E+000,-0.22403632097337182E-002)
( 0.42168263511284410E+000,-0.98754273123676526E-003)
( 0.40307512159560355E+000, 0.38769081847777418E-002)
( 0.38593220528097716E+000, 0.94385293843603311E-002)
( 0.37272133726194545E+000, 0.13655278567469878E-001)
( 0.36513571941463663E+000, 0.18190150696206813E-001)
( 0.36415743289812574E+000, 0.23154803062702050E-001)
( 0.36371186773164366E+000, 0.27555532727363590E-001)
( 0.36523548235030090E+000, 0.29931565946490196E-001)
( 0.37515840554643221E+000, 0.30229207927714701E-001)
( 0.38921917914140780E+000, 0.28608161718502036E-001)
( 0.40916048230065993E+000, 0.25303869640168654E-001)
( 0.43867353893039540E+000, 0.22616237914863148E-001)
( 0.47963996782706275E+000, 0.16762628180701657E-001)
( 0.53240736477369410E+000, 0.80534967645919161E-002)
( 0.60162629266314616E+000, 0.23553854535563242E-002)
( 0.69960748295385433E+000,-0.85555675212367591E-015)
 0.15707963267948966E+001  0.31415926535897931E+001
( 0.93583945050257444E+000,-0.27465491787564653E-015)
( 0.78318305715590952E+000,-0.67100096539987582E-002)
( 0.68562519299977542E+000,-0.14348734878911360E-001)
( 0.61726260865064098E+000,-0.15421305776110061E-001)
( 0.56895876851542249E+000,-0.18701504930724144E-001)
( 0.53534968800578708E+000,-0.22081444310019408E-001)
( 0.50619166145587524E+000,-0.16951328484591417E-001)
( 0.48141837300018220E+000,-0.10582894199259348E-001)
( 0.46007610105221164E+000,-0.36225407468422686E-002)
( 0.44772040172069127E+000, 0.25108890929303397E-002)
( 0.44743758741745054E+000, 0.49486026701022687E-002)
( 0.45182256179715163E+000, 0.53286100972224568E-002)
( 0.45883632635751792E+000, 0.89206183834936101E-002)
( 0.47008463604645478E+000, 0.12196945903577720E-001)
( 0.48649098480715391E+000, 0.96157643902799426E-002)
( 0.51935003416471637E+000, 0.57092263534060349E-002)
( 0.57076265850507202E+000, 0.59080179396419604E-002)
( 0.62906400884394453E+000, 0.62583332223285475E-002)
( 0.69376903723798811E+000, 0.33358340537731905E-002)
( 0.78739403596702839E+000, 0.17298551744756054E-002)
( 0.93583945050257356E+000, 0.10576127116745410E-014)
 0.31415926535897931E+001 -0.15707963267948966E+001
( 0.88724546162462525E+000,-0.12733313625074014E-015)
( 0.73312501357020721E+000, 0.23625890184922728E-002)
( 0.63685134180919079E+000, 0.61664394187201767E-002)
( 0.57270666253673408E+000, 0.70074605452145992E-002)
( 0.53334713294412239E+000, 0.34853993438763542E-002)
( 0.51117950268150003E+000, 0.12515691860990748E-003)
( 0.49306148200663902E+000,-0.13229939449750554E-002)
( 0.47476803350046914E+000,-0.30361504735974170E-002)
( 0.45899583482742656E+000,-0.20614371178214923E-002)
( 0.45007525867440457E+000,-0.41762379974987396E-003)
( 0.44758209932533721E+000,-0.16189676924385406E-002)
( 0.44686530156695925E+000,-0.48538279545142964E-002)
( 0.45115647401997294E+000,-0.54477229374647789E-002)
( 0.46710541272724382E+000,-0.20942587711947529E-002)
( 0.49132863883825029E+000,-0.65807556971865945E-003)
( 0.52035338409370846E+000, 0.96073898284819025E-003)
( 0.55900287545031579E+000, 0.10952830478202324E-002)
( 0.60655723880969559E+000, 0.39281292736208909E-004)
( 0.66707620807536672E+000, 0.46369785508391638E-003)
( 0.75339735630715121E+000, 0.46093176287319033E-003)
( 0.88724546162462214E+000,-0.46040004363828728E-015)
 0.31415926535897931E+001  0.00000000000000000E+000
( 0.68156769574471054E+000, 0.98048560696900400E-015)
( 0.57950575752497768E+000, 0.98133217427822019E-015)
( 0.51598127767174840E+000, 0.98268281248486917E-015)
( 0.46732213263497369E+000, 0.98422091883794584E-015)
( 0.43135054971578735E+000, 0.98565195828179645E-015)
( 0.40760349369252913E+000, 0.98663032598595264E-015)
( 0.38889785025187984E+000, 0.98752973195830395E-015)
( 0.37497428000901512E+000, 0.98827340927020659E-015)
( 0.36674716209805991E+000, 0.98892804249863550E-015)
( 0.36477212311614915E+000, 0.98963910747657182E-015)
( 0.36431345666211834E+000, 0.98984537883613370E-015)
( 0.36243309704359372E+000, 0.98965158211493089E-015)
( 0.36494015077397024E+000, 0.98952604954510893E-015)
( 0.38118877837863319E+000, 0.98969082490896502E-015)
( 0.40333668644172993E+000, 0.98969174706188578E-015)
( 0.42420966831267004E+000, 0.98896974755645327E-015)
( 0.45229768598544640E+000, 0.98762080356345344E-015)
( 0.48858284611332314E+000, 0.98563158486000669E-015)
( 0.53446293209089801E+000, 0.98327823894114376E-015)
( 0.59501372524155693E+000, 0.98123606843548536E-015)
( 0.68156769574470666E+000, 0.98048560696900676E-015)
 0.31415926535897931E+001  0.15707963267948966E+001
( 0.88724546162462503E+000, 0.62089801097842216E-016)
( 0.73312501357020721E+000,-0.23625890184923383E-002)
( 0.63685134180919056E+000,-0.61664394187202426E-002)
( 0.57270666253673408E+000,-0.70074605452146678E-002)
( 0.53334713294412239E+000,-0.34853993438764249E-002)
( 0.51117950268150003E+000,-0.12515691860997958E-003)
( 0.49306148200663902E+000, 0.13229939449749826E-002)
( 0.47476803350046914E+000, 0.30361504735973441E-002)
( 0.45899583482742634E+000, 0.20614371178214190E-002)
( 0.45007525867440434E+000, 0.41762379974980018E-003)
( 0.44758209932533699E+000, 0.16189676924384668E-002)
( 0.44686530156695903E+000, 0.48538279545142227E-002)
( 0.45115647401997272E+000, 0.54477229374647052E-002)
( 0.46710541272724382E+000, 0.20942587711946796E-002)
( 0.49132863883825029E+000, 0.65807556971858691E-003)
( 0.52035338409370846E+000,-0.96073898284826213E-003)
( 0.55900287545031557E+000,-0.10952830478203036E-002)
( 0.60655723880969559E+000,-0.39281292735834256E-004)
( 0.66707620807536672E+000,-0.46369785508398387E-003)
( 0.75339735630715099E+000,-0.46093176287325630E-003)
( 0.88724546162462192E+000, 0.39515670848538859E-015)
 0.31415926535897931E+001  0.31415926535897931E+001
( 0.17377623401150841E+001, 0.79462298509508598E-016)
( 0.15399960120153047E+001, 0.79194687439754994E-016)
( 0.14327479546949444E+001, 0.80462285453951006E-016)
( 0.13786161538493849E+001, 0.84107550923372534E-016)
( 0.13589472385373256E+001, 0.88406281733658135E-016)
( 0.13523458295607442E+001, 0.91958801422153695E-016)
( 0.13313461178559101E+001, 0.94194493689376520E-016)
( 0.13014999347638128E+001, 0.95004808654862327E-016)
( 0.12794231417839277E+001, 0.95893312836052193E-016)
( 0.12662609798416193E+001, 0.96650275482255720E-016)
( 0.12605498638993478E+001, 0.96535917839546621E-016)
( 0.12621386568035540E+001, 0.96416350543589962E-016)
( 0.12713276762710883E+001, 0.96384252125040285E-016)
( 0.12811032111222711E+001, 0.94897618501391628E-016)
( 0.12922667851609759E+001, 0.92548448682065348E-016)
( 0.13276873747650573E+001, 0.91161185975947029E-016)
( 0.13845420904624937E+001, 0.91073575723723000E-016)
( 0.14270840406383147E+001, 0.88332555338695192E-016)
( 0.14666374680423264E+001, 0.83052331186578406E-016)
( 0.15560921901790601E+001, 0.79874346351258147E-016)
( 0.17377623401150784E+001, 0.79462298509508351E-016)
 0.10000000000000000E+001          1         16         21  0.10000000000000001E+000
( 0.10000000000000000E+001, 0.00000000000000000E+000)
-0.15707963267948966E+001 -0.15707963267948966E+001
( 0.79356964340268155E+000, 0.40982580538647224E-015)
( 0.68017842272576723E+000,-0.95394577144561983E-003)
( 0.59140218501220132E+000,-0.17010527009573629E-002)
( 0.52385985786976053E+000,-0.39105236562214998E-002)
( 0.47879133045818112E+000,-0.34989159170321438E-002)
( 0.45052361603902413E+000, 0.27874036719299417E-002)
( 0.43167377535264662E+000, 0.76883761265868680E-002)
( 0.41712442461645238E+000, 0.98721495451764181E-002)
( 0.40729197014140472E+000, 0.10520040706802087E-001)
( 0.40301914450093268E+000, 0.83824105707617953E-002)
( 0.40331641214407343E+000, 0.77294021248761223E-002)
( 0.41208235156241246E+000, 0.10172150624263871E-001)
( 0.42989343807173419E+000, 0.10258773286393203E-001)
( 0.45413331211119312E+000, 0.96063116773117026E-002)
( 0.47600977092556918E+000, 0.13046846847946731E-001)
( 0.48528127362544782E+000, 0.17798627837495491E-001)
( 0.49897863652831742E+000, 0.16871273986229080E-001)
( 0.53723665387635899E+000, 0.13507452152929219E-001)
( 0.59773311975390531E+000, 0.91956997528706771E-002)
( 0.68317983811880922E+000, 0.33897837333623716E-002)
( 0.79356964340267711E+000,-0.18106202438638417E-014)
-0.15707963267948966E+001  0.00000000000000000E+000
( 0.53761148187526797E+000, 0.48487121339479704E-016)
( 0.47776113167372580E+000, 0.24498559639653454E-002)
( 0.42649481583472237E+000, 0.46604362263575269E-002)
( 0.38490598973006862E+000, 0.49315131532399678E-002)
( 0.35520628986463421E+000, 0.51022124620568269E-002)
( 0.33347425862821822E+000, 0.71166099212616679E-002)
( 0.31478616415520921E+000, 0.77706144546321682E-002)
( 0.29839274928383497E+000, 0.80082192871105354E-002)
( 0.28671815180614524E+000, 0.70933480445475828E-002)
( 0.28070730794873855E+000, 0.54451993188780433E-002)
( 0.28084258242640492E+000, 0.46846123375808256E-002)
( 0.28740402065205539E+000, 0.50157221228062611E-002)
( 0.29945951190891518E+000, 0.35162903431645259E-002)
( 0.31502088572721232E+000,-0.24109029970837304E-003)
( 0.33287358934201650E+000,-0.15031774447333327E-002)
( 0.34987685332334850E+000, 0.10219449219689877E-004)
( 0.36901062329026213E+000, 0.42085193402501843E-003)
( 0.39606613503979804E+000,-0.21192344967357391E-002)
( 0.43212619088190607E+000,-0.44553712143131146E-002)
( 0.47949996727232325E+000,-0.33271972767352008E-002)
( 0.53761148187526664E+000,-0.61764669343561279E-015)
-0.15707963267948966E+001  0.15707963267948966E+001
( 0.80692969828675620E+000,-0.22204460492503131E-015)
( 0.69633448325823966E+000,-0.61288074209753240E-003)
( 0.61337194550262275E+000, 0.57305244256533605E-003)
( 0.54659869563662655E+000, 0.26802696750627408E-003)
( 0.49656323939415492E+000,-0.20440799317250624E-002)
( 0.46048916572623078E+000,-0.76989363805777256E-002)
( 0.43278565184605189E+000,-0.12563695308152267E-001)
( 0.41038335460045150E+000,-0.13335334000965982E-001)
( 0.39491838391626988E+000,-0.15043686010457136E-001)
( 0.38760053663671690E+000,-0.16153636465536025E-001)
( 0.39204217211450099E+000,-0.14801088482618630E-001)
( 0.40822268842289999E+000,-0.12942512646757165E-001)
( 0.42837643730983366E+000,-0.13777058141943854E-001)
( 0.45406250930445602E+000,-0.16933224281674875E-001)
( 0.48183246280616310E+000,-0.16759151566259289E-001)
( 0.50055754412821962E+000,-0.11909934648517861E-001)
( 0.51989319914676113E+000,-0.78986701691374783E-002)
( 0.55532607331238104E+000,-0.66825246548198880E-002)
( 0.61119896906221016E+000,-0.49262500215393468E-002)
( 0.69703950018933436E+000,-0.94259351769510058E-003)
( 0.80692969828675487E+000, 0.00000000000000000E+000)
-0.15707963267948966E+001  0.31415926535897931E+001
( 0.10286197335440181E+001,-0.34546768659171565E-015)
( 0.86587847096331672E+000, 0.41115346501389019E-002)
( 0.74379357460364548E+000, 0.82379575241440101E-002)
( 0.65024553491462211E+000, 0.56044904558213288E-002)
( 0.58325453584633680E+000, 0.30436747662205693E-002)
( 0.54010093384111268E+000, 0.48085772223045286E-002)
( 0.50923776653616493E+000, 0.56735231727098445E-002)
( 0.48144981037418244E+000, 0.42246452871545883E-002)
( 0.45893550628887136E+000, 0.28918426406646497E-002)
( 0.44644843001077916E+000, 0.53225122954772951E-002)
( 0.44639571162707381E+000, 0.88297266831991305E-002)
( 0.46325066270335280E+000, 0.11837241596987387E-001)
( 0.49340190855733335E+000, 0.14042770704241854E-001)
( 0.53381429023647464E+000, 0.12205971721539685E-001)
( 0.57054691938132684E+000, 0.42692074108134775E-002)
( 0.58587940959666263E+000, 0.28310620973247307E-003)
( 0.60576440637969808E+000,-0.58979295584905768E-003)
( 0.65865595219904960E+000,-0.20303324078214794E-002)
( 0.74150795668963942E+000, 0.19782421310275775E-004)
( 0.86485537247168942E+000, 0.10362179757856683E-002)
( 0.10286197335440181E+001, 0.98621523258345976E-016)
 0.00000000000000000E+000 -0.15707963267948966E+001
( 0.62450112211679598E+000,-0.31593520515575175E-015)
( 0.56696311864802218E+000, 0.14543571559294940E-004)
( 0.51802511641818727E+000, 0.38181703059922030E-002)
( 0.47183967509569769E+000, 0.71994258590120271E-002)
( 0.43210576755901409E+000, 0.11041157968595079E-001)
( 0.40037414276760996E+000, 0.18260321677790698E-001)
( 0.37787300285288650E+000, 0.23665164106983955E-001)
( 0.35905729353283400E+000, 0.26279633175844048E-001)
( 0.34275515623099428E+000, 0.30014439753652495E-001)
( 0.33475680559539023E+000, 0.34427209591195294E-001)
( 0.33365979157306369E+000, 0.38012910180897495E-001)
( 0.34300815785429317E+000, 0.39982033908304591E-001)
( 0.35810382355377701E+000, 0.39876735343840085E-001)
( 0.37613656704042042E+000, 0.37674400709327392E-001)
( 0.39879053931235631E+000, 0.32888015094202160E-001)
( 0.41639478402175878E+000, 0.28583947981427733E-001)
( 0.43701421213942404E+000, 0.25010044008160998E-001)
( 0.47133445703528576E+000, 0.21117738357934530E-001)
( 0.51527734139289572E+000, 0.14885452069818967E-001)
( 0.56793075068247356E+000, 0.56728339997528417E-002)
( 0.62450112211678799E+000, 0.57224321454437388E-015)
 0.00000000000000000E+000  0.00000000000000000E+000
( 0.16362761186866656E+002, 0.00000000000000000E+000)
( 0.16362761186866663E+002, 0.00000000000000000E+000)
( 0.16362761186866667E+002, 0.00000000000000000E+000)
( 0.16362761186866667E+002, 0.00000000000000000E+000)
( 0.16362761186866674E+002, 0.00000000000000000E+000)
( 0.16362761186866688E+002, 0.00000000000000000E+000)
( 0.16362761186866692E+002, 0.00000000000000000E+000)
( 0.16362761186866695E+002, 0.00000000000000000E+000)
( 0.16362761186866699E+002, 0.00000000000000000E+000)
( 0.16362761186866706E+002, 0.00000000000000000E+000)
( 0.16362761186866710E+002, 0.00000000000000000E+000)
( 0.16362761186866663E+002, 0.00000000000000000E+000)
( 0.16362761186866663E+002, 0.00000000000000000E+000)
( 0.16362761186866670E+002, 0.00000000000000000E+000)
( 0.16362761186866678E+002, 0.00000000000000000E+000)
( 0.16362761186866678E+002, 0.00000000000000000E+000)
( 0.16362761186866685E+002, 0.00000000000000000E+000)
( 0.16362761186866688E+002, 0.00000000000000000E+000)
( 0.16362761186866695E+002, 0.00000000000000000E+000)
( 0.16362761186866702E+002, 0.00000000000000000E+000)
( 0.16362761186866702E+002, 0.00000000000000000E+000)
 0.00000000000000000E+000  0.15707963267948966E+001
( 0.62450112211679598E+000, 0.31593520515575175E-015)
( 0.56696311864802218E+000,-0.14543571559294940E-004)
( 0.51802511641818727E+000,-0.38181703059922030E-002)
( 0.47183967509569769E+000,-0.71994258590120271E-002)
( 0.43210576755901409E+000,-0.11041157968595079E-001)
( 0.40037414276760996E+000,-0.18260321677790698E-001)
( 0.37787300285288650E+000,-0.23665164106983955E-001)
( 0.35905729353283400E+000,-0.26279633175844048E-001)
( 0.34275515623099428E+000,-0.30014439753652495E-001)
( 0.33475680559539023E+000,-0.34427209591195294E-001)
( 0.33365979157306369E+000,-0.38012910180897495E-001)
( 0.34300815785429317E+000,-0.39982033908304591E-001)
( 0.35810382355377701E+000,-0.39876735343840085E-001)
( 0.37613656704042042E+000,-0.37674400709327392E-001)
( 0.39879053931235631E+000,-0.32888015094202160E-001)
( 0.41639478402175878E+000,-0.28583947981427733E-001)
( 0.43701421213942404E+000,-0.25010044008160998E-001)
( 0.47133445703528576E+000,-0.21117738357934530E-001)
( 0.51527734139289572E+000,-0.14885452069818967E-001)
( 0.56793075068247356E+000,-0.56728339997528417E-002)
( 0.62450112211678799E+000,-0.57224321454437388E-015)
 0.00000000000000000E+000  0.31415926535897931E+001
( 0.76121921913605028E+000, 0.97206205961723412E-015)
( 0.65089695503198386E+000, 0.97235136134064827E-015)
( 0.56543406235875904E+000, 0.97264563529093775E-015)
( 0.49833549062906390E+000, 0.97377903364540000E-015)
( 0.45000626409210420E+000, 0.97521524579133612E-015)
( 0.41974900190010633E+000, 0.97636443352697220E-015)
( 0.39840851454336257E+000, 0.97715139814958086E-015)
( 0.38196496873946217E+000, 0.97812860106439645E-015)
( 0.37030411179245248E+000, 0.97895363364212386E-015)
( 0.36527664853736674E+000, 0.97908489730770887E-015)
( 0.36670053108229272E+000, 0.97886730876387760E-015)
( 0.37529743505446111E+000, 0.97800772451913337E-015)
( 0.39008497407607134E+000, 0.97707740962264303E-015)
( 0.41554054598134449E+000, 0.97669744790236081E-015)
( 0.44623816915269765E+000, 0.97638898691949744E-015)
( 0.46194743449413322E+000, 0.97572210000318465E-015)
( 0.47864921503962177E+000, 0.97465731444911736E-015)
( 0.51581189213358314E+000, 0.97320652428647879E-015)
( 0.57197947298597851E+000, 0.97202758036984263E-015)
( 0.65396431732883764E+000, 0.97172774163805619E-015)
( 0.76121921913604584E+000, 0.97206205961723748E-015)
 0.15707963267948966E+001 -0.15707963267948966E+001
( 0.80692969828675620E+000, 0.22204460492503131E-015)
( 0.69633448325823966E+000, 0.61288074209753240E-003)
( 0.61337194550262275E+000,-0.57305244256533605E-003)
( 0.54659869563662655E+000,-0.26802696750627408E-003)
( 0.49656323939415492E+000, 0.20440799317250624E-002)
( 0.46048916572623078E+000, 0.76989363805777256E-002)
( 0.43278565184605189E+000, 0.12563695308152267E-001)
( 0.41038335460045150E+000, 0.13335334000965982E-001)
( 0.39491838391626988E+000, 0.15043686010457136E-001)
( 0.38760053663671690E+000, 0.16153636465536025E-001)
( 0.39204217211450099E+000, 0.14801088482618630E-001)
( 0.40822268842289999E+000, 0.12942512646757165E-001)
( 0.42837643730983366E+000, 0.13777058141943854E-001)
( 0.45406250930445602E+000, 0.16933224281674875E-001)
( 0.48183246280616310E+000, 0.16759151566259289E-001)
( 0.50055754412821962E+000, 0.11909934648517861E-001)
( 0.51989319914676113E+000, 0.78986701691374783E-002)
( 0.55532607331238104E+000, 0.66825246548198880E-002)
( 0.61119896906221016E+000, 0.49262500215393468E-002)
( 0.69703950018933436E+000, 0.94259351769510058E-003)
( 0.80692969828675487E+000, 0.00000000000000000E+000)
 0.15707963267948966E+001  0.00000000000000000E+000
( 0.53761148187526797E+000,-0.48487121339479704E-016)
( 0.47776113167372580E+000,-0.24498559639653454E-002)
( 0.42649481583472237E+000,-0.46604362263575269E-002)
( 0.38490598973006862E+000,-0.49315131532399678E-002)
( 0.35520628986463421E+000,-0.51022124620568269E-002)
( 0.33347425862821822E+000,-0.71166099212616679E-002)
( 0.31478616415520921E+000,-0.77706144546321682E-002)
( 0.29839274928383497E+000,-0.80082192871105354E-002)
( 0.28671815180614524E+000,-0.70933480445475828E-002)
( 0.28070730794873855E+000,-0.54451993188780433E-002)
( 0.28084258242640492E+000,-0.46846123375808256E-002)
( 0.28740402065205539E+000,-0.50157221228062611E-002)
( 0.29945951190891518E+000,-0.35162903431645259E-002)
( 0.31502088572721232E+000, 0.24109029970837304E-003)
( 0.33287358934201650E+000, 0.15031774447333327E-002)
( 0.34987685332334850E+000,-0.10219449219689877E-004)
( 0.36901062329026213E+000,-0.42085193402501843E-003)
( 0.39606613503979804E+000, 0.21192344967357391E-002)
( 0.43212619088190607E+000, 0.44553712143131146E-002)
( 0.47949996727232325E+000, 0.33271972767352008E-002)
( 0.53761148187526664E+000, 0.61764669343561279E-015)
 0.15707963267948966E+001  0.15707963267948966E+001
( 0.79356964340268155E+000,-0.40982580538647224E-015)
( 0.68017842272576723E+000, 0.95394577144561983E-003)
( 0.59140218501220132E+000, 0.17010527009573629E-002)
( 0.52385985786976053E+000, 0.39105236562214998E-002)
( 0.47879133045818112E+000, 0.34989159170321438E-002)
( 0.45052361603902413E+000,-0.27874036719299417E-002)
( 0.43167377535264662E+000,-0.76883761265868680E-002)
( 0.41712442461645238E+000,-0.98721495451764181E-002)
( 0.40729197014140472E+000,-0.10520040706802087E-001)
( 0.40301914450093268E+000,-0.83824105707617953E-002)
( 0.40331641214407343E+000,-0.77294021248761223E-002)
( 0.41208235156241246E+000,-0.10172150624263871E-001)
( 0.42989343807173419E+000,-0.10258773286393203E-001)
( 0.45413331211119312E+000,-0.96063116773117026E-002)
( 0.47600977092556918E+000,-0.13046846847946731E-001)
( 0.48528127362544782E+000,-0.17798627837495491E-001)
( 0.49897863652831742E+000,-0.16871273986229080E-001)
( 0.53723665387635899E+000,-0.13507452152929219E-001)
( 0.59773311975390531E+000,-0.91956997528706771E-002)
( 0.68317983811880922E+000,-0.33897837333623716E-002)
( 0.79356964340267711E+000, 0.18106202438638417E-014)
 0.15707963267948966E+001  0.31415926535897931E+001
( 0.10286197335440181E+001, 0.27694087766453490E-015)
( 0.86587847096331672E+000,-0.41115346501389696E-002)
( 0.74379357460364570E+000,-0.82379575241438574E-002)
( 0.65024553491462211E+000,-0.56044904558213990E-002)
( 0.58325453584633680E+000,-0.30436747662206400E-002)
( 0.54010093384111291E+000,-0.48085772223046015E-002)
( 0.50923776653616537E+000,-0.56735231727099173E-002)
( 0.48144981037418244E+000,-0.42246452871546637E-002)
( 0.45893550628887136E+000,-0.28918426406647261E-002)
( 0.44644843001077916E+000,-0.53225122954773715E-002)
( 0.44639571162707381E+000,-0.88297266831992051E-002)
( 0.46325066270335302E+000,-0.11837241596987463E-001)
( 0.49340190855733357E+000,-0.14042770704241708E-001)
( 0.53381429023647464E+000,-0.12205971721539763E-001)
( 0.57054691938132684E+000,-0.42692074108133336E-002)
( 0.58587940959666263E+000,-0.28310620973255005E-003)
( 0.60576440637969808E+000, 0.58979295584898309E-003)
( 0.65865595219904960E+000, 0.20303324078214074E-002)
( 0.74150795668963942E+000,-0.19782421310345861E-004)
( 0.86485537247168942E+000,-0.10362179757857372E-002)
( 0.10286197335440181E+001,-0.16714833218552809E-015)
 0.31415926535897931E+001 -0.15707963267948966E+001
( 0.10057690510154702E+001, 0.20491290269323612E-015)
( 0.83017845310142424E+000, 0.45602400531286995E-002)
( 0.70249447174616186E+000, 0.17596185566890294E-002)
( 0.60615932560850805E+000,-0.52901271248192612E-002)
( 0.54175708540609602E+000,-0.71908981901647366E-002)
( 0.50028873679600339E+000,-0.46248642988076143E-002)
( 0.46631134535256691E+000,-0.38421433328630532E-002)
( 0.43729828327606479E+000,-0.45584443024302614E-002)
( 0.41957318994285964E+000,-0.45625806871012666E-002)
( 0.41192368036310012E+000,-0.35777212403808236E-002)
( 0.41427869195244682E+000,-0.10941575778379480E-002)
( 0.43116987872070389E+000,-0.34188579643731538E-002)
( 0.46128297400689289E+000,-0.11144544426902622E-001)
( 0.49954029904394015E+000,-0.16980287833078277E-001)
( 0.53600331301558857E+000,-0.18183921708063620E-001)
( 0.55965250916292120E+000,-0.15762046767589428E-001)
( 0.58875340779988905E+000,-0.13139415212005253E-001)
( 0.64515611398948747E+000,-0.99068419878871779E-002)
( 0.73294008642973418E+000,-0.70319896563185887E-002)
( 0.85469887422772239E+000,-0.44781571017709250E-002)
( 0.10057690510154635E+001,-0.46122091208185822E-015)
 0.31415926535897931E+001  0.00000000000000000E+000
( 0.80122570563437701E+000, 0.98515266237908474E-015)
( 0.67577746649898518E+000, 0.98450070630704588E-015)
( 0.58626600594422595E+000, 0.98502730507964837E-015)
( 0.52224520852079181E+000, 0.98616712677532844E-015)
( 0.48071812464618535E+000, 0.98724058585944871E-015)
( 0.45143459035836808E+000, 0.98786220024198648E-015)
( 0.42752518072848311E+000, 0.98860671019536131E-015)
( 0.40965095833086274E+000, 0.98949074583821332E-015)
( 0.39943934253478397E+000, 0.99040722996539618E-015)
( 0.39090784001517109E+000, 0.99082278217792455E-015)
( 0.38662140684585344E+000, 0.99063689254050015E-015)
( 0.39619787141178997E+000, 0.99037918818843978E-015)
( 0.41522767377277736E+000, 0.99025168307089071E-015)
( 0.44042185928677946E+000, 0.99034880975728942E-015)
( 0.46691564981563349E+000, 0.98993932201015228E-015)
( 0.48865263784389967E+000, 0.98900269170356682E-015)
( 0.51672533569290025E+000, 0.98832814969140350E-015)
( 0.55939102986046962E+000, 0.98793839626655161E-015)
( 0.62236597946601879E+000, 0.98766451082854133E-015)
( 0.70470314506094811E+000, 0.98676643232121820E-015)
( 0.80122570563437223E+000, 0.98515266237908730E-015)
 0.31415926535897931E+001  0.15707963267948966E+001
( 0.10057690510154702E+001,-0.27343971162041680E-015)
( 0.83017845310142402E+000,-0.45602400531287680E-002)
( 0.70249447174616186E+000,-0.17596185566890982E-002)
( 0.60615932560850783E+000, 0.52901271248191909E-002)
( 0.54175708540609580E+000, 0.71908981901646647E-002)
( 0.50028873679600316E+000, 0.46248642988075414E-002)
( 0.46631134535256691E+000, 0.38421433328629799E-002)
( 0.43729828327606457E+000, 0.45584443024301860E-002)
( 0.41957318994285964E+000, 0.45625806871011903E-002)
( 0.41192368036309990E+000, 0.35777212403807468E-002)
( 0.41427869195244660E+000, 0.10941575778378708E-002)
( 0.43116987872070367E+000, 0.34188579643730762E-002)
( 0.46128297400689267E+000, 0.11144544426902546E-001)
( 0.49954029904393993E+000, 0.16980287833078197E-001)
( 0.53600331301558857E+000, 0.18183921708063541E-001)
( 0.55965250916292097E+000, 0.15762046767589355E-001)
( 0.58875340779988905E+000, 0.13139415212004735E-001)
( 0.64515611398948747E+000, 0.99068419878871068E-002)
( 0.73294008642973418E+000, 0.70319896563185193E-002)
( 0.85469887422772239E+000, 0.44781571017708556E-002)
( 0.10057690510154635E+001, 0.39269410315467599E-015)
 0.31415926535897931E+001  0.31415926535897931E+001
( 0.20101077799536498E+001, 0.92698593341144352E-016)
( 0.17731778083952561E+001, 0.89617977492878000E-016)
( 0.16096143530168958E+001, 0.89298644024230424E-016)
( 0.14934347923377882E+001, 0.91481840649457472E-016)
( 0.14158726222418532E+001, 0.93118519952833309E-016)
( 0.13607717894565137E+001, 0.92557605173701705E-016)
( 0.13220309180037262E+001, 0.92781356947393571E-016)
( 0.12913403347789012E+001, 0.94142763700132979E-016)
( 0.12707186447208427E+001, 0.95369665076495961E-016)
( 0.12617460777005993E+001, 0.95488334190060439E-016)
( 0.12710842595313312E+001, 0.95441042649104067E-016)
( 0.13089590460582232E+001, 0.96975833506443693E-016)
( 0.13718952799585518E+001, 0.10004978524566949E-015)
( 0.14551502601369972E+001, 0.10465233790538769E-015)
( 0.15167103823906189E+001, 0.10784873759171395E-015)
( 0.15247262254233531E+001, 0.10654099968480635E-015)
( 0.15199143659845922E+001, 0.10248004052128351E-015)
( 0.15576414090833304E+001, 0.98384202314730165E-016)
( 0.16505030698009930E+001, 0.95551836975552559E-016)
( 0.18076411825958605E+001, 0.94403442328643621E-016)
( 0.20101077799536431E+001, 0.92698593341143810E-016)
 0.10000000000000000E+001          1         16         21  0.10000000000000001E+000
( 0.10000000000000000E+001, 0.00000000000000000E+000)
-0.15707963267948966E+001 -0.15707963267948966E+001
( 0.64570663057524214E+000,-0.24895924234132639E-015)
( 0.54288204957198638E+000,-0.29499713452322543E-002)
( 0.46898266314679604E+000,-0.49123813316341025E-002)
( 0.41582296657875595E+000,-0.57512867136091661E-002)
( 0.37995247823812617E+000,-0.59251447829780377E-002)
( 0.35709401415325381E+000,-0.57909075561941867E-002)
( 0.34093173986955294E+000,-0.68820784238596017E-002)
( 0.32863294866194137E+000,-0.82484369505095041E-002)
( 0.32124401229969146E+000,-0.92135082618888548E-002)
( 0.31647181537826719E+000,-0.85628663573868204E-002)
( 0.31387437770165139E+000,-0.69296381945247757E-002)
( 0.31231856119932211E+000,-0.64635698153542613E-002)
( 0.31528445451454401E+000,-0.66414588717578519E-002)
( 0.32479713853898129E+000,-0.71409224326001467E-002)
( 0.34148226467774190E+000,-0.69581453600587057E-002)
( 0.36304891669207728E+000,-0.47569139682186751E-002)
( 0.38944125393275064E+000,-0.13355895619907862E-002)
( 0.42559495314473950E+000, 0.67880503298542428E-003)
( 0.47425126417238561E+000, 0.14552659740863787E-002)
( 0.54328660071226720E+000, 0.15293204014322501E-002)
( 0.64570663057524014E+000,-0.26914498965166715E-014)
-0.15707963267948966E+001  0.00000000000000000E+000
( 0.45700319939608081E+000, 0.26841943398315611E-015)
( 0.40483420470293630E+000, 0.73862790095218455E-003)
( 0.36308925778326606E+000, 0.18207394270184831E-002)
( 0.33002611133920756E+000, 0.14977631995479108E-002)
( 0.30537071056125797E+000, 0.62619237988586259E-003)
( 0.28741626971702172E+000,-0.14142131032030724E-003)
( 0.27368039973838365E+000,-0.12937144723053698E-002)
( 0.26336548637460955E+000,-0.23808890644151995E-002)
( 0.25563662539790455E+000,-0.27615490681917663E-002)
( 0.25033540443605062E+000,-0.18532770300612794E-002)
( 0.24734451265290724E+000,-0.13389893519866805E-002)
( 0.24685965184517444E+000,-0.16731875479768015E-002)
( 0.25121498704006506E+000,-0.24891719998382865E-002)
( 0.26055213709603464E+000,-0.35902916927340106E-002)
( 0.27452248460203887E+000,-0.44479948958791662E-002)
( 0.29157930687493772E+000,-0.37153500697911300E-002)
( 0.31210881347673158E+000,-0.17123599850609812E-002)
( 0.33829138755690757E+000,-0.25568588407471574E-003)
( 0.36938727490981726E+000, 0.12872769909604557E-003)
( 0.40736584148739508E+000,-0.94408768386242703E-004)
( 0.45700319939607859E+000, 0.26841943398315788E-015)
-0.15707963267948966E+001  0.15707963267948966E+001
( 0.63729230278911597E+000, 0.22204460492503131E-015)
( 0.53768245443697138E+000, 0.19554910029909722E-002)
( 0.46594056392668015E+000, 0.36823300375790069E-002)
( 0.41336416258122177E+000, 0.40905950633005617E-002)
( 0.37803507715545936E+000, 0.42487393468619850E-002)
( 0.35483139110711914E+000, 0.41207384118315815E-002)
( 0.33679880466106027E+000, 0.34069059412905611E-002)
( 0.32329921847660315E+000, 0.19071832034392999E-002)
( 0.31510350040820645E+000, 0.52499587395293812E-003)
( 0.31000407210859537E+000, 0.44008424340968855E-003)
( 0.30603020848697315E+000, 0.69936129280856463E-004)
( 0.30353681682274003E+000, 0.95177963958303913E-004)
( 0.30652510992507775E+000, 0.49216841805077571E-003)
( 0.31686684575469337E+000, 0.68959163743886887E-003)
( 0.33438283358620768E+000, 0.50233160147628020E-003)
( 0.35717245146590704E+000, 0.81168544759546712E-003)
( 0.38480173640810478E+000, 0.12096510908191638E-002)
( 0.42001908754196038E+000, 0.10262341440335776E-002)
( 0.46725855753742185E+000, 0.80494003816899973E-003)
( 0.53451164421987252E+000,-0.11740102452939549E-003)
( 0.63729230278911309E+000, 0.13322676295501878E-014)
-0.15707963267948966E+001  0.31415926535897931E+001
( 0.83475232713284320E+000,-0.35171382374348150E-015)
( 0.68089376344321129E+000,-0.18877795798043682E-002)
( 0.57379439047901681E+000,-0.33921488896799992E-002)
( 0.49708046580961240E+000,-0.43931959754029051E-002)
( 0.44496397622261852E+000,-0.47157787993785862E-002)
( 0.40989667481350001E+000,-0.45215073108799894E-002)
( 0.38324224148868669E+000,-0.49229317941394055E-002)
( 0.36299356708063346E+000,-0.62365139556783897E-002)
( 0.35030477879724553E+000,-0.74236513509520416E-002)
( 0.34242148863112587E+000,-0.67416680110323974E-002)
( 0.33720505610019647E+000,-0.59251560035690426E-002)
( 0.33457063632550854E+000,-0.58853824714839792E-002)
( 0.34007940218084420E+000,-0.49688023935539269E-002)
( 0.35663901937104803E+000,-0.43538678141794782E-002)
( 0.38341510229050035E+000,-0.39122738703280188E-002)
( 0.41572763737031537E+000,-0.25591495946054791E-002)
( 0.45615491252142704E+000,-0.20752233389396060E-004)
( 0.51001089349910500E+000, 0.28088852530018058E-002)
( 0.58133906897154741E+000, 0.36373117855243802E-002)
( 0.68195330213778305E+000, 0.20356587741203560E-002)
( 0.83475232713284386E+000,-0.10178476385185762E-014)
 0.00000000000000000E+000 -0.15707963267948966E+001
( 0.49498396470395178E+000, 0.45754652855821011E-015)
( 0.43801753370657681E+000,-0.17009775625910083E-002)
( 0.39255821931951407E+000,-0.34088531960972807E-002)
( 0.35562384556218052E+000,-0.45739120415931728E-002)
( 0.32816262988818923E+000,-0.51069935632876845E-002)
( 0.30821327104658502E+000,-0.51387630829995276E-002)
( 0.29074777396485829E+000,-0.55665308304425473E-002)
( 0.27630851445422100E+000,-0.56780758239988035E-002)
( 0.26724007998581611E+000,-0.57942416143676864E-002)
( 0.26178565625877415E+000,-0.53909007551928689E-002)
( 0.25840509421780378E+000,-0.35369761312305918E-002)
( 0.25773554682304356E+000,-0.25189860157015368E-002)
( 0.26152036210416507E+000,-0.30997972166160030E-002)
( 0.27037981976143088E+000,-0.38342408879617888E-002)
( 0.28436688727684634E+000,-0.32990692240668492E-002)
( 0.30270062479915039E+000,-0.20039296907167067E-002)
( 0.32476027555886389E+000,-0.10848963241216615E-002)
( 0.35325909003765465E+000,-0.38739055868418349E-003)
( 0.39072068759151257E+000, 0.11040968289967293E-003)
( 0.43678322256965196E+000, 0.44022800210631558E-003)
( 0.49498396470395112E+000,-0.43063189114191473E-015)
 0.00000000000000000E+000  0.00000000000000000E+000
( 0.16306463222367103E+002, 0.00000000000000000E+000)
( 0.16306463222367107E+002, 0.00000000000000000E+000)
( 0.16306463222367114E+002, 0.00000000000000000E+000)
( 0.16306463222367118E+002, 0.00000000000000000E+000)
( 0.16306463222367125E+002, 0.00000000000000000E+000)
( 0.16306463222367128E+002, 0.00000000000000000E+000)
( 0.16306463222367135E+002, 0.00000000000000000E+000)
( 0.16306463222367132E+002, 0.00000000000000000E+000)
( 0.16306463222367142E+002, 0.00000000000000000E+000)
( 0.16306463222367142E+002, 0.00000000000000000E+000)
( 0.16306463222367150E+002, 0.00000000000000000E+000)
( 0.16306463222367107E+002, 0.00000000000000000E+000)
( 0.16306463222367118E+002, 0.00000000000000000E+000)
( 0.16306463222367121E+002, 0.00000000000000000E+000)
( 0.16306463222367125E+002, 0.00000000000000000E+000)
( 0.16306463222367125E+002, 0.00000000000000000E+000)
( 0.16306463222367132E+002, 0.00000000000000000E+000)
( 0.16306463222367139E+002, 0.00000000000000000E+000)
( 0.16306463222367139E+002, 0.00000000000000000E+000)
( 0.16306463222367142E+002, 0.00000000000000000E+000)
( 0.16306463222367153E+002, 0.00000000000000000E+000)
 0.00000000000000000E+000  0.15707963267948966E+001
( 0.49498396470395178E+000,-0.45754652855821011E-015)
( 0.43801753370657681E+000, 0.17009775625910083E-002)
( 0.39255821931951407E+000, 0.34088531960972807E-002)
( 0.35562384556218052E+000, 0.45739120415931728E-002)
( 0.32816262988818923E+000, 0.51069935632876845E-002)
( 0.30821327104658502E+000, 0.51387630829995276E-002)
( 0.29074777396485829E+000, 0.55665308304425473E-002)
( 0.27630851445422100E+000, 0.56780758239988035E-002)
( 0.26724007998581611E+000, 0.57942416143676864E-002)
( 0.26178565625877415E+000, 0.53909007551928689E-002)
( 0.25840509421780378E+000, 0.35369761312305918E-002)
( 0.25773554682304356E+000, 0.25189860157015368E-002)
( 0.26152036210416507E+000, 0.30997972166160030E-002)
( 0.27037981976143088E+000, 0.38342408879617888E-002)
( 0.28436688727684634E+000, 0.32990692240668492E-002)
( 0.30270062479915039E+000, 0.20039296907167067E-002)
( 0.32476027555886389E+000, 0.10848963241216615E-002)
( 0.35325909003765465E+000, 0.38739055868418349E-003)
( 0.39072068759151257E+000,-0.11040968289967293E-003)
( 0.43678322256965196E+000,-0.44022800210631558E-003)
( 0.49498396470395112E+000, 0.43063189114191473E-015)
 0.00000000000000000E+000  0.31415926535897931E+001
( 0.67751558797976696E+000, 0.97935071154349225E-015)
( 0.56970972281735521E+000, 0.97993419156919261E-015)
( 0.49350478367152351E+000, 0.98104429965733152E-015)
( 0.43935145073320803E+000, 0.98239419918366702E-015)
( 0.40332528678618773E+000, 0.98361654551101130E-015)
( 0.38009152380340427E+000, 0.98464087032666474E-015)
( 0.36108890142820427E+000, 0.98566858824323907E-015)
( 0.34534164264096401E+000, 0.98648630635589004E-015)
( 0.33576271878240982E+000, 0.98702455556459345E-015)
( 0.33033565802092035E+000, 0.98731082318171260E-015)
( 0.32792567353726021E+000, 0.98735021335513777E-015)
( 0.32731397004169405E+000, 0.98727008539247344E-015)
( 0.32982745363572974E+000, 0.98703161454025353E-015)
( 0.33890655874890485E+000, 0.98659252215396386E-015)
( 0.35529045644660795E+000, 0.98581728517487706E-015)
( 0.37567696083286994E+000, 0.98466175439629282E-015)
( 0.40156521396860578E+000, 0.98343287551681292E-015)
( 0.43782831397415134E+000, 0.98207783197086324E-015)
( 0.49155081265261824E+000, 0.98071870077252786E-015)
( 0.56779022299365312E+000, 0.97970559356762828E-015)
( 0.67751558797976297E+000, 0.97935071154349521E-015)
 0.15707963267948966E+001 -0.15707963267948966E+001
( 0.63729230278911597E+000,-0.22204460492503131E-015)
( 0.53768245443697138E+000,-0.19554910029909722E-002)
( 0.46594056392668015E+000,-0.36823300375790069E-002)
( 0.41336416258122177E+000,-0.40905950633005617E-002)
( 0.37803507715545936E+000,-0.42487393468619850E-002)
( 0.35483139110711914E+000,-0.41207384118315815E-002)
( 0.33679880466106027E+000,-0.34069059412905611E-002)
( 0.32329921847660315E+000,-0.19071832034392999E-002)
( 0.31510350040820645E+000,-0.52499587395293812E-003)
( 0.31000407210859537E+000,-0.44008424340968855E-003)
( 0.30603020848697315E+000,-0.69936129280856463E-004)
( 0.30353681682274003E+000,-0.95177963958303913E-004)
( 0.30652510992507775E+000,-0.49216841805077571E-003)
( 0.31686684575469337E+000,-0.68959163743886887E-003)
( 0.33438283358620768E+000,-0.50233160147628020E-003)
( 0.35717245146590704E+000,-0.81168544759546712E-003)
( 0.38480173640810478E+000,-0.12096510908191638E-002)
( 0.42001908754196038E+000,-0.10262341440335776E-002)
( 0.46725855753742185E+000,-0.80494003816899973E-003)
( 0.53451164421987252E+000, 0.11740102452939549E-003)
( 0.63729230278911309E+000,-0.13322676295501878E-014)
 0.15707963267948966E+001  0.00000000000000000E+000
( 0.45700319939608081E+000,-0.26841943398315611E-015)
( 0.40483420470293630E+000,-0.73862790095218455E-003)
( 0.36308925778326606E+000,-0.18207394270184831E-002)
( 0.33002611133920756E+000,-0.14977631995479108E-002)
( 0.30537071056125797E+000,-0.62619237988586259E-003)
( 0.28741626971702172E+000, 0.14142131032030724E-003)
( 0.27368039973838365E+000, 0.12937144723053698E-002)
( 0.26336548637460955E+000, 0.23808890644151995E-002)
( 0.25563662539790455E+000, 0.27615490681917663E-002)
( 0.25033540443605062E+000, 0.18532770300612794E-002)
( 0.24734451265290724E+000, 0.13389893519866805E-002)
( 0.24685965184517444E+000, 0.16731875479768015E-002)
( 0.25121498704006506E+000, 0.24891719998382865E-002)
( 0.26055213709603464E+000, 0.35902916927340106E-002)
( 0.27452248460203887E+000, 0.44479948958791662E-002)
( 0.29157930687493772E+000, 0.37153500697911300E-002)
( 0.31210881347673158E+000, 0.17123599850609812E-002)
( 0.33829138755690757E+000, 0.25568588407471574E-003)
( 0.36938727490981726E+000,-0.12872769909604557E-003)
( 0.40736584148739508E+000, 0.94408768386242703E-004)
( 0.45700319939607859E+000,-0.26841943398315788E-015)
 0.15707963267948966E+001  0.15707963267948966E+001
( 0.64570663057524214E+000, 0.24895924234132639E-015)
( 0.54288204957198638E+000, 0.29499713452322543E-002)
( 0.46898266314679604E+000, 0.49123813316341025E-002)
( 0.41582296657875595E+000, 0.57512867136091661E-002)
( 0.37995247823812617E+000, 0.59251447829780377E-002)
( 0.35709401415325381E+000, 0.57909075561941867E-002)
( 0.34093173986955294E+000, 0.68820784238596017E-002)
( 0.32863294866194137E+000, 0.82484369505095041E-002)
( 0.32124401229969146E+000, 0.92135082618888548E-002)
( 0.31647181537826719E+000, 0.85628663573868204E-002)
( 0.31387437770165139E+000, 0.69296381945247757E-002)
( 0.31231856119932211E+000, 0.64635698153542613E-002)
( 0.31528445451454401E+000, 0.66414588717578519E-002)
( 0.32479713853898129E+000, 0.71409224326001467E-002)
( 0.34148226467774190E+000, 0.69581453600587057E-002)
( 0.36304891669207728E+000, 0.47569139682186751E-002)
( 0.38944125393275064E+000, 0.13355895619907862E-002)
( 0.42559495314473950E+000,-0.67880503298542428E-003)
( 0.47425126417238561E+000,-0.14552659740863787E-002)
( 0.54328660071226720E+000,-0.15293204014322501E-002)
( 0.64570663057524014E+000, 0.26914498965166715E-014)
 0.15707963267948966E+001  0.31415926535897931E+001
( 0.83475232713284320E+000, 0.29788454891089138E-015)
( 0.68089376344321129E+000, 0.18877795798043142E-002)
( 0.57379439047901726E+000, 0.33921488896799441E-002)
( 0.49708046580961240E+000, 0.43931959754028495E-002)
( 0.44496397622261852E+000, 0.47157787993785298E-002)
( 0.40989667481350001E+000, 0.45215073108799304E-002)
( 0.38324224148868669E+000, 0.49229317941393465E-002)
( 0.36299356708063346E+000, 0.62365139556783298E-002)
( 0.35030477879724553E+000, 0.74236513509519817E-002)
( 0.34242148863112587E+000, 0.67416680110323358E-002)
( 0.33720505610019647E+000, 0.59251560035689810E-002)
( 0.33457063632550854E+000, 0.58853824714839176E-002)
( 0.34007940218084420E+000, 0.49688023935538670E-002)
( 0.35663901937104803E+000, 0.43538678141794183E-002)
( 0.38341510229050035E+000, 0.39122738703279598E-002)
( 0.41572763737031537E+000, 0.25591495946054206E-002)
( 0.45615491252142726E+000, 0.20752233389338821E-004)
( 0.51001089349910500E+000,-0.28088852530018618E-002)
( 0.58133906897154786E+000,-0.36373117855244353E-002)
( 0.68195330213778305E+000,-0.20356587741204098E-002)
( 0.83475232713284386E+000, 0.96401836368598486E-015)
 0.31415926535897931E+001 -0.15707963267948966E+001
( 0.80129676201439848E+000, 0.54165419360443078E-015)
( 0.65572942333307482E+000,-0.25268549551558240E-002)
( 0.55321012137836734E+000,-0.51235746496400975E-002)
( 0.47790912007364339E+000,-0.69082874971191505E-002)
( 0.42664135242284051E+000,-0.71877354371133878E-002)
( 0.39336578911635867E+000,-0.70421632769149959E-002)
( 0.36792758291329752E+000,-0.82830967602383204E-002)
( 0.34800399420110284E+000,-0.94633585557713108E-002)
( 0.33509223014910239E+000,-0.99061730195354625E-002)
( 0.32661220334353058E+000,-0.96870250211441734E-002)
( 0.32100529119292487E+000,-0.83224998217539415E-002)
( 0.31887766197636669E+000,-0.80074715674513120E-002)
( 0.32543324303943999E+000,-0.85893603482024728E-002)
( 0.34284527224421457E+000,-0.93320275553481370E-002)
( 0.37081533782741105E+000,-0.87951941753762353E-002)
( 0.40453654896197011E+000,-0.57869565136907811E-002)
( 0.44405426942676374E+000,-0.23113109694744703E-002)
( 0.49617398609768171E+000,-0.31418056413969064E-003)
( 0.56268608387659680E+000, 0.66414058252127505E-003)
( 0.65534829981018472E+000, 0.96519629502776804E-003)
( 0.80129676201439670E+000, 0.54165419360443038E-015)
 0.31415926535897931E+001  0.00000000000000000E+000
( 0.62731440351412915E+000, 0.98092807781637493E-015)
( 0.52848986087304628E+000, 0.98117522323234826E-015)
( 0.45736986003153401E+000, 0.98180014028395608E-015)
( 0.40494640157447204E+000, 0.98267875008053565E-015)
( 0.36980554196941096E+000, 0.98365314542469899E-015)
( 0.34759795292086793E+000, 0.98458611319835194E-015)
( 0.33236084702580337E+000, 0.98547638368375408E-015)
( 0.32250681525513913E+000, 0.98626935131229878E-015)
( 0.31611567742610958E+000, 0.98687113687917455E-015)
( 0.31089861504669281E+000, 0.98708966502580472E-015)
( 0.30720657262504103E+000, 0.98716688915810870E-015)
( 0.30618787879119369E+000, 0.98720481794968115E-015)
( 0.31107235318637483E+000, 0.98707046029050966E-015)
( 0.32348850806110208E+000, 0.98682210768458097E-015)
( 0.34283425846929738E+000, 0.98640085746292064E-015)
( 0.36637901773477433E+000, 0.98566397677234740E-015)
( 0.39532844579546822E+000, 0.98467718299853679E-015)
( 0.43240308468060740E+000, 0.98356251820895846E-015)
( 0.47640130287685467E+000, 0.98240140708531327E-015)
( 0.53594442125531383E+000, 0.98142366488850892E-015)
( 0.62731440351412893E+000, 0.98092807781637848E-015)
 0.31415926535897931E+001  0.15707963267948966E+001
( 0.80129676201439848E+000,-0.59548346843702095E-015)
( 0.65572942333307482E+000, 0.25268549551557698E-002)
( 0.55321012137836734E+000, 0.51235746496400428E-002)
( 0.47790912007364317E+000, 0.69082874971190950E-002)
( 0.42664135242284029E+000, 0.71877354371133314E-002)
( 0.39336578911635844E+000, 0.70421632769149378E-002)
( 0.36792758291329752E+000, 0.82830967602382632E-002)
( 0.34800399420110262E+000, 0.94633585557712500E-002)
( 0.33509223014910217E+000, 0.99061730195354018E-002)
( 0.32661220334353058E+000, 0.96870250211441127E-002)
( 0.32100529119292487E+000, 0.83224998217538808E-002)
( 0.31887766197636669E+000, 0.80074715674512513E-002)
( 0.32543324303943977E+000, 0.85893603482024121E-002)
( 0.34284527224421457E+000, 0.93320275553480762E-002)
( 0.37081533782741105E+000, 0.87951941753761746E-002)
( 0.40453654896197011E+000, 0.57869565136907230E-002)
( 0.44405426942676351E+000, 0.23113109694744131E-002)
( 0.49617398609768171E+000, 0.31418056413963464E-003)
( 0.56268608387659680E+000,-0.66414058252132980E-003)
( 0.65534829981018472E+000,-0.96519629502782192E-003)
( 0.80129676201439670E+000,-0.59548346843702193E-015)
 0.31415926535897931E+001  0.31415926535897931E+001
( 0.12620333293703230E+001, 0.34094073321576529E-016)
( 0.10683328138794668E+001, 0.34929872413820773E-016)
( 0.93566274591438658E+000, 0.35834546677022342E-016)
( 0.83992146901790898E+000, 0.36541291975202554E-016)
( 0.77660198400645708E+000, 0.37163815606672197E-016)
( 0.73483393413905618E+000, 0.37594192641486858E-016)
( 0.70323005144953732E+000, 0.38207893850737013E-016)
( 0.67915663493818512E+000, 0.38917214822863116E-016)
( 0.66529193675443321E+000, 0.39576169731368450E-016)
( 0.65656504582429365E+000, 0.39749240874620285E-016)
( 0.64994339059861761E+000, 0.39623058019618618E-016)
( 0.64515586409570058E+000, 0.39476654193563484E-016)
( 0.64916560004949675E+000, 0.38902255255951235E-016)
( 0.66965619616592420E+000, 0.38583150551099858E-016)
( 0.70650694435272687E+000, 0.38459583249819404E-016)
( 0.74662844488225000E+000, 0.37442149653175312E-016)
( 0.79529460012524256E+000, 0.36232928176888671E-016)
( 0.86193036289469327E+000, 0.35314708418623807E-016)
( 0.94500488548920103E+000, 0.34370243674474713E-016)
( 0.10656849744246411E+001, 0.33953312854699261E-016)
( 0.12620333293703194E+001, 0.34094073321576135E-016)
