          26           4   5.0000000000000000                1
     0.0000000        0.90690515        0.16328852
     0.1000000        0.74687339        0.16342272
     0.2000000        0.63694062        0.15710189
     0.3000000        0.55305531        0.14534440
     0.4000000        0.48221222        0.13148276
     0.5000000        0.42373379        0.12039350
     0.6000000        0.37656090        0.11162116
     0.7000000        0.33786414        0.10149340
     0.8000000        0.29614119        0.08949533
     0.9000000        0.25165621        0.07686854
     1.0000000        0.22053712        0.07058507
     1.1000000        0.20472364        0.06822567
     1.2000000        0.19199617        0.06888557
     1.3000000        0.17912328        0.07268433
     1.4000000        0.17332549        0.07536560
     1.5000000        0.16890971        0.08241683
     1.6000000        0.15416293        0.08832336
     1.7000000        0.12892202        0.09529498
     1.8000000        0.10712111        0.10644760
     1.9000000        0.09018411        0.11519420
     2.0000000        0.06998990        0.11332059
     2.1000000        0.05299402        0.11067933
     2.2000000        0.04125513        0.11532161
     2.3000000        0.03363293        0.11806299
     2.4000000        0.03185047        0.12362727
     2.5000000        0.03248891        0.12756473
