          51           5   10.000000000000000                1
     0.0000000        3.86417741        0.60040947
     0.1000000        3.47835318        0.62172812
     0.2000000        3.16284465        0.51966497
     0.3000000        3.30808490        0.68031378
     0.4000000        3.58843055        0.99259048
     0.5000000        3.28079953        0.99490361
     0.6000000        2.86249891        0.67787552
     0.7000000        3.01871088        0.70589857
     0.8000000        2.68662525        0.68676364
     0.9000000        2.42005367        0.60754180
     1.0000000        2.33406087        0.55127156
     1.1000000        2.10271620        0.45283223
     1.2000000        1.87193669        0.31116488
     1.3000000        1.68192762        0.15877168
     1.4000000        1.80695086        0.32736928
     1.5000000        1.78239009        0.27010350
     1.6000000        2.03504460        0.30262113
     1.7000000        1.57532965        0.31905068
     1.8000000        1.58942952        0.49086309
     1.9000000        1.50201094        0.32291115
     2.0000000        1.50573459        0.40175611
     2.1000000        1.48678293        0.28501852
     2.2000000        1.37270463        0.29634017
     2.3000000        1.79878203        0.68622164
     2.4000000        1.18896652        0.29767896
     2.5000000        1.00744088        0.25930867
     2.6000000        1.06428718        0.29836486
     2.7000000        1.14979460        0.18009900
     2.8000000        1.49848804        0.47202698
     2.9000000        1.24563967        0.55713428
     3.0000000        1.00228013        0.25881366
     3.1000000        1.09889596        0.21207664
     3.2000000        0.66475937        0.13733509
     3.3000000        1.03472764        0.47713456
     3.4000000        1.59752625        1.12631671
     3.5000000        1.17643357        0.61001746
     3.6000000        0.77998149        0.28775327
     3.7000000        0.71301116        0.30390204
     3.8000000        0.78367121        0.40266622
     3.9000000        0.89064695        0.45012961
     4.0000000        1.02833911        0.63274997
     4.1000000        1.43973667        0.97758238
     4.2000000        0.93312322        0.53106330
     4.3000000        0.65030062        0.19609276
     4.4000000        0.68430650        0.29032924
     4.5000000        0.49375328        0.12035022
     4.6000000        0.62068660        0.16896779
     4.7000000        0.74258609        0.33664849
     4.8000000        0.65062617        0.21901092
     4.9000000        0.59395308        0.14726137
     5.0000000        0.69805972        0.28625096
