          31           4   6.0000000000000000                1
     0.0000000        0.49209000        0.02208756
     0.1000000        0.24437174        0.00725759
     0.2000000        0.14604296        0.01804387
     0.3000000        0.07505723        0.01411173
     0.4000000        0.04374350        0.01550015
     0.5000000        0.03122617        0.01373173
     0.6000000        0.03555552        0.00965662
     0.7000000        0.02054202        0.00516373
     0.8000000        0.00626136        0.00618689
     0.9000000        0.01792721        0.00831565
     1.0000000        0.02344963        0.01018444
     1.1000000        0.00913730        0.00681139
     1.2000000        0.00493601        0.02309410
     1.3000000        0.00237829        0.00786558
     1.4000000       -0.00720445        0.00918208
     1.5000000        0.00260983        0.01146169
     1.6000000        0.00202312        0.00659616
     1.7000000        0.00173583        0.01007379
     1.8000000        0.00984388        0.00733228
     1.9000000        0.00363071        0.00678530
     2.0000000        0.00591638        0.01354544
     2.1000000        0.00508406        0.00926746
     2.2000000        0.00247363        0.00423920
     2.3000000        0.00569424        0.01511422
     2.4000000       -0.00027645        0.01097906
     2.5000000       -0.00172453        0.00937763
     2.6000000        0.00165367        0.01355555
     2.7000000       -0.00596828        0.02466413
     2.8000000       -0.00491388        0.01675266
     2.9000000        0.00498669        0.01198650
     3.0000000       -0.00819972        0.00442457
