          31           4   6.0000000000000000                1
     0.0000000        0.30653168        0.07513661
     0.1000000        0.13890931        0.06954849
     0.2000000        0.06121162        0.06003543
     0.3000000        0.01994455        0.05055826
     0.4000000       -0.00300171        0.04306989
     0.5000000       -0.01318444        0.03883433
     0.6000000       -0.01794295        0.03326408
     0.7000000       -0.02422035        0.03124312
     0.8000000       -0.02625566        0.02841253
     0.9000000       -0.02076604        0.02706480
     1.0000000       -0.01138932        0.02476691
     1.1000000       -0.00285086        0.01976104
     1.2000000        0.00054842        0.01743636
     1.3000000        0.00402281        0.01506739
     1.4000000        0.01416848        0.01632529
     1.5000000        0.02275311        0.01796549
     1.6000000        0.02384244        0.01693292
     1.7000000        0.02572131        0.01645142
     1.8000000        0.02107953        0.02051896
     1.9000000        0.01427200        0.02364154
     2.0000000        0.01680988        0.02600426
     2.1000000        0.02376035        0.02787283
     2.2000000        0.02960904        0.02841621
     2.3000000        0.03631015        0.02679944
     2.4000000        0.04314422        0.02195072
     2.5000000        0.03911046        0.01315418
     2.6000000        0.02783807        0.00400212
     2.7000000        0.01829293        0.00441255
     2.8000000        0.01556030        0.00705507
     2.9000000        0.01793726        0.01070391
     3.0000000        0.01906080        0.01194018
