          26           4   5.0000000000000000                1
     0.0000000        0.39362369        0.20180508
     0.1000000        0.05733698        0.50746225
     0.2000000        0.19055295        0.14969925
     0.3000000        0.35847118        0.05768588
     0.4000000        0.44681176        0.10316680
     0.5000000        0.30168204        0.03380353
     0.6000000        0.59227710        0.39565035
     0.7000000        0.51572098        0.34330011
     0.8000000        0.44028134        0.24070532
     0.9000000        1.08902831        1.12448754
     1.0000000        0.32897571        0.22341717
     1.1000000        0.16608367        0.06978918
     1.2000000        0.06157585        0.03716201
     1.3000000        0.26301630        0.22099817
     1.4000000        0.46016410        0.46437320
     1.5000000        0.10936924        0.08344214
     1.6000000        0.04544489        0.05755737
     1.7000000        0.08726548        0.06721170
     1.8000000        0.04036150        0.05980397
     1.9000000        0.09290195        0.06132668
     2.0000000        0.13907570        0.07406838
     2.1000000        0.01099646        0.03908121
     2.2000000       -0.03986462        0.05133502
     2.3000000       -0.04476811        0.06128120
     2.4000000       -0.00039329        0.03202670
     2.5000000        0.08233034        0.06085515
