          31           9   6.0000000000000000                1
     0.0000000        0.18150028        0.01499441
     0.1000000        0.12165908        0.00839995
     0.2000000        0.08652854        0.00553550
     0.3000000        0.06621153        0.00876690
     0.4000000        0.04684934        0.01244049
     0.5000000        0.03377996        0.00251044
     0.6000000        0.02378355        0.00649109
     0.7000000        0.00923620        0.00349445
     0.8000000        0.01141666        0.00223358
     0.9000000        0.00617364        0.00319110
     1.0000000        0.00415991        0.00406409
     1.1000000        0.01124046        0.00384707
     1.2000000        0.00894386        0.00372059
     1.3000000        0.01320930        0.00741016
     1.4000000        0.01189206        0.00771883
     1.5000000        0.00771708        0.00581969
     1.6000000       -0.00106106        0.00291930
     1.7000000        0.00286961        0.00546039
     1.8000000        0.00304458        0.00326162
     1.9000000        0.00479722        0.00428034
     2.0000000        0.00607609        0.00325386
     2.1000000        0.00018356        0.00302223
     2.2000000       -0.00079343        0.00195685
     2.3000000        0.00262404        0.00387445
     2.4000000        0.00431333        0.00460441
     2.5000000        0.00196061        0.00210023
     2.6000000       -0.00037366        0.00586475
     2.7000000        0.00660874        0.00365248
     2.8000000        0.01092966        0.00721603
     2.9000000        0.01260358        0.00776231
     3.0000000        0.00892214        0.00808395
