          26           4   5.0000000000000000                1
     0.0000000        0.90975375        0.04638380
     0.1000000        0.76928341        0.04822751
     0.2000000        0.58972356        0.02726281
     0.3000000        0.50606533        0.05764064
     0.4000000        0.39343448        0.04849819
     0.5000000        0.37937949        0.03696696
     0.6000000        0.32161763        0.10210044
     0.7000000        0.38637940        0.13172764
     0.8000000        0.23023342        0.03565832
     0.9000000        0.27251151        0.08655630
     1.0000000        0.45560442        0.15856303
     1.1000000        0.30307863        0.16643980
     1.2000000        0.08632625        0.08714249
     1.3000000        0.15110496        0.08981259
     1.4000000        0.06184394        0.34466860
     1.5000000       -0.25710896        0.42190586
     1.6000000        0.19740720        0.10766876
     1.7000000        0.08616290        0.06956483
     1.8000000        0.20898193        0.22363229
     1.9000000       -0.05092339        0.11620414
     2.0000000       -0.02657355        0.07238599
     2.1000000       -0.31828028        0.36778016
     2.2000000       -0.20908552        0.21039940
     2.3000000       -0.32917009        0.43923558
     2.4000000       -0.23057326        0.27725035
     2.5000000       -0.06176273        0.10809178
