          41           4   4.0000000000000000                1
     0.0000000        0.18030765        0.01865980
     0.1000000        0.15132190        0.01223384
     0.2000000        0.14103820        0.01415422
     0.3000000        0.12409985        0.01077675
     0.4000000        0.11089291        0.01259118
     0.5000000        0.09779663        0.01337078
     0.6000000        0.10178485        0.01649436
     0.7000000        0.08462220        0.01422486
     0.8000000        0.07864970        0.01481609
     0.9000000        0.07412950        0.00979436
     1.0000000        0.06456760        0.01052467
     1.1000000        0.06332549        0.01143542
     1.2000000        0.07515983        0.01710700
     1.3000000        0.07213480        0.01434151
     1.4000000        0.08587259        0.01385564
     1.5000000        0.09108557        0.01709687
     1.6000000        0.08616862        0.02161062
     1.7000000        0.09340584        0.01954398
     1.8000000        0.10800469        0.02038920
     1.9000000        0.11066603        0.01764724
     2.0000000        0.13028056        0.01156564
     2.1000000        0.15037531        0.01775746
     2.2000000        0.14858556        0.01923556
     2.3000000        0.15225553        0.00727458
     2.4000000        0.16495033        0.00489557
     2.5000000        0.17262537        0.01859824
     2.6000000        0.19328756        0.01231371
     2.7000000        0.23000152        0.01099657
     2.8000000        0.26656045        0.01496224
     2.9000000        0.29437544        0.01295687
     3.0000000        0.33597979        0.01074545
     3.1000000        0.37411729        0.00761279
     3.2000000        0.42807877        0.00805946
     3.3000000        0.51107831        0.01219680
     3.4000000        0.60893522        0.01258011
     3.5000000        0.72151116        0.01525442
     3.6000000        0.86037881        0.00512144
     3.7000000        1.02459215        0.00781565
     3.8000000        1.23398023        0.02631354
     3.9000000        1.48851588        0.02955159
     4.0000000        1.81969235        0.01865980
