          41           4   8.0000000000000000                1
     0.0000000        0.59211214        0.02955513
     0.1000000        0.48283650        0.02920816
     0.2000000        0.40279401        0.02692147
     0.3000000        0.34387962        0.02402559
     0.4000000        0.29961651        0.02205734
     0.5000000        0.26518087        0.02043824
     0.6000000        0.23854816        0.01985174
     0.7000000        0.21739955        0.01944861
     0.8000000        0.19993528        0.01837687
     0.9000000        0.18491556        0.01814129
     1.0000000        0.17119571        0.01779540
     1.1000000        0.15914670        0.01644114
     1.2000000        0.14810632        0.01463161
     1.3000000        0.13808525        0.01343843
     1.4000000        0.12940393        0.01260616
     1.5000000        0.12119629        0.01145686
     1.6000000        0.11281458        0.01093448
     1.7000000        0.10397435        0.01028086
     1.8000000        0.09573021        0.00867855
     1.9000000        0.08904635        0.00816173
     2.0000000        0.08338511        0.00791186
     2.1000000        0.07733214        0.00733290
     2.2000000        0.07174775        0.00744925
     2.3000000        0.06527710        0.00806476
     2.4000000        0.05817290        0.00851879
     2.5000000        0.05252584        0.00831642
     2.6000000        0.04824182        0.00757786
     2.7000000        0.04563689        0.00653032
     2.8000000        0.04311902        0.00570702
     2.9000000        0.04080548        0.00520310
     3.0000000        0.03881229        0.00526332
     3.1000000        0.03696709        0.00645139
     3.2000000        0.03526771        0.00747807
     3.3000000        0.03285316        0.00856127
     3.4000000        0.03112213        0.00973825
     3.5000000        0.03048842        0.01077270
     3.6000000        0.03003651        0.01145763
     3.7000000        0.02911644        0.01342606
     3.8000000        0.02957086        0.01468906
     3.9000000        0.03117992        0.01381236
     4.0000000        0.03153272        0.01345347
