 0.10000000000000000E+001          1         64
( 0.00000000000000000E+000, 0.00000000000000000E+000)
-0.23561944901923448E+001 -0.23561944901923448E+001
( 0.37586078304875487E+000,-0.10816754974686630E-016)
-0.23561944901923448E+001 -0.15707963267948966E+001
( 0.32975685778791952E+000,-0.14196999030388316E-016)
-0.23561944901923448E+001 -0.78539816339744828E+000
( 0.26890848439430010E+000, 0.77688900333836327E-017)
-0.23561944901923448E+001  0.00000000000000000E+000
( 0.25814558420172640E+000, 0.19035380065963600E-016)
-0.23561944901923448E+001  0.78539816339744828E+000
( 0.27779748377588431E+000, 0.14590941469986171E-016)
-0.23561944901923448E+001  0.15707963267948966E+001
( 0.31450815796467502E+000, 0.22791139551479661E-016)
-0.23561944901923448E+001  0.23561944901923448E+001
( 0.37826149661667613E+000,-0.47704895589362195E-017)
-0.23561944901923448E+001  0.31415926535897931E+001
( 0.39440342232002473E+000,-0.15922856071808122E-016)
-0.15707963267948966E+001 -0.23561944901923448E+001
( 0.32469703646202736E+000, 0.40175974673681598E-017)
-0.15707963267948966E+001 -0.15707963267948966E+001
( 0.26812196709457881E+000,-0.58378472313094480E-017)
-0.15707963267948966E+001 -0.78539816339744828E+000
( 0.20593100853056537E+000, 0.17307496330371727E-016)
-0.15707963267948966E+001  0.00000000000000000E+000
( 0.18111882899919574E+000, 0.65735345977797366E-017)
-0.15707963267948966E+001  0.78539816339744828E+000
( 0.20278804028689371E+000, 0.81002001143010774E-017)
-0.15707963267948966E+001  0.15707963267948966E+001
( 0.25935119492809366E+000, 0.12793585635328952E-016)
-0.15707963267948966E+001  0.23561944901923448E+001
( 0.32205689830826745E+000, 0.15491992208199128E-017)
-0.15707963267948966E+001  0.31415926535897931E+001
( 0.34058438781274386E+000,-0.23804606333541367E-018)
-0.78539816339744828E+000 -0.23561944901923448E+001
( 0.28840907898871460E+000,-0.23141901707315590E-017)
-0.78539816339744828E+000 -0.15707963267948966E+001
( 0.20919889685446352E+000, 0.10444637430891602E-017)
-0.78539816339744828E+000 -0.78539816339744828E+000
( 0.12366676053808272E+000, 0.80315183264488708E-017)
-0.78539816339744828E+000  0.00000000000000000E+000
( 0.86488124797755583E-001, 0.28262954083975353E-018)
-0.78539816339744828E+000  0.78539816339744828E+000
( 0.12372284954494028E+000,-0.34152368433293390E-017)
-0.78539816339744828E+000  0.15707963267948966E+001
( 0.21228102398117590E+000, 0.72412606263688103E-017)
-0.78539816339744828E+000  0.23561944901923448E+001
( 0.27708101646156463E+000, 0.16471450771723531E-016)
-0.78539816339744828E+000  0.31415926535897931E+001
( 0.30858744510731356E+000, 0.12661838835192980E-016)
 0.00000000000000000E+000 -0.23561944901923448E+001
( 0.26648116330202798E+000,-0.23675345789580340E-016)
 0.00000000000000000E+000 -0.15707963267948966E+001
( 0.19547507052526900E+000,-0.32983943760246505E-017)
 0.00000000000000000E+000 -0.78539816339744828E+000
( 0.82736867922743554E-001,-0.81086223643572139E-017)
 0.00000000000000000E+000  0.00000000000000000E+000
( 0.11282006689938055E-001, 0.00000000000000000E+000)
 0.00000000000000000E+000  0.78539816339744828E+000
( 0.82736867922743554E-001, 0.81086223643572139E-017)
 0.00000000000000000E+000  0.15707963267948966E+001
( 0.19547507052526900E+000, 0.32983943760246505E-017)
 0.00000000000000000E+000  0.23561944901923448E+001
( 0.26648116330202798E+000, 0.23675345789580340E-016)
 0.00000000000000000E+000  0.31415926535897931E+001
( 0.28442102879628328E+000,-0.72149367589046480E-018)
 0.78539816339744828E+000 -0.23561944901923448E+001
( 0.27708101646156463E+000,-0.16471450771723531E-016)
 0.78539816339744828E+000 -0.15707963267948966E+001
( 0.21228102398117590E+000,-0.72412606263688103E-017)
 0.78539816339744828E+000 -0.78539816339744828E+000
( 0.12372284954494028E+000, 0.34152368433293390E-017)
 0.78539816339744828E+000  0.00000000000000000E+000
( 0.86488124797755583E-001,-0.28262954083975353E-018)
 0.78539816339744828E+000  0.78539816339744828E+000
( 0.12366676053808272E+000,-0.80315183264488708E-017)
 0.78539816339744828E+000  0.15707963267948966E+001
( 0.20919889685446352E+000,-0.10444637430891602E-017)
 0.78539816339744828E+000  0.23561944901923448E+001
( 0.28840907898871460E+000, 0.23141901707315590E-017)
 0.78539816339744828E+000  0.31415926535897931E+001
( 0.30858744510731356E+000,-0.11523618871748824E-016)
 0.15707963267948966E+001 -0.23561944901923448E+001
( 0.32205689830826745E+000,-0.15491992208199128E-017)
 0.15707963267948966E+001 -0.15707963267948966E+001
( 0.25935119492809366E+000,-0.12793585635328952E-016)
 0.15707963267948966E+001 -0.78539816339744828E+000
( 0.20278804028689371E+000,-0.81002001143010774E-017)
 0.15707963267948966E+001  0.00000000000000000E+000
( 0.18111882899919574E+000,-0.65735345977797366E-017)
 0.15707963267948966E+001  0.78539816339744828E+000
( 0.20593100853056537E+000,-0.17307496330371727E-016)
 0.15707963267948966E+001  0.15707963267948966E+001
( 0.26812196709457881E+000, 0.58378472313094480E-017)
 0.15707963267948966E+001  0.23561944901923448E+001
( 0.32469703646202736E+000,-0.40175974673681598E-017)
 0.15707963267948966E+001  0.31415926535897931E+001
( 0.34058438781274386E+000,-0.17472068473630453E-017)
 0.23561944901923448E+001 -0.23561944901923448E+001
( 0.37826149661667613E+000, 0.47704895589362195E-017)
 0.23561944901923448E+001 -0.15707963267948966E+001
( 0.31450815796467502E+000,-0.22791139551479661E-016)
 0.23561944901923448E+001 -0.78539816339744828E+000
( 0.27779748377588431E+000,-0.14590941469986171E-016)
 0.23561944901923448E+001  0.00000000000000000E+000
( 0.25814558420172640E+000,-0.19035380065963600E-016)
 0.23561944901923448E+001  0.78539816339744828E+000
( 0.26890848439430010E+000,-0.77688900333836327E-017)
 0.23561944901923448E+001  0.15707963267948966E+001
( 0.32975685778791952E+000, 0.14196999030388316E-016)
 0.23561944901923448E+001  0.23561944901923448E+001
( 0.37586078304875487E+000, 0.10816754974686630E-016)
 0.23561944901923448E+001  0.31415926535897931E+001
( 0.39440342232002473E+000, 0.20046020141376436E-016)
 0.31415926535897931E+001 -0.23561944901923448E+001
( 0.40043270429747108E+000,-0.97265033730293341E-017)
 0.31415926535897931E+001 -0.15707963267948966E+001
( 0.34532443725710588E+000,-0.73267869143332929E-017)
 0.31415926535897931E+001 -0.78539816339744828E+000
( 0.30508121753639572E+000,-0.25081366759445912E-017)
 0.31415926535897931E+001  0.00000000000000000E+000
( 0.27732881786918978E+000,-0.23524813157506743E-017)
 0.31415926535897931E+001  0.78539816339744828E+000
( 0.30508121753639572E+000, 0.14034133950593627E-017)
 0.31415926535897931E+001  0.15707963267948966E+001
( 0.34532443725710588E+000, 0.10762544866062355E-016)
 0.31415926535897931E+001  0.23561944901923448E+001
( 0.40043270429747108E+000, 0.87302003093926552E-017)
 0.31415926535897931E+001  0.31415926535897931E+001
( 0.42205335704404806E+000,-0.24085966030156198E-017)
 0.10000000000000000E+001          1         64
( 0.00000000000000000E+000, 0.00000000000000000E+000)
-0.23561944901923448E+001 -0.23561944901923448E+001
( 0.38940606796002142E+000,-0.22482634565066970E-016)
-0.23561944901923448E+001 -0.15707963267948966E+001
( 0.33964380157013552E+000,-0.21876877573463712E-016)
-0.23561944901923448E+001 -0.78539816339744828E+000
( 0.28767928223429207E+000,-0.37060972271562043E-016)
-0.23561944901923448E+001  0.00000000000000000E+000
( 0.26443667960799500E+000,-0.26347851210648162E-016)
-0.23561944901923448E+001  0.78539816339744828E+000
( 0.29454431951931798E+000,-0.41908595479999711E-016)
-0.23561944901923448E+001  0.15707963267948966E+001
( 0.33668920709871475E+000,-0.30342017545720576E-016)
-0.23561944901923448E+001  0.23561944901923448E+001
( 0.39382010560633995E+000,-0.28595832299305179E-016)
-0.23561944901923448E+001  0.31415926535897931E+001
( 0.41025083435565723E+000,-0.30490599225395192E-016)
-0.15707963267948966E+001 -0.23561944901923448E+001
( 0.33710861472776665E+000,-0.35348089566596105E-016)
-0.15707963267948966E+001 -0.15707963267948966E+001
( 0.28344613075389158E+000,-0.41804356776186125E-016)
-0.15707963267948966E+001 -0.78539816339744828E+000
( 0.21415907515642424E+000,-0.31964139291013868E-016)
-0.15707963267948966E+001  0.00000000000000000E+000
( 0.20119112824268981E+000,-0.34621030428536843E-016)
-0.15707963267948966E+001  0.78539816339744828E+000
( 0.22697834882544815E+000,-0.42566397040494639E-016)
-0.15707963267948966E+001  0.15707963267948966E+001
( 0.28328849455417732E+000,-0.39248118643975261E-016)
-0.15707963267948966E+001  0.23561944901923448E+001
( 0.33984793505131616E+000,-0.29180681723733617E-016)
-0.15707963267948966E+001  0.31415926535897931E+001
( 0.36027887184833657E+000,-0.34223585486342183E-016)
-0.78539816339744828E+000 -0.23561944901923448E+001
( 0.28908391397004379E+000,-0.21529776150707189E-016)
-0.78539816339744828E+000 -0.15707963267948966E+001
( 0.22195357615871789E+000,-0.31611773584956079E-016)
-0.78539816339744828E+000 -0.78539816339744828E+000
( 0.13710390036419640E+000,-0.16429844426590357E-016)
-0.78539816339744828E+000  0.00000000000000000E+000
( 0.93470541953491346E-001,-0.68671932321583304E-017)
-0.78539816339744828E+000  0.78539816339744828E+000
( 0.13294756272341904E+000,-0.22957981002380556E-016)
-0.78539816339744828E+000  0.15707963267948966E+001
( 0.22093446888684601E+000,-0.84182101206362105E-017)
-0.78539816339744828E+000  0.23561944901923448E+001
( 0.28913888216250377E+000,-0.16231746019535464E-016)
-0.78539816339744828E+000  0.31415926535897931E+001
( 0.31414754664386074E+000,-0.10512439114332094E-016)
 0.00000000000000000E+000 -0.23561944901923448E+001
( 0.26966555911942475E+000,-0.12448500186274787E-016)
 0.00000000000000000E+000 -0.15707963267948966E+001
( 0.19917256584901757E+000,-0.75122815578970813E-017)
 0.00000000000000000E+000 -0.78539816339744828E+000
( 0.10357861756182282E+000, 0.45421873540005314E-017)
 0.00000000000000000E+000  0.00000000000000000E+000
( 0.29519957626913000E-001, 0.00000000000000000E+000)
 0.00000000000000000E+000  0.78539816339744828E+000
( 0.10357861756182282E+000,-0.45421873540005314E-017)
 0.00000000000000000E+000  0.15707963267948966E+001
( 0.19917256584901757E+000, 0.75122815578970813E-017)
 0.00000000000000000E+000  0.23561944901923448E+001
( 0.26966555911942475E+000, 0.12448500186274787E-016)
 0.00000000000000000E+000  0.31415926535897931E+001
( 0.29650631195276533E+000,-0.13542727288761539E-017)
 0.78539816339744828E+000 -0.23561944901923448E+001
( 0.28913888216250377E+000, 0.16231746019535464E-016)
 0.78539816339744828E+000 -0.15707963267948966E+001
( 0.22093446888684601E+000, 0.84182101206362105E-017)
 0.78539816339744828E+000 -0.78539816339744828E+000
( 0.13294756272341904E+000, 0.22957981002380556E-016)
 0.78539816339744828E+000  0.00000000000000000E+000
( 0.93470541953491346E-001, 0.68671932321583304E-017)
 0.78539816339744828E+000  0.78539816339744828E+000
( 0.13710390036419640E+000, 0.16429844426590357E-016)
 0.78539816339744828E+000  0.15707963267948966E+001
( 0.22195357615871789E+000, 0.31611773584956079E-016)
 0.78539816339744828E+000  0.23561944901923448E+001
( 0.28908391397004379E+000, 0.21529776150707189E-016)
 0.78539816339744828E+000  0.31415926535897931E+001
( 0.31414754664386074E+000, 0.11579915233077744E-016)
 0.15707963267948966E+001 -0.23561944901923448E+001
( 0.33984793505131616E+000, 0.29180681723733617E-016)
 0.15707963267948966E+001 -0.15707963267948966E+001
( 0.28328849455417732E+000, 0.39248118643975261E-016)
 0.15707963267948966E+001 -0.78539816339744828E+000
( 0.22697834882544815E+000, 0.42566397040494639E-016)
 0.15707963267948966E+001  0.00000000000000000E+000
( 0.20119112824268981E+000, 0.34621030428536843E-016)
 0.15707963267948966E+001  0.78539816339744828E+000
( 0.21415907515642424E+000, 0.31964139291013868E-016)
 0.15707963267948966E+001  0.15707963267948966E+001
( 0.28344613075389158E+000, 0.41804356776186125E-016)
 0.15707963267948966E+001  0.23561944901923448E+001
( 0.33710861472776665E+000, 0.35348089566596105E-016)
 0.15707963267948966E+001  0.31415926535897931E+001
( 0.36027887184833657E+000, 0.34673992409076244E-016)
 0.23561944901923448E+001 -0.23561944901923448E+001
( 0.39382010560633995E+000, 0.28595832299305179E-016)
 0.23561944901923448E+001 -0.15707963267948966E+001
( 0.33668920709871475E+000, 0.30342017545720576E-016)
 0.23561944901923448E+001 -0.78539816339744828E+000
( 0.29454431951931798E+000, 0.41908595479999711E-016)
 0.23561944901923448E+001  0.00000000000000000E+000
( 0.26443667960799500E+000, 0.26347851210648162E-016)
 0.23561944901923448E+001  0.78539816339744828E+000
( 0.28767928223429207E+000, 0.37060972271562043E-016)
 0.23561944901923448E+001  0.15707963267948966E+001
( 0.33964380157013552E+000, 0.21876877573463712E-016)
 0.23561944901923448E+001  0.23561944901923448E+001
( 0.38940606796002142E+000, 0.22482634565066970E-016)
 0.23561944901923448E+001  0.31415926535897931E+001
( 0.41025083435565723E+000, 0.25920224047216224E-016)
 0.31415926535897931E+001 -0.23561944901923448E+001
( 0.42209452941305708E+000,-0.15877364339775320E-017)
 0.31415926535897931E+001 -0.15707963267948966E+001
( 0.36665598300304014E+000, 0.68617602544057794E-017)
 0.31415926535897931E+001 -0.78539816339744828E+000
( 0.31584340549429274E+000, 0.44254041098820540E-017)
 0.31415926535897931E+001  0.00000000000000000E+000
( 0.29921989145081368E+000, 0.93732399048689990E-018)
 0.31415926535897931E+001  0.78539816339744828E+000
( 0.31584340549429268E+000,-0.93210399398066778E-017)
 0.31415926535897931E+001  0.15707963267948966E+001
( 0.36665598300304014E+000,-0.97181699577525115E-017)
 0.31415926535897931E+001  0.23561944901923448E+001
( 0.42209452941305703E+000, 0.32244186932780718E-017)
 0.31415926535897931E+001  0.31415926535897931E+001
( 0.42902007945956089E+000,-0.10431884206600277E-017)
 0.10000000000000000E+001          1         64
( 0.00000000000000000E+000, 0.00000000000000000E+000)
-0.23561944901923448E+001 -0.23561944901923448E+001
( 0.39055986836955930E+000,-0.20964480610954952E-018)
-0.23561944901923448E+001 -0.15707963267948966E+001
( 0.33881986219841936E+000,-0.33125700873527763E-018)
-0.23561944901923448E+001 -0.78539816339744828E+000
( 0.28003874519357386E+000, 0.14316265762400358E-016)
-0.23561944901923448E+001  0.00000000000000000E+000
( 0.27312970233910122E+000,-0.10688606524422879E-016)
-0.23561944901923448E+001  0.78539816339744828E+000
( 0.28759686370998028E+000, 0.17371220187726576E-017)
-0.23561944901923448E+001  0.15707963267948966E+001
( 0.34633748328254610E+000, 0.88892585429832115E-017)
-0.23561944901923448E+001  0.23561944901923448E+001
( 0.40015684106333532E+000, 0.71557343384043293E-017)
-0.23561944901923448E+001  0.31415926535897931E+001
( 0.40811152659158589E+000, 0.81264728890922657E-017)
-0.15707963267948966E+001 -0.23561944901923448E+001
( 0.33552104408084049E+000, 0.50897538536922449E-017)
-0.15707963267948966E+001 -0.15707963267948966E+001
( 0.27402030762276408E+000, 0.11321730284025148E-018)
-0.15707963267948966E+001 -0.78539816339744828E+000
( 0.22813687290112239E+000, 0.11922626083146773E-016)
-0.15707963267948966E+001  0.00000000000000000E+000
( 0.19977527661292968E+000, 0.22051587590832359E-016)
-0.15707963267948966E+001  0.78539816339744828E+000
( 0.22601338951053307E+000, 0.32416445685918659E-016)
-0.15707963267948966E+001  0.15707963267948966E+001
( 0.28795169240039881E+000, 0.16696713456276768E-016)
-0.15707963267948966E+001  0.23561944901923448E+001
( 0.34012316805280168E+000, 0.74821942615479055E-017)
-0.15707963267948966E+001  0.31415926535897931E+001
( 0.35999391066229686E+000,-0.51481970781373675E-017)
-0.78539816339744828E+000 -0.23561944901923448E+001
( 0.28791353193778862E+000,-0.17299263903851061E-017)
-0.78539816339744828E+000 -0.15707963267948966E+001
( 0.22821571700271118E+000, 0.82363386966960575E-017)
-0.78539816339744828E+000 -0.78539816339744828E+000
( 0.14384684544462642E+000, 0.24505367640968250E-016)
-0.78539816339744828E+000  0.00000000000000000E+000
( 0.99726287256601306E-001, 0.21744216867958183E-016)
-0.78539816339744828E+000  0.78539816339744828E+000
( 0.13934002501838536E+000, 0.47704895589362195E-017)
-0.78539816339744828E+000  0.15707963267948966E+001
( 0.22388471577513983E+000,-0.12998433355846801E-017)
-0.78539816339744828E+000  0.23561944901923448E+001
( 0.28867336251131859E+000,-0.11494941571142197E-016)
-0.78539816339744828E+000  0.31415926535897931E+001
( 0.31846206001916810E+000,-0.89973611094182248E-017)
 0.00000000000000000E+000 -0.23561944901923448E+001
( 0.27332199530920792E+000,-0.10086678018308967E-016)
 0.00000000000000000E+000 -0.15707963267948966E+001
( 0.20339099603135039E+000, 0.97602180951653897E-017)
 0.00000000000000000E+000 -0.78539816339744828E+000
( 0.10814971956581820E+000, 0.49861307220353955E-017)
 0.00000000000000000E+000  0.00000000000000000E+000
( 0.37911631624010220E-001, 0.00000000000000000E+000)
 0.00000000000000000E+000  0.78539816339744828E+000
( 0.10814971956581820E+000,-0.49861307220353955E-017)
 0.00000000000000000E+000  0.15707963267948966E+001
( 0.20339099603135039E+000,-0.97602180951653897E-017)
 0.00000000000000000E+000  0.23561944901923448E+001
( 0.27332199530920792E+000, 0.10086678018308967E-016)
 0.00000000000000000E+000  0.31415926535897931E+001
( 0.30037413518623568E+000,-0.10945691561129589E-017)
 0.78539816339744828E+000 -0.23561944901923448E+001
( 0.28867336251131859E+000, 0.11494941571142197E-016)
 0.78539816339744828E+000 -0.15707963267948966E+001
( 0.22388471577513983E+000, 0.12998433355846801E-017)
 0.78539816339744828E+000 -0.78539816339744828E+000
( 0.13934002501838536E+000,-0.47704895589362195E-017)
 0.78539816339744828E+000  0.00000000000000000E+000
( 0.99726287256601306E-001,-0.21744216867958183E-016)
 0.78539816339744828E+000  0.78539816339744828E+000
( 0.14384684544462642E+000,-0.24505367640968250E-016)
 0.78539816339744828E+000  0.15707963267948966E+001
( 0.22821571700271118E+000,-0.82363386966960575E-017)
 0.78539816339744828E+000  0.23561944901923448E+001
( 0.28791353193778862E+000, 0.17299263903851061E-017)
 0.78539816339744828E+000  0.31415926535897931E+001
( 0.31846206001916810E+000, 0.15701903695699617E-016)
 0.15707963267948966E+001 -0.23561944901923448E+001
( 0.34012316805280168E+000,-0.74821942615479055E-017)
 0.15707963267948966E+001 -0.15707963267948966E+001
( 0.28795169240039881E+000,-0.16696713456276768E-016)
 0.15707963267948966E+001 -0.78539816339744828E+000
( 0.22601338951053307E+000,-0.32416445685918659E-016)
 0.15707963267948966E+001  0.00000000000000000E+000
( 0.19977527661292968E+000,-0.22051587590832359E-016)
 0.15707963267948966E+001  0.78539816339744828E+000
( 0.22813687290112239E+000,-0.11922626083146773E-016)
 0.15707963267948966E+001  0.15707963267948966E+001
( 0.27402030762276408E+000,-0.11321730284025148E-018)
 0.15707963267948966E+001  0.23561944901923448E+001
( 0.33552104408084049E+000,-0.50897538536922449E-017)
 0.15707963267948966E+001  0.31415926535897931E+001
( 0.35999391066229686E+000, 0.34038794309771591E-017)
 0.23561944901923448E+001 -0.23561944901923448E+001
( 0.40015684106333532E+000,-0.71557343384043293E-017)
 0.23561944901923448E+001 -0.15707963267948966E+001
( 0.34633748328254610E+000,-0.88892585429832115E-017)
 0.23561944901923448E+001 -0.78539816339744828E+000
( 0.28759686370998028E+000,-0.17371220187726576E-017)
 0.23561944901923448E+001  0.00000000000000000E+000
( 0.27312970233910122E+000, 0.10688606524422879E-016)
 0.23561944901923448E+001  0.78539816339744828E+000
( 0.28003874519357386E+000,-0.14316265762400358E-016)
 0.23561944901923448E+001  0.15707963267948966E+001
( 0.33881986219841936E+000, 0.33125700873527763E-018)
 0.23561944901923448E+001  0.23561944901923448E+001
( 0.39055986836955930E+000, 0.20964480610954952E-018)
 0.23561944901923448E+001  0.31415926535897931E+001
( 0.40811152659158589E+000,-0.14784722078694714E-016)
 0.31415926535897931E+001 -0.23561944901923448E+001
( 0.41515924135527976E+000, 0.47716888303341444E-017)
 0.31415926535897931E+001 -0.15707963267948966E+001
( 0.35565643788452017E+000, 0.14634330785758460E-016)
 0.31415926535897931E+001 -0.78539816339744828E+000
( 0.31127604614444127E+000, 0.20495018874169810E-016)
 0.31415926535897931E+001  0.00000000000000000E+000
( 0.27853852647235494E+000,-0.18192904547300553E-017)
 0.31415926535897931E+001  0.78539816339744828E+000
( 0.31127604614444127E+000,-0.22328568396211765E-016)
 0.31415926535897931E+001  0.15707963267948966E+001
( 0.35565643788452017E+000,-0.22233340164340393E-016)
 0.31415926535897931E+001  0.23561944901923448E+001
( 0.41515924135527976E+000,-0.20515892279369820E-017)
 0.31415926535897931E+001  0.31415926535897931E+001
( 0.42017648454727757E+000,-0.33954202234701665E-017)
 0.10000000000000000E+001          1         64
( 0.00000000000000000E+000, 0.00000000000000000E+000)
-0.23561944901923448E+001 -0.23561944901923448E+001
( 0.39690207478637390E+000, 0.38944822478313017E-016)
-0.23561944901923448E+001 -0.15707963267948966E+001
( 0.34181895410639318E+000, 0.30393567199815559E-016)
-0.23561944901923448E+001 -0.78539816339744828E+000
( 0.28931403776281855E+000, 0.16765566555623314E-016)
-0.23561944901923448E+001  0.00000000000000000E+000
( 0.27390060506319125E+000, 0.10619468621753357E-017)
-0.23561944901923448E+001  0.78539816339744828E+000
( 0.28714332895416522E+000,-0.78666967823148407E-017)
-0.23561944901923448E+001  0.15707963267948966E+001
( 0.34434525140831113E+000,-0.28165812177991545E-016)
-0.23561944901923448E+001  0.23561944901923448E+001
( 0.38473824831404213E+000,-0.54616684438957286E-017)
-0.23561944901923448E+001  0.31415926535897931E+001
( 0.43830425714921650E+000, 0.17667405587112374E-016)
-0.15707963267948966E+001 -0.23561944901923448E+001
( 0.34764365695447069E+000, 0.11108321056729652E-016)
-0.15707963267948966E+001 -0.15707963267948966E+001
( 0.28659654541420937E+000, 0.19313441660964249E-016)
-0.15707963267948966E+001 -0.78539816339744828E+000
( 0.22974676206951608E+000, 0.18569532487928629E-016)
-0.15707963267948966E+001  0.00000000000000000E+000
( 0.19891066483595218E+000, 0.86161741085917827E-017)
-0.15707963267948966E+001  0.78539816339744828E+000
( 0.22581114457522442E+000,-0.13610398012373648E-016)
-0.15707963267948966E+001  0.15707963267948966E+001
( 0.28869088584721292E+000,-0.17564075194265172E-016)
-0.15707963267948966E+001  0.23561944901923448E+001
( 0.34279042606264420E+000,-0.12789924887648385E-016)
-0.15707963267948966E+001  0.31415926535897931E+001
( 0.37367043110180009E+000, 0.15430323141070489E-016)
-0.78539816339744828E+000 -0.23561944901923448E+001
( 0.29369080500987721E+000, 0.19720017475646314E-016)
-0.78539816339744828E+000 -0.15707963267948966E+001
( 0.23179138208411307E+000, 0.32325347551338469E-016)
-0.78539816339744828E+000 -0.78539816339744828E+000
( 0.14240128587427792E+000, 0.21908205379568323E-016)
-0.78539816339744828E+000  0.00000000000000000E+000
( 0.10823541449884506E+000, 0.11412844446743927E-016)
-0.78539816339744828E+000  0.78539816339744828E+000
( 0.14318589907223772E+000,-0.24123498337802474E-017)
-0.78539816339744828E+000  0.15707963267948966E+001
( 0.21495199281099472E+000,-0.53902450604348169E-017)
-0.78539816339744828E+000  0.23561944901923448E+001
( 0.30130317990941602E+000,-0.12812590480316028E-017)
-0.78539816339744828E+000  0.31415926535897931E+001
( 0.31722631211287744E+000,-0.19073584523766588E-017)
 0.00000000000000000E+000 -0.23561944901923448E+001
( 0.27205619615623888E+000, 0.41767486481835587E-017)
 0.00000000000000000E+000 -0.15707963267948966E+001
( 0.20193960414820283E+000, 0.18276128101741883E-016)
 0.00000000000000000E+000 -0.78539816339744828E+000
( 0.97415001171429524E-001, 0.13426893663983619E-016)
 0.00000000000000000E+000  0.00000000000000000E+000
( 0.30293050675312145E-001, 0.00000000000000000E+000)
 0.00000000000000000E+000  0.78539816339744828E+000
( 0.97415001171429524E-001,-0.13426893663983619E-016)
 0.00000000000000000E+000  0.15707963267948966E+001
( 0.20193960414820283E+000,-0.18276128101741883E-016)
 0.00000000000000000E+000  0.23561944901923448E+001
( 0.27205619615623888E+000,-0.41767486481835587E-017)
 0.00000000000000000E+000  0.31415926535897931E+001
( 0.28437263991507294E+000,-0.12489863951785814E-017)
 0.78539816339744828E+000 -0.23561944901923448E+001
( 0.30130317990941602E+000, 0.12812590480316028E-017)
 0.78539816339744828E+000 -0.15707963267948966E+001
( 0.21495199281099472E+000, 0.53902450604348169E-017)
 0.78539816339744828E+000 -0.78539816339744828E+000
( 0.14318589907223772E+000, 0.24123498337802474E-017)
 0.78539816339744828E+000  0.00000000000000000E+000
( 0.10823541449884506E+000,-0.11412844446743927E-016)
 0.78539816339744828E+000  0.78539816339744828E+000
( 0.14240128587427792E+000,-0.21908205379568323E-016)
 0.78539816339744828E+000  0.15707963267948966E+001
( 0.23179138208411307E+000,-0.32325347551338469E-016)
 0.78539816339744828E+000  0.23561944901923448E+001
( 0.29369080500987721E+000,-0.19720017475646314E-016)
 0.78539816339744828E+000  0.31415926535897931E+001
( 0.31722631211287744E+000, 0.28040061718096034E-017)
 0.15707963267948966E+001 -0.23561944901923448E+001
( 0.34279042606264420E+000, 0.12789924887648385E-016)
 0.15707963267948966E+001 -0.15707963267948966E+001
( 0.28869088584721292E+000, 0.17564075194265172E-016)
 0.15707963267948966E+001 -0.78539816339744828E+000
( 0.22581114457522442E+000, 0.13610398012373648E-016)
 0.15707963267948966E+001  0.00000000000000000E+000
( 0.19891066483595218E+000,-0.86161741085917827E-017)
 0.15707963267948966E+001  0.78539816339744828E+000
( 0.22974676206951608E+000,-0.18569532487928629E-016)
 0.15707963267948966E+001  0.15707963267948966E+001
( 0.28659654541420937E+000,-0.19313441660964249E-016)
 0.15707963267948966E+001  0.23561944901923448E+001
( 0.34764365695447069E+000,-0.11108321056729652E-016)
 0.15707963267948966E+001  0.31415926535897931E+001
( 0.37367043110180009E+000,-0.20880619984942552E-016)
 0.23561944901923448E+001 -0.23561944901923448E+001
( 0.38473824831404213E+000, 0.54616684438957286E-017)
 0.23561944901923448E+001 -0.15707963267948966E+001
( 0.34434525140831113E+000, 0.28165812177991545E-016)
 0.23561944901923448E+001 -0.78539816339744828E+000
( 0.28714332895416522E+000, 0.78666967823148407E-017)
 0.23561944901923448E+001  0.00000000000000000E+000
( 0.27390060506319125E+000,-0.10619468621753357E-017)
 0.23561944901923448E+001  0.78539816339744828E+000
( 0.28931403776281855E+000,-0.16765566555623314E-016)
 0.23561944901923448E+001  0.15707963267948966E+001
( 0.34181895410639318E+000,-0.30393567199815559E-016)
 0.23561944901923448E+001  0.23561944901923448E+001
( 0.39690207478637390E+000,-0.38944822478313017E-016)
 0.23561944901923448E+001  0.31415926535897931E+001
( 0.43830425714921656E+000,-0.14493933305459873E-016)
 0.31415926535897931E+001 -0.23561944901923448E+001
( 0.42859573023698039E+000, 0.21823229468951344E-016)
 0.31415926535897931E+001 -0.15707963267948966E+001
( 0.36223884412084889E+000, 0.25959320535666697E-016)
 0.31415926535897931E+001 -0.78539816339744828E+000
( 0.31466231670821138E+000, 0.11774575814509425E-016)
 0.31415926535897931E+001  0.00000000000000000E+000
( 0.28845607588114208E+000,-0.29208795403749022E-017)
 0.31415926535897931E+001  0.78539816339744828E+000
( 0.31466231670821138E+000,-0.86146560600129916E-017)
 0.31415926535897931E+001  0.15707963267948966E+001
( 0.36223884412084889E+000,-0.23793097117828089E-016)
 0.31415926535897931E+001  0.23561944901923448E+001
( 0.42859573023698039E+000,-0.20072772538686064E-016)
 0.31415926535897931E+001  0.31415926535897931E+001
( 0.45294861903001876E+000,-0.28799239969390261E-017)
 0.10000000000000000E+001          1         64
( 0.00000000000000000E+000, 0.00000000000000000E+000)
-0.23561944901923448E+001 -0.23561944901923448E+001
( 0.39800963294547931E+000,-0.46979503351687428E-017)
-0.23561944901923448E+001 -0.15707963267948966E+001
( 0.34131910759459844E+000,-0.17845882490953859E-016)
-0.23561944901923448E+001 -0.78539816339744828E+000
( 0.28865212472827684E+000, 0.13257555950626713E-016)
-0.23561944901923448E+001  0.00000000000000000E+000
( 0.27913660747599056E+000, 0.74106429371092263E-017)
-0.23561944901923448E+001  0.78539816339744828E+000
( 0.29011144243600862E+000,-0.88753130912293562E-017)
-0.23561944901923448E+001  0.15707963267948966E+001
( 0.33835031898595702E+000,-0.18872690162823666E-016)
-0.23561944901923448E+001  0.23561944901923448E+001
( 0.38922000914308275E+000,-0.32526065174565133E-018)
-0.23561944901923448E+001  0.31415926535897931E+001
( 0.42027131934312123E+000,-0.40461116871894168E-017)
-0.15707963267948966E+001 -0.23561944901923448E+001
( 0.34719037580109346E+000, 0.12902858534152938E-017)
-0.15707963267948966E+001 -0.15707963267948966E+001
( 0.27970475603970324E+000, 0.87054612997982518E-018)
-0.15707963267948966E+001 -0.78539816339744828E+000
( 0.22045923101104559E+000, 0.27299177661907043E-016)
-0.15707963267948966E+001  0.00000000000000000E+000
( 0.20140093421051292E+000, 0.75550014131559534E-017)
-0.15707963267948966E+001  0.78539816339744828E+000
( 0.22101779341459671E+000,-0.12367477127910641E-016)
-0.15707963267948966E+001  0.15707963267948966E+001
( 0.28182331785804382E+000,-0.13931997916438732E-016)
-0.15707963267948966E+001  0.23561944901923448E+001
( 0.34041702139324892E+000,-0.32992442645048988E-017)
-0.15707963267948966E+001  0.31415926535897931E+001
( 0.35493736788356595E+000,-0.80417726891960471E-017)
-0.78539816339744828E+000 -0.23561944901923448E+001
( 0.29581890547744372E+000,-0.50383557100661736E-017)
-0.78539816339744828E+000 -0.15707963267948966E+001
( 0.22093675106021191E+000,-0.25163820814443297E-017)
-0.78539816339744828E+000 -0.78539816339744828E+000
( 0.14394506011686123E+000,-0.24514152192527428E-017)
-0.78539816339744828E+000  0.00000000000000000E+000
( 0.10537775528442433E+000, 0.78912251747972648E-017)
-0.78539816339744828E+000  0.78539816339744828E+000
( 0.13970375120660805E+000, 0.10598076236045806E-016)
-0.78539816339744828E+000  0.15707963267948966E+001
( 0.22524447354482066E+000, 0.10958014303679485E-016)
-0.78539816339744828E+000  0.23561944901923448E+001
( 0.28956449034793402E+000,-0.34574866207932564E-017)
-0.78539816339744828E+000  0.31415926535897931E+001
( 0.31290446366426844E+000,-0.39938412722209642E-017)
 0.00000000000000000E+000 -0.23561944901923448E+001
( 0.27390379302832163E+000, 0.28775237266710548E-017)
 0.00000000000000000E+000 -0.15707963267948966E+001
( 0.20108147675025126E+000,-0.13808432976038401E-016)
 0.00000000000000000E+000 -0.78539816339744828E+000
( 0.96589111123145138E-001,-0.26489210424534334E-016)
 0.00000000000000000E+000  0.00000000000000000E+000
( 0.44307530125357063E-001, 0.00000000000000000E+000)
 0.00000000000000000E+000  0.78539816339744828E+000
( 0.96589111123145138E-001, 0.26489210424534334E-016)
 0.00000000000000000E+000  0.15707963267948966E+001
( 0.20108147675025126E+000, 0.13808432976038401E-016)
 0.00000000000000000E+000  0.23561944901923448E+001
( 0.27390379302832163E+000,-0.28775237266710548E-017)
 0.00000000000000000E+000  0.31415926535897931E+001
( 0.29639868670710801E+000, 0.11532266408585683E-018)
 0.78539816339744828E+000 -0.23561944901923448E+001
( 0.28956449034793402E+000, 0.34574866207932564E-017)
 0.78539816339744828E+000 -0.15707963267948966E+001
( 0.22524447354482066E+000,-0.10958014303679485E-016)
 0.78539816339744828E+000 -0.78539816339744828E+000
( 0.13970375120660805E+000,-0.10598076236045806E-016)
 0.78539816339744828E+000  0.00000000000000000E+000
( 0.10537775528442433E+000,-0.78912251747972648E-017)
 0.78539816339744828E+000  0.78539816339744828E+000
( 0.14394506011686123E+000, 0.24514152192527428E-017)
 0.78539816339744828E+000  0.15707963267948966E+001
( 0.22093675106021191E+000, 0.25163820814443297E-017)
 0.78539816339744828E+000  0.23561944901923448E+001
( 0.29581890547744372E+000, 0.50383557100661736E-017)
 0.78539816339744828E+000  0.31415926535897931E+001
( 0.31290446366426844E+000, 0.55045405705274441E-017)
 0.15707963267948966E+001 -0.23561944901923448E+001
( 0.34041702139324892E+000, 0.32992442645048988E-017)
 0.15707963267948966E+001 -0.15707963267948966E+001
( 0.28182331785804382E+000, 0.13931997916438732E-016)
 0.15707963267948966E+001 -0.78539816339744828E+000
( 0.22101779341459671E+000, 0.12367477127910641E-016)
 0.15707963267948966E+001  0.00000000000000000E+000
( 0.20140093421051292E+000,-0.75550014131559534E-017)
 0.15707963267948966E+001  0.78539816339744828E+000
( 0.22045923101104559E+000,-0.27299177661907043E-016)
 0.15707963267948966E+001  0.15707963267948966E+001
( 0.27970475603970324E+000,-0.87054612997982518E-018)
 0.15707963267948966E+001  0.23561944901923448E+001
( 0.34719037580109346E+000,-0.12902858534152938E-017)
 0.15707963267948966E+001  0.31415926535897931E+001
( 0.35493736788356595E+000, 0.70054118413519738E-017)
 0.23561944901923448E+001 -0.23561944901923448E+001
( 0.38922000914308275E+000, 0.32526065174565133E-018)
 0.23561944901923448E+001 -0.15707963267948966E+001
( 0.33835031898595702E+000, 0.18872690162823666E-016)
 0.23561944901923448E+001 -0.78539816339744828E+000
( 0.29011144243600862E+000, 0.88753130912293562E-017)
 0.23561944901923448E+001  0.00000000000000000E+000
( 0.27913660747599056E+000,-0.74106429371092263E-017)
 0.23561944901923448E+001  0.78539816339744828E+000
( 0.28865212472827684E+000,-0.13257555950626713E-016)
 0.23561944901923448E+001  0.15707963267948966E+001
( 0.34131910759459844E+000, 0.17845882490953859E-016)
 0.23561944901923448E+001  0.23561944901923448E+001
( 0.39800963294547931E+000, 0.46979503351687428E-017)
 0.23561944901923448E+001  0.31415926535897931E+001
( 0.42027131934312123E+000, 0.23719671038197278E-017)
 0.31415926535897931E+001 -0.23561944901923448E+001
( 0.41789638032823634E+000,-0.69715905053968807E-018)
 0.31415926535897931E+001 -0.15707963267948966E+001
( 0.36497827551039141E+000, 0.12805545966489310E-016)
 0.31415926535897931E+001 -0.78539816339744828E+000
( 0.31035210220586290E+000, 0.21369113210744032E-017)
 0.31415926535897931E+001  0.00000000000000000E+000
( 0.29648381901692838E+000,-0.15574756702431042E-017)
 0.31415926535897931E+001  0.78539816339744828E+000
( 0.31035210220586290E+000,-0.91081509304536723E-018)
 0.31415926535897931E+001  0.15707963267948966E+001
( 0.36497827551039141E+000,-0.10209829536506943E-016)
 0.31415926535897931E+001  0.23561944901923448E+001
( 0.41789638032823634E+000, 0.23027260389386505E-017)
 0.31415926535897931E+001  0.31415926535897931E+001
( 0.44951767963160083E+000, 0.54500583205484355E-018)
