          51           4   10.000000000000000                1
     0.0000000        0.79214282        0.01042943
     0.1000000        0.70371758        0.02978138
     0.2000000        0.59463009        0.01082280
     0.3000000        0.56344028        0.05045605
     0.4000000        0.55337636        0.06082072
     0.5000000        0.45802451        0.06021810
     0.6000000        0.48942257        0.08114755
     0.7000000        0.40737831        0.04423234
     0.8000000        0.29066396        0.04161688
     0.9000000        0.28602105        0.05667803
     1.0000000        0.25970195        0.11224066
     1.1000000        0.14274498        0.01851615
     1.2000000        0.16359404        0.01612168
     1.3000000        0.16192078        0.04292973
     1.4000000        0.17324820        0.03244341
     1.5000000        0.12921275        0.04099479
     1.6000000        0.08846294        0.01502945
     1.7000000        0.14147537        0.04563685
     1.8000000        0.09961519        0.02333906
     1.9000000        0.08237113        0.02951702
     2.0000000        0.06874843        0.01724786
     2.1000000        0.05797159        0.01371222
     2.2000000        0.06985949        0.01097321
     2.3000000        0.08509983        0.02061639
     2.4000000        0.04308071        0.00761017
     2.5000000        0.04276235        0.01052582
     2.6000000        0.03320042        0.01338093
     2.7000000        0.04307766        0.02859950
     2.8000000        0.06783519        0.06429403
     2.9000000        0.02114192        0.01468719
     3.0000000        0.01598812        0.01134154
     3.1000000        0.00999936        0.00490177
     3.2000000        0.01344948        0.00550122
     3.3000000        0.01094741        0.00696015
     3.4000000        0.01155532        0.00842921
     3.5000000        0.00741417        0.00298988
     3.6000000        0.01263359        0.00663951
     3.7000000        0.00631493        0.00270483
     3.8000000        0.00850906        0.00461080
     3.9000000        0.00351737        0.00203986
     4.0000000        0.00256505        0.00124448
     4.1000000        0.00316047        0.00208024
     4.2000000        0.00313629        0.00152810
     4.3000000        0.00409307        0.00303012
     4.4000000        0.00242212        0.00141947
     4.5000000        0.00383998        0.00230592
     4.6000000        0.00234486        0.00136572
     4.7000000        0.00231961        0.00181103
     4.8000000        0.00146866        0.00085957
     4.9000000        0.00108597        0.00063909
     5.0000000        0.00082856        0.00056825
