          31           9   6.0000000000000000                1
     0.0000000        0.15248614        0.00313157
     0.1000000        0.15248614        0.00313157
     0.2000000        0.15248614        0.00313157
     0.3000000        0.15248614        0.00313157
     0.4000000        0.15248614        0.00313157
     0.5000000        0.15248614        0.00313157
     0.6000000        0.15248614        0.00313157
     0.7000000        0.15248614        0.00313157
     0.8000000        0.15248614        0.00313157
     0.9000000        0.15248614        0.00313157
     1.0000000        0.15248614        0.00313157
     1.1000000        0.15248614        0.00313157
     1.2000000        0.15248614        0.00313157
     1.3000000        0.15248614        0.00313157
     1.4000000        0.15248614        0.00313157
     1.5000000        0.15248614        0.00313157
     1.6000000        0.15248614        0.00313157
     1.7000000        0.15248614        0.00313157
     1.8000000        0.15248614        0.00313157
     1.9000000        0.15248614        0.00313157
     2.0000000        0.15248614        0.00313157
     2.1000000        0.15248614        0.00313157
     2.2000000        0.15248614        0.00313157
     2.3000000        0.15248614        0.00313157
     2.4000000        0.15248614        0.00313157
     2.5000000        0.15248614        0.00313157
     2.6000000        0.15248614        0.00313157
     2.7000000        0.15248614        0.00313157
     2.8000000        0.15248614        0.00313157
     2.9000000        0.15248614        0.00313157
     3.0000000        0.15248614        0.00313157
