          31           4   6.0000000000000000                1
     0.0000000        0.27669141        0.00103300
     0.1000000        0.16174707        0.00856546
     0.2000000        0.10243278        0.00742198
     0.3000000        0.06075581        0.00768692
     0.4000000        0.03690753        0.00814119
     0.5000000        0.02861378        0.00766005
     0.6000000        0.02029883        0.01040477
     0.7000000        0.01260616        0.00743806
     0.8000000        0.00737218        0.00669893
     0.9000000        0.00437298        0.00737059
     1.0000000        0.00102663        0.00938581
     1.1000000       -0.00503324        0.00640899
     1.2000000       -0.00840638        0.00418595
     1.3000000       -0.00901250        0.00192451
     1.4000000       -0.00993302        0.00353690
     1.5000000       -0.00722292        0.00257233
     1.6000000       -0.00726210        0.00089240
     1.7000000       -0.01461496        0.00163282
     1.8000000       -0.01296278        0.00474768
     1.9000000       -0.00784490        0.00575410
     2.0000000       -0.00658690        0.00655248
     2.1000000       -0.01009308        0.00525127
     2.2000000       -0.00921629        0.00644152
     2.3000000       -0.00987386        0.00804186
     2.4000000       -0.01251043        0.00939255
     2.5000000       -0.01280401        0.01030031
     2.6000000       -0.01000321        0.01070865
     2.7000000       -0.01495897        0.01142591
     2.8000000       -0.01714689        0.01158713
     2.9000000       -0.01804328        0.01055892
     3.0000000       -0.01737692        0.01413458
