          41           9   8.0000000000000000                1
     0.0000000        0.84409177        0.01228521
     0.1000000        0.58368569        0.00998362
     0.2000000        0.42074883        0.00592617
     0.3000000        0.31910309        0.00466975
     0.4000000        0.24360884        0.00695462
     0.5000000        0.19579247        0.00518950
     0.6000000        0.15523021        0.00645977
     0.7000000        0.12197064        0.00725411
     0.8000000        0.10579175        0.00554981
     0.9000000        0.08263942        0.00765078
     1.0000000        0.07158556        0.00616935
     1.1000000        0.06051513        0.00440483
     1.2000000        0.04951704        0.00427188
     1.3000000        0.04263100        0.00386791
     1.4000000        0.03959275        0.00425804
     1.5000000        0.04300955        0.00420157
     1.6000000        0.04057146        0.00498063
     1.7000000        0.02756929        0.00696078
     1.8000000        0.02750860        0.00511448
     1.9000000        0.01985654        0.00562204
     2.0000000        0.02078718        0.00341881
     2.1000000        0.02165021        0.00230161
     2.2000000        0.01617711        0.00496351
     2.3000000        0.01096262        0.00864393
     2.4000000        0.00592651        0.00530873
     2.5000000        0.00816191        0.00515261
     2.6000000        0.00906134        0.00404496
     2.7000000        0.01102513        0.00552793
     2.8000000        0.01270847        0.00414754
     2.9000000        0.01215009        0.00460039
     3.0000000        0.00983251        0.00359685
     3.1000000        0.01256891        0.00460239
     3.2000000        0.00785558        0.00633076
     3.3000000        0.00886672        0.00378244
     3.4000000        0.00485728        0.00571212
     3.5000000        0.00143239        0.00611887
     3.6000000        0.00168408        0.00444714
     3.7000000       -0.00432696        0.00765598
     3.8000000       -0.00019479        0.00286787
     3.9000000        0.00038554        0.00525162
     4.0000000        0.00363186        0.00673519
