         101           9   10.000000000000000                1
     0.0000000        0.61261079        0.02002572
     0.1000000        0.51451643        0.01780471
     0.2000000        0.44690166        0.01843564
     0.3000000        0.38809718        0.01746047
     0.4000000        0.35046361        0.02004057
     0.5000000        0.32099977        0.02034061
     0.6000000        0.28555016        0.02211465
     0.7000000        0.25889772        0.02214333
     0.8000000        0.24386139        0.02851902
     0.9000000        0.22635437        0.02886219
     1.0000000        0.20164691        0.03252139
     1.1000000        0.18526964        0.03257745
     1.2000000        0.16068409        0.02894387
     1.3000000        0.14509575        0.02421922
     1.4000000        0.13105572        0.01770769
     1.5000000        0.11517342        0.01806999
     1.6000000        0.10569001        0.01288099
     1.7000000        0.09678977        0.01231651
     1.8000000        0.10091211        0.01070021
     1.9000000        0.08875516        0.01368035
     2.0000000        0.08771595        0.01800952
     2.1000000        0.08137156        0.01424606
     2.2000000        0.09529601        0.01620779
     2.3000000        0.08696826        0.01336491
     2.4000000        0.07577949        0.01407340
     2.5000000        0.07932986        0.01148750
     2.6000000        0.07339738        0.01388247
     2.7000000        0.06133551        0.01243775
     2.8000000        0.05460484        0.01007246
     2.9000000        0.05906513        0.01009406
     3.0000000        0.04757177        0.01024003
     3.1000000        0.03579767        0.01098325
     3.2000000        0.04000016        0.01031331
     3.3000000        0.03863813        0.00864416
     3.4000000        0.02613172        0.01039174
     3.5000000        0.03251664        0.01288386
     3.6000000        0.03661997        0.01043894
     3.7000000        0.03666577        0.01199403
     3.8000000        0.03638480        0.01565419
     3.9000000        0.03091876        0.01787205
     4.0000000        0.03357251        0.01615043
     4.1000000        0.02714222        0.01835922
     4.2000000        0.02219626        0.01752742
     4.3000000        0.01100190        0.01708816
     4.4000000        0.01014089        0.01516206
     4.5000000        0.00146501        0.01623095
     4.6000000        0.00815644        0.01660826
     4.7000000        0.01561597        0.01623971
     4.8000000        0.01422237        0.02095533
     4.9000000        0.02527355        0.02172109
     5.0000000        0.02253158        0.01760466
     5.1000000        0.01876014        0.01681810
     5.2000000        0.02471248        0.01208654
     5.3000000        0.02979815        0.00992030
     5.4000000        0.03724282        0.01387784
     5.5000000        0.03306621        0.01101325
     5.6000000        0.03085319        0.01213114
     5.7000000        0.04017744        0.01387635
     5.8000000        0.05122542        0.01088336
     5.9000000        0.04451927        0.01119029
     6.0000000        0.04447763        0.01133989
     6.1000000        0.03833267        0.00990673
     6.2000000        0.04722378        0.01374844
     6.3000000        0.04851376        0.01254440
     6.4000000        0.05688210        0.01315615
     6.5000000        0.06692403        0.01259770
     6.6000000        0.07051595        0.01459579
     6.7000000        0.07448595        0.01332606
     6.8000000        0.07201205        0.01207798
     6.9000000        0.07318810        0.01139767
     7.0000000        0.07938032        0.01384042
     7.1000000        0.09318890        0.01593079
     7.2000000        0.09715682        0.01828003
     7.3000000        0.11002530        0.02339228
     7.4000000        0.12232866        0.02423304
     7.5000000        0.12869566        0.02212522
     7.6000000        0.16054671        0.02044422
     7.7000000        0.16588193        0.02085454
     7.8000000        0.16901366        0.01770503
     7.9000000        0.19178987        0.01871967
     8.0000000        0.19919794        0.01728813
     8.1000000        0.21146347        0.01949276
     8.2000000        0.23272696        0.01878279
     8.3000000        0.25619995        0.01972527
     8.4000000        0.28707332        0.02132667
     8.5000000        0.30713382        0.01915541
     8.6000000        0.35221426        0.01591450
     8.7000000        0.39255063        0.01514013
     8.8000000        0.42990298        0.01462167
     8.9000000        0.46508240        0.01741434
     9.0000000        0.51017462        0.01712312
     9.1000000        0.56059241        0.01637632
     9.2000000        0.61788503        0.01336316
     9.3000000        0.67350312        0.02010540
     9.4000000        0.72705621        0.01234969
     9.5000000        0.80717225        0.01981171
     9.6000000        0.88742292        0.02098970
     9.7000000        0.98731356        0.02424459
     9.8000000        1.09633536        0.02465856
     9.9000000        1.23111075        0.02393305
    10.0000000        1.38738921        0.02002572
