          51           4   10.000000000000000                1
     0.0000000        1.09271127        0.05165718
     0.1000000        0.89498488        0.04791880
     0.2000000        0.75421944        0.04399039
     0.3000000        0.65451171        0.04393391
     0.4000000        0.58047574        0.04395834
     0.5000000        0.52130938        0.04323861
     0.6000000        0.47076408        0.04193919
     0.7000000        0.42782274        0.04069220
     0.8000000        0.39377294        0.03933780
     0.9000000        0.36383155        0.03779944
     1.0000000        0.33450410        0.03693819
     1.1000000        0.30688068        0.03638109
     1.2000000        0.28318849        0.03777001
     1.3000000        0.26493152        0.04070299
     1.4000000        0.24730043        0.04051222
     1.5000000        0.22868590        0.03677589
     1.6000000        0.21295174        0.03407248
     1.7000000        0.19919350        0.03195768
     1.8000000        0.18641284        0.03014379
     1.9000000        0.17555031        0.02940088
     2.0000000        0.16776855        0.02843177
     2.1000000        0.16067390        0.02598571
     2.2000000        0.15212308        0.02405143
     2.3000000        0.14419641        0.02305335
     2.4000000        0.13793929        0.02096691
     2.5000000        0.13300035        0.02143206
     2.6000000        0.12782298        0.02304865
     2.7000000        0.11980252        0.02134166
     2.8000000        0.11099794        0.01874150
     2.9000000        0.10189215        0.01746674
     3.0000000        0.09552353        0.01788226
     3.1000000        0.09266179        0.01878329
     3.2000000        0.08939776        0.01962677
     3.3000000        0.08621424        0.02110451
     3.4000000        0.08209170        0.02286943
     3.5000000        0.07576154        0.02415664
     3.6000000        0.06918470        0.02325805
     3.7000000        0.06324448        0.01999447
     3.8000000        0.05821787        0.01696012
     3.9000000        0.05332266        0.01554893
     4.0000000        0.04769662        0.01696779
     4.1000000        0.04310016        0.01921334
     4.2000000        0.03851200        0.02034227
     4.3000000        0.03387007        0.02139804
     4.4000000        0.03006395        0.02211125
     4.5000000        0.02754268        0.02218747
     4.6000000        0.02431468        0.02295149
     4.7000000        0.02369989        0.02487372
     4.8000000        0.02629956        0.02664409
     4.9000000        0.02806001        0.02882634
     5.0000000        0.02874303        0.02992603
