          31           9   6.0000000000000000                1
     0.0000000        0.02617948        0.02565881
     0.1000000        0.01043128        0.02219593
     0.2000000       -0.00275337        0.02534504
     0.3000000        0.00646356        0.00776679
     0.4000000       -0.00583379        0.01327316
     0.5000000        0.00329295        0.00483563
     0.6000000        0.01351444        0.00485444
     0.7000000        0.00856261        0.00514646
     0.8000000        0.01786378        0.01257370
     0.9000000        0.02205609        0.01271091
     1.0000000        0.00763541        0.00585161
     1.1000000        0.01102392        0.01001219
     1.2000000        0.01802522        0.00877057
     1.3000000        0.01395888        0.00558518
     1.4000000        0.00689147        0.00905468
     1.5000000        0.01443850        0.01170294
     1.6000000        0.01090411        0.00940162
     1.7000000        0.00293652        0.00355999
     1.8000000        0.01341953        0.00594888
     1.9000000        0.00929280        0.00895690
     2.0000000        0.00338212        0.00651689
     2.1000000       -0.00000389        0.00502383
     2.2000000        0.00014371        0.00524864
     2.3000000        0.00579796        0.00658724
     2.4000000        0.00664353        0.00364896
     2.5000000        0.00532284        0.00471233
     2.6000000        0.00296700        0.00440089
     2.7000000        0.00445690        0.00393151
     2.8000000       -0.00191308        0.00875933
     2.9000000        0.00182036        0.00711384
     3.0000000       -0.00165827        0.00383740
