   -2.513274     -2.513274
  1    1        1.21389570        0.00274062        0.00000000        0.00000000
   -2.513274     -1.884956
  1    1        0.97174943        0.00288664       -0.00000000        0.00000000
   -2.513274     -1.256637
  1    1        0.78144343        0.00414878        0.00000000        0.00000000
   -2.513274     -0.628319
  1    1        0.67276038        0.00504599        0.00000000        0.00000000
   -2.513274      0.000000
  1    1        0.63712199        0.00541803        0.00000000        0.00000000
   -2.513274      0.628319
  1    1        0.66983659        0.00434540        0.00000000        0.00000000
   -2.513274      1.256637
  1    1        0.77795543        0.00220091        0.00000000        0.00000000
   -2.513274      1.884956
  1    1        0.96741981        0.00122517        0.00000000        0.00000000
   -2.513274      2.513274
  1    1        1.20931498        0.00300178        0.00000000        0.00000000
   -2.513274      3.141593
  1    1        1.34360859        0.00428890        0.00000000        0.00000000
   -1.884956     -2.513274
  1    1        0.97169960        0.00361376       -0.00000000        0.00000000
   -1.884956     -1.884956
  1    1        0.83831817        0.00355055        0.00000000        0.00000000
   -1.884956     -1.256637
  1    1        0.69443628        0.00425415        0.00000000        0.00000000
   -1.884956     -0.628319
  1    1        0.59716399        0.00374704        0.00000000        0.00000000
   -1.884956      0.000000
  1    1        0.56358967        0.00307745        0.00000000        0.00000000
   -1.884956      0.628319
  1    1        0.59458816        0.00252378        0.00000000        0.00000000
   -1.884956      1.256637
  1    1        0.68974244        0.00102154        0.00000000        0.00000000
   -1.884956      1.884956
  1    1        0.83035431        0.00077752        0.00000000        0.00000000
   -1.884956      2.513274
  1    1        0.96423290        0.00179505        0.00000000        0.00000000
   -1.884956      3.141593
  1    1        1.02199057        0.00218954        0.00000000        0.00000000
   -1.256637     -2.513274
  1    1        0.77874379        0.00186650        0.00000000        0.00000000
   -1.256637     -1.884956
  1    1        0.69379981        0.00255215        0.00000000        0.00000000
   -1.256637     -1.256637
  1    1        0.58177803        0.00286701        0.00000000        0.00000000
   -1.256637     -0.628319
  1    1        0.49139731        0.00324619        0.00000000        0.00000000
   -1.256637      0.000000
  1    1        0.45776150        0.00271923        0.00000000        0.00000000
   -1.256637      0.628319
  1    1        0.48958619        0.00197633        0.00000000        0.00000000
   -1.256637      1.256637
  1    1        0.57827246        0.00033052        0.00000000        0.00000000
   -1.256637      1.884956
  1    1        0.69003199        0.00169615        0.00000000        0.00000000
   -1.256637      2.513274
  1    1        0.77641868        0.00235385        0.00000000        0.00000000
   -1.256637      3.141593
  1    1        0.80729257        0.00126386        0.00000000        0.00000000
   -0.628319     -2.513274
  1    1        0.66891174        0.00232415        0.00000000        0.00000000
   -0.628319     -1.884956
  1    1        0.59532668        0.00244947        0.00000000        0.00000000
   -0.628319     -1.256637
  1    1        0.49117021        0.00228203        0.00000000        0.00000000
   -0.628319     -0.628319
  1    1        0.39791600        0.00366525        0.00000000        0.00000000
   -0.628319      0.000000
  1    1        0.35990246        0.00451195        0.00000000        0.00000000
   -0.628319      0.628319
  1    1        0.39701947        0.00246384        0.00000000        0.00000000
   -0.628319      1.256637
  1    1        0.48961609        0.00216649        0.00000000        0.00000000
   -0.628319      1.884956
  1    1        0.59398439        0.00363630        0.00000000        0.00000000
   -0.628319      2.513274
  1    1        0.66835894        0.00475988        0.00000000        0.00000000
   -0.628319      3.141593
  1    1        0.69382374        0.00419170        0.00000000        0.00000000
    0.000000     -2.513274
  1    1        0.63480790        0.00433703        0.00000000        0.00000000
    0.000000     -1.884956
  1    1        0.56131644        0.00323703       -0.00000000        0.00000000
    0.000000     -1.256637
  1    1        0.45665668        0.00259116       -0.00000000        0.00000000
    0.000000     -0.628319
  1    1        0.36019562        0.00273983       -0.00000000        0.00000000
    0.000000      0.000000
  1    1        0.31947928        0.00491572        0.00000000        0.00000000
    0.000000      0.628319
  1    1        0.36019562        0.00273983        0.00000000        0.00000000
    0.000000      1.256637
  1    1        0.45665668        0.00259116        0.00000000        0.00000000
    0.000000      1.884956
  1    1        0.56131644        0.00323703        0.00000000        0.00000000
    0.000000      2.513274
  1    1        0.63480790        0.00433703       -0.00000000        0.00000000
    0.000000      3.141593
  1    1        0.65955372        0.00538455        0.00000000        0.00000000
    0.628319     -2.513274
  1    1        0.66835894        0.00475988       -0.00000000        0.00000000
    0.628319     -1.884956
  1    1        0.59398439        0.00363630       -0.00000000        0.00000000
    0.628319     -1.256637
  1    1        0.48961609        0.00216649       -0.00000000        0.00000000
    0.628319     -0.628319
  1    1        0.39701947        0.00246384       -0.00000000        0.00000000
    0.628319      0.000000
  1    1        0.35990246        0.00451195       -0.00000000        0.00000000
    0.628319      0.628319
  1    1        0.39791600        0.00366525       -0.00000000        0.00000000
    0.628319      1.256637
  1    1        0.49117021        0.00228203       -0.00000000        0.00000000
    0.628319      1.884956
  1    1        0.59532668        0.00244947       -0.00000000        0.00000000
    0.628319      2.513274
  1    1        0.66891174        0.00232415       -0.00000000        0.00000000
    0.628319      3.141593
  1    1        0.69382374        0.00419170       -0.00000000        0.00000000
    1.256637     -2.513274
  1    1        0.77641868        0.00235385       -0.00000000        0.00000000
    1.256637     -1.884956
  1    1        0.69003199        0.00169615       -0.00000000        0.00000000
    1.256637     -1.256637
  1    1        0.57827246        0.00033052       -0.00000000        0.00000000
    1.256637     -0.628319
  1    1        0.48958619        0.00197633       -0.00000000        0.00000000
    1.256637      0.000000
  1    1        0.45776150        0.00271923       -0.00000000        0.00000000
    1.256637      0.628319
  1    1        0.49139731        0.00324619       -0.00000000        0.00000000
    1.256637      1.256637
  1    1        0.58177803        0.00286701       -0.00000000        0.00000000
    1.256637      1.884956
  1    1        0.69379981        0.00255215       -0.00000000        0.00000000
    1.256637      2.513274
  1    1        0.77874379        0.00186650       -0.00000000        0.00000000
    1.256637      3.141593
  1    1        0.80729257        0.00126386       -0.00000000        0.00000000
    1.884956     -2.513274
  1    1        0.96423290        0.00179505       -0.00000000        0.00000000
    1.884956     -1.884956
  1    1        0.83035431        0.00077752       -0.00000000        0.00000000
    1.884956     -1.256637
  1    1        0.68974244        0.00102154       -0.00000000        0.00000000
    1.884956     -0.628319
  1    1        0.59458816        0.00252378       -0.00000000        0.00000000
    1.884956      0.000000
  1    1        0.56358967        0.00307745       -0.00000000        0.00000000
    1.884956      0.628319
  1    1        0.59716399        0.00374704       -0.00000000        0.00000000
    1.884956      1.256637
  1    1        0.69443628        0.00425415       -0.00000000        0.00000000
    1.884956      1.884956
  1    1        0.83831817        0.00355055       -0.00000000        0.00000000
    1.884956      2.513274
  1    1        0.97169960        0.00361376        0.00000000        0.00000000
    1.884956      3.141593
  1    1        1.02199057        0.00218954       -0.00000000        0.00000000
    2.513274     -2.513274
  1    1        1.20931498        0.00300178       -0.00000000        0.00000000
    2.513274     -1.884956
  1    1        0.96741981        0.00122517       -0.00000000        0.00000000
    2.513274     -1.256637
  1    1        0.77795543        0.00220091       -0.00000000        0.00000000
    2.513274     -0.628319
  1    1        0.66983659        0.00434540       -0.00000000        0.00000000
    2.513274      0.000000
  1    1        0.63712199        0.00541803       -0.00000000        0.00000000
    2.513274      0.628319
  1    1        0.67276038        0.00504599       -0.00000000        0.00000000
    2.513274      1.256637
  1    1        0.78144343        0.00414878       -0.00000000        0.00000000
    2.513274      1.884956
  1    1        0.97174943        0.00288664        0.00000000        0.00000000
    2.513274      2.513274
  1    1        1.21389570        0.00274062       -0.00000000        0.00000000
    2.513274      3.141593
  1    1        1.34360859        0.00428890       -0.00000000        0.00000000
    3.141593     -2.513274
  1    1        1.34615574        0.00316251        0.00000000        0.00000000
    3.141593     -1.884956
  1    1        1.02518971        0.00229529       -0.00000000        0.00000000
    3.141593     -1.256637
  1    1        0.81116936        0.00367787       -0.00000000        0.00000000
    3.141593     -0.628319
  1    1        0.69781284        0.00488836       -0.00000000        0.00000000
    3.141593      0.000000
  1    1        0.66227917        0.00567856        0.00000000        0.00000000
    3.141593      0.628319
  1    1        0.69781284        0.00488836        0.00000000        0.00000000
    3.141593      1.256637
  1    1        0.81116936        0.00367787        0.00000000        0.00000000
    3.141593      1.884956
  1    1        1.02518971        0.00229529        0.00000000        0.00000000
    3.141593      2.513274
  1    1        1.34615574        0.00316251        0.00000000        0.00000000
    3.141593      3.141593
  1    1        1.55803321        0.00778079        0.00000000        0.00000000
