   -2.000000     -2.000000
  1    1       -0.00157128        0.00103568       -0.00000000        0.00000000
   -2.000000     -1.000000
  1    1       -0.01821462        0.00231126        0.00000000        0.00000000
   -2.000000      0.000000
  1    1        0.00236048        0.00225040        0.00000000        0.00000000
   -2.000000      1.000000
  1    1       -0.01736111        0.00213016        0.00000000        0.00000000
   -2.000000      2.000000
  1    1       -0.00052074        0.00133356       -0.00000000        0.00000000
   -2.000000      3.000000
  1    1        0.00411102        0.00142974       -0.00000000        0.00000000
   -1.000000     -2.000000
  1    1       -0.02463234        0.00202323        0.00000000        0.00000000
   -1.000000     -1.000000
  1    1       -0.00140495        0.00276508       -0.00000000        0.00000000
   -1.000000      0.000000
  1    1        0.22331469        0.00905971       -0.00000000        0.00000000
   -1.000000      1.000000
  1    1       -0.00680018        0.00206434       -0.00000000        0.00000000
   -1.000000      2.000000
  1    1       -0.02164584        0.00202902        0.00000000        0.00000000
   -1.000000      3.000000
  1    1        0.00084367        0.00230844        0.00000000        0.00000000
    0.000000     -2.000000
  1    1        0.00180664        0.00172460        0.00000000        0.00000000
    0.000000     -1.000000
  1    1        0.23811130        0.00322782       -0.00000000        0.00000000
    0.000000      0.000000
  1    1        1.00000000        0.00000000        0.00000000        0.00000000
    0.000000      1.000000
  1    1        0.23811140        0.00322772        0.00000000        0.00000000
    0.000000      2.000000
  1    1       -0.00180573        0.00172540       -0.00000000        0.00000000
    0.000000      3.000000
  1    1       -0.00177351        0.00413428        0.00000000        0.00000000
    1.000000     -2.000000
  1    1       -0.02164575        0.00202904       -0.00000000        0.00000000
    1.000000     -1.000000
  1    1        0.00680054        0.00206428        0.00000000        0.00000000
    1.000000      0.000000
  1    1        0.22331476        0.00905974        0.00000000        0.00000000
    1.000000      1.000000
  1    1        0.00140402        0.00276491        0.00000000        0.00000000
    1.000000      2.000000
  1    1       -0.02463251        0.00202309       -0.00000000        0.00000000
    1.000000      3.000000
  1    1       -0.00084358        0.00230849        0.00000000        0.00000000
    2.000000     -2.000000
  1    1        0.00051998        0.00133346       -0.00000000        0.00000000
    2.000000     -1.000000
  1    1       -0.01736094        0.00212995       -0.00000000        0.00000000
    2.000000      0.000000
  1    1       -0.00236037        0.00225028       -0.00000000        0.00000000
    2.000000      1.000000
  1    1       -0.01821480        0.00231119       -0.00000000        0.00000000
    2.000000      2.000000
  1    1        0.00157140        0.00103581        0.00000000        0.00000000
    2.000000      3.000000
  1    1        0.00411107        0.00142977       -0.00000000        0.00000000
    3.000000     -2.000000
  1    1        0.00701297        0.00096299        0.00000000        0.00000000
    3.000000     -1.000000
  1    1        0.00003470        0.00070398        0.00000000        0.00000000
    3.000000      0.000000
  1    1       -0.01042784        0.00248450        0.00000000        0.00000000
    3.000000      1.000000
  1    1       -0.00003455        0.00070401        0.00000000        0.00000000
    3.000000      2.000000
  1    1        0.00701346        0.00096335       -0.00000000        0.00000000
    3.000000      3.000000
  1    1       -0.00000003        0.00000002       -0.00000000        0.00000000
