          26           4   5.0000000000000000                1
     0.0000000        1.32372611        0.01025278
     0.1000000        0.90705355        0.03128107
     0.2000000        0.64683669        0.04856061
     0.3000000        0.45699943        0.02812570
     0.4000000        0.31018809        0.02122199
     0.5000000        0.21911282        0.01177560
     0.6000000        0.17360411        0.01372500
     0.7000000        0.14362597        0.01425795
     0.8000000        0.13067380        0.03712949
     0.9000000        0.12699047        0.04747445
     1.0000000        0.07529270        0.02133177
     1.1000000        0.06283196        0.02166077
     1.2000000        0.03882214        0.01017308
     1.3000000        0.03101682        0.01128061
     1.4000000        0.02551434        0.00877129
     1.5000000        0.03372671        0.01577538
     1.6000000        0.02003149        0.00827349
     1.7000000        0.01754806        0.00705233
     1.8000000        0.01017774        0.00344399
     1.9000000        0.00981643        0.00441547
     2.0000000        0.00692226        0.00345255
     2.1000000        0.00464712        0.00144387
     2.2000000        0.00535267        0.00213268
     2.3000000        0.00518713        0.00213394
     2.4000000        0.00389060        0.00115339
     2.5000000        0.00245007        0.00076677
