   -2.094395     -2.094395        1.84534500        0.07001181       -0.04450438        0.03906324
   -2.094395     -1.047198        1.07381913        0.04650969       -0.05104321        0.02670247
   -2.094395      0.000000        0.91071145        0.03459424       -0.01592592        0.01653705
   -2.094395      1.047198        1.00511182        0.04075651        0.00007281        0.04025317
   -2.094395      2.094395        1.70106066        0.02592442        0.01986846        0.03473581
   -2.094395      3.141593        2.38306432        0.08112174        0.00720973        0.06180848
   -1.047198     -2.094395        1.02654604        0.02933163       -0.00756416        0.02190691
   -1.047198     -1.047198        0.98547034        0.02789959       -0.01289644        0.01693495
   -1.047198      0.000000        0.85126124        0.01923196       -0.01206902        0.01826133
   -1.047198      1.047198        0.94352738        0.03086589       -0.00571601        0.01456788
   -1.047198      2.094395        1.00848956        0.01738734       -0.02401029        0.01934166
   -1.047198      3.141593        1.06031244        0.02652924       -0.03723911        0.03174287
    0.000000     -2.094395        0.86868410        0.03433881       -0.04478071        0.02273892
    0.000000     -1.047198        0.87210599        0.03762197       -0.02311761        0.02094677
    0.000000      0.000000        1.09149894        0.03482667       -0.00000000        0.00000000
    0.000000      1.047198        0.87210599        0.03762197        0.02311761        0.02094677
    0.000000      2.094395        0.86868410        0.03433881        0.04478071        0.02273892
    0.000000      3.141593        0.76660835        0.02567839       -0.00000000        0.00000000
    1.047198     -2.094395        1.00848956        0.01738734        0.02401029        0.01934166
    1.047198     -1.047198        0.94352738        0.03086589        0.00571601        0.01456788
    1.047198      0.000000        0.85126124        0.01923196        0.01206902        0.01826133
    1.047198      1.047198        0.98547034        0.02789959        0.01289644        0.01693495
    1.047198      2.094395        1.02654604        0.02933163        0.00756416        0.02190691
    1.047198      3.141593        1.06031244        0.02652924        0.03723911        0.03174287
    2.094395     -2.094395        1.70106066        0.02592442       -0.01986846        0.03473581
    2.094395     -1.047198        1.00511182        0.04075651       -0.00007281        0.04025317
    2.094395      0.000000        0.91071145        0.03459424        0.01592592        0.01653705
    2.094395      1.047198        1.07381913        0.04650969        0.05104321        0.02670247
    2.094395      2.094395        1.84534500        0.07001181        0.04450438        0.03906324
    2.094395      3.141593        2.38306432        0.08112174       -0.00720973        0.06180848
    3.141593     -2.094395        2.33279720        0.06775463        0.08521501        0.07582595
    3.141593     -1.047198        1.02471101        0.03343997        0.01231231        0.02574713
    3.141593      0.000000        0.75221029        0.02334248       -0.00000000        0.00000000
    3.141593      1.047198        1.02471101        0.03343997       -0.01231231        0.02574713
    3.141593      2.094395        2.33279720        0.06775463       -0.08521501        0.07582595
    3.141593      3.141593       12.23050542        0.57287516        0.00000000        0.00000000
