         2 ( 0.30862187977786803E+002, 0.00000000000000000E+000)  0.10000000000000000E+001
         2 ( 0.30773068567668723E+002, 0.00000000000000000E+000)  0.10000000000000000E+001
         2 ( 0.30805748277888739E+002, 0.00000000000000000E+000)  0.10000000000000000E+001
         2 ( 0.30842470864332327E+002, 0.00000000000000000E+000)  0.10000000000000000E+001
         2 ( 0.30793345960707441E+002, 0.00000000000000000E+000)  0.10000000000000000E+001
         2 ( 0.30792663154594450E+002, 0.00000000000000000E+000)  0.10000000000000000E+001
         2 ( 0.30807790771161748E+002, 0.00000000000000000E+000)  0.10000000000000000E+001
         2 ( 0.30711295391187100E+002, 0.00000000000000000E+000)  0.10000000000000000E+001
         2 ( 0.30836469960441086E+002, 0.00000000000000000E+000)  0.10000000000000000E+001
         2 ( 0.30707988449284752E+002, 0.00000000000000000E+000)  0.10000000000000000E+001
