          41           4   8.0000000000000000                1
     0.0000000        0.21484155        0.02190941
     0.1000000        0.13434395        0.01993147
     0.2000000        0.08441077        0.01752895
     0.3000000        0.05482287        0.01810997
     0.4000000        0.03894354        0.02220195
     0.5000000        0.03037697        0.02698061
     0.6000000        0.02565291        0.02935333
     0.7000000        0.02437592        0.02607952
     0.8000000        0.02794270        0.02168832
     0.9000000        0.02851441        0.01764585
     1.0000000        0.02206154        0.01520056
     1.1000000        0.01400549        0.01563082
     1.2000000        0.01029217        0.01724414
     1.3000000        0.00736708        0.01795163
     1.4000000        0.00260979        0.01873886
     1.5000000        0.00125755        0.01999260
     1.6000000        0.00148058        0.01893551
     1.7000000        0.00330781        0.01535679
     1.8000000        0.00683667        0.01414769
     1.9000000        0.00973820        0.01387366
     2.0000000        0.01327467        0.01358885
     2.1000000        0.01628293        0.01447177
     2.2000000        0.01955508        0.01560195
     2.3000000        0.02150758        0.01707261
     2.4000000        0.02188707        0.01778932
     2.5000000        0.02519203        0.01625404
     2.6000000        0.02697567        0.01487579
     2.7000000        0.02464844        0.01339681
     2.8000000        0.02094937        0.01182895
     2.9000000        0.01763604        0.01167420
     3.0000000        0.01449108        0.01533726
     3.1000000        0.00933371        0.02195362
     3.2000000        0.00658695        0.02802191
     3.3000000        0.00964431        0.02955354
     3.4000000        0.01371577        0.02723847
     3.5000000        0.01342185        0.02331584
     3.6000000        0.00900359        0.01724641
     3.7000000        0.00572745        0.01209767
     3.8000000        0.00254213        0.01197206
     3.9000000       -0.00357716        0.01380215
     4.0000000       -0.00690428        0.01405455
