          51           4   10.000000000000000                1
     0.0000000        0.05611075        0.07766270
     0.1000000        0.02662988        0.09860460
     0.2000000        0.03171583        0.05281034
     0.3000000        0.02002336        0.02164749
     0.4000000        0.01651625        0.02118403
     0.5000000        0.01416327        0.01198280
     0.6000000        0.00417638        0.04010355
     0.7000000        0.04218526        0.03280237
     0.8000000        0.05956595        0.05615417
     0.9000000        0.06287357        0.05098341
     1.0000000        0.07821400        0.06630672
     1.1000000        0.02485113        0.01514834
     1.2000000        0.03447482        0.03394417
     1.3000000        0.01131794        0.02012314
     1.4000000        0.00739189        0.01131314
     1.5000000        0.00841518        0.00859164
     1.6000000       -0.01337938        0.01978612
     1.7000000       -0.02616869        0.06217203
     1.8000000        0.05141320        0.06720242
     1.9000000        0.03973687        0.04053112
     2.0000000        0.01438802        0.01422343
     2.1000000       -0.02936156        0.03384955
     2.2000000       -0.01365270        0.02293206
     2.3000000        0.00036451        0.02433213
     2.4000000       -0.01262660        0.01626578
     2.5000000        0.03356385        0.02794379
     2.6000000        0.05070150        0.05619653
     2.7000000        0.02653656        0.04271596
     2.8000000        0.03944870        0.04707681
     2.9000000        0.02474101        0.02902161
     3.0000000        0.02022458        0.01898385
     3.1000000        0.01463815        0.00554066
     3.2000000        0.02565279        0.02711565
     3.3000000        0.01615624        0.01254485
     3.4000000        0.02669304        0.01769017
     3.5000000       -0.00317932        0.01208294
     3.6000000       -0.04537234        0.03419259
     3.7000000       -0.01885299        0.01382040
     3.8000000        0.02500060        0.03776392
     3.9000000        0.00757223        0.01430393
     4.0000000        0.00309128        0.00385313
     4.1000000        0.00249732        0.00209987
     4.2000000       -0.00041781        0.00107760
     4.3000000       -0.00423020        0.00395999
     4.4000000        0.00028754        0.00261998
     4.5000000        0.00003183        0.00174275
     4.6000000        0.00004376        0.00067598
     4.7000000        0.00150112        0.00188538
     4.8000000        0.00127926        0.00293408
     4.9000000        0.00121411        0.00108501
     5.0000000        0.00158014        0.00153203
