          51           9   10.000000000000000                1
     0.0000000        1.22700938        0.00740091
     0.1000000        0.78240255        0.00698346
     0.2000000        0.52588484        0.00595360
     0.3000000        0.37274078        0.00475036
     0.4000000        0.27726786        0.00503658
     0.5000000        0.21011562        0.00611616
     0.6000000        0.16185991        0.00396351
     0.7000000        0.12456443        0.00478712
     0.8000000        0.10147080        0.00301092
     0.9000000        0.08122734        0.00404786
     1.0000000        0.06531715        0.00313873
     1.1000000        0.05408108        0.00579607
     1.2000000        0.04176617        0.00646206
     1.3000000        0.03802676        0.00418799
     1.4000000        0.03735288        0.00277255
     1.5000000        0.03054927        0.00505337
     1.6000000        0.02331739        0.00494930
     1.7000000        0.02498721        0.00388619
     1.8000000        0.02606683        0.00294940
     1.9000000        0.02483370        0.00596099
     2.0000000        0.02882418        0.00477954
     2.1000000        0.02026108        0.00288343
     2.2000000        0.01224512        0.00288280
     2.3000000        0.01307209        0.00648174
     2.4000000        0.01433703        0.00551471
     2.5000000        0.00988733        0.00453210
     2.6000000        0.00322341        0.00368409
     2.7000000        0.00796949        0.00254270
     2.8000000        0.00957959        0.00378140
     2.9000000        0.00832592        0.00367182
     3.0000000        0.00105902        0.00401853
     3.1000000        0.00242993        0.00257021
     3.2000000       -0.00035468        0.00505848
     3.3000000       -0.00211847        0.00884141
     3.4000000       -0.00219722        0.00623910
     3.5000000       -0.00064615        0.00283176
     3.6000000        0.00495880        0.00415107
     3.7000000        0.00356451        0.00295622
     3.8000000        0.00460246        0.00360276
     3.9000000        0.00597601        0.00499353
     4.0000000        0.01133185        0.00468732
     4.1000000        0.00704138        0.00533717
     4.2000000        0.00102052        0.00510425
     4.3000000       -0.00185751        0.00486079
     4.4000000        0.00132299        0.00381614
     4.5000000       -0.00032188        0.00367666
     4.6000000        0.00485169        0.00457110
     4.7000000        0.00370903        0.00612776
     4.8000000        0.01236414        0.00907126
     4.9000000        0.00739662        0.00790171
     5.0000000        0.01687191        0.01030216
