 0.10000000000000000E+001          1         36
( 0.99999999999999989E+000, 0.00000000000000000E+000)
-0.20943951023931953E+001 -0.20943951023931953E+001
( 0.93820550856420692E+000, 0.20526561909705900E-014)
-0.20943951023931953E+001 -0.10471975511965976E+001
( 0.63622697335377687E+000, 0.88834959555620514E-016)
-0.20943951023931953E+001  0.00000000000000000E+000
( 0.55302182071966677E+000,-0.17661898519457813E-014)
-0.20943951023931953E+001  0.10471975511965976E+001
( 0.63460272938035300E+000, 0.72041709072974861E-015)
-0.20943951023931953E+001  0.20943951023931953E+001
( 0.93044764716465600E+000, 0.98686491077791687E-016)
-0.20943951023931953E+001  0.31415926535897931E+001
( 0.11404343521266316E+001, 0.15562324802820414E-014)
-0.10471975511965976E+001 -0.20943951023931953E+001
( 0.64265763240214802E+000,-0.20722451367775456E-015)
-0.10471975511965976E+001 -0.10471975511965976E+001
( 0.45466022370763237E+000,-0.59223306370413676E-016)
-0.10471975511965976E+001  0.00000000000000000E+000
( 0.34386243152960161E+000, 0.83375168043399477E-015)
-0.10471975511965976E+001  0.10471975511965976E+001
( 0.44853506045274361E+000,-0.29605947323337506E-015)
-0.10471975511965976E+001  0.20943951023931953E+001
( 0.63065382074422804E+000, 0.26644782004816821E-015)
-0.10471975511965976E+001  0.31415926535897931E+001
( 0.72843024636692888E+000,-0.11284447246743771E-014)
 0.00000000000000000E+000 -0.20943951023931953E+001
( 0.54923701561442606E+000,-0.45396927068158045E-015)
 0.00000000000000000E+000 -0.10471975511965976E+001
( 0.34030417561249610E+000, 0.15099090193520820E-014)
 0.00000000000000000E+000  0.00000000000000000E+000
( 0.36214039535416198E+002, 0.00000000000000000E+000)
 0.00000000000000000E+000  0.10471975511965976E+001
( 0.34030417561249610E+000,-0.15099090193520820E-014)
 0.00000000000000000E+000  0.20943951023931953E+001
( 0.54923701561442606E+000, 0.45396927068158045E-015)
 0.00000000000000000E+000  0.31415926535897931E+001
( 0.61197234959651636E+000,-0.22055847744816689E-014)
 0.10471975511965976E+001 -0.20943951023931953E+001
( 0.63065382074422804E+000,-0.26644782004816821E-015)
 0.10471975511965976E+001 -0.10471975511965976E+001
( 0.44853506045274361E+000, 0.29605947323337506E-015)
 0.10471975511965976E+001  0.00000000000000000E+000
( 0.34386243152960161E+000,-0.83375168043399477E-015)
 0.10471975511965976E+001  0.10471975511965976E+001
( 0.45466022370763237E+000, 0.59223306370413676E-016)
 0.10471975511965976E+001  0.20943951023931953E+001
( 0.64265763240214802E+000, 0.20722451367775456E-015)
 0.10471975511965976E+001  0.31415926535897931E+001
( 0.72843024636692921E+000, 0.81268218839665986E-015)
 0.20943951023931953E+001 -0.20943951023931953E+001
( 0.93044764716465600E+000,-0.98686491077791687E-016)
 0.20943951023931953E+001 -0.10471975511965976E+001
( 0.63460272938035300E+000,-0.72041709072974861E-015)
 0.20943951023931953E+001  0.00000000000000000E+000
( 0.55302182071966677E+000, 0.17661898519457813E-014)
 0.20943951023931953E+001  0.10471975511965976E+001
( 0.63622697335377687E+000,-0.88834959555620514E-016)
 0.20943951023931953E+001  0.20943951023931953E+001
( 0.93820550856420692E+000,-0.20526561909705900E-014)
 0.20943951023931953E+001  0.31415926535897931E+001
( 0.11404343521266325E+001,-0.64835099753757393E-015)
 0.31415926535897931E+001 -0.20943951023931953E+001
( 0.11226123686349441E+001,-0.62173059965195687E-015)
 0.31415926535897931E+001 -0.10471975511965976E+001
( 0.72717314254345300E+000,-0.53289564009633642E-015)
 0.31415926535897931E+001  0.00000000000000000E+000
( 0.61878167106226922E+000,-0.22051955680686090E-014)
 0.31415926535897931E+001  0.10471975511965976E+001
( 0.72717314254345289E+000,-0.17761286049254771E-015)
 0.31415926535897931E+001  0.20943951023931953E+001
( 0.11226123686349436E+001, 0.12335526091630496E-014)
 0.31415926535897931E+001  0.31415926535897931E+001
( 0.30548207680802104E+001, 0.19986240977850824E-015)
 0.10000000000000000E+001          1         36
( 0.10000000000000000E+001, 0.00000000000000000E+000)
-0.20943951023931953E+001 -0.20943951023931953E+001
( 0.93020190630774457E+000, 0.21494627186932029E-014)
-0.20943951023931953E+001 -0.10471975511965976E+001
( 0.64444915760851806E+000, 0.18893142314979625E-015)
-0.20943951023931953E+001  0.00000000000000000E+000
( 0.56446662337793552E+000,-0.20628025945290309E-014)
-0.20943951023931953E+001  0.10471975511965976E+001
( 0.64094438535678155E+000,-0.68604847053790158E-016)
-0.20943951023931953E+001  0.20943951023931953E+001
( 0.93800708231974672E+000, 0.98686491077791687E-016)
-0.20943951023931953E+001  0.31415926535897931E+001
( 0.11214757839658924E+001, 0.18039285806280003E-015)
-0.10471975511965976E+001 -0.20943951023931953E+001
( 0.63671905461623990E+000, 0.68236387853875478E-015)
-0.10471975511965976E+001 -0.10471975511965976E+001
( 0.45392242536633987E+000,-0.55359574343696149E-015)
-0.10471975511965976E+001  0.00000000000000000E+000
( 0.34503508224676693E+000, 0.17222067348090570E-014)
-0.10471975511965976E+001  0.10471975511965976E+001
( 0.45639615304850384E+000, 0.49343245538895848E-015)
-0.10471975511965976E+001  0.20943951023931953E+001
( 0.63796797823199625E+000,-0.72088708156854331E-015)
-0.10471975511965976E+001  0.31415926535897931E+001
( 0.72346211281564532E+000,-0.53850641838435627E-015)
 0.00000000000000000E+000 -0.20943951023931953E+001
( 0.55005093426787766E+000,-0.20338931096038370E-014)
 0.00000000000000000E+000 -0.10471975511965976E+001
( 0.34129925442994313E+000, 0.52351409941295994E-015)
 0.00000000000000000E+000  0.00000000000000000E+000
( 0.36212366480130243E+002, 0.00000000000000000E+000)
 0.00000000000000000E+000  0.10471975511965976E+001
( 0.34129925442994313E+000,-0.52351409941295994E-015)
 0.00000000000000000E+000  0.20943951023931953E+001
( 0.55005093426787766E+000, 0.20338931096038370E-014)
 0.00000000000000000E+000  0.31415926535897931E+001
( 0.61106992755459477E+000,-0.22055154010833900E-014)
 0.10471975511965976E+001 -0.20943951023931953E+001
( 0.63796797823199625E+000, 0.72088708156854331E-015)
 0.10471975511965976E+001 -0.10471975511965976E+001
( 0.45639615304850384E+000,-0.49343245538895848E-015)
 0.10471975511965976E+001  0.00000000000000000E+000
( 0.34503508224676693E+000,-0.17222067348090570E-014)
 0.10471975511965976E+001  0.10471975511965976E+001
( 0.45392242536633987E+000, 0.55359574343696149E-015)
 0.10471975511965976E+001  0.20943951023931953E+001
( 0.63671905461623990E+000,-0.68236387853875478E-015)
 0.10471975511965976E+001  0.31415926535897931E+001
( 0.72346211281564543E+000, 0.32425031821719855E-015)
 0.20943951023931953E+001 -0.20943951023931953E+001
( 0.93800708231974672E+000,-0.98686491077791687E-016)
 0.20943951023931953E+001 -0.10471975511965976E+001
( 0.64094438535678155E+000, 0.68604847053790158E-016)
 0.20943951023931953E+001  0.00000000000000000E+000
( 0.56446662337793552E+000, 0.20628025945290309E-014)
 0.20943951023931953E+001  0.10471975511965976E+001
( 0.64444915760851806E+000,-0.18893142314979625E-015)
 0.20943951023931953E+001  0.20943951023931953E+001
( 0.93020190630774457E+000,-0.21494627186932029E-014)
 0.20943951023931953E+001  0.31415926535897931E+001
( 0.11214757839658924E+001, 0.13254973318214930E-015)
 0.31415926535897931E+001 -0.20943951023931953E+001
( 0.11368724576056046E+001, 0.26597782920937356E-015)
 0.31415926535897931E+001 -0.10471975511965976E+001
( 0.72521906678906289E+000, 0.84965521667033651E-015)
 0.31415926535897931E+001  0.00000000000000000E+000
( 0.62409955838912545E+000,-0.22060254720934208E-014)
 0.31415926535897931E+001  0.10471975511965976E+001
( 0.72521906678906278E+000,-0.14586572811486610E-014)
 0.31415926535897931E+001  0.20943951023931953E+001
( 0.11368724576056051E+001, 0.93514318173570074E-015)
 0.31415926535897931E+001  0.31415926535897931E+001
( 0.32018549427669338E+001, 0.21732620524982539E-015)
 0.10000000000000000E+001          1         36
( 0.99999999999999989E+000, 0.00000000000000000E+000)
-0.20943951023931953E+001 -0.20943951023931953E+001
( 0.95684519978101701E+000, 0.66846798188824602E-015)
-0.20943951023931953E+001 -0.10471975511965976E+001
( 0.64799849145528232E+000, 0.48551392436173240E-015)
-0.20943951023931953E+001  0.00000000000000000E+000
( 0.56949483319491812E+000,-0.29507968724218183E-014)
-0.20943951023931953E+001  0.10471975511965976E+001
( 0.65793363152304885E+000, 0.52368844207248030E-015)
-0.20943951023931953E+001  0.20943951023931953E+001
( 0.96871246696881463E+000,-0.98686491077791687E-016)
-0.20943951023931953E+001  0.31415926535897931E+001
( 0.11497184681434323E+001,-0.18544437453370389E-016)
-0.10471975511965976E+001 -0.20943951023931953E+001
( 0.64302016362390202E+000,-0.79741045964955948E-015)
-0.10471975511965976E+001 -0.10471975511965976E+001
( 0.46211515984018930E+000,-0.25788495552262711E-015)
-0.10471975511965976E+001  0.00000000000000000E+000
( 0.35640808246485850E+000, 0.10313092263608463E-014)
-0.10471975511965976E+001  0.10471975511965976E+001
( 0.47033190166998362E+000,-0.98686491077791687E-016)
-0.10471975511965976E+001  0.20943951023931953E+001
( 0.64068660789229270E+000,-0.32631545991689688E-015)
-0.10471975511965976E+001  0.31415926535897931E+001
( 0.71462033362796551E+000, 0.54656198751967934E-016)
 0.00000000000000000E+000 -0.20943951023931953E+001
( 0.54784217697227888E+000,-0.10473768841449606E-014)
 0.00000000000000000E+000 -0.10471975511965976E+001
( 0.35050812102464152E+000, 0.15105533528503971E-014)
 0.00000000000000000E+000  0.00000000000000000E+000
( 0.36226757988106066E+002, 0.00000000000000000E+000)
 0.00000000000000000E+000  0.10471975511965976E+001
( 0.35050812102464152E+000,-0.15105533528503971E-014)
 0.00000000000000000E+000  0.20943951023931953E+001
( 0.54784217697227888E+000, 0.10473768841449606E-014)
 0.00000000000000000E+000  0.31415926535897931E+001
( 0.60191743164066613E+000,-0.22055587998784138E-014)
 0.10471975511965976E+001 -0.20943951023931953E+001
( 0.64068660789229270E+000, 0.32631545991689688E-015)
 0.10471975511965976E+001 -0.10471975511965976E+001
( 0.47033190166998362E+000, 0.98686491077791687E-016)
 0.10471975511965976E+001  0.00000000000000000E+000
( 0.35640808246485850E+000,-0.10313092263608463E-014)
 0.10471975511965976E+001  0.10471975511965976E+001
( 0.46211515984018930E+000, 0.25788495552262711E-015)
 0.10471975511965976E+001  0.20943951023931953E+001
( 0.64302016362390202E+000, 0.79741045964955948E-015)
 0.10471975511965976E+001  0.31415926535897931E+001
( 0.71462033362796595E+000,-0.56392571619537864E-015)
 0.20943951023931953E+001 -0.20943951023931953E+001
( 0.96871246696881463E+000, 0.98686491077791687E-016)
 0.20943951023931953E+001 -0.10471975511965976E+001
( 0.65793363152304885E+000,-0.52368844207248030E-015)
 0.20943951023931953E+001  0.00000000000000000E+000
( 0.56949483319491812E+000, 0.29507968724218183E-014)
 0.20943951023931953E+001  0.10471975511965976E+001
( 0.64799849145528232E+000,-0.48551392436173240E-015)
 0.20943951023931953E+001  0.20943951023931953E+001
( 0.95684519978101701E+000,-0.66846798188824602E-015)
 0.20943951023931953E+001  0.31415926535897931E+001
( 0.11497184681434327E+001, 0.72518693705236444E-015)
 0.31415926535897931E+001 -0.20943951023931953E+001
( 0.11450997940088634E+001, 0.14500413794833534E-014)
 0.31415926535897931E+001 -0.10471975511965976E+001
( 0.73557982841939118E+000, 0.25788495552262711E-015)
 0.31415926535897931E+001  0.00000000000000000E+000
( 0.63031238145858592E+000,-0.22057492593824143E-014)
 0.31415926535897931E+001  0.10471975511965976E+001
( 0.73557982841939185E+000, 0.21971043781187914E-015)
 0.31415926535897931E+001  0.20943951023931953E+001
( 0.11450997940088639E+001,-0.64471238880656778E-015)
 0.31415926535897931E+001  0.31415926535897931E+001
( 0.32413631523701687E+001, 0.21806430084158913E-015)
 0.10000000000000000E+001          1         36
( 0.99999999999999989E+000, 0.00000000000000000E+000)
-0.20943951023931953E+001 -0.20943951023931953E+001
( 0.94715546279894025E+000, 0.11690790314548329E-014)
-0.20943951023931953E+001 -0.10471975511965976E+001
( 0.65044741045036791E+000,-0.14935998428273227E-014)
-0.20943951023931953E+001  0.00000000000000000E+000
( 0.56425152369834897E+000,-0.87811852775124148E-015)
-0.20943951023931953E+001  0.10471975511965976E+001
( 0.64529944587123467E+000,-0.26759813509426029E-015)
-0.20943951023931953E+001  0.20943951023931953E+001
( 0.93891237758210067E+000,-0.19737298215558337E-015)
-0.20943951023931953E+001  0.31415926535897931E+001
( 0.11272596018109478E+001, 0.13495422441793906E-014)
-0.10471975511965976E+001 -0.20943951023931953E+001
( 0.64016439671395309E+000, 0.11709354162730528E-014)
-0.10471975511965976E+001 -0.10471975511965976E+001
( 0.46038587003066417E+000, 0.33782328803293721E-015)
-0.10471975511965976E+001  0.00000000000000000E+000
( 0.35325131229274276E+000, 0.15246106657313295E-014)
-0.10471975511965976E+001  0.10471975511965976E+001
( 0.46160882904877421E+000, 0.12829243840112920E-014)
-0.10471975511965976E+001  0.20943951023931953E+001
( 0.64153931024127153E+000,-0.42320730245028152E-015)
-0.10471975511965976E+001  0.31415926535897931E+001
( 0.71914646151158612E+000,-0.14215710435033567E-014)
 0.00000000000000000E+000 -0.20943951023931953E+001
( 0.54633025779852429E+000,-0.13398470602895214E-014)
 0.00000000000000000E+000 -0.10471975511965976E+001
( 0.34981121860457398E+000, 0.91663975783924005E-015)
 0.00000000000000000E+000  0.00000000000000000E+000
( 0.36215151182882671E+002, 0.00000000000000000E+000)
 0.00000000000000000E+000  0.10471975511965976E+001
( 0.34981121860457398E+000,-0.91663975783924005E-015)
 0.00000000000000000E+000  0.20943951023931953E+001
( 0.54633025779852429E+000, 0.13398470602895214E-014)
 0.00000000000000000E+000  0.31415926535897931E+001
( 0.60883074970465245E+000,-0.22043249586273625E-014)
 0.10471975511965976E+001 -0.20943951023931953E+001
( 0.64153931024127153E+000, 0.42320730245028152E-015)
 0.10471975511965976E+001 -0.10471975511965976E+001
( 0.46160882904877421E+000,-0.12829243840112920E-014)
 0.10471975511965976E+001  0.00000000000000000E+000
( 0.35325131229274276E+000,-0.15246106657313295E-014)
 0.10471975511965976E+001  0.10471975511965976E+001
( 0.46038587003066417E+000,-0.33782328803293721E-015)
 0.10471975511965976E+001  0.20943951023931953E+001
( 0.64016439671395309E+000,-0.11709354162730528E-014)
 0.10471975511965976E+001  0.31415926535897931E+001
( 0.71914646151158645E+000, 0.12962795991046702E-014)
 0.20943951023931953E+001 -0.20943951023931953E+001
( 0.93891237758210067E+000, 0.19737298215558337E-015)
 0.20943951023931953E+001 -0.10471975511965976E+001
( 0.64529944587123467E+000, 0.26759813509426029E-015)
 0.20943951023931953E+001  0.00000000000000000E+000
( 0.56425152369834897E+000, 0.87811852775124148E-015)
 0.20943951023931953E+001  0.10471975511965976E+001
( 0.65044741045036791E+000, 0.14935998428273227E-014)
 0.20943951023931953E+001  0.20943951023931953E+001
( 0.94715546279894025E+000,-0.11690790314548329E-014)
 0.20943951023931953E+001  0.31415926535897931E+001
( 0.11272596018109478E+001,-0.10268778176251207E-014)
 0.31415926535897931E+001 -0.20943951023931953E+001
( 0.11353249073003318E+001, 0.85971708156101031E-015)
 0.31415926535897931E+001 -0.10471975511965976E+001
( 0.73539879147556986E+000,-0.53519627018852058E-015)
 0.31415926535897931E+001  0.00000000000000000E+000
( 0.62095145945676300E+000,-0.22053562113269878E-014)
 0.31415926535897931E+001  0.10471975511965976E+001
( 0.73539879147557019E+000,-0.57696008498808267E-015)
 0.31415926535897931E+001  0.20943951023931953E+001
( 0.11353249073003318E+001, 0.35112576469338458E-015)
 0.31415926535897931E+001  0.31415926535897931E+001
( 0.27311164642096668E+001, 0.16020659243462322E-015)
 0.10000000000000000E+001          1         36
( 0.10000000000000000E+001, 0.00000000000000000E+000)
-0.20943951023931953E+001 -0.20943951023931953E+001
( 0.94831328357198108E+000, 0.12617107642348057E-014)
-0.20943951023931953E+001 -0.10471975511965976E+001
( 0.64982524550165544E+000,-0.10744789901487492E-015)
-0.20943951023931953E+001  0.00000000000000000E+000
( 0.55914988875845684E+000,-0.77883359786325715E-015)
-0.20943951023931953E+001  0.10471975511965976E+001
( 0.65093177232265076E+000,-0.46345742767538893E-015)
-0.20943951023931953E+001  0.20943951023931953E+001
( 0.94613782815457104E+000,-0.98686491077791687E-016)
-0.20943951023931953E+001  0.31415926535897931E+001
( 0.11473283793513980E+001, 0.27984254136183599E-015)
-0.10471975511965976E+001 -0.20943951023931953E+001
( 0.66187080738618498E+000,-0.30482088117045830E-015)
-0.10471975511965976E+001 -0.10471975511965976E+001
( 0.47054266334975714E+000, 0.33479590888402780E-015)
-0.10471975511965976E+001  0.00000000000000000E+000
( 0.35425990080097136E+000, 0.14270057123714933E-015)
-0.10471975511965976E+001  0.10471975511965976E+001
( 0.47608747572160065E+000,-0.19737298215558337E-015)
-0.10471975511965976E+001  0.20943951023931953E+001
( 0.65417788167346869E+000,-0.12866151879136116E-015)
-0.10471975511965976E+001  0.31415926535897931E+001
( 0.75704402225181688E+000,-0.14430197464945961E-015)
 0.00000000000000000E+000 -0.20943951023931953E+001
( 0.56879082141322634E+000,-0.16389339126718061E-014)
 0.00000000000000000E+000 -0.10471975511965976E+001
( 0.35936613064719619E+000, 0.91815344741369478E-015)
 0.00000000000000000E+000  0.00000000000000000E+000
( 0.36220924996490425E+002, 0.00000000000000000E+000)
 0.00000000000000000E+000  0.10471975511965976E+001
( 0.35936613064719619E+000,-0.91815344741369478E-015)
 0.00000000000000000E+000  0.20943951023931953E+001
( 0.56879082141322634E+000, 0.16389339126718061E-014)
 0.00000000000000000E+000  0.31415926535897931E+001
( 0.61931522968468178E+000,-0.22056169999914952E-014)
 0.10471975511965976E+001 -0.20943951023931953E+001
( 0.65417788167346869E+000, 0.12866151879136116E-015)
 0.10471975511965976E+001 -0.10471975511965976E+001
( 0.47608747572160065E+000, 0.19737298215558337E-015)
 0.10471975511965976E+001  0.00000000000000000E+000
( 0.35425990080097136E+000,-0.14270057123714933E-015)
 0.10471975511965976E+001  0.10471975511965976E+001
( 0.47054266334975714E+000,-0.33479590888402780E-015)
 0.10471975511965976E+001  0.20943951023931953E+001
( 0.66187080738618498E+000, 0.30482088117045830E-015)
 0.10471975511965976E+001  0.31415926535897931E+001
( 0.75704402225181611E+000, 0.28092667697501347E-016)
 0.20943951023931953E+001 -0.20943951023931953E+001
( 0.94613782815457104E+000, 0.98686491077791687E-016)
 0.20943951023931953E+001 -0.10471975511965976E+001
( 0.65093177232265076E+000, 0.46345742767538893E-015)
 0.20943951023931953E+001  0.00000000000000000E+000
( 0.55914988875845684E+000, 0.77883359786325715E-015)
 0.20943951023931953E+001  0.10471975511965976E+001
( 0.64982524550165544E+000, 0.10744789901487492E-015)
 0.20943951023931953E+001  0.20943951023931953E+001
( 0.94831328357198108E+000,-0.12617107642348057E-014)
 0.20943951023931953E+001  0.31415926535897931E+001
( 0.11473283793513980E+001, 0.92191816744583083E-015)
 0.31415926535897931E+001 -0.20943951023931953E+001
( 0.11617789423955573E+001, 0.95688988306434742E-015)
 0.31415926535897931E+001 -0.10471975511965976E+001
( 0.73531800503513989E+000,-0.53216889103961112E-015)
 0.31415926535897931E+001  0.00000000000000000E+000
( 0.62916469733952141E+000,-0.22044585531116987E-014)
 0.31415926535897931E+001  0.10471975511965976E+001
( 0.73531800503513989E+000, 0.21858660193206961E-015)
 0.31415926535897931E+001  0.20943951023931953E+001
( 0.11617789423955573E+001,-0.34724812072343082E-015)
 0.31415926535897931E+001  0.31415926535897931E+001
( 0.32055021348713524E+001, 0.21609099453361483E-015)
