   -2.094395     -2.094395        0.13909880        0.02567494        0.00418511        0.00594271
   -2.094395     -1.047198        0.13731292        0.01230872       -0.00006034        0.00564694
   -2.094395      0.000000        0.13522613        0.02289319        0.00388730        0.01705791
   -2.094395      1.047198        0.14200616        0.01996730        0.00642687        0.00619492
   -2.094395      2.094395        0.15042166        0.03445511        0.00525548        0.01201597
   -2.094395      3.141593        0.14894429        0.02460912        0.01123407        0.00835266
   -1.047198     -2.094395        0.13883953        0.01666269        0.01258104        0.00404015
   -1.047198     -1.047198        0.10776002        0.02548789       -0.00251123        0.00687229
   -1.047198      0.000000        0.10716061        0.01705014       -0.00150630        0.00558704
   -1.047198      1.047198        0.11773156        0.02017573        0.01304390        0.00989558
   -1.047198      2.094395        0.14141102        0.01296606        0.01185425        0.00932552
   -1.047198      3.141593        0.12944738        0.02715515        0.00033793        0.00591009
    0.000000     -2.094395        0.12155776        0.01732482        0.00776121        0.00821655
    0.000000     -1.047198        0.10281153        0.01164858        0.00186758        0.01692379
    0.000000      0.000000        0.08665086        0.01903151        0.00000000        0.00000000
    0.000000      1.047198        0.10281153        0.01164858       -0.00186758        0.01692379
    0.000000      2.094395        0.12155776        0.01732482       -0.00776121        0.00821655
    0.000000      3.141593        0.14491172        0.01047617       -0.00000000        0.00000000
    1.047198     -2.094395        0.14141102        0.01296606       -0.01185425        0.00932552
    1.047198     -1.047198        0.11773156        0.02017573       -0.01304390        0.00989558
    1.047198      0.000000        0.10716061        0.01705014        0.00150630        0.00558704
    1.047198      1.047198        0.10776002        0.02548789        0.00251123        0.00687229
    1.047198      2.094395        0.13883953        0.01666269       -0.01258104        0.00404015
    1.047198      3.141593        0.12944738        0.02715515       -0.00033793        0.00591009
    2.094395     -2.094395        0.15042166        0.03445511       -0.00525548        0.01201597
    2.094395     -1.047198        0.14200616        0.01996730       -0.00642687        0.00619492
    2.094395      0.000000        0.13522613        0.02289319       -0.00388730        0.01705791
    2.094395      1.047198        0.13731292        0.01230872        0.00006034        0.00564694
    2.094395      2.094395        0.13909880        0.02567494       -0.00418511        0.00594271
    2.094395      3.141593        0.14894429        0.02460912       -0.01123407        0.00835266
    3.141593     -2.094395        0.14955431        0.01782546        0.00630347        0.00688227
    3.141593     -1.047198        0.15033426        0.02827099       -0.00162859        0.01032377
    3.141593      0.000000        0.14020550        0.01254292       -0.00000000        0.00000000
    3.141593      1.047198        0.15033426        0.02827099        0.00162859        0.01032377
    3.141593      2.094395        0.14955431        0.01782546       -0.00630347        0.00688227
    3.141593      3.141593        0.14412709        0.02258525       -0.00000000        0.00000000
