   -2.094395     -2.094395        0.10272243        0.12163061        0.00875854        0.00977800
   -2.094395     -1.047198        0.15431133        0.01783595        0.00223986        0.01123994
   -2.094395      0.000000        0.11134702        0.05816679        0.00586751        0.01814268
   -2.094395      1.047198        0.16238804        0.02979657        0.02169631        0.02097011
   -2.094395      2.094395        0.16507140        0.05281036        0.05780995        0.01655727
   -2.094395      3.141593        0.25322041        0.05377022        0.01512896        0.02360774
   -1.047198     -2.094395        0.13607173        0.02138192        0.00018472        0.01687826
   -1.047198     -1.047198        0.07136500        0.05518225       -0.00313473        0.01075871
   -1.047198      0.000000        0.10466698        0.03119998       -0.00012410        0.00517962
   -1.047198      1.047198        0.08886030        0.04303765        0.00884028        0.03557281
   -1.047198      2.094395        0.16428615        0.02296758       -0.00570040        0.01732042
   -1.047198      3.141593        0.13874135        0.07380350        0.00243769        0.02318550
    0.000000     -2.094395        0.14199460        0.02389693        0.01651316        0.00707265
    0.000000     -1.047198        0.08126422        0.02561934        0.01062871        0.00801606
    0.000000      0.000000        0.10131861        0.02749739        0.00000000        0.00000000
    0.000000      1.047198        0.08126422        0.02561934       -0.01062871        0.00801606
    0.000000      2.094395        0.14199460        0.02389693       -0.01651316        0.00707265
    0.000000      3.141593        0.13355194        0.02634198       -0.00000000        0.00000000
    1.047198     -2.094395        0.16428615        0.02296758        0.00570040        0.01732042
    1.047198     -1.047198        0.08886030        0.04303765       -0.00884028        0.03557281
    1.047198      0.000000        0.10466698        0.03119998        0.00012410        0.00517962
    1.047198      1.047198        0.07136500        0.05518225        0.00313473        0.01075871
    1.047198      2.094395        0.13607173        0.02138192       -0.00018472        0.01687826
    1.047198      3.141593        0.13874135        0.07380350       -0.00243769        0.02318550
    2.094395     -2.094395        0.16507140        0.05281036       -0.05780995        0.01655727
    2.094395     -1.047198        0.16238804        0.02979657       -0.02169631        0.02097011
    2.094395      0.000000        0.11134702        0.05816679       -0.00586751        0.01814268
    2.094395      1.047198        0.15431133        0.01783595       -0.00223986        0.01123994
    2.094395      2.094395        0.10272243        0.12163061       -0.00875854        0.00977800
    2.094395      3.141593        0.25322041        0.05377022       -0.01512896        0.02360774
    3.141593     -2.094395        0.25893395        0.05659971        0.01138664        0.03750562
    3.141593     -1.047198        0.18796182        0.03522559       -0.01198222        0.01858775
    3.141593      0.000000        0.09564687        0.05938126       -0.00000000        0.00000000
    3.141593      1.047198        0.18796182        0.03522559        0.01198222        0.01858775
    3.141593      2.094395        0.25893395        0.05659971       -0.01138664        0.03750562
    3.141593      3.141593        1.07791795        0.31074118        0.00000000        0.00000000
