         101           9   10.000000000000000                1
     0.0000000        1.91325070        0.00311284
     0.1000000        1.36605631        0.00367814
     0.2000000        0.98786033        0.00315113
     0.3000000        0.71713353        0.00294052
     0.4000000        0.52626755        0.00284479
     0.5000000        0.38746946        0.00344970
     0.6000000        0.28983226        0.00239521
     0.7000000        0.21715799        0.00285805
     0.8000000        0.16507842        0.00323742
     0.9000000        0.12325706        0.00372236
     1.0000000        0.09458136        0.00274088
     1.1000000        0.07354624        0.00270145
     1.2000000        0.05778245        0.00247373
     1.3000000        0.04535805        0.00313234
     1.4000000        0.03087618        0.00549381
     1.5000000        0.02336167        0.00521702
     1.6000000        0.01679834        0.00428990
     1.7000000        0.01444306        0.00369733
     1.8000000        0.01113147        0.00412166
     1.9000000        0.00924715        0.00291961
     2.0000000        0.00315400        0.00296256
     2.1000000        0.00128556        0.00453104
     2.2000000       -0.00047445        0.00438032
     2.3000000       -0.00105650        0.00312517
     2.4000000       -0.00182315        0.00259050
     2.5000000       -0.00044255        0.00260430
     2.6000000        0.00132437        0.00378883
     2.7000000        0.00055043        0.00351665
     2.8000000       -0.00037044        0.00433818
     2.9000000       -0.00025640        0.00371642
     3.0000000       -0.00217309        0.00306172
     3.1000000       -0.00125086        0.00305550
     3.2000000        0.00182291        0.00310263
     3.3000000       -0.00011320        0.00462387
     3.4000000        0.00243487        0.00316235
     3.5000000       -0.00041237        0.00295143
     3.6000000       -0.00255038        0.00267087
     3.7000000       -0.00014665        0.00193919
     3.8000000        0.00148360        0.00275657
     3.9000000        0.00050550        0.00317079
     4.0000000        0.00148988        0.00136173
     4.1000000        0.00009172        0.00127673
     4.2000000        0.00321468        0.00126520
     4.3000000        0.00185526        0.00291168
     4.4000000        0.00189530        0.00296626
     4.5000000       -0.00178474        0.00350377
     4.6000000       -0.00342698        0.00321541
     4.7000000       -0.00067484        0.00235949
     4.8000000       -0.00194260        0.00216342
     4.9000000       -0.00306429        0.00376740
     5.0000000       -0.00287331        0.00385650
     5.1000000       -0.00630957        0.00385485
     5.2000000       -0.00407936        0.00304755
     5.3000000       -0.00440081        0.00373885
     5.4000000       -0.00350672        0.00367256
     5.5000000        0.00076285        0.00384050
     5.6000000       -0.00105669        0.00305126
     5.7000000        0.00197858        0.00440445
     5.8000000       -0.00077946        0.00337168
     5.9000000        0.00114013        0.00285492
     6.0000000       -0.00119082        0.00329220
     6.1000000       -0.00081288        0.00391410
     6.2000000       -0.00305044        0.00301875
     6.3000000       -0.00322658        0.00398837
     6.4000000       -0.00241406        0.00404625
     6.5000000       -0.00147862        0.00352183
     6.6000000        0.00057283        0.00208806
     6.7000000        0.00221761        0.00174035
     6.8000000        0.00605075        0.00104054
     6.9000000        0.00384618        0.00250991
     7.0000000        0.00129585        0.00293236
     7.1000000        0.00239278        0.00214006
     7.2000000        0.00122090        0.00271751
     7.3000000        0.00457611        0.00224318
     7.4000000        0.00306954        0.00201007
     7.5000000        0.00083553        0.00254511
     7.6000000        0.00291401        0.00236388
     7.7000000        0.00391877        0.00212502
     7.8000000        0.00231168        0.00324514
     7.9000000        0.00135736        0.00286890
     8.0000000        0.00124652        0.00212578
     8.1000000        0.00052141        0.00334885
     8.2000000        0.00213145        0.00198668
     8.3000000        0.00104186        0.00400527
     8.4000000       -0.00086605        0.00373987
     8.5000000       -0.00281988        0.00297074
     8.6000000       -0.00498468        0.00307816
     8.7000000        0.00055629        0.00205881
     8.8000000       -0.00071357        0.00436414
     8.9000000       -0.00504372        0.00351288
     9.0000000       -0.00408977        0.00420628
     9.1000000       -0.00650039        0.00477256
     9.2000000       -0.00314517        0.00555701
     9.3000000        0.00518860        0.00532810
     9.4000000        0.00836664        0.00437947
     9.5000000        0.00876530        0.00383775
     9.6000000        0.01735426        0.00575623
     9.7000000        0.02589123        0.00545546
     9.8000000        0.03479000        0.00615512
     9.9000000        0.05171247        0.00449260
    10.0000000        0.08674930        0.00311284
