          51           4   10.000000000000000                1
     0.0000000        0.56045764        0.05871898
     0.1000000        0.47762001        0.05681657
     0.2000000        0.41305392        0.05430904
     0.3000000        0.36276457        0.05209757
     0.4000000        0.32296491        0.05036698
     0.5000000        0.28959103        0.04826585
     0.6000000        0.25972913        0.04389615
     0.7000000        0.23367895        0.03948125
     0.8000000        0.21214235        0.03618586
     0.9000000        0.19485788        0.03426666
     1.0000000        0.17976844        0.03247606
     1.1000000        0.16553840        0.02918236
     1.2000000        0.15223129        0.02571788
     1.3000000        0.13936073        0.02291335
     1.4000000        0.12894483        0.02081212
     1.5000000        0.11908101        0.01916772
     1.6000000        0.10841026        0.01712055
     1.7000000        0.09903973        0.01538034
     1.8000000        0.09071526        0.01400904
     1.9000000        0.08313457        0.01374344
     2.0000000        0.07628030        0.01418400
     2.1000000        0.07146144        0.01421295
     2.2000000        0.06841654        0.01447553
     2.3000000        0.06550727        0.01546529
     2.4000000        0.06233230        0.01622534
     2.5000000        0.05848947        0.01531294
     2.6000000        0.05511831        0.01466452
     2.7000000        0.05196569        0.01373495
     2.8000000        0.04849903        0.01291439
     2.9000000        0.04602963        0.01355089
     3.0000000        0.04376142        0.01396970
     3.1000000        0.04035510        0.01372880
     3.2000000        0.03777207        0.01296385
     3.3000000        0.03642733        0.01181439
     3.4000000        0.03401248        0.01066705
     3.5000000        0.03018672        0.00879307
     3.6000000        0.02815947        0.00730858
     3.7000000        0.02689874        0.00651062
     3.8000000        0.02528474        0.00584865
     3.9000000        0.02499660        0.00499551
     4.0000000        0.02656459        0.00439070
     4.1000000        0.02803892        0.00411120
     4.2000000        0.02792610        0.00380888
     4.3000000        0.02669459        0.00321165
     4.4000000        0.02581039        0.00237627
     4.5000000        0.02509844        0.00136912
     4.6000000        0.02394680        0.00165627
     4.7000000        0.02361388        0.00278977
     4.8000000        0.02297579        0.00285731
     4.9000000        0.02226483        0.00266294
     5.0000000        0.02213519        0.00239691
