          51           4   10.000000000000000                1
     0.0000000        0.38422653        0.11457708
     0.1000000        0.36867395        0.03063686
     0.2000000        0.33420575        0.03199772
     0.3000000        0.21092281        0.10298605
     0.4000000        0.17032562        0.13289413
     0.5000000        0.22710503        0.05629986
     0.6000000        0.36340540        0.10248487
     0.7000000        0.23573877        0.07866246
     0.8000000        0.13267288        0.04784047
     0.9000000        0.07754769        0.07174788
     1.0000000        0.12453552        0.05077168
     1.1000000        0.13151598        0.08212350
     1.2000000        0.08251177        0.06138499
     1.3000000        0.08334973        0.05209932
     1.4000000       -0.29879747        0.48685176
     1.5000000        0.28264623        0.16555774
     1.6000000        0.18757487        0.13113780
     1.7000000        0.11050168        0.17031111
     1.8000000        0.48518325        0.54513335
     1.9000000        0.29087873        0.23465453
     2.0000000        0.76677156        0.62221723
     2.1000000       -0.06938036        0.17187408
     2.2000000       -0.01428950        0.06472383
     2.3000000       -0.02125787        0.19046174
     2.4000000        0.02313260        0.09132144
     2.5000000        0.12316661        0.13651810
     2.6000000        0.02841668        0.04969150
     2.7000000       -0.00630345        0.05613333
     2.8000000       -0.17393589        0.16434586
     2.9000000       -0.14340514        0.15290507
     3.0000000       -0.16584575        0.16013249
     3.1000000        0.02449785        0.04205044
     3.2000000        0.01859307        0.04437596
     3.3000000        0.07869856        0.10075255
     3.4000000        0.04526340        0.06581732
     3.5000000       -0.00373231        0.04281731
     3.6000000        0.00981061        0.02699992
     3.7000000        0.02353086        0.02492491
     3.8000000       -0.00024361        0.01171314
     3.9000000        0.02682931        0.04133064
     4.0000000        0.00271925        0.01791215
     4.1000000       -0.05971949        0.06418644
     4.2000000        0.00119402        0.01206400
     4.3000000       -0.08341068        0.06407341
     4.4000000       -0.04450235        0.02820183
     4.5000000        0.03834190        0.06486829
     4.6000000        0.04417985        0.07192591
     4.7000000       -0.03819840        0.02376025
     4.8000000       -0.02926296        0.01209697
     4.9000000        0.00118018        0.00416563
     5.0000000        0.00258933        0.00638605
