          31           4   6.0000000000000000                1
     0.0000000        0.22068853        0.01427859
     0.1000000        0.13658258        0.01208157
     0.2000000        0.09225968        0.00937114
     0.3000000        0.06237687        0.00703313
     0.4000000        0.04346724        0.00444701
     0.5000000        0.03095887        0.00740517
     0.6000000        0.02240053        0.00506896
     0.7000000        0.01748568        0.00657515
     0.8000000        0.01343436        0.01107339
     0.9000000        0.01410730        0.00395453
     1.0000000        0.01360312        0.00629645
     1.1000000        0.00711448        0.01049452
     1.2000000        0.00302660        0.00549687
     1.3000000        0.00695370        0.00449012
     1.4000000        0.00292636        0.00964603
     1.5000000        0.00201635        0.00492734
     1.6000000        0.00366124        0.00521868
     1.7000000        0.00561712        0.00499093
     1.8000000        0.00669192        0.00378540
     1.9000000        0.01056985        0.00128518
     2.0000000        0.00728144        0.00770240
     2.1000000       -0.00083911        0.00655020
     2.2000000       -0.00017381        0.00597456
     2.3000000        0.00489379        0.00509107
     2.4000000        0.01102209        0.00690817
     2.5000000        0.00604212        0.00810874
     2.6000000        0.00941989        0.00779208
     2.7000000        0.00094005        0.01214364
     2.8000000        0.00345683        0.01334012
     2.9000000        0.00161979        0.00824172
     3.0000000       -0.00263080        0.01099167
