          41           4   10.000000000000000                1
     0.0000000        0.35884039        0.04595873
     0.1250000        0.30682201        0.04504015
     0.2500000        0.26254468        0.04135605
     0.3750000        0.22251105        0.03716759
     0.5000000        0.19090288        0.03461200
     0.6250000        0.16651559        0.03241826
     0.7500000        0.14522995        0.03036638
     0.8750000        0.12814530        0.02962238
     1.0000000        0.11825511        0.03055608
     1.1250000        0.11240653        0.03215118
     1.2500000        0.10689087        0.03319752
     1.3750000        0.09998886        0.03434528
     1.5000000        0.08912193        0.03424075
     1.6250000        0.07834523        0.03266858
     1.7500000        0.06835721        0.02999063
     1.8750000        0.05914809        0.02722296
     2.0000000        0.05174156        0.02451043
     2.1250000        0.04584652        0.02159381
     2.2500000        0.03814709        0.01900759
     2.3750000        0.02664581        0.01670297
     2.5000000        0.01575511        0.01379024
     2.6250000        0.00995177        0.01274326
     2.7500000        0.00757559        0.01472576
     2.8750000        0.00487768        0.01656501
     3.0000000        0.00118105        0.01831948
     3.1250000       -0.00213516        0.01836439
     3.2500000       -0.00217906        0.01915197
     3.3750000       -0.00148371        0.02055289
     3.5000000       -0.00147697        0.02101156
     3.6250000       -0.00003678        0.02218442
     3.7500000        0.00194386        0.02415716
     3.8750000        0.00021790        0.02510025
     4.0000000       -0.00275130        0.02581891
     4.1250000       -0.00331859        0.02501581
     4.2500000       -0.00127103        0.02161927
     4.3750000        0.00199405        0.02003206
     4.5000000        0.00346217        0.01951950
     4.6250000        0.00355403        0.01836627
     4.7500000        0.00182187        0.01835370
     4.8750000        0.00115548        0.01956651
     5.0000000        0.00227378        0.02039599
