          31           4   6.0000000000000000                1
     0.0000000        0.16593668        0.02024888
     0.1000000        0.10813710        0.01832029
     0.2000000        0.08374577        0.01997043
     0.3000000        0.05975931        0.01509022
     0.4000000        0.03372355        0.01837727
     0.5000000        0.03231634        0.00670878
     0.6000000        0.02696613        0.00663021
     0.7000000        0.02937629        0.00406707
     0.8000000        0.00641266        0.00772407
     0.9000000        0.01115614        0.01047367
     1.0000000        0.01149008        0.00813729
     1.1000000        0.01256773        0.00800199
     1.2000000        0.00259471        0.00949527
     1.3000000       -0.00200094        0.01314025
     1.4000000       -0.00293460        0.01094594
     1.5000000        0.00122892        0.00670507
     1.6000000        0.00799819        0.00307972
     1.7000000        0.00274095        0.00743089
     1.8000000        0.01013124        0.00886453
     1.9000000        0.01007902        0.00636990
     2.0000000        0.00494149        0.01024950
     2.1000000        0.00461619        0.00747607
     2.2000000       -0.00373112        0.00999683
     2.3000000       -0.00855760        0.00752451
     2.4000000       -0.00298876        0.00722384
     2.5000000        0.00653860        0.01480813
     2.6000000       -0.00772749        0.01174728
     2.7000000        0.00426850        0.00899837
     2.8000000        0.00171286        0.00588689
     2.9000000        0.00929004        0.01035824
     3.0000000       -0.00023512        0.01538351
