          51           4   10.000000000000000                1
     0.0000000        0.31568876        0.10237493
     0.1000000        0.16214984        0.05596256
     0.2000000        0.05584040        0.05288379
     0.3000000        0.03921475        0.02441684
     0.4000000        0.03912408        0.01121835
     0.5000000       -0.02545606        0.05547840
     0.6000000       -0.01890033        0.02496286
     0.7000000        0.00495768        0.00885085
     0.8000000       -0.02235849        0.04096900
     0.9000000       -0.02137280        0.03543299
     1.0000000       -0.01001195        0.01331816
     1.1000000       -0.00111193        0.02035777
     1.2000000       -0.00551436        0.01336368
     1.3000000        0.00607508        0.02842637
     1.4000000       -0.01780152        0.01846940
     1.5000000       -0.01415818        0.02108877
     1.6000000       -0.00773191        0.00958720
     1.7000000        0.00351541        0.00256424
     1.8000000        0.00672185        0.00941606
     1.9000000       -0.00811807        0.00658124
     2.0000000       -0.01523101        0.01080091
     2.1000000       -0.03133813        0.03298413
     2.2000000       -0.03231135        0.03508303
     2.3000000       -0.03504827        0.03751051
     2.4000000       -0.03330180        0.04700769
     2.5000000       -0.00918076        0.01202714
     2.6000000       -0.01758291        0.02789593
     2.7000000       -0.00499549        0.02309591
     2.8000000        0.02408621        0.01533497
     2.9000000        0.02898246        0.00563376
     3.0000000        0.02487883        0.02257205
     3.1000000        0.03836694        0.01912222
     3.2000000        0.02571942        0.02177455
     3.3000000        0.03657152        0.02444462
     3.4000000        0.03399549        0.02582563
     3.5000000        0.03498136        0.02065495
     3.6000000        0.04775604        0.02195682
     3.7000000        0.03244546        0.00949343
     3.8000000        0.04082824        0.02248975
     3.9000000        0.03879315        0.01951513
     4.0000000        0.03153528        0.02131596
     4.1000000        0.01330833        0.01755062
     4.2000000        0.03692745        0.00990642
     4.3000000        0.04185262        0.02440491
     4.4000000        0.02771075        0.02290138
     4.5000000        0.01918202        0.02156891
     4.6000000        0.01349707        0.01903935
     4.7000000        0.00745902        0.02218102
     4.8000000        0.00171828        0.03769085
     4.9000000        0.01266185        0.03415849
     5.0000000        0.01231058        0.03752561
