          61           9   12.000000000000000                1
     0.0000000        0.36707961        0.00603010
     0.1000000        0.19999376        0.00599438
     0.2000000        0.11229526        0.00592237
     0.3000000        0.06710210        0.00522478
     0.4000000        0.03944264        0.00451990
     0.5000000        0.02421438        0.00386327
     0.6000000        0.01877656        0.00455317
     0.7000000        0.01071458        0.00662271
     0.8000000        0.00696097        0.00722780
     0.9000000        0.00608920        0.00456020
     1.0000000        0.00600253        0.00407359
     1.1000000        0.00265502        0.00499287
     1.2000000        0.00070467        0.00431892
     1.3000000       -0.00034635        0.00481702
     1.4000000        0.00096941        0.00507548
     1.5000000        0.00083319        0.00285710
     1.6000000       -0.00139188        0.00377585
     1.7000000       -0.00380684        0.00432578
     1.8000000       -0.00346798        0.00410769
     1.9000000       -0.00283807        0.00349016
     2.0000000       -0.00084963        0.00199143
     2.1000000       -0.00252605        0.00262588
     2.2000000       -0.00191800        0.00228877
     2.3000000       -0.00008913        0.00270515
     2.4000000        0.00054223        0.00256326
     2.5000000        0.00217453        0.00433895
     2.6000000       -0.00105192        0.00364011
     2.7000000        0.00064074        0.00539723
     2.8000000       -0.00110804        0.00551566
     2.9000000        0.00116736        0.00610347
     3.0000000       -0.00430390        0.00726180
     3.1000000       -0.00506641        0.00640496
     3.2000000       -0.00390696        0.00544267
     3.3000000       -0.00526802        0.00551995
     3.4000000       -0.00314467        0.00479246
     3.5000000       -0.00099946        0.00429387
     3.6000000       -0.00029841        0.00537513
     3.7000000        0.00186092        0.00441401
     3.8000000        0.00088141        0.00430399
     3.9000000       -0.00211640        0.00464153
     4.0000000        0.00112158        0.00572562
     4.1000000       -0.00374469        0.00558683
     4.2000000       -0.00290747        0.00607089
     4.3000000       -0.00270720        0.00563773
     4.4000000       -0.00225029        0.00608449
     4.5000000       -0.00375755        0.00485816
     4.6000000       -0.00387858        0.00537868
     4.7000000       -0.00671327        0.00494755
     4.8000000       -0.00685030        0.00618313
     4.9000000       -0.00431308        0.00347937
     5.0000000       -0.00116641        0.00366121
     5.1000000       -0.00311365        0.00457923
     5.2000000       -0.00625972        0.00378197
     5.3000000       -0.00607689        0.00416523
     5.4000000       -0.00504570        0.00565246
     5.5000000       -0.00241024        0.00609327
     5.6000000       -0.00175859        0.00468564
     5.7000000       -0.00251735        0.00535805
     5.8000000       -0.00045821        0.00682126
     5.9000000       -0.00301451        0.00702484
     6.0000000       -0.00573089        0.00652019
