          41           4   4.0000000000000000                1
     0.0000000        1.90427015        0.00734944
     0.1000000        1.37281183        0.00366820
     0.2000000        1.00500146        0.00733829
     0.3000000        0.74802825        0.00316294
     0.4000000        0.56046432        0.01261103
     0.5000000        0.42054835        0.00995538
     0.6000000        0.31515513        0.01248990
     0.7000000        0.24352219        0.01264480
     0.8000000        0.18470619        0.01186505
     0.9000000        0.14478054        0.00750421
     1.0000000        0.11390530        0.00745171
     1.1000000        0.08878309        0.00860715
     1.2000000        0.06398498        0.00547193
     1.3000000        0.04192902        0.00766875
     1.4000000        0.03738083        0.00907175
     1.5000000        0.03281115        0.00598862
     1.6000000        0.02363199        0.00317255
     1.7000000        0.02820719        0.00316973
     1.8000000        0.02822001        0.00536473
     1.9000000        0.02036849        0.00458207
     2.0000000        0.01912274        0.00465104
     2.1000000        0.01713015        0.00619234
     2.2000000        0.01748100        0.01164590
     2.3000000        0.02039103        0.00455373
     2.4000000        0.00903938        0.00683280
     2.5000000        0.00724812        0.01113890
     2.6000000        0.00847158        0.00632631
     2.7000000        0.00474863        0.00805381
     2.8000000        0.01608244        0.00730421
     2.9000000        0.02052968        0.00598024
     3.0000000        0.01769782        0.00721417
     3.1000000        0.01267023        0.00917635
     3.2000000        0.01611989        0.00748184
     3.3000000        0.01132758        0.00602809
     3.4000000        0.01855230        0.00551416
     3.5000000        0.02135427        0.00428209
     3.6000000        0.02668718        0.00814084
     3.7000000        0.03207836        0.01005795
     3.8000000        0.04556638        0.00719368
     3.9000000        0.07156529        0.00860439
     4.0000000        0.09572985        0.00734944
