   -2.094395     -2.094395        0.48019740        0.05328776       -0.02635423        0.04699228
   -2.094395     -1.047198        0.65037848        0.04244397        0.00330666        0.06030753
   -2.094395      0.000000        0.72893844        0.03812403       -0.00857795        0.01265578
   -2.094395      1.047198        0.66841708        0.04787560        0.03339585        0.03332217
   -2.094395      2.094395        0.30692176        0.28982248       -0.04494240        0.08052093
   -2.094395      3.141593        0.60792332        0.09748974       -0.01547698        0.17273469
   -1.047198     -2.094395        0.48666108        0.13523768        0.04882707        0.04538123
   -1.047198     -1.047198        0.32284360        0.04707256       -0.01465502        0.06348744
   -1.047198      0.000000        0.75939272        0.06996093        0.02120246        0.02509137
   -1.047198      1.047198        0.37829555        0.06685074        0.01213205        0.03113722
   -1.047198      2.094395        0.44219208        0.03968582        0.12576149        0.10178441
   -1.047198      3.141593        0.38456703        0.15694926       -0.06849922        0.04127969
    0.000000     -2.094395        0.43061218        0.04869399       -0.09114360        0.09713758
    0.000000     -1.047198        0.37382331        0.08422911       -0.20269486        0.23558461
    0.000000      0.000000        0.50528113        0.17915526       -0.00000000        0.00000000
    0.000000      1.047198        0.37382331        0.08422911        0.20269486        0.23558461
    0.000000      2.094395        0.43061218        0.04869399        0.09114360        0.09713758
    0.000000      3.141593        0.56597053        0.12556861        0.00000000        0.00000000
    1.047198     -2.094395        0.44219208        0.03968582       -0.12576149        0.10178441
    1.047198     -1.047198        0.37829555        0.06685074       -0.01213205        0.03113722
    1.047198      0.000000        0.75939272        0.06996093       -0.02120246        0.02509137
    1.047198      1.047198        0.32284360        0.04707256        0.01465502        0.06348744
    1.047198      2.094395        0.48666108        0.13523768       -0.04882707        0.04538123
    1.047198      3.141593        0.38456703        0.15694926        0.06849922        0.04127969
    2.094395     -2.094395        0.30692176        0.28982248        0.04494240        0.08052093
    2.094395     -1.047198        0.66841708        0.04787560       -0.03339585        0.03332217
    2.094395      0.000000        0.72893844        0.03812403        0.00857795        0.01265578
    2.094395      1.047198        0.65037848        0.04244397       -0.00330666        0.06030753
    2.094395      2.094395        0.48019740        0.05328776        0.02635423        0.04699228
    2.094395      3.141593        0.60792332        0.09748974        0.01547698        0.17273469
    3.141593     -2.094395        0.63347037        0.02222946        0.02954685        0.01417899
    3.141593     -1.047198        0.69155287        0.03887216       -0.02900145        0.01591943
    3.141593      0.000000        0.71206343        0.02320832        0.00000000        0.00000000
    3.141593      1.047198        0.69155287        0.03887216        0.02900145        0.01591943
    3.141593      2.094395        0.63347037        0.02222946       -0.02954685        0.01417899
    3.141593      3.141593        0.75277469        0.18300099       -0.00000000        0.00000000
