   -3.000000     -3.000000
  1    1       -0.00000549        0.00000568       -0.00000000        0.00000000
   -3.000000     -2.000000
  1    1       -0.00002444        0.00000498       -0.00000000        0.00000000
   -3.000000     -1.000000
  1    1       -0.00005083        0.00001075       -0.00000000        0.00000000
   -3.000000      0.000000
  1    1       -0.00005861        0.00001336       -0.00000000        0.00000000
   -3.000000      1.000000
  1    1       -0.00003298        0.00000661       -0.00000000        0.00000000
   -3.000000      2.000000
  1    1       -0.00000526        0.00000933        0.00000000        0.00000000
   -3.000000      3.000000
  1    1       -0.00001673        0.00000590       -0.00000000        0.00000000
   -3.000000      4.000000
  1    1       -0.00000018        0.00000624       -0.00000000        0.00000000
   -2.000000     -3.000000
  1    1       -0.00001284        0.00000413       -0.00000000        0.00000000
   -2.000000     -2.000000
  1    1       -0.00008286        0.00001096        0.00000000        0.00000000
   -2.000000     -1.000000
  1    1       -0.00035819        0.00003105        0.00000000        0.00000000
   -2.000000      0.000000
  1    1       -0.00074455        0.00002827        0.00000000        0.00000000
   -2.000000      1.000000
  1    1       -0.00032384        0.00002577        0.00000000        0.00000000
   -2.000000      2.000000
  1    1       -0.00008470        0.00001320        0.00000000        0.00000000
   -2.000000      3.000000
  1    1       -0.00002796        0.00000856       -0.00000000        0.00000000
   -2.000000      4.000000
  1    1       -0.00000717        0.00000324        0.00000000        0.00000000
   -1.000000     -3.000000
  1    1       -0.00004041        0.00001096       -0.00000000        0.00000000
   -1.000000     -2.000000
  1    1       -0.00032430        0.00002997        0.00000000        0.00000000
   -1.000000     -1.000000
  1    1       -0.00208434        0.00008220       -0.00000000        0.00000000
   -1.000000      0.000000
  1    1       -0.02607832        0.00081998        0.00000000        0.00000000
   -1.000000      1.000000
  1    1       -0.00198834        0.00008736       -0.00000000        0.00000000
   -1.000000      2.000000
  1    1       -0.00032554        0.00000538        0.00000000        0.00000000
   -1.000000      3.000000
  1    1       -0.00004928        0.00000349       -0.00000000        0.00000000
   -1.000000      4.000000
  1    1       -0.00001271        0.00000330       -0.00000000        0.00000000
    0.000000     -3.000000
  1    1       -0.00006335        0.00000930        0.00000000        0.00000000
    0.000000     -2.000000
  1    1       -0.00070058        0.00001907        0.00000000        0.00000000
    0.000000     -1.000000
  1    1       -0.02438695        0.00048140        0.00000000        0.00000000
    0.000000      0.000000
  1    1        0.11590349        0.00153750        0.00000000        0.00000000
    0.000000      1.000000
  1    1       -0.02438695        0.00048140        0.00000000        0.00000000
    0.000000      2.000000
  1    1       -0.00070058        0.00001907        0.00000000        0.00000000
    0.000000      3.000000
  1    1       -0.00006335        0.00000930        0.00000000        0.00000000
    0.000000      4.000000
  1    1       -0.00002367        0.00000431        0.00000000        0.00000000
    1.000000     -3.000000
  1    1       -0.00004928        0.00000349       -0.00000000        0.00000000
    1.000000     -2.000000
  1    1       -0.00032554        0.00000538        0.00000000        0.00000000
    1.000000     -1.000000
  1    1       -0.00198834        0.00008736       -0.00000000        0.00000000
    1.000000      0.000000
  1    1       -0.02607832        0.00081998        0.00000000        0.00000000
    1.000000      1.000000
  1    1       -0.00208434        0.00008220       -0.00000000        0.00000000
    1.000000      2.000000
  1    1       -0.00032430        0.00002997        0.00000000        0.00000000
    1.000000      3.000000
  1    1       -0.00004041        0.00001096       -0.00000000        0.00000000
    1.000000      4.000000
  1    1       -0.00001271        0.00000330       -0.00000000        0.00000000
    2.000000     -3.000000
  1    1       -0.00002796        0.00000856       -0.00000000        0.00000000
    2.000000     -2.000000
  1    1       -0.00008470        0.00001320        0.00000000        0.00000000
    2.000000     -1.000000
  1    1       -0.00032384        0.00002577        0.00000000        0.00000000
    2.000000      0.000000
  1    1       -0.00074455        0.00002827        0.00000000        0.00000000
    2.000000      1.000000
  1    1       -0.00035819        0.00003105        0.00000000        0.00000000
    2.000000      2.000000
  1    1       -0.00008286        0.00001096        0.00000000        0.00000000
    2.000000      3.000000
  1    1       -0.00001284        0.00000413       -0.00000000        0.00000000
    2.000000      4.000000
  1    1       -0.00000717        0.00000324        0.00000000        0.00000000
    3.000000     -3.000000
  1    1       -0.00001673        0.00000590       -0.00000000        0.00000000
    3.000000     -2.000000
  1    1       -0.00000526        0.00000933       -0.00000000        0.00000000
    3.000000     -1.000000
  1    1       -0.00003298        0.00000661       -0.00000000        0.00000000
    3.000000      0.000000
  1    1       -0.00005861        0.00001336        0.00000000        0.00000000
    3.000000      1.000000
  1    1       -0.00005083        0.00001075       -0.00000000        0.00000000
    3.000000      2.000000
  1    1       -0.00002444        0.00000498       -0.00000000        0.00000000
    3.000000      3.000000
  1    1       -0.00000549        0.00000568       -0.00000000        0.00000000
    3.000000      4.000000
  1    1       -0.00000018        0.00000624       -0.00000000        0.00000000
    4.000000     -3.000000
  1    1       -0.00000707        0.00000180       -0.00000000        0.00000000
    4.000000     -2.000000
  1    1       -0.00001272        0.00000263        0.00000000        0.00000000
    4.000000     -1.000000
  1    1       -0.00001649        0.00000594       -0.00000000        0.00000000
    4.000000      0.000000
  1    1       -0.00001072        0.00001138        0.00000000        0.00000000
    4.000000      1.000000
  1    1       -0.00001649        0.00000594       -0.00000000        0.00000000
    4.000000      2.000000
  1    1       -0.00001272        0.00000263        0.00000000        0.00000000
    4.000000      3.000000
  1    1       -0.00000707        0.00000180       -0.00000000        0.00000000
    4.000000      4.000000
  1    1       -0.00000673        0.00000721        0.00000000        0.00000000
