   -2.356194     -2.356194
  1    1        2.18734915        0.05808938       -0.00020634        0.00334831
   -2.356194     -1.570796
  1    1        2.03302683        0.04717206       -0.00020634        0.00334831
   -2.356194     -0.785398
  1    1        1.95681408        0.05701564       -0.00020634        0.00334831
   -2.356194      0.000000
  1    1        1.84137758        0.07102733       -0.00020634        0.00334831
   -2.356194      0.785398
  1    1        1.97889498        0.05461946       -0.00020634        0.00334831
   -2.356194      1.570796
  1    1        1.98769495        0.06653715       -0.00020634        0.00334831
   -2.356194      2.356194
  1    1        2.18571211        0.09479971       -0.00020634        0.00334831
   -2.356194      3.141593
  1    1        2.20008159        0.03915291       -0.00020634        0.00334831
   -1.570796     -2.356194
  1    1        2.01350769        0.08740131       -0.00029180        0.00473523
   -1.570796     -1.570796
  1    1        1.94893737        0.08498426       -0.00029180        0.00473523
   -1.570796     -0.785398
  1    1        1.88301259        0.06313293       -0.00029180        0.00473523
   -1.570796      0.000000
  1    1        1.86622885        0.09858197       -0.00029180        0.00473523
   -1.570796      0.785398
  1    1        1.80018804        0.05476957       -0.00029180        0.00473523
   -1.570796      1.570796
  1    1        1.96133640        0.09002513       -0.00029180        0.00473523
   -1.570796      2.356194
  1    1        2.02229950        0.06001396       -0.00029180        0.00473523
   -1.570796      3.141593
  1    1        2.05116892        0.04526592       -0.00029180        0.00473523
   -0.785398     -2.356194
  1    1        1.87934916        0.06254428       -0.00020634        0.00334831
   -0.785398     -1.570796
  1    1        1.88060833        0.08255904       -0.00020634        0.00334831
   -0.785398     -0.785398
  1    1        1.82554500        0.07142079       -0.00020634        0.00334831
   -0.785398      0.000000
  1    1        1.77769185        0.05470206       -0.00020634        0.00334831
   -0.785398      0.785398
  1    1        1.82799430        0.06589823       -0.00020634        0.00334831
   -0.785398      1.570796
  1    1        1.84909954        0.05406690       -0.00020634        0.00334831
   -0.785398      2.356194
  1    1        1.94174884        0.04472047       -0.00020634        0.00334831
   -0.785398      3.141593
  1    1        1.91867955        0.03711693       -0.00020634        0.00334831
    0.000000     -2.356194
  1    1        1.87972656        0.02910956        0.00000000        0.00000000
    0.000000     -1.570796
  1    1        1.83601504        0.02481539       -0.00000000        0.00000000
    0.000000     -0.785398
  1    1        1.79591158        0.06105408        0.00000000        0.00000000
    0.000000      0.000000
  1    1        1.81926154        0.12303808        0.00000000        0.00000000
    0.000000      0.785398
  1    1        1.79591158        0.06105408       -0.00000000        0.00000000
    0.000000      1.570796
  1    1        1.83601504        0.02481539        0.00000000        0.00000000
    0.000000      2.356194
  1    1        1.87972656        0.02910956       -0.00000000        0.00000000
    0.000000      3.141593
  1    1        1.85925365        0.02640751        0.00000000        0.00000000
    0.785398     -2.356194
  1    1        1.94174884        0.04472047        0.00020634        0.00334831
    0.785398     -1.570796
  1    1        1.84909954        0.05406690        0.00020634        0.00334831
    0.785398     -0.785398
  1    1        1.82799430        0.06589823        0.00020634        0.00334831
    0.785398      0.000000
  1    1        1.77769185        0.05470206        0.00020634        0.00334831
    0.785398      0.785398
  1    1        1.82554500        0.07142079        0.00020634        0.00334831
    0.785398      1.570796
  1    1        1.88060833        0.08255904        0.00020634        0.00334831
    0.785398      2.356194
  1    1        1.87934916        0.06254428        0.00020634        0.00334831
    0.785398      3.141593
  1    1        1.91867955        0.03711693        0.00020634        0.00334831
    1.570796     -2.356194
  1    1        2.02229950        0.06001396        0.00029180        0.00473523
    1.570796     -1.570796
  1    1        1.96133640        0.09002513        0.00029180        0.00473523
    1.570796     -0.785398
  1    1        1.80018804        0.05476957        0.00029180        0.00473523
    1.570796      0.000000
  1    1        1.86622885        0.09858197        0.00029180        0.00473523
    1.570796      0.785398
  1    1        1.88301259        0.06313293        0.00029180        0.00473523
    1.570796      1.570796
  1    1        1.94893737        0.08498426        0.00029180        0.00473523
    1.570796      2.356194
  1    1        2.01350769        0.08740131        0.00029180        0.00473523
    1.570796      3.141593
  1    1        2.05116892        0.04526592        0.00029180        0.00473523
    2.356194     -2.356194
  1    1        2.18571211        0.09479971        0.00020634        0.00334831
    2.356194     -1.570796
  1    1        1.98769495        0.06653715        0.00020634        0.00334831
    2.356194     -0.785398
  1    1        1.97889498        0.05461946        0.00020634        0.00334831
    2.356194      0.000000
  1    1        1.84137758        0.07102733        0.00020634        0.00334831
    2.356194      0.785398
  1    1        1.95681408        0.05701564        0.00020634        0.00334831
    2.356194      1.570796
  1    1        2.03302683        0.04717206        0.00020634        0.00334831
    2.356194      2.356194
  1    1        2.18734915        0.05808938        0.00020634        0.00334831
    2.356194      3.141593
  1    1        2.20008159        0.03915291        0.00020634        0.00334831
    3.141593     -2.356194
  1    1        2.23361006        0.10012921       -0.00000000        0.00000000
    3.141593     -1.570796
  1    1        2.13453904        0.03191087       -0.00000000        0.00000000
    3.141593     -0.785398
  1    1        1.97902264        0.03439862       -0.00000000        0.00000000
    3.141593      0.000000
  1    1        1.91272444        0.10184098        0.00000000        0.00000000
    3.141593      0.785398
  1    1        1.97902264        0.03439862        0.00000000        0.00000000
    3.141593      1.570796
  1    1        2.13453904        0.03191087        0.00000000        0.00000000
    3.141593      2.356194
  1    1        2.23361006        0.10012921       -0.00000000        0.00000000
    3.141593      3.141593
  1    1        2.29759671        0.12740311        0.00000000        0.00000000
