          21           4   4.0000000000000000                1
     0.0000000        0.26446496        0.02062461
     0.1000000        0.16398194        0.01044454
     0.2000000        0.09594314        0.00698769
     0.3000000        0.07892016        0.00590118
     0.4000000        0.05746543        0.00428903
     0.5000000        0.04798812        0.00449385
     0.6000000        0.02501789        0.00748646
     0.7000000        0.01537147        0.00405346
     0.8000000        0.01119183        0.00691921
     0.9000000        0.01234444        0.01255505
     1.0000000        0.01313131        0.01130050
     1.1000000        0.02150966        0.01227591
     1.2000000        0.01667740        0.01386569
     1.3000000        0.01428321        0.01348222
     1.4000000        0.02279745        0.01104715
     1.5000000        0.02250535        0.00785574
     1.6000000        0.02088838        0.00696071
     1.7000000        0.02356407        0.00349952
     1.8000000        0.02509214        0.00779985
     1.9000000        0.02634143        0.00295916
     2.0000000        0.02793142        0.00312936
