          11           4   2.0000000000000000                1
     0.0000000        0.28362912        0.02206581
     0.1000000        0.18341423        0.01517308
     0.2000000        0.10999684        0.01299141
     0.3000000        0.07092561        0.01360630
     0.4000000        0.05338160        0.01132625
     0.5000000        0.04226131        0.01262107
     0.6000000        0.03609386        0.01153470
     0.7000000        0.03057673        0.01345686
     0.8000000        0.02129043        0.01513924
     0.9000000        0.02219122        0.01160345
     1.0000000        0.02530560        0.01343866
