          21           9   4.0000000000000000                1
     0.0000000        1.81914249        0.01233639
     0.1000000        1.09160735        0.01004653
     0.2000000        0.69668992        0.00553154
     0.3000000        0.47199949        0.00343213
     0.4000000        0.33977129        0.00302715
     0.5000000        0.25543339        0.00356554
     0.6000000        0.20313162        0.00474649
     0.7000000        0.16564770        0.00555832
     0.8000000        0.13893359        0.00457715
     0.9000000        0.11389501        0.00335648
     1.0000000        0.09797329        0.00298637
     1.1000000        0.08498872        0.00247360
     1.2000000        0.07621509        0.00230047
     1.3000000        0.06989404        0.00250157
     1.4000000        0.06385056        0.00272273
     1.5000000        0.05677320        0.00334338
     1.6000000        0.05480105        0.00376744
     1.7000000        0.05472482        0.00392312
     1.8000000        0.05156636        0.00416425
     1.9000000        0.04790669        0.00361271
     2.0000000        0.04753411        0.00328548
