          41           4   8.0000000000000000                1
     0.0000000        0.64204962        0.01498079
     0.1000000        0.52181255        0.01540706
     0.2000000        0.42949956        0.01455103
     0.3000000        0.35826773        0.01358516
     0.4000000        0.30185539        0.01294779
     0.5000000        0.25583228        0.01201290
     0.6000000        0.21777646        0.01192409
     0.7000000        0.18519577        0.01191789
     0.8000000        0.15821587        0.01093733
     0.9000000        0.13807526        0.00925596
     1.0000000        0.12256772        0.00712415
     1.1000000        0.10919086        0.00452534
     1.2000000        0.09750495        0.00250445
     1.3000000        0.08683540        0.00245665
     1.4000000        0.07817682        0.00466626
     1.5000000        0.07076068        0.00735132
     1.6000000        0.06318995        0.00945891
     1.7000000        0.05644829        0.01037044
     1.8000000        0.05008828        0.01063548
     1.9000000        0.04447167        0.01094030
     2.0000000        0.04011829        0.01007164
     2.1000000        0.03614419        0.00766012
     2.2000000        0.03278062        0.00502538
     2.3000000        0.03052433        0.00365282
     2.4000000        0.02796675        0.00435985
     2.5000000        0.02509696        0.00588576
     2.6000000        0.02366851        0.00771822
     2.7000000        0.02311069        0.00909874
     2.8000000        0.02349395        0.00868578
     2.9000000        0.02334448        0.00718817
     3.0000000        0.02152191        0.00572027
     3.1000000        0.02048113        0.00555445
     3.2000000        0.01990685        0.00594350
     3.3000000        0.01877295        0.00580835
     3.4000000        0.01663857        0.00542559
     3.5000000        0.01394240        0.00494661
     3.6000000        0.01262599        0.00440183
     3.7000000        0.01376813        0.00445852
     3.8000000        0.01605582        0.00472880
     3.9000000        0.01723406        0.00510482
     4.0000000        0.01756651        0.00549225
