 0.10000000000000000E+001          1         16
( 0.10000000000000051E+001, 0.00000000000000000E+000)
-0.15707963267948966E+001 -0.15707963267948966E+001
( 0.24015248641121190E+000, 0.11380930800223098E-015)
-0.15707963267948966E+001  0.00000000000000000E+000
( 0.14600177312717011E+000, 0.48819757190538423E-015)
-0.15707963267948966E+001  0.15707963267948966E+001
( 0.21320893944175667E+000, 0.55202499256203467E-015)
-0.15707963267948966E+001  0.31415926535897931E+001
( 0.32701291716207792E+000, 0.19951877898425137E-015)
 0.00000000000000000E+000 -0.15707963267948966E+001
( 0.14982672788340648E+000, 0.10431396731989017E-014)
 0.00000000000000000E+000  0.00000000000000000E+000
( 0.16000238215670262E+002, 0.00000000000000000E+000)
 0.00000000000000000E+000  0.15707963267948966E+001
( 0.14982672788340648E+000,-0.10431396731989017E-014)
 0.00000000000000000E+000  0.31415926535897931E+001
( 0.23962465316512294E+000, 0.97605632177264678E-015)
 0.15707963267948966E+001 -0.15707963267948966E+001
( 0.21320893944175667E+000,-0.55202499256203467E-015)
 0.15707963267948966E+001  0.00000000000000000E+000
( 0.14600177312717011E+000,-0.48819757190538423E-015)
 0.15707963267948966E+001  0.15707963267948966E+001
( 0.24015248641121190E+000,-0.11380930800223098E-015)
 0.15707963267948966E+001  0.31415926535897931E+001
( 0.32701291716207792E+000, 0.20080633021507126E-015)
 0.31415926535897931E+001 -0.15707963267948966E+001
( 0.29864325970284122E+000,-0.22131555415214618E-015)
 0.31415926535897931E+001  0.00000000000000000E+000
( 0.23750812745535277E+000, 0.97639514381076846E-015)
 0.31415926535897931E+001  0.15707963267948966E+001
( 0.29864325970284122E+000, 0.44276113065552070E-015)
 0.31415926535897931E+001  0.31415926535897931E+001
( 0.39337387382901268E+000, 0.76957873660739758E-018)
 0.10000000000000000E+001          1         16
( 0.99999999999999833E+000, 0.00000000000000000E+000)
-0.15707963267948966E+001 -0.15707963267948966E+001
( 0.23675154096793471E+000,-0.21837984730854123E-015)
-0.15707963267948966E+001  0.00000000000000000E+000
( 0.15797037706117489E+000, 0.48736231305798091E-015)
-0.15707963267948966E+001  0.15707963267948966E+001
( 0.23680107076711077E+000,-0.30285874973438361E-017)
-0.15707963267948966E+001  0.31415926535897931E+001
( 0.32489316368701227E+000,-0.46566391243703977E-015)
 0.00000000000000000E+000 -0.15707963267948966E+001
( 0.16155125788101724E+000,-0.67792725817172596E-016)
 0.00000000000000000E+000  0.00000000000000000E+000
( 0.16000206427069873E+002, 0.00000000000000000E+000)
 0.00000000000000000E+000  0.15707963267948966E+001
( 0.16155125788101724E+000, 0.67792725817172596E-016)
 0.00000000000000000E+000  0.31415926535897931E+001
( 0.23993557582252478E+000, 0.97463757299081135E-015)
 0.15707963267948966E+001 -0.15707963267948966E+001
( 0.23680107076711077E+000, 0.30285874973438361E-017)
 0.15707963267948966E+001  0.00000000000000000E+000
( 0.15797037706117489E+000,-0.48736231305798091E-015)
 0.15707963267948966E+001  0.15707963267948966E+001
( 0.23675154096793471E+000, 0.21837984730854123E-015)
 0.15707963267948966E+001  0.31415926535897931E+001
( 0.32489316368701227E+000, 0.86762866128351229E-015)
 0.31415926535897931E+001 -0.15707963267948966E+001
( 0.32239080033915624E+000,-0.22194342047698656E-015)
 0.31415926535897931E+001  0.00000000000000000E+000
( 0.23419549960611641E+000, 0.97472462611596203E-015)
 0.31415926535897931E+001  0.15707963267948966E+001
( 0.32239080033915624E+000, 0.44526036564031031E-015)
 0.31415926535897931E+001  0.31415926535897931E+001
( 0.39311214298161956E+000,-0.20949155125667149E-017)
 0.10000000000000000E+001          1         16
( 0.10000000000000071E+001, 0.00000000000000000E+000)
-0.15707963267948966E+001 -0.15707963267948966E+001
( 0.23761766764842074E+000, 0.44777198639489128E-015)
-0.15707963267948966E+001  0.00000000000000000E+000
( 0.15957750347660427E+000, 0.93141787973226381E-015)
-0.15707963267948966E+001  0.15707963267948966E+001
( 0.23598613036229588E+000,-0.22512256932160095E-015)
-0.15707963267948966E+001  0.31415926535897931E+001
( 0.32543874364624270E+000,-0.24368441813468025E-015)
 0.00000000000000000E+000 -0.15707963267948966E+001
( 0.16108292129093407E+000,-0.28987057719198108E-015)
 0.00000000000000000E+000  0.00000000000000000E+000
( 0.16000108765418833E+002, 0.00000000000000000E+000)
 0.00000000000000000E+000  0.15707963267948966E+001
( 0.16108292129093407E+000, 0.28987057719198108E-015)
 0.00000000000000000E+000  0.31415926535897931E+001
( 0.23801065283548883E+000, 0.97457108009125699E-015)
 0.15707963267948966E+001 -0.15707963267948966E+001
( 0.23598613036229588E+000, 0.22512256932160095E-015)
 0.15707963267948966E+001  0.00000000000000000E+000
( 0.15957750347660427E+000,-0.93141787973226381E-015)
 0.15707963267948966E+001  0.15707963267948966E+001
( 0.23761766764842074E+000,-0.44777198639489128E-015)
 0.15707963267948966E+001  0.31415926535897931E+001
( 0.32543874364624270E+000, 0.42373935371125044E-015)
 0.31415926535897931E+001 -0.15707963267948966E+001
( 0.32239820867672175E+000, 0.96962264934410247E-019)
 0.31415926535897931E+001  0.00000000000000000E+000
( 0.23640854457549287E+000, 0.97465733976440219E-015)
 0.31415926535897931E+001  0.15707963267948966E+001
( 0.32239820867672175E+000, 0.22315726695661502E-015)
 0.31415926535897931E+001  0.31415926535897931E+001
( 0.39180023677781617E+000,-0.23056568374858430E-017)
 0.10000000000000000E+001          1         16
( 0.10000000000000069E+001, 0.00000000000000000E+000)
-0.15707963267948966E+001 -0.15707963267948966E+001
( 0.23924230431586857E+000,-0.21824186752001893E-015)
-0.15707963267948966E+001  0.00000000000000000E+000
( 0.16406668745262576E+000, 0.48711558306730471E-015)
-0.15707963267948966E+001  0.15707963267948966E+001
( 0.23889890506693112E+000,-0.22517285672947281E-015)
-0.15707963267948966E+001  0.31415926535897931E+001
( 0.32798372895045902E+000, 0.20051730371453508E-015)
 0.00000000000000000E+000 -0.15707963267948966E+001
( 0.16348063755607203E+000, 0.59817499366844934E-015)
 0.00000000000000000E+000  0.00000000000000000E+000
( 0.16000080111634635E+002, 0.00000000000000000E+000)
 0.00000000000000000E+000  0.15707963267948966E+001
( 0.16348063755607203E+000,-0.59817499366844934E-015)
 0.00000000000000000E+000  0.31415926535897931E+001
( 0.23849556675226058E+000, 0.97430538241186737E-015)
 0.15707963267948966E+001 -0.15707963267948966E+001
( 0.23889890506693112E+000, 0.22517285672947281E-015)
 0.15707963267948966E+001  0.00000000000000000E+000
( 0.16406668745262576E+000,-0.48711558306730471E-015)
 0.15707963267948966E+001  0.15707963267948966E+001
( 0.23924230431586857E+000, 0.21824186752001893E-015)
 0.15707963267948966E+001  0.31415926535897931E+001
( 0.32798372895045902E+000,-0.20121871601853784E-016)
 0.31415926535897931E+001 -0.15707963267948966E+001
( 0.32567575760993428E+000, 0.22215647527488464E-015)
 0.31415926535897931E+001  0.00000000000000000E+000
( 0.23845562275756782E+000, 0.97423116613460941E-015)
 0.31415926535897931E+001  0.15707963267948966E+001
( 0.32567575760993428E+000, 0.12371008512883753E-017)
 0.31415926535897931E+001  0.31415926535897931E+001
( 0.39451948381584856E+000,-0.25306601100775947E-017)
 0.10000000000000000E+001          1         16
( 0.99999999999998945E+000, 0.00000000000000000E+000)
-0.15707963267948966E+001 -0.15707963267948966E+001
( 0.23985159515428311E+000,-0.77345751183398515E-015)
-0.15707963267948966E+001  0.00000000000000000E+000
( 0.16213932804815157E+000, 0.48722028843705780E-015)
-0.15707963267948966E+001  0.15707963267948966E+001
( 0.23943959947668747E+000,-0.33615228462056760E-015)
-0.15707963267948966E+001  0.31415926535897931E+001
( 0.32687858974321227E+000,-0.21546257437407495E-016)
 0.00000000000000000E+000 -0.15707963267948966E+001
( 0.16290914487546018E+000, 0.59823626639582441E-015)
 0.00000000000000000E+000  0.00000000000000000E+000
( 0.16000010591401569E+002, 0.00000000000000000E+000)
 0.00000000000000000E+000  0.15707963267948966E+001
( 0.16290914487546018E+000,-0.59823626639582441E-015)
 0.00000000000000000E+000  0.31415926535897931E+001
( 0.23942342077727119E+000, 0.97442792786661750E-015)
 0.15707963267948966E+001 -0.15707963267948966E+001
( 0.23943959947668747E+000, 0.33615228462056760E-015)
 0.15707963267948966E+001  0.00000000000000000E+000
( 0.16213932804815157E+000,-0.48722028843705780E-015)
 0.15707963267948966E+001  0.15707963267948966E+001
( 0.23985159515428311E+000, 0.77345751183398515E-015)
 0.15707963267948966E+001  0.31415926535897931E+001
( 0.32687858974321227E+000,-0.20396928520560059E-016)
 0.31415926535897931E+001 -0.15707963267948966E+001
( 0.32639682578776397E+000, 0.22207185498958510E-015)
 0.31415926535897931E+001  0.00000000000000000E+000
( 0.23809036109168735E+000, 0.97444057687411560E-015)
 0.31415926535897931E+001  0.15707963267948966E+001
( 0.32639682578776397E+000, 0.11992062766539284E-017)
 0.31415926535897931E+001  0.31415926535897931E+001
( 0.39556379307256972E+000,-0.23212851289473728E-017)
 0.10000000000000000E+001          1         16
( 0.10000000000000058E+001, 0.00000000000000000E+000)
-0.15707963267948966E+001 -0.15707963267948966E+001
( 0.23905024533421515E+000,-0.44028746237722974E-015)
-0.15707963267948966E+001  0.00000000000000000E+000
( 0.16404728620747822E+000, 0.11532499039247839E-014)
-0.15707963267948966E+001  0.15707963267948966E+001
( 0.23824498340107403E+000,-0.22515669393530707E-015)
-0.15707963267948966E+001  0.31415926535897931E+001
( 0.32451944827905121E+000,-0.90967390140467525E-015)
 0.00000000000000000E+000 -0.15707963267948966E+001
( 0.16216864383099730E+000, 0.70916753682591342E-015)
 0.00000000000000000E+000  0.00000000000000000E+000
( 0.16000264184626506E+002, 0.00000000000000000E+000)
 0.00000000000000000E+000  0.15707963267948966E+001
( 0.16216864383099730E+000,-0.70916753682591342E-015)
 0.00000000000000000E+000  0.31415926535897931E+001
( 0.23471549364267474E+000, 0.97424586380176422E-015)
 0.15707963267948966E+001 -0.15707963267948966E+001
( 0.23824498340107403E+000, 0.22515669393530707E-015)
 0.15707963267948966E+001  0.00000000000000000E+000
( 0.16404728620747822E+000,-0.11532499039247839E-014)
 0.15707963267948966E+001  0.15707963267948966E+001
( 0.23905024533421515E+000, 0.44028746237722974E-015)
 0.15707963267948966E+001  0.31415926535897931E+001
( 0.32451944827905121E+000, 0.10900350280646660E-014)
 0.31415926535897931E+001 -0.15707963267948966E+001
( 0.32638956232826777E+000,-0.11099270711374610E-015)
 0.31415926535897931E+001  0.00000000000000000E+000
( 0.23824927718053179E+000, 0.97423217829937983E-015)
 0.31415926535897931E+001  0.15707963267948966E+001
( 0.32638956232826777E+000, 0.33441662896389158E-015)
 0.31415926535897931E+001  0.31415926535897931E+001
( 0.39297055007704529E+000,-0.26276113716343067E-017)
 0.10000000000000000E+001          1         16
( 0.10000000000000002E+001, 0.00000000000000000E+000)
-0.15707963267948966E+001 -0.15707963267948966E+001
( 0.23647696459769918E+000,-0.44029619540956413E-015)
-0.15707963267948966E+001  0.00000000000000000E+000
( 0.16303773705355140E+000, 0.70929437549766191E-015)
-0.15707963267948966E+001  0.15707963267948966E+001
( 0.23667945482008879E+000,-0.22508954002357882E-015)
-0.15707963267948966E+001  0.31415926535897931E+001
( 0.32226622883045253E+000, 0.20054974962099722E-015)
 0.00000000000000000E+000 -0.15707963267948966E+001
( 0.15823047485697542E+000,-0.40090044959648156E-015)
 0.00000000000000000E+000  0.00000000000000000E+000
( 0.15999918890066422E+002, 0.00000000000000000E+000)
 0.00000000000000000E+000  0.15707963267948966E+001
( 0.15823047485697542E+000, 0.40090044959648156E-015)
 0.00000000000000000E+000  0.31415926535897931E+001
( 0.23224838225109412E+000, 0.97455594020728755E-015)
 0.15707963267948966E+001 -0.15707963267948966E+001
( 0.23667945482008879E+000, 0.22508954002357882E-015)
 0.15707963267948966E+001  0.00000000000000000E+000
( 0.16303773705355140E+000,-0.70929437549766191E-015)
 0.15707963267948966E+001  0.15707963267948966E+001
( 0.23647696459769918E+000, 0.44029619540956413E-015)
 0.15707963267948966E+001  0.31415926535897931E+001
( 0.32226622883045253E+000,-0.20340396849131800E-016)
 0.31415926535897931E+001 -0.15707963267948966E+001
( 0.32714300734939417E+000, 0.11116069639891861E-015)
 0.31415926535897931E+001  0.00000000000000000E+000
( 0.24094184006299835E+000, 0.97449954114526120E-015)
 0.31415926535897931E+001  0.15707963267948966E+001
( 0.32714300734939417E+000, 0.11238006721001466E-015)
 0.31415926535897931E+001  0.31415926535897931E+001
( 0.39343033805948080E+000,-0.23738292659983337E-017)
 0.10000000000000000E+001          1         16
( 0.10000000000000016E+001, 0.00000000000000000E+000)
-0.15707963267948966E+001 -0.15707963267948966E+001
( 0.24044831898456842E+000,-0.32929110371693713E-015)
-0.15707963267948966E+001  0.00000000000000000E+000
( 0.16431655559201186E+000, 0.43015690545423453E-016)
-0.15707963267948966E+001  0.15707963267948966E+001
( 0.24026405146518603E+000,-0.55823418467148660E-015)
-0.15707963267948966E+001  0.31415926535897931E+001
( 0.32843589014042118E+000,-0.21505459647611256E-016)
 0.00000000000000000E+000 -0.15707963267948966E+001
( 0.16475451415078637E+000, 0.37612024782424988E-015)
 0.00000000000000000E+000  0.00000000000000000E+000
( 0.16000171811215552E+002, 0.00000000000000000E+000)
 0.00000000000000000E+000  0.15707963267948966E+001
( 0.16475451415078637E+000,-0.37612024782424988E-015)
 0.00000000000000000E+000  0.31415926535897931E+001
( 0.24062039280438263E+000, 0.97428510057353106E-015)
 0.15707963267948966E+001 -0.15707963267948966E+001
( 0.24026405146518603E+000, 0.55823418467148660E-015)
 0.15707963267948966E+001  0.00000000000000000E+000
( 0.16431655559201186E+000,-0.43015690545423453E-016)
 0.15707963267948966E+001  0.15707963267948966E+001
( 0.24044831898456842E+000, 0.32929110371693713E-015)
 0.15707963267948966E+001  0.31415926535897931E+001
( 0.32843589014042118E+000, 0.20183586540042106E-015)
 0.31415926535897931E+001 -0.15707963267948966E+001
( 0.32662430007943255E+000,-0.66608258274505264E-015)
 0.31415926535897931E+001  0.00000000000000000E+000
( 0.23851473691461900E+000, 0.97420980079097224E-015)
 0.31415926535897931E+001  0.15707963267948966E+001
( 0.32662430007943255E+000, 0.88943345029348713E-015)
 0.31415926535897931E+001  0.31415926535897931E+001
( 0.39507434077362680E+000,-0.25005186863211228E-017)
 0.10000000000000000E+001          1         16
( 0.99999999999998124E+000, 0.00000000000000000E+000)
-0.15707963267948966E+001 -0.15707963267948966E+001
( 0.23941229439671796E+000, 0.78088389919665666E-015)
-0.15707963267948966E+001  0.00000000000000000E+000
( 0.16243438028199630E+000, 0.48725722110259834E-015)
-0.15707963267948966E+001  0.15707963267948966E+001
( 0.23794437910702160E+000, 0.10797800832260176E-015)
-0.15707963267948966E+001  0.31415926535897931E+001
( 0.32468153132654543E+000,-0.90967944361685993E-015)
 0.00000000000000000E+000 -0.15707963267948966E+001
( 0.16244372639647267E+000, 0.48722063343181881E-015)
 0.00000000000000000E+000  0.00000000000000000E+000
( 0.16000123564569630E+002, 0.00000000000000000E+000)
 0.00000000000000000E+000  0.15707963267948966E+001
( 0.16244372639647267E+000,-0.48722063343181881E-015)
 0.00000000000000000E+000  0.31415926535897931E+001
( 0.23859745300430202E+000, 0.97444126686363762E-015)
 0.15707963267948966E+001 -0.15707963267948966E+001
( 0.23794437910702160E+000,-0.10797800832260176E-015)
 0.15707963267948966E+001  0.00000000000000000E+000
( 0.16243438028199630E+000,-0.48725722110259834E-015)
 0.15707963267948966E+001  0.15707963267948966E+001
( 0.23941229439671796E+000,-0.78088389919665666E-015)
 0.15707963267948966E+001  0.31415926535897931E+001
( 0.32468153132654543E+000, 0.86771244458352395E-015)
 0.31415926535897931E+001 -0.15707963267948966E+001
( 0.32607515027652356E+000,-0.77703947298153864E-015)
 0.31415926535897931E+001  0.00000000000000000E+000
( 0.23977380479310484E+000, 0.97451444220519688E-015)
 0.31415926535897931E+001  0.15707963267948966E+001
( 0.32607515027652356E+000, 0.10004510535448361E-014)
 0.31415926535897931E+001  0.31415926535897931E+001
( 0.39386197995157124E+000,-0.21687359262575237E-017)
 0.10000000000000000E+001          1         16
( 0.10000000000000102E+001, 0.00000000000000000E+000)
-0.15707963267948966E+001 -0.15707963267948966E+001
( 0.22909215194357146E+000,-0.10691441128576655E-015)
-0.15707963267948966E+001  0.00000000000000000E+000
( 0.15385642390649279E+000, 0.70943063168355850E-015)
-0.15707963267948966E+001  0.15707963267948966E+001
( 0.23031195960012141E+000, 0.55232295499185060E-015)
-0.15707963267948966E+001  0.31415926535897931E+001
( 0.31802074495510091E+000, 0.42297085391577162E-015)
 0.00000000000000000E+000 -0.15707963267948966E+001
( 0.16045348832040254E+000, 0.48726862031904472E-015)
 0.00000000000000000E+000  0.00000000000000000E+000
( 0.16000159215794227E+002, 0.00000000000000000E+000)
 0.00000000000000000E+000  0.15707963267948966E+001
( 0.16045348832040254E+000,-0.48726862031904472E-015)
 0.00000000000000000E+000  0.31415926535897931E+001
( 0.23614869630976543E+000, 0.97453724063808943E-015)
 0.15707963267948966E+001 -0.15707963267948966E+001
( 0.23031195960012141E+000,-0.55232295499185060E-015)
 0.15707963267948966E+001  0.00000000000000000E+000
( 0.15385642390649279E+000,-0.70943063168355850E-015)
 0.15707963267948966E+001  0.15707963267948966E+001
( 0.22909215194357146E+000, 0.10691441128576655E-015)
 0.15707963267948966E+001  0.31415926535897931E+001
( 0.31802074495510091E+000,-0.20599898302013285E-016)
 0.31415926535897931E+001 -0.15707963267948966E+001
( 0.32049698021275042E+000, 0.11164423457185667E-015)
 0.31415926535897931E+001  0.00000000000000000E+000
( 0.22678935281153700E+000, 0.97477205351705439E-015)
 0.31415926535897931E+001  0.15707963267948966E+001
( 0.32049698021275042E+000, 0.11303903806521737E-015)
 0.31415926535897931E+001  0.31415926535897931E+001
( 0.39142573791321622E+000,-0.19132611256384153E-017)
 0.10000000000000000E+001          1         16
( 0.99999999999999523E+000, 0.00000000000000000E+000)
-0.15707963267948966E+001 -0.15707963267948966E+001
( 0.23993243313318546E+000,-0.10726713616108422E-015)
-0.15707963267948966E+001  0.00000000000000000E+000
( 0.16338689215114455E+000, 0.70924493786603142E-015)
-0.15707963267948966E+001  0.15707963267948966E+001
( 0.24005897761362693E+000,-0.55820025771069581E-015)
-0.15707963267948966E+001  0.31415926535897931E+001
( 0.32754393566055295E+000,-0.46562224812160647E-015)
 0.00000000000000000E+000 -0.15707963267948966E+001
( 0.16400309702108520E+000,-0.67980075958012857E-016)
 0.00000000000000000E+000  0.00000000000000000E+000
( 0.16000088047379649E+002, 0.00000000000000000E+000)
 0.00000000000000000E+000  0.15707963267948966E+001
( 0.16400309702108520E+000, 0.67980075958012857E-016)
 0.00000000000000000E+000  0.31415926535897931E+001
( 0.23883831380704734E+000, 0.97426287270913102E-015)
 0.15707963267948966E+001 -0.15707963267948966E+001
( 0.24005897761362693E+000, 0.55820025771069581E-015)
 0.15707963267948966E+001  0.00000000000000000E+000
( 0.16338689215114455E+000,-0.70924493786603142E-015)
 0.15707963267948966E+001  0.15707963267948966E+001
( 0.23993243313318546E+000, 0.10726713616108422E-015)
 0.15707963267948966E+001  0.31415926535897931E+001
( 0.32754393566055295E+000, 0.64584352521447779E-015)
 0.31415926535897931E+001 -0.15707963267948966E+001
( 0.32687179300771974E+000, 0.11736833562336743E-018)
 0.31415926535897931E+001  0.00000000000000000E+000
( 0.23985623735453476E+000, 0.97440066588200023E-015)
 0.31415926535897931E+001  0.15707963267948966E+001
( 0.32687179300771974E+000, 0.22326007839603583E-015)
 0.31415926535897931E+001  0.31415926535897931E+001
( 0.39595393086002240E+000,-0.23408538463087726E-017)
 0.10000000000000000E+001          1         16
( 0.99999999999999911E+000, 0.00000000000000000E+000)
-0.15707963267948966E+001 -0.15707963267948966E+001
( 0.23912516495748570E+000,-0.66224485754082908E-015)
-0.15707963267948966E+001  0.00000000000000000E+000
( 0.16463865560705737E+000, 0.13753055083806309E-014)
-0.15707963267948966E+001  0.15707963267948966E+001
( 0.23912717662144756E+000,-0.30802444304242807E-017)
-0.15707963267948966E+001  0.31415926535897931E+001
( 0.32774350003611086E+000,-0.21442792075662647E-016)
 0.00000000000000000E+000 -0.15707963267948966E+001
( 0.16311482646499323E+000, 0.37617690546458996E-015)
 0.00000000000000000E+000  0.00000000000000000E+000
( 0.16000139186589550E+002, 0.00000000000000000E+000)
 0.00000000000000000E+000  0.15707963267948966E+001
( 0.16311482646499323E+000,-0.37617690546458996E-015)
 0.00000000000000000E+000  0.31415926535897931E+001
( 0.23922422102995711E+000, 0.97439841585421123E-015)
 0.15707963267948966E+001 -0.15707963267948966E+001
( 0.23912717662144756E+000, 0.30802444304242807E-017)
 0.15707963267948966E+001  0.00000000000000000E+000
( 0.16463865560705737E+000,-0.13753055083806309E-014)
 0.15707963267948966E+001  0.15707963267948966E+001
( 0.23912516495748570E+000, 0.66224485754082908E-015)
 0.15707963267948966E+001  0.31415926535897931E+001
( 0.32774350003611086E+000, 0.20191464909881439E-015)
 0.31415926535897931E+001 -0.15707963267948966E+001
( 0.32834479748145384E+000,-0.22190794071803849E-015)
 0.31415926535897931E+001  0.00000000000000000E+000
( 0.23991628595768932E+000, 0.97425417736101103E-015)
 0.31415926535897931E+001  0.15707963267948966E+001
( 0.32834479748145384E+000, 0.44556997125075106E-015)
 0.31415926535897931E+001  0.31415926535897931E+001
( 0.39482253602101758E+000,-0.26569334431411815E-017)
 0.10000000000000000E+001          1         16
( 0.99999999999999067E+000, 0.00000000000000000E+000)
-0.15707963267948966E+001 -0.15707963267948966E+001
( 0.23698635724900829E+000,-0.32934793161075812E-015)
-0.15707963267948966E+001  0.00000000000000000E+000
( 0.16093856292588082E+000,-0.17888782990791418E-015)
-0.15707963267948966E+001  0.15707963267948966E+001
( 0.23754129126366497E+000, 0.55204172197514705E-015)
-0.15707963267948966E+001  0.31415926535897931E+001
( 0.32239956879388165E+000, 0.42254842977371221E-015)
 0.00000000000000000E+000 -0.15707963267948966E+001
( 0.16093584343767967E+000, 0.93132084186987799E-015)
 0.00000000000000000E+000  0.00000000000000000E+000
( 0.16000109385829070E+002, 0.00000000000000000E+000)
 0.00000000000000000E+000  0.15707963267948966E+001
( 0.16093584343767967E+000,-0.93132084186987799E-015)
 0.00000000000000000E+000  0.31415926535897931E+001
( 0.23595510697352218E+000, 0.97446326403963074E-015)
 0.15707963267948966E+001 -0.15707963267948966E+001
( 0.23754129126366497E+000,-0.55204172197514705E-015)
 0.15707963267948966E+001  0.00000000000000000E+000
( 0.16093856292588082E+000, 0.17888782990791418E-015)
 0.15707963267948966E+001  0.15707963267948966E+001
( 0.23698635724900829E+000, 0.32934793161075812E-015)
 0.15707963267948966E+001  0.31415926535897931E+001
( 0.32239956879388165E+000,-0.24243744385149871E-015)
 0.31415926535897931E+001 -0.15707963267948966E+001
( 0.32419380786975449E+000, 0.33304677616289491E-015)
 0.31415926535897931E+001  0.00000000000000000E+000
( 0.23642934552133665E+000, 0.97449196973435959E-015)
 0.31415926535897931E+001  0.15707963267948966E+001
( 0.32419380786975449E+000,-0.10970380035914817E-015)
 0.31415926535897931E+001  0.31415926535897931E+001
( 0.39009672893212111E+000,-0.24865744779025590E-017)
 0.10000000000000000E+001          1         16
( 0.10000000000000009E+001, 0.00000000000000000E+000)
-0.15707963267948966E+001 -0.15707963267948966E+001
( 0.23593620296337070E+000, 0.11493218171896908E-015)
-0.15707963267948966E+001  0.00000000000000000E+000
( 0.16296475544213562E+000, 0.26511975961219647E-015)
-0.15707963267948966E+001  0.15707963267948966E+001
( 0.23764444721293909E+000, 0.10797549472612224E-015)
-0.15707963267948966E+001  0.31415926535897931E+001
( 0.32461933771691243E+000,-0.24345779946935439E-015)
 0.00000000000000000E+000 -0.15707963267948966E+001
( 0.16141709873293844E+000, 0.59820642507921156E-015)
 0.00000000000000000E+000  0.00000000000000000E+000
( 0.16000221660018013E+002, 0.00000000000000000E+000)
 0.00000000000000000E+000  0.15707963267948966E+001
( 0.16141709873293844E+000,-0.59820642507921156E-015)
 0.00000000000000000E+000  0.31415926535897931E+001
( 0.23525356850735069E+000, 0.97436824523339181E-015)
 0.15707963267948966E+001 -0.15707963267948966E+001
( 0.23764444721293909E+000,-0.10797549472612224E-015)
 0.15707963267948966E+001  0.00000000000000000E+000
( 0.16296475544213562E+000,-0.26511975961219647E-015)
 0.15707963267948966E+001  0.15707963267948966E+001
( 0.23593620296337070E+000,-0.11493218171896908E-015)
 0.15707963267948966E+001  0.31415926535897931E+001
( 0.32461933771691243E+000, 0.42390462714882161E-015)
 0.31415926535897931E+001 -0.15707963267948966E+001
( 0.32625857901639765E+000, 0.22226800450531472E-015)
 0.31415926535897931E+001  0.00000000000000000E+000
( 0.23770353407583511E+000, 0.97432872907445556E-015)
 0.31415926535897931E+001  0.15707963267948966E+001
( 0.32625857901639765E+000, 0.15027434598365461E-017)
 0.31415926535897931E+001  0.31415926535897931E+001
( 0.39392035284493176E+000,-0.25079557226352323E-017)
 0.10000000000000000E+001          1         16
( 0.99999999999999178E+000, 0.00000000000000000E+000)
-0.15707963267948966E+001 -0.15707963267948966E+001
( 0.23742878345067697E+000,-0.10726530000410158E-015)
-0.15707963267948966E+001  0.00000000000000000E+000
( 0.16184601379626740E+000, 0.13754218536877593E-014)
-0.15707963267948966E+001  0.15707963267948966E+001
( 0.23828343555228626E+000,-0.11410803366909744E-015)
-0.15707963267948966E+001  0.31415926535897931E+001
( 0.32463305380730034E+000, 0.20047449398992510E-015)
 0.00000000000000000E+000 -0.15707963267948966E+001
( 0.16033114507564653E+000, 0.70932268221959749E-015)
 0.00000000000000000E+000  0.00000000000000000E+000
( 0.15999836865697254E+002, 0.00000000000000000E+000)
 0.00000000000000000E+000  0.15707963267948966E+001
( 0.16033114507564653E+000,-0.70932268221959749E-015)
 0.00000000000000000E+000  0.31415926535897931E+001
( 0.23653524817882765E+000, 0.97455615458913235E-015)
 0.15707963267948966E+001 -0.15707963267948966E+001
( 0.23828343555228626E+000, 0.11410803366909744E-015)
 0.15707963267948966E+001  0.00000000000000000E+000
( 0.16184601379626740E+000,-0.13754218536877593E-014)
 0.15707963267948966E+001  0.15707963267948966E+001
( 0.23742878345067697E+000, 0.10726530000410158E-015)
 0.15707963267948966E+001  0.31415926535897931E+001
( 0.32463305380730034E+000, 0.20178903195887134E-015)
 0.31415926535897931E+001 -0.15707963267948966E+001
( 0.32634376541190868E+000,-0.33309954034517039E-015)
 0.31415926535897931E+001  0.00000000000000000E+000
( 0.23843344934508082E+000, 0.97448686797526814E-015)
 0.31415926535897931E+001  0.15707963267948966E+001
( 0.32634376541190868E+000, 0.55648668777386628E-015)
 0.31415926535897931E+001  0.31415926535897931E+001
( 0.39126282522605038E+000,-0.27223463878576285E-017)
 0.10000000000000000E+001          1         16
( 0.10000000000000022E+001, 0.00000000000000000E+000)
-0.15707963267948966E+001 -0.15707963267948966E+001
( 0.23757688100072227E+000,-0.77328681865527927E-015)
-0.15707963267948966E+001  0.00000000000000000E+000
( 0.16414515486598091E+000, 0.70917917750478382E-015)
-0.15707963267948966E+001  0.15707963267948966E+001
( 0.23837575147336987E+000,-0.33614550525199281E-015)
-0.15707963267948966E+001  0.31415926535897931E+001
( 0.32614696635240348E+000, 0.20059762208207868E-015)
 0.00000000000000000E+000 -0.15707963267948966E+001
( 0.16247742583264760E+000, 0.70923040455725006E-015)
 0.00000000000000000E+000  0.00000000000000000E+000
( 0.16000117219817703E+002, 0.00000000000000000E+000)
 0.00000000000000000E+000  0.15707963267948966E+001
( 0.16247742583264760E+000,-0.70923040455725006E-015)
 0.00000000000000000E+000  0.31415926535897931E+001
( 0.23753343839088092E+000, 0.97437159926443750E-015)
 0.15707963267948966E+001 -0.15707963267948966E+001
( 0.23837575147336987E+000, 0.33614550525199281E-015)
 0.15707963267948966E+001  0.00000000000000000E+000
( 0.16414515486598091E+000,-0.70917917750478382E-015)
 0.15707963267948966E+001  0.15707963267948966E+001
( 0.23757688100072227E+000, 0.77328681865527927E-015)
 0.15707963267948966E+001  0.31415926535897931E+001
( 0.32614696635240348E+000, 0.20187622943027852E-015)
 0.31415926535897931E+001 -0.15707963267948966E+001
( 0.32638832932196027E+000, 0.11120981218555491E-015)
 0.31415926535897931E+001  0.00000000000000000E+000
( 0.23919569394717888E+000, 0.97426914515950502E-015)
 0.31415926535897931E+001  0.15707963267948966E+001
( 0.32638832932196027E+000, 0.11241619417524556E-015)
 0.31415926535897931E+001  0.31415926535897931E+001
( 0.39387925167171955E+000,-0.24849893378903874E-017)
 0.10000000000000000E+001          1         16
( 0.10000000000000018E+001, 0.00000000000000000E+000)
-0.15707963267948966E+001 -0.15707963267948966E+001
( 0.23875742606058215E+000,-0.77342704284805999E-015)
-0.15707963267948966E+001  0.00000000000000000E+000
( 0.15977039392840542E+000, 0.26522192522940262E-015)
-0.15707963267948966E+001  0.15707963267948966E+001
( 0.23970602273394725E+000, 0.10796839386357447E-015)
-0.15707963267948966E+001  0.31415926535897931E+001
( 0.32918318035125527E+000, 0.20051504303840660E-015)
 0.00000000000000000E+000 -0.15707963267948966E+001
( 0.16584994856518068E+000, 0.59821911345458742E-015)
 0.00000000000000000E+000  0.00000000000000000E+000
( 0.16000124164675988E+002, 0.00000000000000000E+000)
 0.00000000000000000E+000  0.15707963267948966E+001
( 0.16584994856518068E+000,-0.59821911345458742E-015)
 0.00000000000000000E+000  0.31415926535897931E+001
( 0.24463119730439153E+000, 0.97439362198414352E-015)
 0.15707963267948966E+001 -0.15707963267948966E+001
( 0.23970602273394725E+000,-0.10796839386357447E-015)
 0.15707963267948966E+001  0.00000000000000000E+000
( 0.15977039392840542E+000,-0.26522192522940262E-015)
 0.15707963267948966E+001  0.15707963267948966E+001
( 0.23875742606058215E+000, 0.77342704284805999E-015)
 0.15707963267948966E+001  0.31415926535897931E+001
( 0.32918318035125527E+000,-0.20415623367651488E-016)
 0.31415926535897931E+001 -0.15707963267948966E+001
( 0.32363979435886481E+000, 0.66628889960787048E-015)
 0.31415926535897931E+001  0.00000000000000000E+000
( 0.23474928868692313E+000, 0.97453306030886776E-015)
 0.31415926535897931E+001  0.15707963267948966E+001
( 0.32363979435886481E+000,-0.44289396310162222E-015)
 0.31415926535897931E+001  0.31415926535897931E+001
( 0.39554316682002155E+000,-0.21541004346371121E-017)
 0.10000000000000000E+001          1         16
( 0.99999999999999212E+000, 0.00000000000000000E+000)
-0.15707963267948966E+001 -0.15707963267948966E+001
( 0.23805565115211302E+000,-0.66240242991379647E-015)
-0.15707963267948966E+001  0.00000000000000000E+000
( 0.16092850595177532E+000, 0.43135106330556297E-016)
-0.15707963267948966E+001  0.15707963267948966E+001
( 0.23703326108454648E+000,-0.44718623391481490E-015)
-0.15707963267948966E+001  0.31415926535897931E+001
( 0.32536199860693538E+000,-0.21573578844432044E-016)
 0.00000000000000000E+000 -0.15707963267948966E+001
( 0.16223232502428300E+000,-0.17888692042789452E-015)
 0.00000000000000000E+000  0.00000000000000000E+000
( 0.16000146547920700E+002, 0.00000000000000000E+000)
 0.00000000000000000E+000  0.15707963267948966E+001
( 0.16223232502428300E+000, 0.17888692042789452E-015)
 0.00000000000000000E+000  0.31415926535897931E+001
( 0.23900941349828209E+000, 0.97449378869439881E-015)
 0.15707963267948966E+001 -0.15707963267948966E+001
( 0.23703326108454648E+000, 0.44718623391481490E-015)
 0.15707963267948966E+001  0.00000000000000000E+000
( 0.16092850595177532E+000,-0.43135106330556297E-016)
 0.15707963267948966E+001  0.15707963267948966E+001
( 0.23805565115211302E+000, 0.66240242991379647E-015)
 0.15707963267948966E+001  0.31415926535897931E+001
( 0.32536199860693538E+000, 0.20176385039030500E-015)
 0.31415926535897931E+001 -0.15707963267948966E+001
( 0.32321648521703983E+000,-0.11100539307482124E-015)
 0.31415926535897931E+001  0.00000000000000000E+000
( 0.23566431646810604E+000, 0.97444863236123792E-015)
 0.31415926535897931E+001  0.15707963267948966E+001
( 0.32321648521703983E+000, 0.33431871959294305E-015)
 0.31415926535897931E+001  0.31415926535897931E+001
( 0.39060116047215310E+000,-0.25277271274072669E-017)
 0.10000000000000000E+001          1         16
( 0.99999999999999911E+000, 0.00000000000000000E+000)
-0.15707963267948966E+001 -0.15707963267948966E+001
( 0.23910333104904702E+000, 0.44794205840620057E-015)
-0.15707963267948966E+001  0.00000000000000000E+000
( 0.16400376154717944E+000,-0.40104798303445444E-015)
-0.15707963267948966E+001  0.15707963267948966E+001
( 0.23938355429183866E+000,-0.30969869273313968E-017)
-0.15707963267948966E+001  0.31415926535897931E+001
( 0.32749818764241412E+000,-0.21479625054642102E-016)
 0.00000000000000000E+000 -0.15707963267948966E+001
( 0.16352454672244746E+000, 0.70917462959427493E-015)
 0.00000000000000000E+000  0.00000000000000000E+000
( 0.15999948626916428E+002, 0.00000000000000000E+000)
 0.00000000000000000E+000  0.15707963267948966E+001
( 0.16352454672244746E+000,-0.70917462959427493E-015)
 0.00000000000000000E+000  0.31415926535897931E+001
( 0.23797452453123213E+000, 0.97426004933848725E-015)
 0.15707963267948966E+001 -0.15707963267948966E+001
( 0.23938355429183866E+000, 0.30969869273313968E-017)
 0.15707963267948966E+001  0.00000000000000000E+000
( 0.16400376154717944E+000, 0.40104798303445444E-015)
 0.15707963267948966E+001  0.15707963267948966E+001
( 0.23910333104904702E+000,-0.44794205840620057E-015)
 0.15707963267948966E+001  0.31415926535897931E+001
( 0.32749818764241412E+000,-0.20131855209676867E-016)
 0.31415926535897931E+001 -0.15707963267948966E+001
( 0.32730649579637439E+000, 0.11114577235061106E-015)
 0.31415926535897931E+001  0.00000000000000000E+000
( 0.23894641100522507E+000, 0.97426087333134168E-015)
 0.31415926535897931E+001  0.15707963267948966E+001
( 0.32730649579637439E+000, 0.11241055583203330E-015)
 0.31415926535897931E+001  0.31415926535897931E+001
( 0.39501109882245000E+000,-0.26125533263875026E-017)
 0.10000000000000000E+001          1         16
( 0.99999999999999467E+000, 0.00000000000000000E+000)
-0.15707963267948966E+001 -0.15707963267948966E+001
( 0.23857971994039306E+000,-0.21816284110657230E-015)
-0.15707963267948966E+001  0.00000000000000000E+000
( 0.16248547333962771E+000, 0.42962365152380199E-016)
-0.15707963267948966E+001  0.15707963267948966E+001
( 0.23809987573178326E+000,-0.22515964805743309E-015)
-0.15707963267948966E+001  0.31415926535897931E+001
( 0.32781798884271396E+000,-0.46552608565161746E-015)
 0.00000000000000000E+000 -0.15707963267948966E+001
( 0.16437206753358438E+000, 0.48710034138787692E-015)
 0.00000000000000000E+000  0.00000000000000000E+000
( 0.15999849890153580E+002, 0.00000000000000000E+000)
 0.00000000000000000E+000  0.15707963267948966E+001
( 0.16437206753358438E+000,-0.48710034138787692E-015)
 0.00000000000000000E+000  0.31415926535897931E+001
( 0.23879877337077815E+000, 0.97420068277575383E-015)
 0.15707963267948966E+001 -0.15707963267948966E+001
( 0.23809987573178326E+000, 0.22515964805743309E-015)
 0.15707963267948966E+001  0.00000000000000000E+000
( 0.16248547333962771E+000,-0.42962365152380199E-016)
 0.15707963267948966E+001  0.15707963267948966E+001
( 0.23857971994039306E+000, 0.21816284110657230E-015)
 0.15707963267948966E+001  0.31415926535897931E+001
( 0.32781798884271396E+000, 0.64605315324711236E-015)
 0.31415926535897931E+001 -0.15707963267948966E+001
( 0.32482902717963824E+000,-0.11091495475905223E-015)
 0.31415926535897931E+001  0.00000000000000000E+000
( 0.23343275395703267E+000, 0.97410315000488563E-015)
 0.31415926535897931E+001  0.15707963267948966E+001
( 0.32482902717963824E+000, 0.33449300105619797E-015)
 0.31415926535897931E+001  0.31415926535897931E+001
( 0.39468854439870360E+000,-0.26749602387605823E-017)
 0.10000000000000000E+001          1         16
( 0.10000000000000049E+001, 0.00000000000000000E+000)
-0.15707963267948966E+001 -0.15707963267948966E+001
( 0.23876178843605944E+000,-0.44017454409295721E-015)
-0.15707963267948966E+001  0.00000000000000000E+000
( 0.16409333349298461E+000,-0.40096558344741661E-015)
-0.15707963267948966E+001  0.15707963267948966E+001
( 0.23779698818281803E+000,-0.22505362672066066E-015)
-0.15707963267948966E+001  0.31415926535897931E+001
( 0.32519314245566422E+000,-0.68751990915336962E-015)
 0.00000000000000000E+000 -0.15707963267948966E+001
( 0.16262233429846942E+000, 0.10422534684133245E-014)
 0.00000000000000000E+000  0.00000000000000000E+000
( 0.16000238730093912E+002, 0.00000000000000000E+000)
 0.00000000000000000E+000  0.15707963267948966E+001
( 0.16262233429846942E+000,-0.10422534684133245E-014)
 0.00000000000000000E+000  0.31415926535897931E+001
( 0.23626970663318403E+000, 0.97428391220149248E-015)
 0.15707963267948966E+001 -0.15707963267948966E+001
( 0.23779698818281803E+000, 0.22505362672066066E-015)
 0.15707963267948966E+001  0.00000000000000000E+000
( 0.16409333349298461E+000, 0.40096558344741661E-015)
 0.15707963267948966E+001  0.15707963267948966E+001
( 0.23876178843605944E+000, 0.44017454409295721E-015)
 0.15707963267948966E+001  0.31415926535897931E+001
( 0.32519314245566422E+000, 0.86790073795261252E-015)
 0.31415926535897931E+001 -0.15707963267948966E+001
( 0.32872673062405000E+000,-0.44379318920124607E-015)
 0.31415926535897931E+001  0.00000000000000000E+000
( 0.24152682647639012E+000, 0.97442567250541743E-015)
 0.31415926535897931E+001  0.15707963267948966E+001
( 0.32872673062405000E+000, 0.66764908204922957E-015)
 0.31415926535897931E+001  0.31415926535897931E+001
( 0.39601482630304785E+000,-0.23276592560819872E-017)
 0.10000000000000000E+001          1         16
( 0.10000000000000042E+001, 0.00000000000000000E+000)
-0.15707963267948966E+001 -0.15707963267948966E+001
( 0.23816424648284928E+000, 0.11501069021170965E-015)
-0.15707963267948966E+001  0.00000000000000000E+000
( 0.16226578902976629E+000, 0.11533370811996271E-014)
-0.15707963267948966E+001  0.15707963267948966E+001
( 0.23857458846915414E+000,-0.11416560436554717E-015)
-0.15707963267948966E+001  0.31415926535897931E+001
( 0.32978204968197011E+000,-0.24368968968993613E-015)
 0.00000000000000000E+000 -0.15707963267948966E+001
( 0.16481138094429018E+000, 0.12642045295882508E-014)
 0.00000000000000000E+000  0.00000000000000000E+000
( 0.16000059888760823E+002, 0.00000000000000000E+000)
 0.00000000000000000E+000  0.15707963267948966E+001
( 0.16481138094429018E+000,-0.12642045295882508E-014)
 0.00000000000000000E+000  0.31415926535897931E+001
( 0.23777127051199276E+000, 0.97409682470128241E-015)
 0.15707963267948966E+001 -0.15707963267948966E+001
( 0.23857458846915414E+000, 0.11416560436554717E-015)
 0.15707963267948966E+001  0.00000000000000000E+000
( 0.16226578902976629E+000,-0.11533370811996271E-014)
 0.15707963267948966E+001  0.15707963267948966E+001
( 0.23816424648284928E+000,-0.11501069021170965E-015)
 0.15707963267948966E+001  0.31415926535897931E+001
( 0.32978204968197011E+000, 0.64653112761319175E-015)
 0.31415926535897931E+001 -0.15707963267948966E+001
( 0.32572875323538963E+000,-0.22197354353001604E-015)
 0.31415926535897931E+001  0.00000000000000000E+000
( 0.23773800457404204E+000, 0.97440653284906644E-015)
 0.31415926535897931E+001  0.15707963267948966E+001
( 0.32572875323538963E+000, 0.44570832014737214E-015)
 0.31415926535897931E+001  0.31415926535897931E+001
( 0.38843794474291871E+000,-0.35904465052967312E-017)
 0.10000000000000000E+001          1         16
( 0.99999999999998956E+000, 0.00000000000000000E+000)
-0.15707963267948966E+001 -0.15707963267948966E+001
( 0.23787693129801613E+000,-0.32928364736538003E-015)
-0.15707963267948966E+001  0.00000000000000000E+000
( 0.15982708868726969E+000, 0.48729654443111343E-015)
-0.15707963267948966E+001  0.15707963267948966E+001
( 0.23699950628552913E+000,-0.33607564789887167E-015)
-0.15707963267948966E+001  0.31415926535897931E+001
( 0.32425851003382467E+000,-0.21469239988071359E-016)
 0.00000000000000000E+000 -0.15707963267948966E+001
( 0.16334805774490327E+000, 0.15407739975397243E-015)
 0.00000000000000000E+000  0.00000000000000000E+000
( 0.15999860519604702E+002, 0.00000000000000000E+000)
 0.00000000000000000E+000  0.15707963267948966E+001
( 0.16334805774490327E+000,-0.15407739975397243E-015)
 0.00000000000000000E+000  0.31415926535897931E+001
( 0.23817615483445209E+000, 0.97428861428303879E-015)
 0.15707963267948966E+001 -0.15707963267948966E+001
( 0.23699950628552913E+000, 0.33607564789887167E-015)
 0.15707963267948966E+001  0.00000000000000000E+000
( 0.15982708868726969E+000,-0.48729654443111343E-015)
 0.15707963267948966E+001  0.15707963267948966E+001
( 0.23787693129801613E+000, 0.32928364736538003E-015)
 0.15707963267948966E+001  0.31415926535897931E+001
( 0.32425851003382467E+000, 0.20158669474882816E-015)
 0.31415926535897931E+001 -0.15707963267948966E+001
( 0.32417724335392617E+000, 0.22225507579418787E-015)
 0.31415926535897931E+001  0.00000000000000000E+000
( 0.23610666394886781E+000, 0.97459308886222706E-015)
 0.31415926535897931E+001  0.15707963267948966E+001
( 0.32417724335392617E+000, 0.13385681525279664E-017)
 0.31415926535897931E+001  0.31415926535897931E+001
( 0.39382459601055575E+000,-0.21394270952395872E-017)
 0.10000000000000000E+001          1         16
( 0.10000000000000038E+001, 0.00000000000000000E+000)
-0.15707963267948966E+001 -0.15707963267948966E+001
( 0.24013812934288525E+000, 0.39328748410522405E-017)
-0.15707963267948966E+001  0.00000000000000000E+000
( 0.16553870045179986E+000,-0.84515946258304330E-015)
-0.15707963267948966E+001  0.15707963267948966E+001
( 0.23929599828385895E+000, 0.66303718655654852E-015)
-0.15707963267948966E+001  0.31415926535897931E+001
( 0.32786133230755787E+000, 0.42263257191151874E-015)
 0.00000000000000000E+000 -0.15707963267948966E+001
( 0.16507516216826115E+000, 0.70907831456628949E-015)
 0.00000000000000000E+000  0.00000000000000000E+000
( 0.16000076684742332E+002, 0.00000000000000000E+000)
 0.00000000000000000E+000  0.15707963267948966E+001
( 0.16507516216826115E+000,-0.70907831456628949E-015)
 0.00000000000000000E+000  0.31415926535897931E+001
( 0.23780181004627643E+000, 0.97406741928251635E-015)
 0.15707963267948966E+001 -0.15707963267948966E+001
( 0.23929599828385895E+000,-0.66303718655654852E-015)
 0.15707963267948966E+001  0.00000000000000000E+000
( 0.16553870045179986E+000, 0.84515946258304330E-015)
 0.15707963267948966E+001  0.15707963267948966E+001
( 0.24013812934288525E+000,-0.39328748410522405E-017)
 0.15707963267948966E+001  0.31415926535897931E+001
( 0.32786133230755787E+000,-0.19995507173518476E-016)
 0.31415926535897931E+001 -0.15707963267948966E+001
( 0.32801590920894408E+000,-0.11082324546824957E-015)
 0.31415926535897931E+001  0.00000000000000000E+000
( 0.24116084743465027E+000, 0.97421633393428930E-015)
 0.31415926535897931E+001  0.15707963267948966E+001
( 0.32801590920894408E+000, 0.33454034363829448E-015)
 0.31415926535897931E+001  0.31415926535897931E+001
( 0.39405877831889291E+000,-0.27355100215067552E-017)
 0.10000000000000000E+001          1         16
( 0.99999999999999767E+000, 0.00000000000000000E+000)
-0.15707963267948966E+001 -0.15707963267948966E+001
( 0.23675237475676481E+000, 0.22575246384137230E-015)
-0.15707963267948966E+001  0.00000000000000000E+000
( 0.16150216606660894E+000, 0.43187892268867356E-016)
-0.15707963267948966E+001  0.15707963267948966E+001
( 0.23635329790557047E+000,-0.30572023031435626E-017)
-0.15707963267948966E+001  0.31415926535897931E+001
( 0.32161476504395914E+000,-0.21546721259525593E-016)
 0.00000000000000000E+000 -0.15707963267948966E+001
( 0.15909700953518727E+000, 0.59828259201322900E-015)
 0.00000000000000000E+000  0.00000000000000000E+000
( 0.16000038523763095E+002, 0.00000000000000000E+000)
 0.00000000000000000E+000  0.15707963267948966E+001
( 0.15909700953518727E+000,-0.59828259201322900E-015)
 0.00000000000000000E+000  0.31415926535897931E+001
( 0.23328432722723491E+000, 0.97452057910142669E-015)
 0.15707963267948966E+001 -0.15707963267948966E+001
( 0.23635329790557047E+000, 0.30572023031435626E-017)
 0.15707963267948966E+001  0.00000000000000000E+000
( 0.16150216606660894E+000,-0.43187892268867356E-016)
 0.15707963267948966E+001  0.15707963267948966E+001
( 0.23675237475676481E+000,-0.22575246384137230E-015)
 0.15707963267948966E+001  0.31415926535897931E+001
( 0.32161476504395914E+000, 0.42365490231729947E-015)
 0.31415926535897931E+001 -0.15707963267948966E+001
( 0.32463469201401496E+000, 0.44416282833560130E-015)
 0.31415926535897931E+001  0.00000000000000000E+000
( 0.23864378044145762E+000, 0.97455420423785985E-015)
 0.31415926535897931E+001  0.15707963267948966E+001
( 0.32463469201401496E+000,-0.22081691018417513E-015)
 0.31415926535897931E+001  0.31415926535897931E+001
( 0.39177810802914292E+000,-0.22664899820800151E-017)
