          51           4   10.000000000000000                1
     0.0000000        0.42759742        0.03820182
     0.1000000        0.22523456        0.01896253
     0.2000000        0.10411975        0.01655598
     0.3000000        0.06227774        0.00965861
     0.4000000        0.04610943        0.00998087
     0.5000000        0.04946972        0.02095921
     0.6000000        0.03171461        0.01329574
     0.7000000        0.01816034        0.00767343
     0.8000000        0.01765361        0.00610761
     0.9000000        0.01573687        0.00773303
     1.0000000        0.00641747        0.00589175
     1.1000000        0.01400337        0.02155580
     1.2000000        0.00633287        0.01944260
     1.3000000        0.00101572        0.00498836
     1.4000000        0.00597294        0.01529308
     1.5000000       -0.00146251        0.00984410
     1.6000000        0.00067858        0.00278516
     1.7000000       -0.00607064        0.01141849
     1.8000000       -0.00013862        0.00634881
     1.9000000        0.00586824        0.01322998
     2.0000000        0.00618612        0.01084545
     2.1000000        0.00378788        0.00498262
     2.2000000        0.01285212        0.01095131
     2.3000000        0.00882338        0.00633135
     2.4000000        0.00887142        0.00428993
     2.5000000        0.00724239        0.01156853
     2.6000000       -0.00435985        0.00391963
     2.7000000       -0.00703459        0.01221970
     2.8000000       -0.00293084        0.00120394
     2.9000000       -0.00467748        0.01182409
     3.0000000        0.00253078        0.00840596
     3.1000000       -0.00277638        0.01404546
     3.2000000        0.00939960        0.00813397
     3.3000000        0.00198176        0.01170677
     3.4000000       -0.00283587        0.00793879
     3.5000000        0.00537177        0.01067946
     3.6000000        0.00723095        0.01599610
     3.7000000        0.00946346        0.00396601
     3.8000000        0.01472201        0.01085944
     3.9000000        0.00220712        0.00289985
     4.0000000        0.00166363        0.00590931
     4.1000000        0.00559300        0.01061821
     4.2000000       -0.00827529        0.01563281
     4.3000000       -0.00244566        0.00924401
     4.4000000        0.00863171        0.00445968
     4.5000000        0.01182144        0.00638303
     4.6000000       -0.01743497        0.02093870
     4.7000000       -0.01459992        0.02104784
     4.8000000       -0.00278874        0.00794775
     4.9000000       -0.00720326        0.00540577
     5.0000000        0.01406714        0.01160468
