         2 ( 0.58749187229015128E+002, 0.00000000000000000E+000)  0.10000000000000000E+001
         2 ( 0.58621747001821362E+002, 0.00000000000000000E+000)  0.10000000000000000E+001
         2 ( 0.58654005928579714E+002, 0.00000000000000000E+000)  0.10000000000000000E+001
         2 ( 0.58666792628159250E+002, 0.00000000000000000E+000)  0.10000000000000000E+001
         2 ( 0.58645396331771664E+002, 0.00000000000000000E+000)  0.10000000000000000E+001
         2 ( 0.58675521131381672E+002, 0.00000000000000000E+000)  0.10000000000000000E+001
         2 ( 0.58602779941650276E+002, 0.00000000000000000E+000)  0.10000000000000000E+001
         2 ( 0.58680191741052624E+002, 0.00000000000000000E+000)  0.10000000000000000E+001
         2 ( 0.58671623148201917E+002, 0.00000000000000000E+000)  0.10000000000000000E+001
         2 ( 0.58666249400459719E+002, 0.00000000000000000E+000)  0.10000000000000000E+001
