 0.10000000000000000E+001          1         64
( 0.00000000000000000E+000, 0.00000000000000000E+000)
-0.23561944901923448E+001 -0.23561944901923448E+001
( 0.37874122310334823E+000,-0.17482760031328759E-017)
-0.23561944901923448E+001 -0.15707963267948966E+001
( 0.31729023265908829E+000,-0.21925747398697232E-016)
-0.23561944901923448E+001 -0.78539816339744828E+000
( 0.26124222234810041E+000,-0.20491421059976034E-016)
-0.23561944901923448E+001  0.00000000000000000E+000
( 0.24481550201992994E+000, 0.24195507941219599E-017)
-0.23561944901923448E+001  0.78539816339744828E+000
( 0.26251538968176025E+000, 0.52990381180229029E-017)
-0.23561944901923448E+001  0.15707963267948966E+001
( 0.31220267640944199E+000, 0.21546053523011125E-016)
-0.23561944901923448E+001  0.23561944901923448E+001
( 0.37581716414489402E+000, 0.14162390878091902E-016)
-0.23561944901923448E+001  0.31415926535897931E+001
( 0.40005939228323839E+000,-0.84182195217057244E-017)
-0.15707963267948966E+001 -0.23561944901923448E+001
( 0.31263057257561844E+000,-0.25993747085339969E-016)
-0.15707963267948966E+001 -0.15707963267948966E+001
( 0.25283777413055081E+000,-0.15605754991395345E-016)
-0.15707963267948966E+001 -0.78539816339744828E+000
( 0.19506943322803130E+000,-0.99204498782423656E-017)
-0.15707963267948966E+001  0.00000000000000000E+000
( 0.17140002013248445E+000,-0.76303559200425229E-017)
-0.15707963267948966E+001  0.78539816339744828E+000
( 0.19574400050575477E+000, 0.12603850255143989E-016)
-0.15707963267948966E+001  0.15707963267948966E+001
( 0.25586401194393976E+000, 0.64082553050207677E-017)
-0.15707963267948966E+001  0.23561944901923448E+001
( 0.31677472572527926E+000, 0.24530074152484538E-016)
-0.15707963267948966E+001  0.31415926535897931E+001
( 0.34256839995155608E+000, 0.98782436245669254E-017)
-0.78539816339744828E+000 -0.23561944901923448E+001
( 0.26261696930612483E+000,-0.32580275283189408E-016)
-0.78539816339744828E+000 -0.15707963267948966E+001
( 0.19473627117228148E+000,-0.21781112737260434E-016)
-0.78539816339744828E+000 -0.78539816339744828E+000
( 0.11014472411788626E+000,-0.38882200410761403E-016)
-0.78539816339744828E+000  0.00000000000000000E+000
( 0.68286932324384042E-001,-0.18139916032810203E-016)
-0.78539816339744828E+000  0.78539816339744828E+000
( 0.11136713394488448E+000, 0.16059744679941534E-016)
-0.78539816339744828E+000  0.15707963267948966E+001
( 0.19873977161801359E+000, 0.54108333141764500E-016)
-0.78539816339744828E+000  0.23561944901923448E+001
( 0.26006007488107635E+000, 0.38977068100853884E-016)
-0.78539816339744828E+000  0.31415926535897931E+001
( 0.29301737242625003E+000, 0.11321557677518918E-016)
 0.00000000000000000E+000 -0.23561944901923448E+001
( 0.24615355907251890E+000,-0.42866643394645632E-016)
 0.00000000000000000E+000 -0.15707963267948966E+001
( 0.17328721956216039E+000,-0.35894804238731736E-016)
 0.00000000000000000E+000 -0.78539816339744828E+000
( 0.69873461637867798E-001,-0.24326786245143506E-016)
 0.00000000000000000E+000  0.00000000000000000E+000
(-0.63853557188486842E-003, 0.00000000000000000E+000)
 0.00000000000000000E+000  0.78539816339744828E+000
( 0.69873461637867798E-001, 0.24326786245143506E-016)
 0.00000000000000000E+000  0.15707963267948966E+001
( 0.17328721956216039E+000, 0.35894804238731736E-016)
 0.00000000000000000E+000  0.23561944901923448E+001
( 0.24615355907251890E+000, 0.42866643394645632E-016)
 0.00000000000000000E+000  0.31415926535897931E+001
( 0.26689303996042513E+000,-0.11771977308109621E-017)
 0.78539816339744828E+000 -0.23561944901923448E+001
( 0.26006007488107635E+000,-0.38977068100853884E-016)
 0.78539816339744828E+000 -0.15707963267948966E+001
( 0.19873977161801359E+000,-0.54108333141764500E-016)
 0.78539816339744828E+000 -0.78539816339744828E+000
( 0.11136713394488448E+000,-0.16059744679941534E-016)
 0.78539816339744828E+000  0.00000000000000000E+000
( 0.68286932324384042E-001, 0.18139916032810203E-016)
 0.78539816339744828E+000  0.78539816339744828E+000
( 0.11014472411788626E+000, 0.38882200410761403E-016)
 0.78539816339744828E+000  0.15707963267948966E+001
( 0.19473627117228148E+000, 0.21781112737260434E-016)
 0.78539816339744828E+000  0.23561944901923448E+001
( 0.26261696930612483E+000, 0.32580275283189408E-016)
 0.78539816339744828E+000  0.31415926535897931E+001
( 0.29301737242625003E+000,-0.41752357290353356E-017)
 0.15707963267948966E+001 -0.23561944901923448E+001
( 0.31677472572527926E+000,-0.24530074152484538E-016)
 0.15707963267948966E+001 -0.15707963267948966E+001
( 0.25586401194393976E+000,-0.64082553050207677E-017)
 0.15707963267948966E+001 -0.78539816339744828E+000
( 0.19574400050575477E+000,-0.12603850255143989E-016)
 0.15707963267948966E+001  0.00000000000000000E+000
( 0.17140002013248445E+000, 0.76303559200425229E-017)
 0.15707963267948966E+001  0.78539816339744828E+000
( 0.19506943322803130E+000, 0.99204498782423656E-017)
 0.15707963267948966E+001  0.15707963267948966E+001
( 0.25283777413055081E+000, 0.15605754991395345E-016)
 0.15707963267948966E+001  0.23561944901923448E+001
( 0.31263057257561844E+000, 0.25993747085339969E-016)
 0.15707963267948966E+001  0.31415926535897931E+001
( 0.34256839995155608E+000,-0.10519352538137479E-016)
 0.23561944901923448E+001 -0.23561944901923448E+001
( 0.37581716414489402E+000,-0.14162390878091902E-016)
 0.23561944901923448E+001 -0.15707963267948966E+001
( 0.31220267640944199E+000,-0.21546053523011125E-016)
 0.23561944901923448E+001 -0.78539816339744828E+000
( 0.26251538968176025E+000,-0.52990381180229029E-017)
 0.23561944901923448E+001  0.00000000000000000E+000
( 0.24481550201992994E+000,-0.24195507941219599E-017)
 0.23561944901923448E+001  0.78539816339744828E+000
( 0.26124222234810041E+000, 0.20491421059976034E-016)
 0.23561944901923448E+001  0.15707963267948966E+001
( 0.31729023265908829E+000, 0.21925747398697232E-016)
 0.23561944901923448E+001  0.23561944901923448E+001
( 0.37874122310334823E+000, 0.17482760031328759E-017)
 0.23561944901923448E+001  0.31415926535897931E+001
( 0.40005939228323839E+000, 0.12122199572547828E-016)
 0.31415926535897931E+001 -0.23561944901923448E+001
( 0.40091187600980005E+000,-0.26332560264241689E-016)
 0.31415926535897931E+001 -0.15707963267948966E+001
( 0.33979709271001202E+000,-0.39534122081895803E-016)
 0.31415926535897931E+001 -0.78539816339744828E+000
( 0.28971832957700394E+000,-0.25058622711571221E-016)
 0.31415926535897931E+001  0.00000000000000000E+000
( 0.26767422396438756E+000,-0.10023207471975230E-017)
 0.31415926535897931E+001  0.78539816339744828E+000
( 0.28971832957700394E+000, 0.20464316005663896E-016)
 0.31415926535897931E+001  0.15707963267948966E+001
( 0.33979709271001202E+000, 0.37329280177420372E-016)
 0.31415926535897931E+001  0.23561944901923448E+001
( 0.40091187600980005E+000, 0.27633602871224294E-016)
 0.31415926535897931E+001  0.31415926535897931E+001
( 0.41263769166812181E+000,-0.26232123038482165E-017)
 0.10000000000000000E+001          1         64
( 0.00000000000000000E+000, 0.00000000000000000E+000)
-0.23561944901923448E+001 -0.23561944901923448E+001
( 0.38353058349078101E+000,-0.25966642031027831E-016)
-0.23561944901923448E+001 -0.15707963267948966E+001
( 0.32213483633583195E+000,-0.84134630662026927E-018)
-0.23561944901923448E+001 -0.78539816339744828E+000
( 0.26437041545563061E+000, 0.24448758989548125E-016)
-0.23561944901923448E+001  0.00000000000000000E+000
( 0.24612235920532724E+000,-0.16984849302964214E-016)
-0.23561944901923448E+001  0.78539816339744828E+000
( 0.25963920817703479E+000,-0.33664477455674913E-016)
-0.23561944901923448E+001  0.15707963267948966E+001
( 0.32265908341420224E+000,-0.10750382898234668E-016)
-0.23561944901923448E+001  0.23561944901923448E+001
( 0.37372910942155663E+000, 0.12739375526704677E-016)
-0.23561944901923448E+001  0.31415926535897931E+001
( 0.39940086332451896E+000,-0.38821000491586673E-016)
-0.15707963267948966E+001 -0.23561944901923448E+001
( 0.32352082190662340E+000,-0.22063514210080015E-016)
-0.15707963267948966E+001 -0.15707963267948966E+001
( 0.25564881167382769E+000, 0.41316319032829592E-017)
-0.15707963267948966E+001 -0.78539816339744828E+000
( 0.19448527416926958E+000,-0.73725747729014302E-017)
-0.15707963267948966E+001  0.00000000000000000E+000
( 0.16998508477464996E+000,-0.13270086410570051E-016)
-0.15707963267948966E+001  0.78539816339744828E+000
( 0.19535134573913893E+000,-0.11384122811097797E-017)
-0.15707963267948966E+001  0.15707963267948966E+001
( 0.25907599018346639E+000, 0.80233464376028087E-017)
-0.15707963267948966E+001  0.23561944901923448E+001
( 0.31296045885647589E+000,-0.13281476612947429E-016)
-0.15707963267948966E+001  0.31415926535897931E+001
( 0.34726290338130933E+000,-0.18476041307246053E-016)
-0.78539816339744828E+000 -0.23561944901923448E+001
( 0.26417247710208669E+000, 0.12739375526704677E-016)
-0.78539816339744828E+000 -0.15707963267948966E+001
( 0.19554702790888034E+000, 0.15156592742064979E-016)
-0.78539816339744828E+000 -0.78539816339744828E+000
( 0.10984985049023087E+000, 0.11600963245594897E-016)
-0.78539816339744828E+000  0.00000000000000000E+000
( 0.70255103431926660E-001,-0.29872510755238255E-017)
-0.78539816339744828E+000  0.78539816339744828E+000
( 0.11012317973696978E+000, 0.51499603193061461E-017)
-0.78539816339744828E+000  0.15707963267948966E+001
( 0.19763337865898165E+000,-0.64076172037685911E-017)
-0.78539816339744828E+000  0.23561944901923448E+001
( 0.26791863394922727E+000,-0.21521413123837263E-016)
-0.78539816339744828E+000  0.31415926535897931E+001
( 0.29432418251016013E+000,-0.44578776578485521E-017)
 0.00000000000000000E+000 -0.23561944901923448E+001
( 0.24427367987950588E+000, 0.14311468676808659E-016)
 0.00000000000000000E+000 -0.15707963267948966E+001
( 0.17135657884793784E+000,-0.26133311916823821E-017)
 0.00000000000000000E+000 -0.78539816339744828E+000
( 0.69052592761677536E-001, 0.70473141211557788E-018)
 0.00000000000000000E+000  0.00000000000000000E+000
( 0.73609174247005194E-003, 0.00000000000000000E+000)
 0.00000000000000000E+000  0.78539816339744828E+000
( 0.69052592761677536E-001,-0.70473141211557788E-018)
 0.00000000000000000E+000  0.15707963267948966E+001
( 0.17135657884793784E+000, 0.26133311916823821E-017)
 0.00000000000000000E+000  0.23561944901923448E+001
( 0.24427367987950588E+000,-0.14311468676808659E-016)
 0.00000000000000000E+000  0.31415926535897931E+001
( 0.27206147998076591E+000,-0.68223945668124326E-018)
 0.78539816339744828E+000 -0.23561944901923448E+001
( 0.26791863394922727E+000, 0.21521413123837263E-016)
 0.78539816339744828E+000 -0.15707963267948966E+001
( 0.19763337865898165E+000, 0.64076172037685911E-017)
 0.78539816339744828E+000 -0.78539816339744828E+000
( 0.11012317973696978E+000,-0.51499603193061461E-017)
 0.78539816339744828E+000  0.00000000000000000E+000
( 0.70255103431926660E-001, 0.29872510755238255E-017)
 0.78539816339744828E+000  0.78539816339744828E+000
( 0.10984985049023087E+000,-0.11600963245594897E-016)
 0.78539816339744828E+000  0.15707963267948966E+001
( 0.19554702790888034E+000,-0.15156592742064979E-016)
 0.78539816339744828E+000  0.23561944901923448E+001
( 0.26417247710208669E+000,-0.12739375526704677E-016)
 0.78539816339744828E+000  0.31415926535897931E+001
( 0.29432418251016013E+000, 0.16075684740178998E-017)
 0.15707963267948966E+001 -0.23561944901923448E+001
( 0.31296045885647583E+000, 0.13281476612947429E-016)
 0.15707963267948966E+001 -0.15707963267948966E+001
( 0.25907599018346639E+000,-0.80233464376028087E-017)
 0.15707963267948966E+001 -0.78539816339744828E+000
( 0.19535134573913893E+000, 0.11384122811097797E-017)
 0.15707963267948966E+001  0.00000000000000000E+000
( 0.16998508477464996E+000, 0.13270086410570051E-016)
 0.15707963267948966E+001  0.78539816339744828E+000
( 0.19448527416926958E+000, 0.73725747729014302E-017)
 0.15707963267948966E+001  0.15707963267948966E+001
( 0.25564881167382769E+000,-0.41316319032829592E-017)
 0.15707963267948966E+001  0.23561944901923448E+001
( 0.32352082190662340E+000, 0.22063514210080015E-016)
 0.15707963267948966E+001  0.31415926535897931E+001
( 0.34726290338130933E+000, 0.17829798484810954E-016)
 0.23561944901923448E+001 -0.23561944901923448E+001
( 0.37372910942155663E+000,-0.12739375526704677E-016)
 0.23561944901923448E+001 -0.15707963267948966E+001
( 0.32265908341420224E+000, 0.10750382898234668E-016)
 0.23561944901923448E+001 -0.78539816339744828E+000
( 0.25963920817703479E+000, 0.33664477455674913E-016)
 0.23561944901923448E+001  0.00000000000000000E+000
( 0.24612235920532724E+000, 0.16984849302964214E-016)
 0.23561944901923448E+001  0.78539816339744828E+000
( 0.26437041545563061E+000,-0.24448758989548125E-016)
 0.23561944901923448E+001  0.15707963267948966E+001
( 0.32213483633583195E+000, 0.84134630662026927E-018)
 0.23561944901923448E+001  0.23561944901923448E+001
( 0.38353058349078101E+000, 0.25966642031027831E-016)
 0.23561944901923448E+001  0.31415926535897931E+001
( 0.39940086332451896E+000, 0.34507018374900583E-016)
 0.31415926535897931E+001 -0.23561944901923448E+001
( 0.41032984192866406E+000,-0.99204498782423656E-017)
 0.31415926535897931E+001 -0.15707963267948966E+001
( 0.34195987422688007E+000, 0.16673080185150426E-016)
 0.31415926535897931E+001 -0.78539816339744828E+000
( 0.29179168520292015E+000, 0.15829351718288365E-016)
 0.31415926535897931E+001  0.00000000000000000E+000
( 0.27574090307262200E+000,-0.99856235999170201E-018)
 0.31415926535897931E+001  0.78539816339744828E+000
( 0.29179168520292015E+000,-0.13606737264693081E-016)
 0.31415926535897931E+001  0.15707963267948966E+001
( 0.34195987422688007E+000,-0.19813989449142483E-016)
 0.31415926535897931E+001  0.23561944901923448E+001
( 0.41032984192866406E+000, 0.13715157481941631E-016)
 0.31415926535897931E+001  0.31415926535897931E+001
( 0.43699731855111934E+000, 0.52350156987968616E-018)
 0.10000000000000000E+001          1         64
( 0.00000000000000000E+000, 0.00000000000000000E+000)
-0.23561944901923448E+001 -0.23561944901923448E+001
( 0.36022576354251790E+000, 0.30899761915836876E-017)
-0.23561944901923448E+001 -0.15707963267948966E+001
( 0.31290614145076634E+000,-0.65952768619494652E-017)
-0.23561944901923448E+001 -0.78539816339744828E+000
( 0.26486789765414626E+000,-0.70473141211557788E-018)
-0.23561944901923448E+001  0.00000000000000000E+000
( 0.24577211173599220E+000,-0.13293422126389991E-017)
-0.23561944901923448E+001  0.78539816339744828E+000
( 0.26507741089262415E+000,-0.66678433607858523E-017)
-0.23561944901923448E+001  0.15707963267948966E+001
( 0.31440789845076778E+000, 0.95909048911074551E-017)
-0.23561944901923448E+001  0.23561944901923448E+001
( 0.36704320491697623E+000, 0.56378512969246231E-017)
-0.23561944901923448E+001  0.31415926535897931E+001
( 0.38454783959033667E+000,-0.10009298775538375E-016)
-0.15707963267948966E+001 -0.23561944901923448E+001
( 0.31210064643189345E+000,-0.29815559743351372E-017)
-0.15707963267948966E+001 -0.15707963267948966E+001
( 0.25297259953671769E+000,-0.16233868544503972E-016)
-0.15707963267948966E+001 -0.78539816339744828E+000
( 0.19702322109932424E+000,-0.19353008778866254E-016)
-0.15707963267948966E+001  0.00000000000000000E+000
( 0.16907271541866792E+000,-0.54382845310727754E-017)
-0.15707963267948966E+001  0.78539816339744828E+000
( 0.19531412834138778E+000,-0.13877787807814457E-016)
-0.15707963267948966E+001  0.15707963267948966E+001
( 0.25440907162820336E+000,-0.45560544646834305E-017)
-0.15707963267948966E+001  0.23561944901923448E+001
( 0.31286606485250634E+000,-0.23472977034311171E-016)
-0.15707963267948966E+001  0.31415926535897931E+001
( 0.34308791082056050E+000,-0.19575349851464592E-016)
-0.78539816339744828E+000 -0.23561944901923448E+001
( 0.26083860315126861E+000,-0.17021974108022420E-016)
-0.78539816339744828E+000 -0.15707963267948966E+001
( 0.19440503074319207E+000,-0.14442363261202234E-016)
-0.78539816339744828E+000 -0.78539816339744828E+000
( 0.10743887023433334E+000, 0.33068166260807885E-017)
-0.78539816339744828E+000  0.00000000000000000E+000
( 0.67695222172747205E-001,-0.12297057823387851E-016)
-0.78539816339744828E+000  0.78539816339744828E+000
( 0.10837354463162117E+000,-0.25478751053409354E-016)
-0.78539816339744828E+000  0.15707963267948966E+001
( 0.18958052770029557E+000,-0.10561876165855787E-016)
-0.78539816339744828E+000  0.23561944901923448E+001
( 0.25932706243097708E+000,-0.75894152073985310E-017)
-0.78539816339744828E+000  0.31415926535897931E+001
( 0.28934048312941918E+000,-0.23535757186685516E-016)
 0.00000000000000000E+000 -0.23561944901923448E+001
( 0.24841303417749583E+000,-0.15233040523421337E-016)
 0.00000000000000000E+000 -0.15707963267948966E+001
( 0.17079558512798043E+000,-0.17226250079231764E-016)
 0.00000000000000000E+000 -0.78539816339744828E+000
( 0.65988961287218664E-001,-0.12468324983583301E-016)
 0.00000000000000000E+000  0.00000000000000000E+000
(-0.67170590245294037E-003, 0.00000000000000000E+000)
 0.00000000000000000E+000  0.78539816339744828E+000
( 0.65988961287218664E-001, 0.12468324983583301E-016)
 0.00000000000000000E+000  0.15707963267948966E+001
( 0.17079558512798043E+000, 0.17226250079231764E-016)
 0.00000000000000000E+000  0.23561944901923448E+001
( 0.24841303417749583E+000, 0.15233040523421337E-016)
 0.00000000000000000E+000  0.31415926535897931E+001
( 0.26622650183798957E+000,-0.13261715335581148E-017)
 0.78539816339744828E+000 -0.23561944901923448E+001
( 0.25932706243097708E+000, 0.75894152073985310E-017)
 0.78539816339744828E+000 -0.15707963267948966E+001
( 0.18958052770029557E+000, 0.10561876165855787E-016)
 0.78539816339744828E+000 -0.78539816339744828E+000
( 0.10837354463162117E+000, 0.25478751053409354E-016)
 0.78539816339744828E+000  0.00000000000000000E+000
( 0.67695222172747205E-001, 0.12297057823387851E-016)
 0.78539816339744828E+000  0.78539816339744828E+000
( 0.10743887023433334E+000,-0.33068166260807885E-017)
 0.78539816339744828E+000  0.15707963267948966E+001
( 0.19440503074319207E+000, 0.14442363261202234E-016)
 0.78539816339744828E+000  0.23561944901923448E+001
( 0.26083860315126861E+000, 0.17021974108022420E-016)
 0.78539816339744828E+000  0.31415926535897931E+001
( 0.28934048312941918E+000, 0.21593121933633142E-016)
 0.15707963267948966E+001 -0.23561944901923448E+001
( 0.31286606485250634E+000, 0.23472977034311171E-016)
 0.15707963267948966E+001 -0.15707963267948966E+001
( 0.25440907162820336E+000, 0.45560544646834305E-017)
 0.15707963267948966E+001 -0.78539816339744828E+000
( 0.19531412834138778E+000, 0.13877787807814457E-016)
 0.15707963267948966E+001  0.00000000000000000E+000
( 0.16907271541866792E+000, 0.54382845310727754E-017)
 0.15707963267948966E+001  0.78539816339744828E+000
( 0.19702322109932424E+000, 0.19353008778866254E-016)
 0.15707963267948966E+001  0.15707963267948966E+001
( 0.25297259953671769E+000, 0.16233868544503972E-016)
 0.15707963267948966E+001  0.23561944901923448E+001
( 0.31210064643189345E+000, 0.29815559743351372E-017)
 0.15707963267948966E+001  0.31415926535897931E+001
( 0.34308791082056050E+000, 0.20108522280285810E-016)
 0.23561944901923448E+001 -0.23561944901923448E+001
( 0.36704320491697623E+000,-0.56378512969246231E-017)
 0.23561944901923448E+001 -0.15707963267948966E+001
( 0.31440789845076778E+000,-0.95909048911074551E-017)
 0.23561944901923448E+001 -0.78539816339744828E+000
( 0.26507741089262415E+000, 0.66678433607858523E-017)
 0.23561944901923448E+001  0.00000000000000000E+000
( 0.24577211173599220E+000, 0.13293422126389991E-017)
 0.23561944901923448E+001  0.78539816339744828E+000
( 0.26486789765414626E+000, 0.70473141211557788E-018)
 0.23561944901923448E+001  0.15707963267948966E+001
( 0.31290614145076634E+000, 0.65952768619494652E-017)
 0.23561944901923448E+001  0.23561944901923448E+001
( 0.36022576354251790E+000,-0.30899761915836876E-017)
 0.23561944901923448E+001  0.31415926535897931E+001
( 0.38454783959033667E+000, 0.13162413733167872E-016)
 0.31415926535897931E+001 -0.23561944901923448E+001
( 0.38388791754056506E+000,-0.36862873864507151E-017)
 0.31415926535897931E+001 -0.15707963267948966E+001
( 0.34153852186930928E+000,-0.85672761079203103E-017)
 0.31415926535897931E+001 -0.78539816339744828E+000
( 0.29058915242489919E+000, 0.16805133673525319E-017)
 0.31415926535897931E+001  0.00000000000000000E+000
( 0.27231877853078745E+000,-0.10496548351949954E-017)
 0.31415926535897931E+001  0.78539816339744828E+000
( 0.29058915242489919E+000,-0.48789097761847700E-017)
 0.31415926535897931E+001  0.15707963267948966E+001
( 0.34153852186930928E+000, 0.73211363131176946E-017)
 0.31415926535897931E+001  0.23561944901923448E+001
( 0.38388791754056500E+000,-0.92157184661267877E-018)
 0.31415926535897931E+001  0.31415926535897931E+001
( 0.41045858080199837E+000, 0.19584871233802185E-017)
 0.10000000000000000E+001          1         64
( 0.00000000000000000E+000, 0.00000000000000000E+000)
-0.23561944901923448E+001 -0.23561944901923448E+001
( 0.37359117037197764E+000, 0.91615083575025125E-017)
-0.23561944901923448E+001 -0.15707963267948966E+001
( 0.32078589566846716E+000,-0.54070071971439810E-017)
-0.23561944901923448E+001 -0.78539816339744828E+000
( 0.26345530613119789E+000, 0.14203048459560108E-016)
-0.23561944901923448E+001  0.00000000000000000E+000
( 0.24914619585036124E+000, 0.91078564072785445E-017)
-0.23561944901923448E+001  0.78539816339744828E+000
( 0.26861373182206305E+000, 0.14636729328554310E-017)
-0.23561944901923448E+001  0.15707963267948966E+001
( 0.31920119277367559E+000,-0.57887803797292262E-017)
-0.23561944901923448E+001  0.23561944901923448E+001
( 0.36846874245356748E+000,-0.72641545556528797E-017)
-0.23561944901923448E+001  0.31415926535897931E+001
( 0.40661216891561969E+000,-0.98528686723857324E-017)
-0.15707963267948966E+001 -0.23561944901923448E+001
( 0.31902276845683031E+000, 0.34098158324669114E-016)
-0.15707963267948966E+001 -0.15707963267948966E+001
( 0.25847767230849777E+000, 0.14839332740107807E-016)
-0.15707963267948966E+001 -0.78539816339744828E+000
( 0.19342579550573580E+000,-0.47975946132483571E-017)
-0.15707963267948966E+001  0.00000000000000000E+000
( 0.17432080640592240E+000,-0.78608378561201114E-017)
-0.15707963267948966E+001  0.78539816339744828E+000
( 0.19611359195681841E+000,-0.26562953225894859E-017)
-0.15707963267948966E+001  0.15707963267948966E+001
( 0.25657810047648993E+000,-0.46468988881038161E-017)
-0.15707963267948966E+001  0.23561944901923448E+001
( 0.31831861225964780E+000, 0.62341624917916505E-017)
-0.15707963267948966E+001  0.31415926535897931E+001
( 0.34506441637400664E+000, 0.14131656742081987E-016)
-0.78539816339744828E+000 -0.23561944901923448E+001
( 0.27173188296751838E+000, 0.87820375971325859E-017)
-0.78539816339744828E+000 -0.15707963267948966E+001
( 0.20259854891343976E+000, 0.10233075856279546E-016)
-0.78539816339744828E+000 -0.78539816339744828E+000
( 0.11063278353042058E+000, 0.61257422745431001E-017)
-0.78539816339744828E+000  0.00000000000000000E+000
( 0.69721772424933659E-001,-0.17252181016875488E-016)
-0.78539816339744828E+000  0.78539816339744828E+000
( 0.10879370610614318E+000,-0.17021974108022420E-016)
-0.78539816339744828E+000  0.15707963267948966E+001
( 0.19648196410899343E+000,-0.45685862203629086E-017)
-0.78539816339744828E+000  0.23561944901923448E+001
( 0.26910115974538457E+000, 0.18973538018496328E-016)
-0.78539816339744828E+000  0.31415926535897931E+001
( 0.29636699559104196E+000, 0.18520191688509251E-016)
 0.00000000000000000E+000 -0.23561944901923448E+001
( 0.24977022290305986E+000, 0.14203048459560108E-016)
 0.00000000000000000E+000 -0.15707963267948966E+001
( 0.17595486771493060E+000, 0.43419058874055457E-017)
 0.00000000000000000E+000 -0.78539816339744828E+000
( 0.68983145622027398E-001,-0.24394548880923850E-017)
 0.00000000000000000E+000  0.00000000000000000E+000
( 0.40981868935863197E-003, 0.00000000000000000E+000)
 0.00000000000000000E+000  0.78539816339744828E+000
( 0.68983145622027398E-001, 0.24394548880923850E-017)
 0.00000000000000000E+000  0.15707963267948966E+001
( 0.17595486771493060E+000,-0.43419058874055457E-017)
 0.00000000000000000E+000  0.23561944901923448E+001
( 0.24977022290305986E+000,-0.14203048459560108E-016)
 0.00000000000000000E+000  0.31415926535897931E+001
( 0.27085560367844796E+000,-0.87755613291546335E-018)
 0.78539816339744828E+000 -0.23561944901923448E+001
( 0.26910115974538457E+000,-0.18973538018496328E-016)
 0.78539816339744828E+000 -0.15707963267948966E+001
( 0.19648196410899343E+000, 0.45685862203629086E-017)
 0.78539816339744828E+000 -0.78539816339744828E+000
( 0.10879370610614318E+000, 0.17021974108022420E-016)
 0.78539816339744828E+000  0.00000000000000000E+000
( 0.69721772424933659E-001, 0.17252181016875488E-016)
 0.78539816339744828E+000  0.78539816339744828E+000
( 0.11063278353042058E+000,-0.61257422745431001E-017)
 0.78539816339744828E+000  0.15707963267948966E+001
( 0.20259854891343976E+000,-0.10233075856279546E-016)
 0.78539816339744828E+000  0.23561944901923448E+001
( 0.27173188296751838E+000,-0.87820375971325859E-017)
 0.78539816339744828E+000  0.31415926535897931E+001
( 0.29636699559104196E+000,-0.20354387699009172E-016)
 0.15707963267948966E+001 -0.23561944901923448E+001
( 0.31831861225964780E+000,-0.62341624917916505E-017)
 0.15707963267948966E+001 -0.15707963267948966E+001
( 0.25657810047648993E+000, 0.46468988881038161E-017)
 0.15707963267948966E+001 -0.78539816339744828E+000
( 0.19611359195681841E+000, 0.26562953225894859E-017)
 0.15707963267948966E+001  0.00000000000000000E+000
( 0.17432080640592240E+000, 0.78608378561201114E-017)
 0.15707963267948966E+001  0.78539816339744828E+000
( 0.19342579550573580E+000, 0.47975946132483571E-017)
 0.15707963267948966E+001  0.15707963267948966E+001
( 0.25847767230849777E+000,-0.14839332740107807E-016)
 0.15707963267948966E+001  0.23561944901923448E+001
( 0.31902276845683031E+000,-0.34098158324669114E-016)
 0.15707963267948966E+001  0.31415926535897931E+001
( 0.34506441637400664E+000,-0.15048623744264036E-016)
 0.23561944901923448E+001 -0.23561944901923448E+001
( 0.36846874245356748E+000, 0.72641545556528797E-017)
 0.23561944901923448E+001 -0.15707963267948966E+001
( 0.31920119277367559E+000, 0.57887803797292262E-017)
 0.23561944901923448E+001 -0.78539816339744828E+000
( 0.26861373182206305E+000,-0.14636729328554310E-017)
 0.23561944901923448E+001  0.00000000000000000E+000
( 0.24914619585036124E+000,-0.91078564072785445E-017)
 0.23561944901923448E+001  0.78539816339744828E+000
( 0.26345530613119789E+000,-0.14203048459560108E-016)
 0.23561944901923448E+001  0.15707963267948966E+001
( 0.32078589566846716E+000, 0.54070071971439810E-017)
 0.23561944901923448E+001  0.23561944901923448E+001
( 0.37359117037197764E+000,-0.91615083575025125E-017)
 0.23561944901923448E+001  0.31415926535897931E+001
( 0.40661216891561969E+000, 0.15093091837353727E-016)
 0.31415926535897931E+001 -0.23561944901923448E+001
( 0.40560635298317460E+000, 0.16913553890773869E-016)
 0.31415926535897931E+001 -0.15707963267948966E+001
( 0.34627108036684090E+000, 0.17688543471462423E-016)
 0.31415926535897931E+001 -0.78539816339744828E+000
( 0.28994650599398181E+000, 0.11004652050727870E-016)
 0.31415926535897931E+001  0.00000000000000000E+000
( 0.26656370245798566E+000,-0.13545085044064739E-017)
 0.31415926535897931E+001  0.78539816339744828E+000
( 0.28994650599398181E+000,-0.98391347153059527E-017)
 0.31415926535897931E+001  0.15707963267948966E+001
( 0.34627108036684090E+000,-0.20509335981205232E-016)
 0.31415926535897931E+001  0.23561944901923448E+001
( 0.40560635298317460E+000,-0.12793585635328952E-016)
 0.31415926535897931E+001  0.31415926535897931E+001
( 0.43144519718788099E+000,-0.86235665702798090E-018)
 0.10000000000000000E+001          1         64
( 0.00000000000000000E+000, 0.00000000000000000E+000)
-0.23561944901923448E+001 -0.23561944901923448E+001
( 0.37143971464437642E+000, 0.46620693416876691E-017)
-0.23561944901923448E+001 -0.15707963267948966E+001
( 0.31629616204341704E+000,-0.21915956482251237E-016)
-0.23561944901923448E+001 -0.78539816339744828E+000
( 0.26635154520908721E+000,-0.68304736866586779E-017)
-0.23561944901923448E+001  0.00000000000000000E+000
( 0.23995371267716242E+000,-0.10811380207412974E-017)
-0.23561944901923448E+001  0.78539816339744828E+000
( 0.26455424951244522E+000,-0.81315162936412833E-018)
-0.23561944901923448E+001  0.15707963267948966E+001
( 0.31658000156062738E+000, 0.15253484266703036E-016)
-0.23561944901923448E+001  0.23561944901923448E+001
( 0.37852474055364554E+000,-0.40115480381963664E-017)
-0.23561944901923448E+001  0.31415926535897931E+001
( 0.40563085134377341E+000, 0.19055178013686868E-016)
-0.15707963267948966E+001 -0.23561944901923448E+001
( 0.31610376013833291E+000,-0.14419888894057209E-016)
-0.15707963267948966E+001 -0.15707963267948966E+001
( 0.25555966360513283E+000,-0.22833592996215018E-016)
-0.15707963267948966E+001 -0.78539816339744828E+000
( 0.19518761967336254E+000,-0.11384122811097797E-016)
-0.15707963267948966E+001  0.00000000000000000E+000
( 0.17240406698947114E+000,-0.12181247172083302E-016)
-0.15707963267948966E+001  0.78539816339744828E+000
( 0.19491939108730183E+000,-0.12197274440461925E-016)
-0.15707963267948966E+001  0.15707963267948966E+001
( 0.25603355248617488E+000, 0.13628092175102620E-017)
-0.15707963267948966E+001  0.23561944901923448E+001
( 0.31929062701150529E+000,-0.50957502106818708E-017)
-0.15707963267948966E+001  0.31415926535897931E+001
( 0.33909252140340124E+000, 0.96364881970551885E-019)
-0.78539816339744828E+000 -0.23561944901923448E+001
( 0.26154221525377552E+000, 0.14582519219930035E-016)
-0.78539816339744828E+000 -0.15707963267948966E+001
( 0.19308084081650528E+000,-0.24790882621083708E-016)
-0.78539816339744828E+000 -0.78539816339744828E+000
( 0.10891025058884903E+000, 0.95951892264967142E-017)
-0.78539816339744828E+000  0.00000000000000000E+000
( 0.68885055690757244E-001, 0.56027326084231750E-017)
-0.78539816339744828E+000  0.78539816339744828E+000
( 0.10897986994034753E+000, 0.61257422745431001E-017)
-0.78539816339744828E+000  0.15707963267948966E+001
( 0.19342304564636142E+000,-0.13425453577284441E-016)
-0.78539816339744828E+000  0.23561944901923448E+001
( 0.26262394619398388E+000,-0.12576745200831851E-016)
-0.78539816339744828E+000  0.31415926535897931E+001
( 0.29054660203885579E+000, 0.44961197998045756E-017)
 0.00000000000000000E+000 -0.23561944901923448E+001
( 0.24613298470531794E+000,-0.65594231435373018E-017)
 0.00000000000000000E+000 -0.15707963267948966E+001
( 0.17165263577738968E+000, 0.11520400157974355E-016)
 0.00000000000000000E+000 -0.78539816339744828E+000
( 0.68659712704224510E-001, 0.16263032587282567E-017)
 0.00000000000000000E+000  0.00000000000000000E+000
( 0.99765928792644454E-003, 0.00000000000000000E+000)
 0.00000000000000000E+000  0.78539816339744828E+000
( 0.68659712704224510E-001,-0.16263032587282567E-017)
 0.00000000000000000E+000  0.15707963267948966E+001
( 0.17165263577738968E+000,-0.11520400157974355E-016)
 0.00000000000000000E+000  0.23561944901923448E+001
( 0.24613298470531794E+000, 0.65594231435373018E-017)
 0.00000000000000000E+000  0.31415926535897931E+001
( 0.26489557936835656E+000,-0.12483366489900638E-017)
 0.78539816339744828E+000 -0.23561944901923448E+001
( 0.26262394619398388E+000, 0.12576745200831851E-016)
 0.78539816339744828E+000 -0.15707963267948966E+001
( 0.19342304564636142E+000, 0.13425453577284441E-016)
 0.78539816339744828E+000 -0.78539816339744828E+000
( 0.10897986994034753E+000,-0.61257422745431001E-017)
 0.78539816339744828E+000  0.00000000000000000E+000
( 0.68885055690757244E-001,-0.56027326084231750E-017)
 0.78539816339744828E+000  0.78539816339744828E+000
( 0.10891025058884903E+000,-0.95951892264967142E-017)
 0.78539816339744828E+000  0.15707963267948966E+001
( 0.19308084081650528E+000, 0.24790882621083708E-016)
 0.78539816339744828E+000  0.23561944901923448E+001
( 0.26154221525377552E+000,-0.14582519219930035E-016)
 0.78539816339744828E+000  0.31415926535897931E+001
( 0.29054660203885579E+000,-0.46419275516501944E-017)
 0.15707963267948966E+001 -0.23561944901923448E+001
( 0.31929062701150529E+000, 0.50957502106818708E-017)
 0.15707963267948966E+001 -0.15707963267948966E+001
( 0.25603355248617488E+000,-0.13628092175102620E-017)
 0.15707963267948966E+001 -0.78539816339744828E+000
( 0.19491939108730183E+000, 0.12197274440461925E-016)
 0.15707963267948966E+001  0.00000000000000000E+000
( 0.17240406698947114E+000, 0.12181247172083302E-016)
 0.15707963267948966E+001  0.78539816339744828E+000
( 0.19518761967336254E+000, 0.11384122811097797E-016)
 0.15707963267948966E+001  0.15707963267948966E+001
( 0.25555966360513283E+000, 0.22833592996215018E-016)
 0.15707963267948966E+001  0.23561944901923448E+001
( 0.31610376013833291E+000, 0.14419888894057209E-016)
 0.15707963267948966E+001  0.31415926535897931E+001
( 0.33909252140340124E+000, 0.48312373886926942E-018)
 0.23561944901923448E+001 -0.23561944901923448E+001
( 0.37852474055364554E+000, 0.40115480381963664E-017)
 0.23561944901923448E+001 -0.15707963267948966E+001
( 0.31658000156062738E+000,-0.15253484266703036E-016)
 0.23561944901923448E+001 -0.78539816339744828E+000
( 0.26455424951244522E+000, 0.81315162936412833E-018)
 0.23561944901923448E+001  0.00000000000000000E+000
( 0.23995371267716242E+000, 0.10811380207412974E-017)
 0.23561944901923448E+001  0.78539816339744828E+000
( 0.26635154520908721E+000, 0.68304736866586779E-017)
 0.23561944901923448E+001  0.15707963267948966E+001
( 0.31629616204341704E+000, 0.21915956482251237E-016)
 0.23561944901923448E+001  0.23561944901923448E+001
( 0.37143971464437642E+000,-0.46620693416876691E-017)
 0.23561944901923448E+001  0.31415926535897931E+001
( 0.40563085134377341E+000,-0.21586230545000596E-016)
 0.31415926535897931E+001 -0.23561944901923448E+001
( 0.40064785143220299E+000,-0.23310346708438345E-017)
 0.31415926535897931E+001 -0.15707963267948966E+001
( 0.33796331302247618E+000, 0.18316897866326555E-017)
 0.31415926535897931E+001 -0.78539816339744828E+000
( 0.29080082054762019E+000, 0.23310346708438345E-017)
 0.31415926535897931E+001  0.00000000000000000E+000
( 0.26957761663822044E+000,-0.14047475400578844E-018)
 0.31415926535897931E+001  0.78539816339744828E+000
( 0.29080082054762019E+000, 0.22768245622195593E-017)
 0.31415926535897931E+001  0.15707963267948966E+001
( 0.33796331302247618E+000, 0.29459612992871011E-017)
 0.31415926535897931E+001  0.23561944901923448E+001
( 0.40064785143220299E+000, 0.50957502106818708E-017)
 0.31415926535897931E+001  0.31415926535897931E+001
( 0.48215008383325320E+000, 0.47536368870096779E-017)
 0.10000000000000000E+001          1         64
( 0.00000000000000000E+000, 0.00000000000000000E+000)
-0.23561944901923448E+001 -0.23561944901923448E+001
( 0.37557300307534458E+000, 0.37404974950749903E-016)
-0.23561944901923448E+001 -0.15707963267948966E+001
( 0.31221901267147995E+000, 0.19920523738840912E-016)
-0.23561944901923448E+001 -0.78539816339744828E+000
( 0.26645797581394565E+000, 0.24394548880923850E-016)
-0.23561944901923448E+001  0.00000000000000000E+000
( 0.24560531219112447E+000,-0.80766153665039271E-017)
-0.23561944901923448E+001  0.78539816339744828E+000
( 0.26502678576989536E+000,-0.36754453647258600E-016)
-0.23561944901923448E+001  0.15707963267948966E+001
( 0.32005915197392182E+000,-0.34782805569160563E-016)
-0.23561944901923448E+001  0.23561944901923448E+001
( 0.37433598932502321E+000,-0.93241386833753381E-017)
-0.23561944901923448E+001  0.31415926535897931E+001
( 0.40892543156749855E+000, 0.63316673583823626E-017)
-0.15707963267948966E+001 -0.23561944901923448E+001
( 0.31799340303806639E+000, 0.16805133673525319E-016)
-0.15707963267948966E+001 -0.15707963267948966E+001
( 0.25309133291484887E+000, 0.24308955378304272E-016)
-0.15707963267948966E+001 -0.78539816339744828E+000
( 0.19750139766862534E+000, 0.28622937353617317E-016)
-0.15707963267948966E+001  0.00000000000000000E+000
( 0.17189775855282449E+000, 0.89889635365071135E-019)
-0.15707963267948966E+001  0.78539816339744828E+000
( 0.19564602199686876E+000,-0.16046192152785466E-016)
-0.15707963267948966E+001  0.15707963267948966E+001
( 0.25264820172758007E+000,-0.18714988636106409E-016)
-0.15707963267948966E+001  0.23561944901923448E+001
( 0.32256794598789029E+000,-0.32200804522819482E-016)
-0.15707963267948966E+001  0.31415926535897931E+001
( 0.34270015137130827E+000, 0.33158700952219398E-017)
-0.78539816339744828E+000 -0.23561944901923448E+001
( 0.26749815049722980E+000, 0.21141942363467336E-016)
-0.78539816339744828E+000 -0.15707963267948966E+001
( 0.19522823819525345E+000, 0.45790684593146985E-016)
-0.78539816339744828E+000 -0.78539816339744828E+000
( 0.10964329933250297E+000, 0.30357660829594124E-016)
-0.78539816339744828E+000  0.00000000000000000E+000
( 0.68829372007339698E-001, 0.17112554561900572E-016)
-0.78539816339744828E+000  0.78539816339744828E+000
( 0.10824119263320499E+000,-0.30032400177848473E-016)
-0.78539816339744828E+000  0.15707963267948966E+001
( 0.19730105586742772E+000,-0.45558678144864539E-016)
-0.78539816339744828E+000  0.23561944901923448E+001
( 0.26228170159467257E+000,-0.34260788650541940E-016)
-0.78539816339744828E+000  0.31415926535897931E+001
( 0.29491696574276133E+000,-0.10371836514856935E-017)
 0.00000000000000000E+000 -0.23561944901923448E+001
( 0.24785276868440018E+000, 0.39464959078472361E-016)
 0.00000000000000000E+000 -0.15707963267948966E+001
( 0.17594195851991104E+000, 0.52724377549757646E-016)
 0.00000000000000000E+000 -0.78539816339744828E+000
( 0.69543822611840445E-001, 0.58221656662471588E-016)
 0.00000000000000000E+000  0.00000000000000000E+000
( 0.36776159207033143E-003, 0.00000000000000000E+000)
 0.00000000000000000E+000  0.78539816339744828E+000
( 0.69543822611840445E-001,-0.58221656662471588E-016)
 0.00000000000000000E+000  0.15707963267948966E+001
( 0.17594195851991104E+000,-0.52724377549757646E-016)
 0.00000000000000000E+000  0.23561944901923448E+001
( 0.24785276868440018E+000,-0.39464959078472361E-016)
 0.00000000000000000E+000  0.31415926535897931E+001
( 0.27263815843126193E+000,-0.60640502016702178E-018)
 0.78539816339744828E+000 -0.23561944901923448E+001
( 0.26228170159467257E+000, 0.34260788650541940E-016)
 0.78539816339744828E+000 -0.15707963267948966E+001
( 0.19730105586742772E+000, 0.45558678144864539E-016)
 0.78539816339744828E+000 -0.78539816339744828E+000
( 0.10824119263320499E+000, 0.30032400177848473E-016)
 0.78539816339744828E+000  0.00000000000000000E+000
( 0.68829372007339698E-001,-0.17112554561900572E-016)
 0.78539816339744828E+000  0.78539816339744828E+000
( 0.10964329933250297E+000,-0.30357660829594124E-016)
 0.78539816339744828E+000  0.15707963267948966E+001
( 0.19522823819525345E+000,-0.45790684593146985E-016)
 0.78539816339744828E+000  0.23561944901923448E+001
( 0.26749815049722980E+000,-0.21141942363467336E-016)
 0.78539816339744828E+000  0.31415926535897931E+001
( 0.29491696574276133E+000, 0.70980564051889645E-017)
 0.15707963267948966E+001 -0.23561944901923448E+001
( 0.32256794598789029E+000, 0.32200804522819482E-016)
 0.15707963267948966E+001 -0.15707963267948966E+001
( 0.25264820172758007E+000, 0.18714988636106409E-016)
 0.15707963267948966E+001 -0.78539816339744828E+000
( 0.19564602199686876E+000, 0.16046192152785466E-016)
 0.15707963267948966E+001  0.00000000000000000E+000
( 0.17189775855282449E+000,-0.89889635365071135E-019)
 0.15707963267948966E+001  0.78539816339744828E+000
( 0.19750139766862534E+000,-0.28622937353617317E-016)
 0.15707963267948966E+001  0.15707963267948966E+001
( 0.25309133291484887E+000,-0.24308955378304272E-016)
 0.15707963267948966E+001  0.23561944901923448E+001
( 0.31799340303806639E+000,-0.16805133673525319E-016)
 0.15707963267948966E+001  0.31415926535897931E+001
( 0.34270015137130827E+000,-0.55820352452259465E-017)
 0.23561944901923448E+001 -0.23561944901923448E+001
( 0.37433598932502321E+000, 0.93241386833753381E-017)
 0.23561944901923448E+001 -0.15707963267948966E+001
( 0.32005915197392182E+000, 0.34782805569160563E-016)
 0.23561944901923448E+001 -0.78539816339744828E+000
( 0.26502678576989536E+000, 0.36754453647258600E-016)
 0.23561944901923448E+001  0.00000000000000000E+000
( 0.24560531219112447E+000, 0.80766153665039271E-017)
 0.23561944901923448E+001  0.78539816339744828E+000
( 0.26645797581394565E+000,-0.24394548880923850E-016)
 0.23561944901923448E+001  0.15707963267948966E+001
( 0.31221901267147995E+000,-0.19920523738840912E-016)
 0.23561944901923448E+001  0.23561944901923448E+001
( 0.37557300307534458E+000,-0.37404974950749903E-016)
 0.23561944901923448E+001  0.31415926535897931E+001
( 0.40892543156749855E+000,-0.92131590817039236E-018)
 0.31415926535897931E+001 -0.23561944901923448E+001
( 0.39453240547999546E+000, 0.15504091066542713E-016)
 0.31415926535897931E+001 -0.15707963267948966E+001
( 0.33830941559223338E+000, 0.35866837172653564E-016)
 0.31415926535897931E+001 -0.78539816339744828E+000
( 0.29177720738839602E+000, 0.13552527156068805E-016)
 0.31415926535897931E+001  0.00000000000000000E+000
( 0.26937561576789154E+000,-0.93872079146999480E-018)
 0.31415926535897931E+001  0.78539816339744828E+000
( 0.29177720738839602E+000,-0.10516761073109393E-016)
 0.31415926535897931E+001  0.15707963267948966E+001
( 0.33830941559223338E+000,-0.38733518983223051E-016)
 0.31415926535897931E+001  0.23561944901923448E+001
( 0.39453240547999541E+000,-0.15720931501039814E-016)
 0.31415926535897931E+001  0.31415926535897931E+001
( 0.40702942966917965E+000,-0.38094018186399239E-017)
 0.10000000000000000E+001          1         64
( 0.00000000000000000E+000, 0.00000000000000000E+000)
-0.23561944901923448E+001 -0.23561944901923448E+001
( 0.37242196499949054E+000,-0.83917248150378043E-016)
-0.23561944901923448E+001 -0.15707963267948966E+001
( 0.32184560901925918E+000,-0.39386497378633410E-016)
-0.23561944901923448E+001 -0.78539816339744828E+000
( 0.26185769658155600E+000,-0.44452289071905682E-016)
-0.23561944901923448E+001  0.00000000000000000E+000
( 0.24354168153949013E+000,-0.31887410560031668E-016)
-0.23561944901923448E+001  0.78539816339744828E+000
( 0.26367701284744294E+000,-0.53559587320783919E-016)
-0.23561944901923448E+001  0.15707963267948966E+001
( 0.31741651681433980E+000,-0.60466785089247765E-016)
-0.23561944901923448E+001  0.23561944901923448E+001
( 0.37970883352996126E+000,-0.11806961658367143E-015)
-0.23561944901923448E+001  0.31415926535897931E+001
( 0.40958324554998310E+000,-0.83284917050727995E-016)
-0.15707963267948966E+001 -0.23561944901923448E+001
( 0.32001987415673505E+000,-0.11503385050071202E-015)
-0.15707963267948966E+001 -0.15707963267948966E+001
( 0.25308697291834031E+000,-0.93427979147835253E-016)
-0.15707963267948966E+001 -0.78539816339744828E+000
( 0.19821306820504925E+000,-0.75460471204991109E-016)
-0.15707963267948966E+001  0.00000000000000000E+000
( 0.17163811410093582E+000,-0.45347879756338375E-016)
-0.15707963267948966E+001  0.78539816339744828E+000
( 0.19534307183612398E+000,-0.66353172956112871E-016)
-0.15707963267948966E+001  0.15707963267948966E+001
( 0.25576292112519744E+000,-0.64107754926331071E-016)
-0.15707963267948966E+001  0.23561944901923448E+001
( 0.31548263214238270E+000,-0.10961283963828450E-015)
-0.15707963267948966E+001  0.31415926535897931E+001
( 0.34739917538752968E+000,-0.11446403409044323E-015)
-0.78539816339744828E+000 -0.23561944901923448E+001
( 0.26662232320217399E+000,-0.70039460342563586E-016)
-0.78539816339744828E+000 -0.15707963267948966E+001
( 0.19640843762197782E+000,-0.10037344878695430E-015)
-0.78539816339744828E+000 -0.78539816339744828E+000
( 0.11045364382597127E+000,-0.70147880559812137E-016)
-0.78539816339744828E+000  0.00000000000000000E+000
( 0.70533642561043872E-001,-0.69862715543468607E-016)
-0.78539816339744828E+000  0.78539816339744828E+000
( 0.10876524321243766E+000,-0.37188134516252802E-016)
-0.78539816339744828E+000  0.15707963267948966E+001
( 0.19821152532060066E+000,-0.57377388103675336E-016)
-0.78539816339744828E+000  0.23561944901923448E+001
( 0.26462668347401958E+000,-0.74376269032505604E-016)
-0.78539816339744828E+000  0.31415926535897931E+001
( 0.29026224369174586E+000,-0.11084270247222936E-015)
 0.00000000000000000E+000 -0.23561944901923448E+001
( 0.24635243444489138E+000,-0.28189256484623115E-016)
 0.00000000000000000E+000 -0.15707963267948966E+001
( 0.17323855081645062E+000,-0.20863279345983079E-016)
 0.00000000000000000E+000 -0.78539816339744828E+000
( 0.71879484522894166E-001,-0.17347234759768071E-016)
 0.00000000000000000E+000  0.00000000000000000E+000
( 0.97970685065854046E-003, 0.00000000000000000E+000)
 0.00000000000000000E+000  0.78539816339744828E+000
( 0.71879484522894166E-001, 0.17347234759768071E-016)
 0.00000000000000000E+000  0.15707963267948966E+001
( 0.17323855081645062E+000, 0.20863279345983079E-016)
 0.00000000000000000E+000  0.23561944901923448E+001
( 0.24635243444489138E+000, 0.28189256484623115E-016)
 0.00000000000000000E+000  0.31415926535897931E+001
( 0.26928138546550417E+000,-0.12078473384598107E-017)
 0.78539816339744828E+000 -0.23561944901923448E+001
( 0.26462668347401958E+000, 0.74376269032505604E-016)
 0.78539816339744828E+000 -0.15707963267948966E+001
( 0.19821152532060066E+000, 0.57377388103675336E-016)
 0.78539816339744828E+000 -0.78539816339744828E+000
( 0.10876524321243766E+000, 0.37188134516252802E-016)
 0.78539816339744828E+000  0.00000000000000000E+000
( 0.70533642561043872E-001, 0.69862715543468607E-016)
 0.78539816339744828E+000  0.78539816339744828E+000
( 0.11045364382597127E+000, 0.70147880559812137E-016)
 0.78539816339744828E+000  0.15707963267948966E+001
( 0.19640843762197782E+000, 0.10037344878695430E-015)
 0.78539816339744828E+000  0.23561944901923448E+001
( 0.26662232320217399E+000, 0.70039460342563586E-016)
 0.78539816339744828E+000  0.31415926535897931E+001
( 0.29026224369174586E+000, 0.11248389481941502E-015)
 0.15707963267948966E+001 -0.23561944901923448E+001
( 0.31548263214238270E+000, 0.10961283963828450E-015)
 0.15707963267948966E+001 -0.15707963267948966E+001
( 0.25576292112519744E+000, 0.64107754926331071E-016)
 0.15707963267948966E+001 -0.78539816339744828E+000
( 0.19534307183612398E+000, 0.66353172956112871E-016)
 0.15707963267948966E+001  0.00000000000000000E+000
( 0.17163811410093582E+000, 0.45347879756338375E-016)
 0.15707963267948966E+001  0.78539816339744828E+000
( 0.19821306820504925E+000, 0.75460471204991109E-016)
 0.15707963267948966E+001  0.15707963267948966E+001
( 0.25308697291834031E+000, 0.93427979147835253E-016)
 0.15707963267948966E+001  0.23561944901923448E+001
( 0.32001987415673505E+000, 0.11503385050071202E-015)
 0.15707963267948966E+001  0.31415926535897931E+001
( 0.34739917538752968E+000, 0.11282284174325757E-015)
 0.23561944901923448E+001 -0.23561944901923448E+001
( 0.37970883352996126E+000, 0.11806961658367143E-015)
 0.23561944901923448E+001 -0.15707963267948966E+001
( 0.31741651681433980E+000, 0.60466785089247765E-016)
 0.23561944901923448E+001 -0.78539816339744828E+000
( 0.26367701284744294E+000, 0.53559587320783919E-016)
 0.23561944901923448E+001  0.00000000000000000E+000
( 0.24354168153949013E+000, 0.31887410560031668E-016)
 0.23561944901923448E+001  0.78539816339744828E+000
( 0.26185769658155600E+000, 0.44452289071905682E-016)
 0.23561944901923448E+001  0.15707963267948966E+001
( 0.32184560901925918E+000, 0.39386497378633410E-016)
 0.23561944901923448E+001  0.23561944901923448E+001
( 0.37242196499949054E+000, 0.83917248150378043E-016)
 0.23561944901923448E+001  0.31415926535897931E+001
( 0.40958324554998321E+000, 0.84600848746168026E-016)
 0.31415926535897931E+001 -0.23561944901923448E+001
( 0.39714213712444674E+000,-0.71557343384043293E-017)
 0.31415926535897931E+001 -0.15707963267948966E+001
( 0.34118874310852937E+000, 0.19943335639678083E-016)
 0.31415926535897931E+001 -0.78539816339744828E+000
( 0.29028996935135293E+000,-0.12359904766334751E-016)
 0.31415926535897931E+001  0.00000000000000000E+000
( 0.26711037532456283E+000,-0.10277442795969146E-017)
 0.31415926535897931E+001  0.78539816339744828E+000
( 0.29028996935135293E+000, 0.14528309111305759E-016)
 0.31415926535897931E+001  0.15707963267948966E+001
( 0.34118874310852937E+000,-0.23627306202083722E-016)
 0.31415926535897931E+001  0.23561944901923448E+001
( 0.39714213712444668E+000, 0.29273458657108620E-017)
 0.31415926535897931E+001  0.31415926535897931E+001
( 0.37957310171774739E+000,-0.62359866275213624E-017)
 0.10000000000000000E+001          1         64
( 0.00000000000000000E+000, 0.00000000000000000E+000)
-0.23561944901923448E+001 -0.23561944901923448E+001
( 0.37937145397459016E+000,-0.42880195921801700E-016)
-0.23561944901923448E+001 -0.15707963267948966E+001
( 0.32117179820137781E+000,-0.21488384336689738E-016)
-0.23561944901923448E+001 -0.78539816339744828E+000
( 0.26527517749960544E+000,-0.20328790734103208E-016)
-0.23561944901923448E+001  0.00000000000000000E+000
( 0.25132853429319879E+000,-0.12443828378730599E-016)
-0.23561944901923448E+001  0.78539816339744828E+000
( 0.26618936745154476E+000, 0.32526065174565133E-018)
-0.23561944901923448E+001  0.15707963267948966E+001
( 0.31416574162622163E+000,-0.15950493129434560E-016)
-0.23561944901923448E+001  0.23561944901923448E+001
( 0.37391014673501666E+000,-0.13064636178450328E-016)
-0.23561944901923448E+001  0.31415926535897931E+001
( 0.39928551772560172E+000,-0.20729049941492798E-016)
-0.15707963267948966E+001 -0.23561944901923448E+001
( 0.31811099956901173E+000,-0.43910187985662930E-016)
-0.15707963267948966E+001 -0.15707963267948966E+001
( 0.25468049480305421E+000,-0.20638520483601178E-016)
-0.15707963267948966E+001 -0.78539816339744828E+000
( 0.19599902059902435E+000,-0.28839777788114418E-016)
-0.15707963267948966E+001  0.00000000000000000E+000
( 0.17239204175691014E+000,-0.22441246004143649E-016)
-0.15707963267948966E+001  0.78539816339744828E+000
( 0.19864930910337777E+000,-0.19136168344369153E-016)
-0.15707963267948966E+001  0.15707963267948966E+001
( 0.25442892003702910E+000,-0.21026451371550204E-016)
-0.15707963267948966E+001  0.23561944901923448E+001
( 0.31373920661708465E+000,-0.16100402261409741E-016)
-0.15707963267948966E+001  0.31415926535897931E+001
( 0.34287274951558766E+000,-0.30057501328111252E-016)
-0.78539816339744828E+000 -0.23561944901923448E+001
( 0.26514741905988859E+000,-0.20383000842727483E-016)
-0.78539816339744828E+000 -0.15707963267948966E+001
( 0.19414879874735580E+000,-0.23103386756959861E-016)
-0.78539816339744828E+000 -0.78539816339744828E+000
( 0.11274946624737116E+000,-0.42229674618310398E-016)
-0.78539816339744828E+000  0.00000000000000000E+000
( 0.72141036528981364E-001,-0.19326773207707265E-016)
-0.78539816339744828E+000  0.78539816339744828E+000
( 0.10824838415030404E+000,-0.82399365108898337E-017)
-0.78539816339744828E+000  0.15707963267948966E+001
( 0.19231836721278026E+000,-0.11602383601034412E-016)
-0.78539816339744828E+000  0.23561944901923448E+001
( 0.25923050865193153E+000, 0.17455654977016621E-016)
-0.78539816339744828E+000  0.31415926535897931E+001
( 0.28811987109176762E+000,-0.69763233736105644E-017)
 0.00000000000000000E+000 -0.23561944901923448E+001
( 0.24263203702907238E+000,-0.11980434005964824E-016)
 0.00000000000000000E+000 -0.15707963267948966E+001
( 0.17398173517658272E+000,-0.96737344689498606E-017)
 0.00000000000000000E+000 -0.78539816339744828E+000
( 0.69246731469827877E-001,-0.22551405187698492E-016)
 0.00000000000000000E+000  0.00000000000000000E+000
( 0.25277383745375692E-003, 0.00000000000000000E+000)
 0.00000000000000000E+000  0.78539816339744828E+000
( 0.69246731469827877E-001, 0.22551405187698492E-016)
 0.00000000000000000E+000  0.15707963267948966E+001
( 0.17398173517658272E+000, 0.96737344689498606E-017)
 0.00000000000000000E+000  0.23561944901923448E+001
( 0.24263203702907238E+000, 0.11980434005964824E-016)
 0.00000000000000000E+000  0.31415926535897931E+001
( 0.26571231948601504E+000,-0.60185103583355970E-018)
 0.78539816339744828E+000 -0.23561944901923448E+001
( 0.25923050865193153E+000,-0.17455654977016621E-016)
 0.78539816339744828E+000 -0.15707963267948966E+001
( 0.19231836721278026E+000, 0.11602383601034412E-016)
 0.78539816339744828E+000 -0.78539816339744828E+000
( 0.10824838415030404E+000, 0.82399365108898337E-017)
 0.78539816339744828E+000  0.00000000000000000E+000
( 0.72141036528981364E-001, 0.19326773207707265E-016)
 0.78539816339744828E+000  0.78539816339744828E+000
( 0.11274946624737116E+000, 0.42229674618310398E-016)
 0.78539816339744828E+000  0.15707963267948966E+001
( 0.19414879874735580E+000, 0.23103386756959861E-016)
 0.78539816339744828E+000  0.23561944901923448E+001
( 0.26514741905988859E+000, 0.20383000842727483E-016)
 0.78539816339744828E+000  0.31415926535897931E+001
( 0.28811987109176762E+000, 0.97579591686068050E-017)
 0.15707963267948966E+001 -0.23561944901923448E+001
( 0.31373920661708465E+000, 0.16100402261409741E-016)
 0.15707963267948966E+001 -0.15707963267948966E+001
( 0.25442892003702910E+000, 0.21026451371550204E-016)
 0.15707963267948966E+001 -0.78539816339744828E+000
( 0.19864930910337777E+000, 0.19136168344369153E-016)
 0.15707963267948966E+001  0.00000000000000000E+000
( 0.17239204175691014E+000, 0.22441246004143649E-016)
 0.15707963267948966E+001  0.78539816339744828E+000
( 0.19599902059902435E+000, 0.28839777788114418E-016)
 0.15707963267948966E+001  0.15707963267948966E+001
( 0.25468049480305421E+000, 0.20638520483601178E-016)
 0.15707963267948966E+001  0.23561944901923448E+001
( 0.31811099956901173E+000, 0.43910187985662930E-016)
 0.15707963267948966E+001  0.31415926535897931E+001
( 0.34287274951558766E+000, 0.30691102376444351E-016)
 0.23561944901923448E+001 -0.23561944901923448E+001
( 0.37391014673501666E+000, 0.13064636178450328E-016)
 0.23561944901923448E+001 -0.15707963267948966E+001
( 0.31416574162622163E+000, 0.15950493129434560E-016)
 0.23561944901923448E+001 -0.78539816339744828E+000
( 0.26618936745154476E+000,-0.32526065174565133E-018)
 0.23561944901923448E+001  0.00000000000000000E+000
( 0.25132853429319879E+000, 0.12443828378730599E-016)
 0.23561944901923448E+001  0.78539816339744828E+000
( 0.26527517749960544E+000, 0.20328790734103208E-016)
 0.23561944901923448E+001  0.15707963267948966E+001
( 0.32117179820137781E+000, 0.21488384336689738E-016)
 0.23561944901923448E+001  0.23561944901923448E+001
( 0.37937145397459016E+000, 0.42880195921801700E-016)
 0.23561944901923448E+001  0.31415926535897931E+001
( 0.39928551772560172E+000, 0.13969706618616597E-016)
 0.31415926535897931E+001 -0.23561944901923448E+001
( 0.40157568398570753E+000,-0.11709383462843448E-016)
 0.31415926535897931E+001 -0.15707963267948966E+001
( 0.34188571541278961E+000,-0.20417280630688483E-016)
 0.31415926535897931E+001 -0.78539816339744828E+000
( 0.29325180330292527E+000,-0.30303450720969849E-016)
 0.31415926535897931E+001  0.00000000000000000E+000
( 0.27174466452674029E+000,-0.18466216258379404E-017)
 0.31415926535897931E+001  0.78539816339744828E+000
( 0.29325180330292527E+000, 0.32851325826310784E-016)
 0.31415926535897931E+001  0.15707963267948966E+001
( 0.34188571541278961E+000, 0.24817306184046532E-016)
 0.31415926535897931E+001  0.23561944901923448E+001
( 0.40157568398570753E+000, 0.95951892264967142E-017)
 0.31415926535897931E+001  0.31415926535897931E+001
( 0.43806158831549880E+000, 0.11408404399423326E-017)
 0.10000000000000000E+001          1         64
( 0.00000000000000000E+000, 0.00000000000000000E+000)
-0.23561944901923448E+001 -0.23561944901923448E+001
( 0.36976855738799785E+000,-0.56920614055488983E-018)
-0.23561944901923448E+001 -0.15707963267948966E+001
( 0.31514843467413672E+000, 0.10056604312520025E-016)
-0.23561944901923448E+001 -0.78539816339744828E+000
( 0.26401355659596248E+000,-0.18702487475374951E-017)
-0.23561944901923448E+001  0.00000000000000000E+000
( 0.24690196764027930E+000,-0.12397440921621620E-016)
-0.23561944901923448E+001  0.78539816339744828E+000
( 0.26541252965865758E+000,-0.97307144980574023E-017)
-0.23561944901923448E+001  0.15707963267948966E+001
( 0.31246808781805163E+000,-0.26972932031042880E-016)
-0.23561944901923448E+001  0.23561944901923448E+001
( 0.37365762338826275E+000,-0.48138576458356397E-016)
-0.23561944901923448E+001  0.31415926535897931E+001
( 0.38639959677049696E+000,-0.35315274431908857E-016)
-0.15707963267948966E+001 -0.23561944901923448E+001
( 0.31891742594411632E+000, 0.16100402261409741E-016)
-0.15707963267948966E+001 -0.15707963267948966E+001
( 0.25335650928306086E+000, 0.47771566757800734E-016)
-0.15707963267948966E+001 -0.78539816339744828E+000
( 0.19471385547926412E+000, 0.30493186101154812E-016)
-0.15707963267948966E+001  0.00000000000000000E+000
( 0.16982272544480770E+000,-0.22707081446254827E-016)
-0.15707963267948966E+001  0.78539816339744828E+000
( 0.19538074324945881E+000,-0.32011069142634518E-016)
-0.15707963267948966E+001  0.15707963267948966E+001
( 0.25493352959568066E+000,-0.13840965804083159E-016)
-0.15707963267948966E+001  0.23561944901923448E+001
( 0.31764308558516519E+000,-0.26346112791397758E-016)
-0.15707963267948966E+001  0.31415926535897931E+001
( 0.33302068441346999E+000,-0.39876449242349777E-016)
-0.78539816339744828E+000 -0.23561944901923448E+001
( 0.26359346722888533E+000, 0.20599841277224584E-017)
-0.78539816339744828E+000 -0.15707963267948966E+001
( 0.19376964972002131E+000, 0.19896663637075640E-016)
-0.78539816339744828E+000 -0.78539816339744828E+000
( 0.10755908197716280E+000, 0.33041061206495748E-016)
-0.78539816339744828E+000  0.00000000000000000E+000
( 0.69280898060827434E-001,-0.35000290399239958E-017)
-0.78539816339744828E+000  0.78539816339744828E+000
( 0.10696208905906612E+000,-0.54481159167396598E-017)
-0.78539816339744828E+000  0.15707963267948966E+001
( 0.19644619119419224E+000,-0.18732070910903383E-016)
-0.78539816339744828E+000  0.23561944901923448E+001
( 0.26419403610635173E+000,-0.12305694657710475E-016)
-0.78539816339744828E+000  0.31415926535897931E+001
( 0.28631634596151556E+000,-0.22517082771802110E-016)
 0.00000000000000000E+000 -0.23561944901923448E+001
( 0.24549249449777985E+000, 0.13850682753502319E-016)
 0.00000000000000000E+000 -0.15707963267948966E+001
( 0.16887585985400103E+000, 0.21679665679501121E-016)
 0.00000000000000000E+000 -0.78539816339744828E+000
( 0.69302348821857540E-001, 0.29544509200229996E-017)
 0.00000000000000000E+000  0.00000000000000000E+000
( 0.12783116108336379E-003, 0.00000000000000000E+000)
 0.00000000000000000E+000  0.78539816339744828E+000
( 0.69302348821857540E-001,-0.29544509200229996E-017)
 0.00000000000000000E+000  0.15707963267948966E+001
( 0.16887585985400103E+000,-0.21679665679501121E-016)
 0.00000000000000000E+000  0.23561944901923448E+001
( 0.24549249449777985E+000,-0.13850682753502319E-016)
 0.00000000000000000E+000  0.31415926535897931E+001
( 0.26263762203933128E+000,-0.17801780441831482E-017)
 0.78539816339744828E+000 -0.23561944901923448E+001
( 0.26419403610635173E+000, 0.12305694657710475E-016)
 0.78539816339744828E+000 -0.15707963267948966E+001
( 0.19644619119419224E+000, 0.18732070910903383E-016)
 0.78539816339744828E+000 -0.78539816339744828E+000
( 0.10696208905906612E+000, 0.54481159167396598E-017)
 0.78539816339744828E+000  0.00000000000000000E+000
( 0.69280898060827434E-001, 0.35000290399239958E-017)
 0.78539816339744828E+000  0.78539816339744828E+000
( 0.10755908197716280E+000,-0.33041061206495748E-016)
 0.78539816339744828E+000  0.15707963267948966E+001
( 0.19376964972002131E+000,-0.19896663637075640E-016)
 0.78539816339744828E+000  0.23561944901923448E+001
( 0.26359346722888533E+000,-0.20599841277224584E-017)
 0.78539816339744828E+000  0.31415926535897931E+001
( 0.28631634596151556E+000, 0.21560341564511434E-016)
 0.15707963267948966E+001 -0.23561944901923448E+001
( 0.31764308558516519E+000, 0.26346112791397758E-016)
 0.15707963267948966E+001 -0.15707963267948966E+001
( 0.25493352959568066E+000, 0.13840965804083159E-016)
 0.15707963267948966E+001 -0.78539816339744828E+000
( 0.19538074324945881E+000, 0.32011069142634518E-016)
 0.15707963267948966E+001  0.00000000000000000E+000
( 0.16982272544480770E+000, 0.22707081446254827E-016)
 0.15707963267948966E+001  0.78539816339744828E+000
( 0.19471385547926412E+000,-0.30493186101154812E-016)
 0.15707963267948966E+001  0.15707963267948966E+001
( 0.25335650928306086E+000,-0.47771566757800734E-016)
 0.15707963267948966E+001  0.23561944901923448E+001
( 0.31891742594411632E+000,-0.16100402261409741E-016)
 0.15707963267948966E+001  0.31415926535897931E+001
( 0.33302068441346999E+000, 0.38204000181363107E-016)
 0.23561944901923448E+001 -0.23561944901923448E+001
( 0.37365762338826275E+000, 0.48138576458356397E-016)
 0.23561944901923448E+001 -0.15707963267948966E+001
( 0.31246808781805163E+000, 0.26972932031042880E-016)
 0.23561944901923448E+001 -0.78539816339744828E+000
( 0.26541252965865758E+000, 0.97307144980574023E-017)
 0.23561944901923448E+001  0.00000000000000000E+000
( 0.24690196764027930E+000, 0.12397440921621620E-016)
 0.23561944901923448E+001  0.78539816339744828E+000
( 0.26401355659596248E+000, 0.18702487475374951E-017)
 0.23561944901923448E+001  0.15707963267948966E+001
( 0.31514843467413672E+000,-0.10056604312520025E-016)
 0.23561944901923448E+001  0.23561944901923448E+001
( 0.36976855738799785E+000, 0.56920614055488983E-018)
 0.23561944901923448E+001  0.31415926535897931E+001
( 0.38639959677049696E+000, 0.37990610502444619E-016)
 0.31415926535897931E+001 -0.23561944901923448E+001
( 0.39451499150667357E+000, 0.21141942363467336E-017)
 0.31415926535897931E+001 -0.15707963267948966E+001
( 0.34019360551407762E+000,-0.15320553728305416E-017)
 0.31415926535897931E+001 -0.78539816339744828E+000
( 0.28889476540422548E+000,-0.47704895589362195E-017)
 0.31415926535897931E+001  0.00000000000000000E+000
( 0.27288831057114099E+000,-0.12065305243670292E-017)
 0.31415926535897931E+001  0.78539816339744828E+000
( 0.28889476540422548E+000, 0.87278274885083107E-017)
 0.31415926535897931E+001  0.15707963267948966E+001
( 0.34019360551407762E+000,-0.11279383867575900E-017)
 0.31415926535897931E+001  0.23561944901923448E+001
( 0.39451499150667357E+000, 0.23039296165316969E-017)
 0.31415926535897931E+001  0.31415926535897931E+001
( 0.42722626952319748E+000, 0.14791071090028841E-017)
 0.10000000000000000E+001          1         64
( 0.00000000000000000E+000, 0.00000000000000000E+000)
-0.23561944901923448E+001 -0.23561944901923448E+001
( 0.36431630564497264E+000, 0.31441863002079629E-017)
-0.23561944901923448E+001 -0.15707963267948966E+001
( 0.31518699802698003E+000, 0.29289520477974062E-016)
-0.23561944901923448E+001 -0.78539816339744828E+000
( 0.26335791848314249E+000, 0.86736173798840355E-017)
-0.23561944901923448E+001  0.00000000000000000E+000
( 0.24157271311239073E+000, 0.81132131966280156E-017)
-0.23561944901923448E+001  0.78539816339744828E+000
( 0.26514046208019471E+000, 0.21792463666958639E-016)
-0.23561944901923448E+001  0.15707963267948966E+001
( 0.31432472817485779E+000, 0.34313123616332797E-016)
-0.23561944901923448E+001  0.23561944901923448E+001
( 0.37190382360911411E+000, 0.17238814542519521E-016)
-0.23561944901923448E+001  0.31415926535897931E+001
( 0.39626950926510979E+000, 0.29250165716284274E-016)
-0.15707963267948966E+001 -0.23561944901923448E+001
( 0.31469755953790463E+000, 0.25804011705155006E-016)
-0.15707963267948966E+001 -0.15707963267948966E+001
( 0.25167633888787411E+000, 0.28148454055784211E-016)
-0.15707963267948966E+001 -0.78539816339744828E+000
( 0.19485283885587623E+000, 0.42283884726934673E-016)
-0.15707963267948966E+001  0.00000000000000000E+000
( 0.17104670828189900E+000, 0.30008462170107798E-016)
-0.15707963267948966E+001  0.78539816339744828E+000
( 0.19496253895818341E+000, 0.50849081889570158E-016)
-0.15707963267948966E+001  0.15707963267948966E+001
( 0.25260467222492206E+000, 0.52344099465909809E-016)
-0.15707963267948966E+001  0.23561944901923448E+001
( 0.31258807623509899E+000, 0.60064800355696946E-016)
-0.15707963267948966E+001  0.31415926535897931E+001
( 0.33463866000574188E+000, 0.26891651456548267E-016)
-0.78539816339744828E+000 -0.23561944901923448E+001
( 0.26480015956867342E+000, 0.21141942363467336E-016)
-0.78539816339744828E+000 -0.15707963267948966E+001
( 0.19459045905065067E+000, 0.32266347559631854E-016)
-0.78539816339744828E+000 -0.78539816339744828E+000
( 0.10672555371665252E+000, 0.20708261494473135E-016)
-0.78539816339744828E+000  0.00000000000000000E+000
( 0.67255270130637534E-001, 0.16437631917025730E-016)
-0.78539816339744828E+000  0.78539816339744828E+000
( 0.10700951782709096E+000, 0.26779793660391960E-016)
-0.78539816339744828E+000  0.15707963267948966E+001
( 0.19356968932612539E+000, 0.21948489957320707E-016)
-0.78539816339744828E+000  0.23561944901923448E+001
( 0.26471680814750176E+000, 0.22768245622195593E-017)
-0.78539816339744828E+000  0.31415926535897931E+001
( 0.29094047980413118E+000, 0.14056835916696111E-016)
 0.00000000000000000E+000 -0.23561944901923448E+001
( 0.23977466038236306E+000, 0.50957502106818708E-017)
 0.00000000000000000E+000 -0.15707963267948966E+001
( 0.17056773264768924E+000,-0.11896091992738622E-016)
 0.00000000000000000E+000 -0.78539816339744828E+000
( 0.68735223122458541E-001,-0.20599841277224584E-017)
 0.00000000000000000E+000  0.00000000000000000E+000
(-0.94641457965838338E-004, 0.00000000000000000E+000)
 0.00000000000000000E+000  0.78539816339744828E+000
( 0.68735223122458541E-001, 0.20599841277224584E-017)
 0.00000000000000000E+000  0.15707963267948966E+001
( 0.17056773264768924E+000, 0.11896091992738622E-016)
 0.00000000000000000E+000  0.23561944901923448E+001
( 0.23977466038236306E+000,-0.50957502106818708E-017)
 0.00000000000000000E+000  0.31415926535897931E+001
( 0.26791221440534108E+000,-0.49394467819806264E-018)
 0.78539816339744828E+000 -0.23561944901923448E+001
( 0.26471680814750176E+000,-0.22768245622195593E-017)
 0.78539816339744828E+000 -0.15707963267948966E+001
( 0.19356968932612539E+000,-0.21948489957320707E-016)
 0.78539816339744828E+000 -0.78539816339744828E+000
( 0.10700951782709096E+000,-0.26779793660391960E-016)
 0.78539816339744828E+000  0.00000000000000000E+000
( 0.67255270130637534E-001,-0.16437631917025730E-016)
 0.78539816339744828E+000  0.78539816339744828E+000
( 0.10672555371665252E+000,-0.20708261494473135E-016)
 0.78539816339744828E+000  0.15707963267948966E+001
( 0.19459045905065067E+000,-0.32266347559631854E-016)
 0.78539816339744828E+000  0.23561944901923448E+001
( 0.26480015956867342E+000,-0.21141942363467336E-016)
 0.78539816339744828E+000  0.31415926535897931E+001
( 0.29094047980413112E+000,-0.14634810930336576E-016)
 0.15707963267948966E+001 -0.23561944901923448E+001
( 0.31258807623509899E+000,-0.60064800355696946E-016)
 0.15707963267948966E+001 -0.15707963267948966E+001
( 0.25260467222492206E+000,-0.52344099465909809E-016)
 0.15707963267948966E+001 -0.78539816339744828E+000
( 0.19496253895818341E+000,-0.50849081889570158E-016)
 0.15707963267948966E+001  0.00000000000000000E+000
( 0.17104670828189900E+000,-0.30008462170107798E-016)
 0.15707963267948966E+001  0.78539816339744828E+000
( 0.19485283885587623E+000,-0.42283884726934673E-016)
 0.15707963267948966E+001  0.15707963267948966E+001
( 0.25167633888787411E+000,-0.28148454055784211E-016)
 0.15707963267948966E+001  0.23561944901923448E+001
( 0.31469755953790463E+000,-0.25804011705155006E-016)
 0.15707963267948966E+001  0.31415926535897931E+001
( 0.33463866000574188E+000,-0.27289458398144759E-016)
 0.23561944901923448E+001 -0.23561944901923448E+001
( 0.37190382360911411E+000,-0.17238814542519521E-016)
 0.23561944901923448E+001 -0.15707963267948966E+001
( 0.31432472817485779E+000,-0.34313123616332797E-016)
 0.23561944901923448E+001 -0.78539816339744828E+000
( 0.26514046208019471E+000,-0.21792463666958639E-016)
 0.23561944901923448E+001  0.00000000000000000E+000
( 0.24157271311239073E+000,-0.81132131966280156E-017)
 0.23561944901923448E+001  0.78539816339744828E+000
( 0.26335791848314249E+000,-0.86736173798840355E-017)
 0.23561944901923448E+001  0.15707963267948966E+001
( 0.31518699802698003E+000,-0.29289520477974062E-016)
 0.23561944901923448E+001  0.23561944901923448E+001
( 0.36431630564497264E+000,-0.31441863002079629E-017)
 0.23561944901923448E+001  0.31415926535897931E+001
( 0.39626950926510984E+000,-0.26033433126225467E-016)
 0.31415926535897931E+001 -0.23561944901923448E+001
( 0.39628464946886988E+000,-0.28514517136368767E-016)
 0.31415926535897931E+001 -0.15707963267948966E+001
( 0.34120695165589537E+000,-0.17035335324898928E-016)
 0.31415926535897931E+001 -0.78539816339744828E+000
( 0.29011205003730167E+000,-0.19624059321987630E-016)
 0.31415926535897931E+001  0.00000000000000000E+000
( 0.26935651997388121E+000,-0.38580485351285801E-018)
 0.31415926535897931E+001  0.78539816339744828E+000
( 0.29011205003730167E+000, 0.19081958235744878E-016)
 0.31415926535897931E+001  0.15707963267948966E+001
( 0.34120695165589537E+000, 0.14018484812648862E-016)
 0.31415926535897931E+001  0.23561944901923448E+001
( 0.39628464946886982E+000, 0.26454533008646308E-016)
 0.31415926535897931E+001  0.31415926535897931E+001
( 0.37927302445447164E+000,-0.61053156091228212E-017)
