          11           4   2.0000000000000000                1
     0.0000000        0.24678894        0.04485526
     0.1000000        0.14569311        0.04450867
     0.2000000        0.08791589        0.04364365
     0.3000000        0.05567077        0.04229477
     0.4000000        0.03262114        0.03937565
     0.5000000        0.01946247        0.03739944
     0.6000000        0.01437124        0.03667605
     0.7000000        0.00829737        0.03420181
     0.8000000       -0.00123885        0.03138140
     0.9000000       -0.00882668        0.03006091
     1.0000000       -0.01130859        0.02982712
