          51           4   10.000000000000000                1
     0.0000000        0.82930124        0.05212219
     0.1000000        0.61404838        0.01164112
     0.2000000        0.50331173        0.01409220
     0.3000000        0.38167594        0.01364072
     0.4000000        0.29724269        0.01457762
     0.5000000        0.21463953        0.01387935
     0.6000000        0.17497334        0.01602621
     0.7000000        0.13885613        0.01403856
     0.8000000        0.12315354        0.00679242
     0.9000000        0.09619131        0.00690963
     1.0000000        0.07896725        0.01582540
     1.1000000        0.05347690        0.02977811
     1.2000000        0.04269413        0.01501836
     1.3000000        0.04401734        0.01442546
     1.4000000        0.02130657        0.00803930
     1.5000000        0.01923384        0.01429739
     1.6000000        0.02152444        0.01534841
     1.7000000        0.02568380        0.01705207
     1.8000000        0.01813522        0.01192927
     1.9000000        0.03182427        0.02230329
     2.0000000        0.01570574        0.00633472
     2.1000000        0.02768147        0.00948880
     2.2000000        0.01809914        0.00634433
     2.3000000        0.01329209        0.01294504
     2.4000000        0.02109520        0.00629110
     2.5000000        0.00943688        0.00836496
     2.6000000        0.01430874        0.01493153
     2.7000000        0.01153926        0.01415349
     2.8000000        0.01506200        0.01728875
     2.9000000        0.01387086        0.02169757
     3.0000000       -0.00968618        0.02276692
     3.1000000        0.00936067        0.00792145
     3.2000000       -0.02348455        0.01242585
     3.3000000       -0.02111478        0.00968531
     3.4000000        0.00885332        0.01044761
     3.5000000        0.01386106        0.01487002
     3.6000000       -0.00480685        0.00903889
     3.7000000       -0.00583181        0.00790488
     3.8000000       -0.01110582        0.00823500
     3.9000000       -0.01104329        0.00648395
     4.0000000        0.00553979        0.02050968
     4.1000000        0.02194527        0.02223656
     4.2000000       -0.00654227        0.01672169
     4.3000000       -0.01495352        0.02671375
     4.4000000        0.00922681        0.01689964
     4.5000000        0.00186540        0.00859783
     4.6000000        0.01446819        0.01344035
     4.7000000       -0.01310328        0.01250719
     4.8000000        0.00031947        0.01418430
     4.9000000       -0.00104547        0.01790141
     5.0000000       -0.01234423        0.01815539
