          21           9   4.0000000000000000                1
     0.0000000        0.21798151        0.01188051
     0.1000000        0.14427472        0.00792304
     0.2000000        0.10036203        0.00592207
     0.3000000        0.07029274        0.00313303
     0.4000000        0.05309020        0.00455666
     0.5000000        0.03917916        0.00329516
     0.6000000        0.02942238        0.00234773
     0.7000000        0.01947038        0.00412292
     0.8000000        0.01842945        0.00244200
     0.9000000        0.01394190        0.00354002
     1.0000000        0.01164605        0.00255801
     1.1000000        0.00992807        0.00260092
     1.2000000        0.00919521        0.00187873
     1.3000000        0.00762282        0.00241988
     1.4000000        0.00600404        0.00267629
     1.5000000        0.00794328        0.00244246
     1.6000000        0.00559434        0.00323650
     1.7000000        0.00726066        0.00279259
     1.8000000        0.00572888        0.00215387
     1.9000000        0.00497630        0.00345706
     2.0000000        0.00524717        0.00261321
