          26           4   5.0000000000000000                1
     0.0000000        0.19669080        0.00454458
     0.1000000        0.12314077        0.00361720
     0.2000000        0.07824383        0.00256336
     0.3000000        0.05097208        0.00191702
     0.4000000        0.03416139        0.00152708
     0.5000000        0.02328133        0.00128856
     0.6000000        0.01627535        0.00116680
     0.7000000        0.01165809        0.00113357
     0.8000000        0.00850520        0.00096874
     0.9000000        0.00626683        0.00083128
     1.0000000        0.00475847        0.00079453
     1.1000000        0.00390809        0.00086593
     1.2000000        0.00348836        0.00098665
     1.3000000        0.00321758        0.00108046
     1.4000000        0.00299483        0.00110757
     1.5000000        0.00270050        0.00106240
     1.6000000        0.00235490        0.00097891
     1.7000000        0.00214306        0.00088895
     1.8000000        0.00203170        0.00079300
     1.9000000        0.00192531        0.00075094
     2.0000000        0.00186127        0.00079621
     2.1000000        0.00177725        0.00075149
     2.2000000        0.00172274        0.00064519
     2.3000000        0.00163625        0.00055118
     2.4000000        0.00152994        0.00049957
     2.5000000        0.00151618        0.00049551
