          51           9   10.000000000000000                1
     0.0000000        0.26047882        0.00661314
     0.1000000        0.15206917        0.00539266
     0.2000000        0.08981834        0.00431437
     0.3000000        0.05339267        0.00434877
     0.4000000        0.03277538        0.00286181
     0.5000000        0.02054119        0.00259064
     0.6000000        0.01096522        0.00427449
     0.7000000        0.01030820        0.00295883
     0.8000000        0.00691938        0.00291820
     0.9000000        0.00515264        0.00273959
     1.0000000        0.00346969        0.00299608
     1.1000000        0.00347687        0.00187070
     1.2000000        0.00144524        0.00192401
     1.3000000        0.00092255        0.00311702
     1.4000000        0.00097189        0.00280978
     1.5000000        0.00026096        0.00235962
     1.6000000        0.00046413        0.00312855
     1.7000000       -0.00163058        0.00230903
     1.8000000        0.00046282        0.00324774
     1.9000000       -0.00134581        0.00177570
     2.0000000       -0.00033339        0.00182174
     2.1000000       -0.00082764        0.00188126
     2.2000000       -0.00150099        0.00184722
     2.3000000       -0.00307053        0.00252922
     2.4000000        0.00111448        0.00180059
     2.5000000       -0.00000356        0.00252696
     2.6000000        0.00050515        0.00232610
     2.7000000       -0.00038024        0.00204774
     2.8000000        0.00129973        0.00261802
     2.9000000        0.00202360        0.00275778
     3.0000000        0.00207409        0.00297128
     3.1000000       -0.00209634        0.00255394
     3.2000000       -0.00042490        0.00276371
     3.3000000       -0.00115787        0.00268347
     3.4000000        0.00152129        0.00297805
     3.5000000        0.00058491        0.00255165
     3.6000000        0.00166341        0.00242887
     3.7000000        0.00441484        0.00469037
     3.8000000        0.00591127        0.00372350
     3.9000000        0.00523824        0.00209191
     4.0000000        0.00135788        0.00186964
     4.1000000       -0.00096835        0.00152810
     4.2000000       -0.00346859        0.00220758
     4.3000000       -0.00019875        0.00132944
     4.4000000        0.00259685        0.00265685
     4.5000000        0.00087362        0.00258355
     4.6000000       -0.00062877        0.00283197
     4.7000000       -0.00238767        0.00219935
     4.8000000       -0.00197630        0.00165252
     4.9000000        0.00207608        0.00094310
     5.0000000        0.00031294        0.00196103
