 0.10000000000000000E+001          1         36
( 0.99999999999999989E+000, 0.00000000000000000E+000)
-0.20943951023931953E+001 -0.20943951023931953E+001
( 0.92677103103090630E+000, 0.17763568394002505E-014)
-0.20943951023931953E+001 -0.10471975511965976E+001
( 0.68119097370050163E+000,-0.29605947323337506E-015)
-0.20943951023931953E+001  0.00000000000000000E+000
( 0.59730065207404925E+000,-0.88129237291632887E-015)
-0.20943951023931953E+001  0.10471975511965976E+001
( 0.67918084126126121E+000, 0.98686491077791697E-015)
-0.20943951023931953E+001  0.20943951023931953E+001
( 0.92672606790498624E+000, 0.39474596431116675E-015)
-0.20943951023931953E+001  0.31415926535897931E+001
( 0.11050685901248787E+001, 0.24982224845087989E-015)
-0.10471975511965976E+001 -0.20943951023931953E+001
( 0.67430126267404800E+000,-0.88817841970012523E-015)
-0.10471975511965976E+001 -0.10471975511965976E+001
( 0.50785884019501837E+000,-0.59211894646675012E-015)
-0.10471975511965976E+001  0.00000000000000000E+000
( 0.42400600748231826E+000, 0.58867592307485199E-015)
-0.10471975511965976E+001  0.10471975511965976E+001
( 0.50543402244164248E+000,-0.88817841970012523E-015)
-0.10471975511965976E+001  0.20943951023931953E+001
( 0.67377143484632729E+000,-0.39474596431116675E-015)
-0.10471975511965976E+001  0.31415926535897931E+001
( 0.76244252579070226E+000, 0.93672862894104889E-015)
 0.00000000000000000E+000 -0.20943951023931953E+001
( 0.58245843769829897E+000,-0.78949192862233350E-015)
 0.00000000000000000E+000 -0.10471975511965976E+001
( 0.41875059886834598E+000, 0.19737298215558337E-015)
 0.00000000000000000E+000  0.00000000000000000E+000
( 0.36328778472154340E+002, 0.00000000000000000E+000)
 0.00000000000000000E+000  0.10471975511965976E+001
( 0.41875059886834598E+000,-0.19737298215558337E-015)
 0.00000000000000000E+000  0.20943951023931953E+001
( 0.58245843769829897E+000, 0.78949192862233350E-015)
 0.00000000000000000E+000  0.31415926535897931E+001
( 0.65113178142452610E+000,-0.22046742191274658E-014)
 0.10471975511965976E+001 -0.20943951023931953E+001
( 0.67377143484632729E+000, 0.39474596431116675E-015)
 0.10471975511965976E+001 -0.10471975511965976E+001
( 0.50543402244164248E+000, 0.88817841970012523E-015)
 0.10471975511965976E+001  0.00000000000000000E+000
( 0.42400600748231826E+000,-0.58867592307485199E-015)
 0.10471975511965976E+001  0.10471975511965976E+001
( 0.50785884019501837E+000, 0.59211894646675012E-015)
 0.10471975511965976E+001  0.20943951023931953E+001
( 0.67430126267404800E+000, 0.88817841970012523E-015)
 0.10471975511965976E+001  0.31415926535897931E+001
( 0.76244252579070104E+000,-0.13284346969313026E-014)
 0.20943951023931953E+001 -0.20943951023931953E+001
( 0.92672606790498624E+000,-0.39474596431116675E-015)
 0.20943951023931953E+001 -0.10471975511965976E+001
( 0.67918084126126121E+000,-0.98686491077791697E-015)
 0.20943951023931953E+001  0.00000000000000000E+000
( 0.59730065207404925E+000, 0.88129237291632887E-015)
 0.20943951023931953E+001  0.10471975511965976E+001
( 0.68119097370050163E+000, 0.29605947323337506E-015)
 0.20943951023931953E+001  0.20943951023931953E+001
( 0.92677103103090608E+000,-0.17763568394002505E-014)
 0.20943951023931953E+001  0.31415926535897931E+001
( 0.11050685901248782E+001, 0.33925680169495684E-015)
 0.31415926535897931E+001 -0.20943951023931953E+001
( 0.10990542314562946E+001,-0.59211894646675012E-015)
 0.31415926535897931E+001 -0.10471975511965976E+001
( 0.75959734982922289E+000,-0.98686491077791687E-016)
 0.31415926535897931E+001  0.00000000000000000E+000
( 0.66017594000550295E+000,-0.22052944692336275E-014)
 0.31415926535897931E+001  0.10471975511965976E+001
( 0.75959734982922322E+000,-0.59211894646675012E-015)
 0.31415926535897931E+001  0.20943951023931953E+001
( 0.10990542314562950E+001, 0.78949192862233350E-015)
 0.31415926535897931E+001  0.31415926535897931E+001
( 0.15094825734236761E+001, 0.21032790351432738E-016)
 0.10000000000000000E+001          1         36
( 0.99999999999999989E+000, 0.00000000000000000E+000)
-0.20943951023931953E+001 -0.20943951023931953E+001
( 0.96273649368300174E+000, 0.12829243840112920E-014)
-0.20943951023931953E+001 -0.10471975511965976E+001
( 0.69514930362794847E+000, 0.19737298215558337E-015)
-0.20943951023931953E+001  0.00000000000000000E+000
( 0.60288235369517207E+000,-0.23615060324655847E-014)
-0.20943951023931953E+001  0.10471975511965976E+001
( 0.69832189523405797E+000,-0.39474596431116675E-015)
-0.20943951023931953E+001  0.20943951023931953E+001
( 0.96001334079961798E+000, 0.98686491077791687E-016)
-0.20943951023931953E+001  0.31415926535897931E+001
( 0.11455466591457493E+001, 0.21250210030919811E-014)
-0.10471975511965976E+001 -0.20943951023931953E+001
( 0.69623447535728189E+000,-0.16776703483224587E-014)
-0.10471975511965976E+001 -0.10471975511965976E+001
( 0.52091178807043492E+000, 0.00000000000000000E+000)
-0.10471975511965976E+001  0.00000000000000000E+000
( 0.43494859851756590E+000, 0.88469354299941723E-015)
-0.10471975511965976E+001  0.10471975511965976E+001
( 0.52179324661923254E+000, 0.59211894646675012E-015)
-0.10471975511965976E+001  0.20943951023931953E+001
( 0.69218158284853193E+000, 0.98686491077791687E-016)
-0.10471975511965976E+001  0.31415926535897931E+001
( 0.77708756439702331E+000,-0.74093431675821003E-015)
 0.00000000000000000E+000 -0.20943951023931953E+001
( 0.59707206035532423E+000,-0.14802973661668753E-014)
 0.00000000000000000E+000 -0.10471975511965976E+001
( 0.43165822843572466E+000, 0.69080543754454176E-015)
 0.00000000000000000E+000  0.00000000000000000E+000
( 0.36342405823850015E+002, 0.00000000000000000E+000)
 0.00000000000000000E+000  0.10471975511965976E+001
( 0.43165822843572466E+000,-0.69080543754454176E-015)
 0.00000000000000000E+000  0.20943951023931953E+001
( 0.59707206035532423E+000, 0.14802973661668753E-014)
 0.00000000000000000E+000  0.31415926535897931E+001
( 0.65943510008627804E+000,-0.22052091460258023E-014)
 0.10471975511965976E+001 -0.20943951023931953E+001
( 0.69218158284853193E+000,-0.98686491077791687E-016)
 0.10471975511965976E+001 -0.10471975511965976E+001
( 0.52179324661923254E+000,-0.59211894646675012E-015)
 0.10471975511965976E+001  0.00000000000000000E+000
( 0.43494859851756590E+000,-0.88469354299941723E-015)
 0.10471975511965976E+001  0.10471975511965976E+001
( 0.52091178807043492E+000, 0.00000000000000000E+000)
 0.10471975511965976E+001  0.20943951023931953E+001
( 0.69623447535728189E+000, 0.16776703483224587E-014)
 0.10471975511965976E+001  0.31415926535897931E+001
( 0.77708756439702298E+000, 0.15219572543129034E-015)
 0.20943951023931953E+001 -0.20943951023931953E+001
( 0.96001334079961798E+000,-0.98686491077791687E-016)
 0.20943951023931953E+001 -0.10471975511965976E+001
( 0.69832189523405797E+000, 0.39474596431116675E-015)
 0.20943951023931953E+001  0.00000000000000000E+000
( 0.60288235369517207E+000, 0.23615060324655847E-014)
 0.20943951023931953E+001  0.10471975511965976E+001
( 0.69514930362794847E+000,-0.19737298215558337E-015)
 0.20943951023931953E+001  0.20943951023931953E+001
( 0.96273649368300163E+000,-0.12829243840112920E-014)
 0.20943951023931953E+001  0.31415926535897931E+001
( 0.11455466591457495E+001,-0.84547697422051957E-015)
 0.31415926535897931E+001 -0.20943951023931953E+001
( 0.11451780171640780E+001, 0.69080543754454176E-015)
 0.31415926535897931E+001 -0.10471975511965976E+001
( 0.77913631680698470E+000, 0.98686491077791687E-016)
 0.31415926535897931E+001  0.00000000000000000E+000
( 0.66485694259571237E+000,-0.22051857555172705E-014)
 0.31415926535897931E+001  0.10471975511965976E+001
( 0.77913631680698481E+000,-0.49343245538895848E-015)
 0.31415926535897931E+001  0.20943951023931953E+001
( 0.11451780171640784E+001,-0.29605947323337506E-015)
 0.31415926535897931E+001  0.31415926535897931E+001
( 0.15799461246207327E+001, 0.22447691104110495E-016)
 0.10000000000000000E+001          1         36
( 0.99999999999999989E+000, 0.00000000000000000E+000)
-0.20943951023931953E+001 -0.20943951023931953E+001
( 0.94635559223626919E+000, 0.39474596431116675E-015)
-0.20943951023931953E+001 -0.10471975511965976E+001
( 0.68815304061681293E+000, 0.98686491077791687E-016)
-0.20943951023931953E+001  0.00000000000000000E+000
( 0.59360111734598831E+000,-0.28896457939656862E-015)
-0.20943951023931953E+001  0.10471975511965976E+001
( 0.68582630611652551E+000, 0.98686491077791687E-016)
-0.20943951023931953E+001  0.20943951023931953E+001
( 0.94431229077630618E+000, 0.39474596431116675E-015)
-0.20943951023931953E+001  0.31415926535897931E+001
( 0.11247938353197819E+001, 0.34869823490134491E-015)
-0.10471975511965976E+001 -0.20943951023931953E+001
( 0.68610855802073423E+000, 0.98686491077791687E-016)
-0.10471975511965976E+001 -0.10471975511965976E+001
( 0.51356764938282073E+000, 0.29605947323337506E-015)
-0.10471975511965976E+001  0.00000000000000000E+000
( 0.42637765054193799E+000, 0.16741229014040556E-014)
-0.10471975511965976E+001  0.10471975511965976E+001
( 0.51284210735454172E+000, 0.15789838572446670E-014)
-0.10471975511965976E+001  0.20943951023931953E+001
( 0.68602354208736227E+000, 0.69080543754454176E-015)
-0.10471975511965976E+001  0.31415926535897931E+001
( 0.76741314261881399E+000,-0.54364221936730840E-015)
 0.00000000000000000E+000 -0.20943951023931953E+001
( 0.59330798172531030E+000,-0.69080543754454176E-015)
 0.00000000000000000E+000 -0.10471975511965976E+001
( 0.42706678608450860E+000, 0.19737298215558337E-015)
 0.00000000000000000E+000  0.00000000000000000E+000
( 0.36332655735596724E+002, 0.00000000000000000E+000)
 0.00000000000000000E+000  0.10471975511965976E+001
( 0.42706678608450860E+000,-0.19737298215558337E-015)
 0.00000000000000000E+000  0.20943951023931953E+001
( 0.59330798172531030E+000, 0.69080543754454176E-015)
 0.00000000000000000E+000  0.31415926535897931E+001
( 0.65653855739720435E+000,-0.22048908102271912E-014)
 0.10471975511965976E+001 -0.20943951023931953E+001
( 0.68602354208736227E+000,-0.69080543754454176E-015)
 0.10471975511965976E+001 -0.10471975511965976E+001
( 0.51284210735454172E+000,-0.15789838572446670E-014)
 0.10471975511965976E+001  0.00000000000000000E+000
( 0.42637765054193799E+000,-0.16741229014040556E-014)
 0.10471975511965976E+001  0.10471975511965976E+001
( 0.51356764938282073E+000,-0.29605947323337506E-015)
 0.10471975511965976E+001  0.20943951023931953E+001
( 0.68610855802073423E+000,-0.98686491077791687E-016)
 0.10471975511965976E+001  0.31415926535897931E+001
( 0.76741314261881399E+000, 0.34939419571205650E-015)
 0.20943951023931953E+001 -0.20943951023931953E+001
( 0.94431229077630618E+000,-0.39474596431116675E-015)
 0.20943951023931953E+001 -0.10471975511965976E+001
( 0.68582630611652551E+000,-0.98686491077791687E-016)
 0.20943951023931953E+001  0.00000000000000000E+000
( 0.59360111734598831E+000, 0.28896457939656862E-015)
 0.20943951023931953E+001  0.10471975511965976E+001
( 0.68815304061681293E+000,-0.98686491077791687E-016)
 0.20943951023931953E+001  0.20943951023931953E+001
( 0.94635559223626897E+000,-0.39474596431116675E-015)
 0.20943951023931953E+001  0.31415926535897931E+001
( 0.11247938353197819E+001, 0.93110119060961560E-015)
 0.31415926535897931E+001 -0.20943951023931953E+001
( 0.11268992316563475E+001, 0.69080543754454176E-015)
 0.31415926535897931E+001 -0.10471975511965976E+001
( 0.76966407252552393E+000, 0.98686491077791687E-016)
 0.31415926535897931E+001  0.00000000000000000E+000
( 0.65764295575504716E+000,-0.22049434788550919E-014)
 0.31415926535897931E+001  0.10471975511965976E+001
( 0.76966407252552338E+000,-0.49343245538895848E-015)
 0.31415926535897931E+001  0.20943951023931953E+001
( 0.11268992316563478E+001,-0.29605947323337506E-015)
 0.31415926535897931E+001  0.31415926535897931E+001
( 0.15522945365355556E+001, 0.22115642814615831E-016)
 0.10000000000000000E+001          1         36
( 0.99999999999999989E+000, 0.00000000000000000E+000)
-0.20943951023931953E+001 -0.20943951023931953E+001
( 0.92797735467198450E+000, 0.49343245538895848E-015)
-0.20943951023931953E+001 -0.10471975511965976E+001
( 0.67671876431340272E+000, 0.29605947323337506E-015)
-0.20943951023931953E+001  0.00000000000000000E+000
( 0.58507080476238726E+000,-0.24600591235136864E-014)
-0.20943951023931953E+001  0.10471975511965976E+001
( 0.67690178888249875E+000, 0.11842378929335002E-014)
-0.20943951023931953E+001  0.20943951023931953E+001
( 0.92964031458923713E+000, 0.29605947323337506E-015)
-0.20943951023931953E+001  0.31415926535897931E+001
( 0.11044171374604461E+001, 0.34853295103352264E-015)
-0.10471975511965976E+001 -0.20943951023931953E+001
( 0.67729372756146633E+000,-0.69080543754454176E-015)
-0.10471975511965976E+001 -0.10471975511965976E+001
( 0.50517582814778539E+000, 0.00000000000000000E+000)
-0.10471975511965976E+001  0.00000000000000000E+000
( 0.41900660777288889E+000, 0.11806863162179475E-014)
-0.10471975511965976E+001  0.10471975511965976E+001
( 0.50558834180058387E+000,-0.19737298215558337E-015)
-0.10471975511965976E+001  0.20943951023931953E+001
( 0.67844903586636529E+000,-0.39474596431116675E-015)
-0.10471975511965976E+001  0.31415926535897931E+001
( 0.76025380294910971E+000, 0.34447015833813037E-015)
 0.00000000000000000E+000 -0.20943951023931953E+001
( 0.58757000063807785E+000,-0.39474596431116675E-015)
 0.00000000000000000E+000 -0.10471975511965976E+001
( 0.41969741907096625E+000, 0.12829243840112920E-014)
 0.00000000000000000E+000  0.00000000000000000E+000
( 0.36325379240233524E+002, 0.00000000000000000E+000)
 0.00000000000000000E+000  0.10471975511965976E+001
( 0.41969741907096625E+000,-0.12829243840112920E-014)
 0.00000000000000000E+000  0.20943951023931953E+001
( 0.58757000063807785E+000, 0.39474596431116675E-015)
 0.00000000000000000E+000  0.31415926535897931E+001
( 0.64987862458106505E+000,-0.22050528438149874E-014)
 0.10471975511965976E+001 -0.20943951023931953E+001
( 0.67844903586636529E+000, 0.39474596431116675E-015)
 0.10471975511965976E+001 -0.10471975511965976E+001
( 0.50558834180058387E+000, 0.19737298215558337E-015)
 0.10471975511965976E+001  0.00000000000000000E+000
( 0.41900660777288889E+000,-0.11806863162179475E-014)
 0.10471975511965976E+001  0.10471975511965976E+001
( 0.50517582814778539E+000, 0.00000000000000000E+000)
 0.10471975511965976E+001  0.20943951023931953E+001
( 0.67729372756146633E+000, 0.69080543754454176E-015)
 0.10471975511965976E+001  0.31415926535897931E+001
( 0.76025380294910816E+000,-0.34193993555218844E-015)
 0.20943951023931953E+001 -0.20943951023931953E+001
( 0.92964031458923713E+000,-0.29605947323337506E-015)
 0.20943951023931953E+001 -0.10471975511965976E+001
( 0.67690178888249875E+000,-0.11842378929335002E-014)
 0.20943951023931953E+001  0.00000000000000000E+000
( 0.58507080476238726E+000, 0.24600591235136864E-014)
 0.20943951023931953E+001  0.10471975511965976E+001
( 0.67671876431340272E+000,-0.29605947323337506E-015)
 0.20943951023931953E+001  0.20943951023931953E+001
( 0.92797735467198406E+000,-0.49343245538895848E-015)
 0.20943951023931953E+001  0.31415926535897931E+001
( 0.11044171374604452E+001,-0.25237668274167309E-015)
 0.31415926535897931E+001 -0.20943951023931953E+001
( 0.11019680922633688E+001, 0.69080543754454176E-015)
 0.31415926535897931E+001 -0.10471975511965976E+001
( 0.75913610606355775E+000,-0.49343245538895848E-015)
 0.31415926535897931E+001  0.00000000000000000E+000
( 0.64961756255586778E+000,-0.22048473660152044E-014)
 0.31415926535897931E+001  0.10471975511965976E+001
( 0.75913610606355697E+000, 0.98686491077791687E-016)
 0.31415926535897931E+001  0.20943951023931953E+001
( 0.11019680922633688E+001, 0.98686491077791687E-016)
 0.31415926535897931E+001  0.31415926535897931E+001
( 0.15014223125586992E+001, 0.20167348566458907E-016)
 0.10000000000000000E+001          1         36
( 0.99999999999999989E+000, 0.00000000000000000E+000)
-0.20943951023931953E+001 -0.20943951023931953E+001
( 0.94469996503120546E+000, 0.98686491077791697E-015)
-0.20943951023931953E+001 -0.10471975511965976E+001
( 0.68559910426345028E+000, 0.78949192862233350E-015)
-0.20943951023931953E+001  0.00000000000000000E+000
( 0.59191340089367761E+000,-0.19033620969246528E-015)
-0.20943951023931953E+001  0.10471975511965976E+001
( 0.68358452946686710E+000, 0.78949192862233350E-015)
-0.20943951023931953E+001  0.20943951023931953E+001
( 0.94419328281071357E+000,-0.98686491077791687E-016)
-0.20943951023931953E+001  0.31415926535897931E+001
( 0.11267240818575652E+001,-0.14474439349385056E-015)
-0.10471975511965976E+001 -0.20943951023931953E+001
( 0.68737190785349467E+000,-0.98686491077791697E-015)
-0.10471975511965976E+001 -0.10471975511965976E+001
( 0.51325818351464425E+000,-0.59211894646675012E-015)
-0.10471975511965976E+001  0.00000000000000000E+000
( 0.42473766454965534E+000, 0.18715249442464828E-014)
-0.10471975511965976E+001  0.10471975511965976E+001
( 0.51112769533571800E+000,-0.39474596431116675E-015)
-0.10471975511965976E+001  0.20943951023931953E+001
( 0.68454388377928344E+000,-0.59211894646675012E-015)
-0.10471975511965976E+001  0.31415926535897931E+001
( 0.76884295702849670E+000,-0.54354074753152576E-015)
 0.00000000000000000E+000 -0.20943951023931953E+001
( 0.59297016356319787E+000,-0.69080543754454176E-015)
 0.00000000000000000E+000 -0.10471975511965976E+001
( 0.42650234094954298E+000, 0.59211894646675012E-015)
 0.00000000000000000E+000  0.00000000000000000E+000
( 0.36331147346556691E+002, 0.00000000000000000E+000)
 0.00000000000000000E+000  0.10471975511965976E+001
( 0.42650234094954298E+000,-0.59211894646675012E-015)
 0.00000000000000000E+000  0.20943951023931953E+001
( 0.59297016356319787E+000, 0.69080543754454176E-015)
 0.00000000000000000E+000  0.31415926535897931E+001
( 0.65707427884272340E+000,-0.22047933983587199E-014)
 0.10471975511965976E+001 -0.20943951023931953E+001
( 0.68454388377928344E+000, 0.59211894646675012E-015)
 0.10471975511965976E+001 -0.10471975511965976E+001
( 0.51112769533571800E+000, 0.39474596431116675E-015)
 0.10471975511965976E+001  0.00000000000000000E+000
( 0.42473766454965534E+000,-0.18715249442464828E-014)
 0.10471975511965976E+001  0.10471975511965976E+001
( 0.51325818351464425E+000, 0.59211894646675012E-015)
 0.10471975511965976E+001  0.20943951023931953E+001
( 0.68737190785349467E+000, 0.98686491077791697E-015)
 0.10471975511965976E+001  0.31415926535897931E+001
( 0.76884295702849748E+000,-0.45067699104236344E-016)
 0.20943951023931953E+001 -0.20943951023931953E+001
( 0.94419328281071357E+000, 0.98686491077791687E-016)
 0.20943951023931953E+001 -0.10471975511965976E+001
( 0.68358452946686710E+000,-0.78949192862233350E-015)
 0.20943951023931953E+001  0.00000000000000000E+000
( 0.59191340089367761E+000, 0.19033620969246528E-015)
 0.20943951023931953E+001  0.10471975511965976E+001
( 0.68559910426345028E+000,-0.78949192862233350E-015)
 0.20943951023931953E+001  0.20943951023931953E+001
( 0.94469996503120546E+000,-0.98686491077791697E-015)
 0.20943951023931953E+001  0.31415926535897931E+001
( 0.11267240818575655E+001, 0.53597985797402939E-015)
 0.31415926535897931E+001 -0.20943951023931953E+001
( 0.11229800343914706E+001,-0.98686491077791687E-016)
 0.31415926535897931E+001 -0.10471975511965976E+001
( 0.76819529641472617E+000,-0.78949192862233350E-015)
 0.31415926535897931E+001  0.00000000000000000E+000
( 0.65491494535188188E+000,-0.22050123138295094E-014)
 0.31415926535897931E+001  0.10471975511965976E+001
( 0.76819529641472550E+000, 0.69080543754454176E-015)
 0.31415926535897931E+001  0.20943951023931953E+001
( 0.11229800343914706E+001, 0.29605947323337506E-015)
 0.31415926535897931E+001  0.31415926535897931E+001
( 0.15596069738380716E+001, 0.23384201872908417E-016)
 0.10000000000000000E+001          1         36
( 0.99999999999999989E+000, 0.00000000000000000E+000)
-0.20943951023931953E+001 -0.20943951023931953E+001
( 0.93005542311263367E+000, 0.15789838572446670E-014)
-0.20943951023931953E+001 -0.10471975511965976E+001
( 0.67954298215227549E+000, 0.19737298215558337E-015)
-0.20943951023931953E+001  0.00000000000000000E+000
( 0.59088277294158331E+000,-0.88108671173783591E-015)
-0.20943951023931953E+001  0.10471975511965976E+001
( 0.68252628560317707E+000, 0.15789838572446670E-014)
-0.20943951023931953E+001  0.20943951023931953E+001
( 0.93326202120633694E+000,-0.59211894646675012E-015)
-0.20943951023931953E+001  0.31415926535897931E+001
( 0.11014670360402210E+001,-0.93443845145854597E-015)
-0.10471975511965976E+001 -0.20943951023931953E+001
( 0.67818368660535555E+000, 0.49343245538895848E-015)
-0.10471975511965976E+001 -0.10471975511965976E+001
( 0.50766732676332837E+000,-0.39474596431116675E-015)
-0.10471975511965976E+001  0.00000000000000000E+000
( 0.42267647199099495E+000,-0.29960532721451972E-015)
-0.10471975511965976E+001  0.10471975511965976E+001
( 0.50927351506855512E+000,-0.49343245538895848E-015)
-0.10471975511965976E+001  0.20943951023931953E+001
( 0.67987310215555941E+000, 0.00000000000000000E+000)
-0.10471975511965976E+001  0.31415926535897931E+001
( 0.75900140498919910E+000, 0.20221117402938346E-014)
 0.00000000000000000E+000 -0.20943951023931953E+001
( 0.58901127746010229E+000,-0.23684757858670005E-014)
 0.00000000000000000E+000 -0.10471975511965976E+001
( 0.42270996642884034E+000, 0.39474596431116675E-015)
 0.00000000000000000E+000  0.00000000000000000E+000
( 0.36327614393193230E+002, 0.00000000000000000E+000)
 0.00000000000000000E+000  0.10471975511965976E+001
( 0.42270996642884034E+000,-0.39474596431116675E-015)
 0.00000000000000000E+000  0.20943951023931953E+001
( 0.58901127746010229E+000, 0.23684757858670005E-014)
 0.00000000000000000E+000  0.31415926535897931E+001
( 0.65042701277542392E+000,-0.22049637032252952E-014)
 0.10471975511965976E+001 -0.20943951023931953E+001
( 0.67987310215555941E+000, 0.00000000000000000E+000)
 0.10471975511965976E+001 -0.10471975511965976E+001
( 0.50927351506855512E+000, 0.49343245538895848E-015)
 0.10471975511965976E+001  0.00000000000000000E+000
( 0.42267647199099495E+000, 0.29960532721451972E-015)
 0.10471975511965976E+001  0.10471975511965976E+001
( 0.50766732676332837E+000, 0.39474596431116675E-015)
 0.10471975511965976E+001  0.20943951023931953E+001
( 0.67818368660535555E+000,-0.49343245538895848E-015)
 0.10471975511965976E+001  0.31415926535897931E+001
( 0.75900140498919788E+000,-0.53949325376958882E-015)
 0.20943951023931953E+001 -0.20943951023931953E+001
( 0.93326202120633694E+000, 0.59211894646675012E-015)
 0.20943951023931953E+001 -0.10471975511965976E+001
( 0.68252628560317707E+000,-0.15789838572446670E-014)
 0.20943951023931953E+001  0.00000000000000000E+000
( 0.59088277294158331E+000, 0.88108671173783591E-015)
 0.20943951023931953E+001  0.10471975511965976E+001
( 0.67954298215227549E+000,-0.19737298215558337E-015)
 0.20943951023931953E+001  0.20943951023931953E+001
( 0.93005542311263367E+000,-0.15789838572446670E-014)
 0.20943951023931953E+001  0.31415926535897931E+001
( 0.11014670360402214E+001, 0.14255497864901337E-014)
 0.31415926535897931E+001 -0.20943951023931953E+001
( 0.11064881883639210E+001, 0.49343245538895848E-015)
 0.31415926535897931E+001 -0.10471975511965976E+001
( 0.76447684102303526E+000,-0.29605947323337506E-015)
 0.31415926535897931E+001  0.00000000000000000E+000
( 0.65586982160663820E+000,-0.22048637212853307E-014)
 0.31415926535897931E+001  0.10471975511965976E+001
( 0.76447684102303493E+000,-0.78949192862233350E-015)
 0.31415926535897931E+001  0.20943951023931953E+001
( 0.11064881883639204E+001, 0.69080543754454176E-015)
 0.31415926535897931E+001  0.31415926535897931E+001
( 0.14929777491899474E+001, 0.19025176258482779E-016)
 0.10000000000000000E+001          1         36
( 0.99999999999999989E+000, 0.00000000000000000E+000)
-0.20943951023931953E+001 -0.20943951023931953E+001
( 0.94640374888350243E+000, 0.11842378929335002E-014)
-0.20943951023931953E+001 -0.10471975511965976E+001
( 0.68452714303918449E+000,-0.19737298215558337E-015)
-0.20943951023931953E+001  0.00000000000000000E+000
( 0.59189122945771677E+000,-0.11770478858998807E-014)
-0.20943951023931953E+001  0.10471975511965976E+001
( 0.68444563916948464E+000, 0.19737298215558337E-015)
-0.20943951023931953E+001  0.20943951023931953E+001
( 0.94836111524273836E+000,-0.11842378929335002E-014)
-0.20943951023931953E+001  0.31415926535897931E+001
( 0.11301631831712242E+001,-0.21183468029818670E-014)
-0.10471975511965976E+001 -0.20943951023931953E+001
( 0.68707997081859573E+000, 0.00000000000000000E+000)
-0.10471975511965976E+001 -0.10471975511965976E+001
( 0.51216458824040001E+000, 0.00000000000000000E+000)
-0.10471975511965976E+001  0.00000000000000000E+000
( 0.42494427222745340E+000, 0.12793293804944822E-014)
-0.10471975511965976E+001  0.10471975511965976E+001
( 0.51069776327511263E+000,-0.78949192862233350E-015)
-0.10471975511965976E+001  0.20943951023931953E+001
( 0.68482549291811634E+000, 0.88817841970012523E-015)
-0.10471975511965976E+001  0.31415926535897931E+001
( 0.76933140333637096E+000, 0.48479285521400543E-016)
 0.00000000000000000E+000 -0.20943951023931953E+001
( 0.59289092091216633E+000,-0.29605947323337506E-015)
 0.00000000000000000E+000 -0.10471975511965976E+001
( 0.42504501694441393E+000, 0.15789838572446670E-014)
 0.00000000000000000E+000  0.00000000000000000E+000
( 0.36329773251294569E+002, 0.00000000000000000E+000)
 0.00000000000000000E+000  0.10471975511965976E+001
( 0.42504501694441393E+000,-0.15789838572446670E-014)
 0.00000000000000000E+000  0.20943951023931953E+001
( 0.59289092091216633E+000, 0.29605947323337506E-015)
 0.00000000000000000E+000  0.31415926535897931E+001
( 0.65838119432219677E+000,-0.22047980000894874E-014)
 0.10471975511965976E+001 -0.20943951023931953E+001
( 0.68482549291811634E+000,-0.88817841970012523E-015)
 0.10471975511965976E+001 -0.10471975511965976E+001
( 0.51069776327511263E+000, 0.78949192862233350E-015)
 0.10471975511965976E+001  0.00000000000000000E+000
( 0.42494427222745340E+000,-0.12793293804944822E-014)
 0.10471975511965976E+001  0.10471975511965976E+001
( 0.51216458824040001E+000, 0.00000000000000000E+000)
 0.10471975511965976E+001  0.20943951023931953E+001
( 0.68707997081859573E+000, 0.00000000000000000E+000)
 0.10471975511965976E+001  0.31415926535897931E+001
( 0.76933140333637173E+000, 0.74438231341226060E-015)
 0.20943951023931953E+001 -0.20943951023931953E+001
( 0.94836111524273836E+000, 0.11842378929335002E-014)
 0.20943951023931953E+001 -0.10471975511965976E+001
( 0.68444563916948464E+000,-0.19737298215558337E-015)
 0.20943951023931953E+001  0.00000000000000000E+000
( 0.59189122945771677E+000, 0.11770478858998807E-014)
 0.20943951023931953E+001  0.10471975511965976E+001
( 0.68452714303918449E+000, 0.19737298215558337E-015)
 0.20943951023931953E+001  0.20943951023931953E+001
( 0.94640374888350220E+000,-0.11842378929335002E-014)
 0.20943951023931953E+001  0.31415926535897931E+001
( 0.11301631831712242E+001, 0.22136636237483305E-014)
 0.31415926535897931E+001 -0.20943951023931953E+001
( 0.11324501165034102E+001,-0.88817841970012523E-015)
 0.31415926535897931E+001 -0.10471975511965976E+001
( 0.76738933441758139E+000,-0.88817841970012523E-015)
 0.31415926535897931E+001  0.00000000000000000E+000
( 0.65688025007903816E+000,-0.22047798171931741E-014)
 0.31415926535897931E+001  0.10471975511965976E+001
( 0.76738933441758117E+000, 0.49343245538895848E-015)
 0.31415926535897931E+001  0.20943951023931953E+001
( 0.11324501165034100E+001, 0.14802973661668753E-014)
 0.31415926535897931E+001  0.31415926535897931E+001
( 0.15692402387599829E+001, 0.22743767404565827E-016)
 0.10000000000000000E+001          1         36
( 0.99999999999999978E+000, 0.00000000000000000E+000)
-0.20943951023931953E+001 -0.20943951023931953E+001
( 0.96215690767467832E+000, 0.88817841970012523E-015)
-0.20943951023931953E+001 -0.10471975511965976E+001
( 0.69413380404540914E+000,-0.49343245538895848E-015)
-0.20943951023931953E+001  0.00000000000000000E+000
( 0.59964172031049734E+000,-0.19667091947867919E-014)
-0.20943951023931953E+001  0.10471975511965976E+001
( 0.69685151161404169E+000, 0.15789838572446670E-014)
-0.20943951023931953E+001  0.20943951023931953E+001
( 0.96941105836361252E+000,-0.19737298215558337E-015)
-0.20943951023931953E+001  0.31415926535897931E+001
( 0.11537936788598808E+001, 0.64486036255986865E-015)
-0.10471975511965976E+001 -0.20943951023931953E+001
( 0.69985856617921272E+000, 0.39474596431116675E-015)
-0.10471975511965976E+001 -0.10471975511965976E+001
( 0.52178811971131700E+000,-0.29605947323337506E-015)
-0.10471975511965976E+001  0.00000000000000000E+000
( 0.43565773276960540E+000,-0.39825627769568766E-015)
-0.10471975511965976E+001  0.10471975511965976E+001
( 0.52444852598766978E+000,-0.59211894646675012E-015)
-0.10471975511965976E+001  0.20943951023931953E+001
( 0.69973118830749925E+000, 0.59211894646675012E-015)
-0.10471975511965976E+001  0.31415926535897931E+001
( 0.78710910144644564E+000,-0.24733404257066160E-015)
 0.00000000000000000E+000 -0.20943951023931953E+001
( 0.60742289520487902E+000,-0.39474596431116675E-015)
 0.00000000000000000E+000 -0.10471975511965976E+001
( 0.43703872327831039E+000, 0.10855514018557085E-014)
 0.00000000000000000E+000  0.00000000000000000E+000
( 0.36344795135828157E+002, 0.00000000000000000E+000)
 0.00000000000000000E+000  0.10471975511965976E+001
( 0.43703872327831039E+000,-0.10855514018557085E-014)
 0.00000000000000000E+000  0.20943951023931953E+001
( 0.60742289520487902E+000, 0.39474596431116675E-015)
 0.00000000000000000E+000  0.31415926535897931E+001
( 0.67023275461132115E+000,-0.22053029746345133E-014)
 0.10471975511965976E+001 -0.20943951023931953E+001
( 0.69973118830749925E+000,-0.59211894646675012E-015)
 0.10471975511965976E+001 -0.10471975511965976E+001
( 0.52444852598766978E+000, 0.59211894646675012E-015)
 0.10471975511965976E+001  0.00000000000000000E+000
( 0.43565773276960540E+000, 0.39825627769568766E-015)
 0.10471975511965976E+001  0.10471975511965976E+001
( 0.52178811971131700E+000, 0.29605947323337506E-015)
 0.10471975511965976E+001  0.20943951023931953E+001
( 0.69985856617921272E+000,-0.39474596431116675E-015)
 0.10471975511965976E+001  0.31415926535897931E+001
( 0.78710910144644763E+000, 0.74509157956333547E-015)
 0.20943951023931953E+001 -0.20943951023931953E+001
( 0.96941105836361252E+000, 0.19737298215558337E-015)
 0.20943951023931953E+001 -0.10471975511965976E+001
( 0.69685151161404169E+000,-0.15789838572446670E-014)
 0.20943951023931953E+001  0.00000000000000000E+000
( 0.59964172031049734E+000, 0.19667091947867919E-014)
 0.20943951023931953E+001  0.10471975511965976E+001
( 0.69413380404540914E+000, 0.49343245538895848E-015)
 0.20943951023931953E+001  0.20943951023931953E+001
( 0.96215690767467787E+000,-0.88817841970012523E-015)
 0.20943951023931953E+001  0.31415926535897931E+001
( 0.11537936788598806E+001, 0.14030648445874959E-015)
 0.31415926535897931E+001 -0.20943951023931953E+001
( 0.11517884835797858E+001,-0.29605947323337506E-015)
 0.31415926535897931E+001 -0.10471975511965976E+001
( 0.77701296428703781E+000, 0.12829243840112920E-014)
 0.31415926535897931E+001  0.00000000000000000E+000
( 0.66190847772739891E+000,-0.22050288930543827E-014)
 0.31415926535897931E+001  0.10471975511965976E+001
( 0.77701296428703726E+000,-0.17763568394002505E-014)
 0.31415926535897931E+001  0.20943951023931953E+001
( 0.11517884835797858E+001, 0.59211894646675012E-015)
 0.31415926535897931E+001  0.31415926535897931E+001
( 0.16103190672069587E+001, 0.24834410903632496E-016)
 0.10000000000000000E+001          1         36
( 0.99999999999999989E+000, 0.00000000000000000E+000)
-0.20943951023931953E+001 -0.20943951023931953E+001
( 0.93206082558037640E+000, 0.49343245538895848E-015)
-0.20943951023931953E+001 -0.10471975511965976E+001
( 0.68078355939601432E+000,-0.49343245538895848E-015)
-0.20943951023931953E+001  0.00000000000000000E+000
( 0.59132197745230342E+000,-0.97977372147702516E-015)
-0.20943951023931953E+001  0.10471975511965976E+001
( 0.68105168996181698E+000,-0.59211894646675012E-015)
-0.20943951023931953E+001  0.20943951023931953E+001
( 0.93209133383244147E+000,-0.98686491077791687E-016)
-0.20943951023931953E+001  0.31415926535897931E+001
( 0.11063735827484000E+001, 0.52423192290569776E-016)
-0.10471975511965976E+001 -0.20943951023931953E+001
( 0.67481050859245229E+000, 0.98686491077791697E-015)
-0.10471975511965976E+001 -0.10471975511965976E+001
( 0.50443302037574944E+000,-0.49343245538895848E-015)
-0.10471975511965976E+001  0.00000000000000000E+000
( 0.41986022073973767E+000,-0.20091857680602920E-015)
-0.10471975511965976E+001  0.10471975511965976E+001
( 0.50577374774315609E+000, 0.69080543754454176E-015)
-0.10471975511965976E+001  0.20943951023931953E+001
( 0.67746038173084677E+000, 0.39474596431116675E-015)
-0.10471975511965976E+001  0.31415926535897931E+001
( 0.75745901268148563E+000,-0.10371788459486427E-014)
 0.00000000000000000E+000 -0.20943951023931953E+001
( 0.58370612706042380E+000,-0.12829243840112920E-014)
 0.00000000000000000E+000 -0.10471975511965976E+001
( 0.41737395490400370E+000, 0.98686491077791687E-016)
 0.00000000000000000E+000  0.00000000000000000E+000
( 0.36322405933013670E+002, 0.00000000000000000E+000)
 0.00000000000000000E+000  0.10471975511965976E+001
( 0.41737395490400370E+000,-0.98686491077791687E-016)
 0.00000000000000000E+000  0.20943951023931953E+001
( 0.58370612706042380E+000, 0.12829243840112920E-014)
 0.00000000000000000E+000  0.31415926535897931E+001
( 0.64704949547515866E+000,-0.22048553697062816E-014)
 0.10471975511965976E+001 -0.20943951023931953E+001
( 0.67746038173084677E+000,-0.39474596431116675E-015)
 0.10471975511965976E+001 -0.10471975511965976E+001
( 0.50577374774315609E+000,-0.69080543754454176E-015)
 0.10471975511965976E+001  0.00000000000000000E+000
( 0.41986022073973767E+000, 0.20091857680602920E-015)
 0.10471975511965976E+001  0.10471975511965976E+001
( 0.50443302037574944E+000, 0.49343245538895848E-015)
 0.10471975511965976E+001  0.20943951023931953E+001
( 0.67481050859245229E+000,-0.98686491077791697E-015)
 0.10471975511965976E+001  0.31415926535897931E+001
( 0.75745901268148441E+000, 0.54602352553571170E-015)
 0.20943951023931953E+001 -0.20943951023931953E+001
( 0.93209133383244147E+000, 0.98686491077791687E-016)
 0.20943951023931953E+001 -0.10471975511965976E+001
( 0.68105168996181698E+000, 0.59211894646675012E-015)
 0.20943951023931953E+001  0.00000000000000000E+000
( 0.59132197745230342E+000, 0.97977372147702516E-015)
 0.20943951023931953E+001  0.10471975511965976E+001
( 0.68078355939601432E+000, 0.49343245538895848E-015)
 0.20943951023931953E+001  0.20943951023931953E+001
( 0.93206082558037628E+000,-0.49343245538895848E-015)
 0.20943951023931953E+001  0.31415926535897931E+001
( 0.11063735827484003E+001, 0.43873212812236140E-015)
 0.31415926535897931E+001 -0.20943951023931953E+001
( 0.11079593322888273E+001, 0.98686491077791697E-015)
 0.31415926535897931E+001 -0.10471975511965976E+001
( 0.76429649315589776E+000,-0.29605947323337506E-015)
 0.31415926535897931E+001  0.00000000000000000E+000
( 0.65707537419174933E+000,-0.22048696546231003E-014)
 0.31415926535897931E+001  0.10471975511965976E+001
( 0.76429649315589787E+000, 0.39474596431116675E-015)
 0.31415926535897931E+001  0.20943951023931953E+001
( 0.11079593322888273E+001,-0.29605947323337506E-015)
 0.31415926535897931E+001  0.31415926535897931E+001
( 0.15022421300697026E+001, 0.19300713513278036E-016)
 0.10000000000000000E+001          1         36
( 0.99999999999999989E+000, 0.00000000000000000E+000)
-0.20943951023931953E+001 -0.20943951023931953E+001
( 0.94169225132313283E+000, 0.98686491077791697E-015)
-0.20943951023931953E+001 -0.10471975511965976E+001
( 0.68556482272355979E+000,-0.98686491077791687E-016)
-0.20943951023931953E+001  0.00000000000000000E+000
( 0.59681137793874062E+000,-0.22627115624928247E-014)
-0.20943951023931953E+001  0.10471975511965976E+001
( 0.68825347503818801E+000, 0.88817841970012523E-015)
-0.20943951023931953E+001  0.20943951023931953E+001
( 0.94739036311644220E+000,-0.59211894646675012E-015)
-0.20943951023931953E+001  0.31415926535897931E+001
( 0.11266365429228011E+001, 0.15157972448962560E-015)
-0.10471975511965976E+001 -0.20943951023931953E+001
( 0.68130623683616931E+000,-0.19737298215558337E-015)
-0.10471975511965976E+001 -0.10471975511965976E+001
( 0.50943910580972307E+000,-0.88817841970012523E-015)
-0.10471975511965976E+001  0.00000000000000000E+000
( 0.42591352938087779E+000, 0.18715044643298498E-014)
-0.10471975511965976E+001  0.10471975511965976E+001
( 0.51140390137869851E+000,-0.69080543754454176E-015)
-0.10471975511965976E+001  0.20943951023931953E+001
( 0.68405363895386306E+000,-0.98686491077791697E-015)
-0.10471975511965976E+001  0.31415926535897931E+001
( 0.76483590142223268E+000,-0.74096936058646809E-015)
 0.00000000000000000E+000 -0.20943951023931953E+001
( 0.58956810474676524E+000,-0.88817841970012523E-015)
 0.00000000000000000E+000 -0.10471975511965976E+001
( 0.42435133818489712E+000, 0.12829243840112920E-014)
 0.00000000000000000E+000  0.00000000000000000E+000
( 0.36331100112125867E+002, 0.00000000000000000E+000)
 0.00000000000000000E+000  0.10471975511965976E+001
( 0.42435133818489712E+000,-0.12829243840112920E-014)
 0.00000000000000000E+000  0.20943951023931953E+001
( 0.58956810474676524E+000, 0.88817841970012523E-015)
 0.00000000000000000E+000  0.31415926535897931E+001
( 0.64961196334555393E+000,-0.22050942309444489E-014)
 0.10471975511965976E+001 -0.20943951023931953E+001
( 0.68405363895386306E+000, 0.98686491077791697E-015)
 0.10471975511965976E+001 -0.10471975511965976E+001
( 0.51140390137869851E+000, 0.69080543754454176E-015)
 0.10471975511965976E+001  0.00000000000000000E+000
( 0.42591352938087779E+000,-0.18715044643298498E-014)
 0.10471975511965976E+001  0.10471975511965976E+001
( 0.50943910580972307E+000, 0.88817841970012523E-015)
 0.10471975511965976E+001  0.20943951023931953E+001
( 0.68130623683616931E+000, 0.19737298215558337E-015)
 0.10471975511965976E+001  0.31415926535897931E+001
( 0.76483590142223234E+000,-0.44705302302110728E-016)
 0.20943951023931953E+001 -0.20943951023931953E+001
( 0.94739036311644220E+000, 0.59211894646675012E-015)
 0.20943951023931953E+001 -0.10471975511965976E+001
( 0.68825347503818801E+000,-0.88817841970012523E-015)
 0.20943951023931953E+001  0.00000000000000000E+000
( 0.59681137793874062E+000, 0.22627115624928247E-014)
 0.20943951023931953E+001  0.10471975511965976E+001
( 0.68556482272355979E+000, 0.98686491077791687E-016)
 0.20943951023931953E+001  0.20943951023931953E+001
( 0.94169225132313272E+000,-0.98686491077791697E-015)
 0.20943951023931953E+001  0.31415926535897931E+001
( 0.11266365429228018E+001, 0.41975991932202998E-016)
 0.31415926535897931E+001 -0.20943951023931953E+001
( 0.11336673118202394E+001, 0.10855514018557085E-014)
 0.31415926535897931E+001 -0.10471975511965976E+001
( 0.77031251937778900E+000,-0.39474596431116675E-015)
 0.31415926535897931E+001  0.00000000000000000E+000
( 0.66014498933844312E+000,-0.22051450010042811E-014)
 0.31415926535897931E+001  0.10471975511965976E+001
( 0.77031251937778944E+000,-0.98686491077791687E-016)
 0.31415926535897931E+001  0.20943951023931953E+001
( 0.11336673118202394E+001, 0.98686491077791687E-016)
 0.31415926535897931E+001  0.31415926535897931E+001
( 0.15772988951774589E+001, 0.24157993233237043E-016)
