          51           4   10.000000000000000                1
     0.0000000       -0.00193971        0.00694343
     0.1000000       -0.00193971        0.00694343
     0.2000000       -0.00193971        0.00694343
     0.3000000       -0.00193971        0.00694343
     0.4000000       -0.00193971        0.00694343
     0.5000000       -0.00193971        0.00694343
     0.6000000       -0.00193971        0.00694343
     0.7000000       -0.00193971        0.00694343
     0.8000000       -0.00193971        0.00694343
     0.9000000       -0.00193971        0.00694343
     1.0000000       -0.00193971        0.00694343
     1.1000000       -0.00193971        0.00694343
     1.2000000       -0.00193971        0.00694343
     1.3000000       -0.00193971        0.00694343
     1.4000000       -0.00193971        0.00694343
     1.5000000       -0.00193971        0.00694343
     1.6000000       -0.00193971        0.00694343
     1.7000000       -0.00193971        0.00694343
     1.8000000       -0.00193971        0.00694343
     1.9000000       -0.00193971        0.00694343
     2.0000000       -0.00193971        0.00694343
     2.1000000       -0.00193971        0.00694343
     2.2000000       -0.00193971        0.00694343
     2.3000000       -0.00193971        0.00694343
     2.4000000       -0.00193971        0.00694343
     2.5000000       -0.00193971        0.00694343
     2.6000000       -0.00193971        0.00694343
     2.7000000       -0.00193971        0.00694343
     2.8000000       -0.00193971        0.00694343
     2.9000000       -0.00193971        0.00694343
     3.0000000       -0.00193971        0.00694343
     3.1000000       -0.00193971        0.00694343
     3.2000000       -0.00193971        0.00694343
     3.3000000       -0.00193971        0.00694343
     3.4000000       -0.00193971        0.00694343
     3.5000000       -0.00193971        0.00694343
     3.6000000       -0.00193971        0.00694343
     3.7000000       -0.00193971        0.00694343
     3.8000000       -0.00193971        0.00694343
     3.9000000       -0.00193971        0.00694343
     4.0000000       -0.00193971        0.00694343
     4.1000000       -0.00193971        0.00694343
     4.2000000       -0.00193971        0.00694343
     4.3000000       -0.00193971        0.00694343
     4.4000000       -0.00193971        0.00694343
     4.5000000       -0.00193971        0.00694343
     4.6000000       -0.00193971        0.00694343
     4.7000000       -0.00193971        0.00694343
     4.8000000       -0.00193971        0.00694343
     4.9000000       -0.00193971        0.00694343
     5.0000000       -0.00193971        0.00694343
