          31           9   6.0000000000000000                1
     0.0000000        0.30007852        0.00217964
     0.1000000        0.17179597        0.00144398
     0.2000000        0.10017682        0.00097908
     0.3000000        0.05960070        0.00079330
     0.4000000        0.03616193        0.00067666
     0.5000000        0.02241531        0.00050913
     0.6000000        0.01436117        0.00037746
     0.7000000        0.00965499        0.00027601
     0.8000000        0.00671947        0.00028168
     0.9000000        0.00484830        0.00026458
     1.0000000        0.00369254        0.00019939
     1.1000000        0.00284593        0.00017349
     1.2000000        0.00224213        0.00016272
     1.3000000        0.00188650        0.00012812
     1.4000000        0.00167783        0.00010220
     1.5000000        0.00156616        0.00009591
     1.6000000        0.00144320        0.00011070
     1.7000000        0.00127935        0.00012589
     1.8000000        0.00114369        0.00014152
     1.9000000        0.00099452        0.00015552
     2.0000000        0.00082202        0.00017819
     2.1000000        0.00067719        0.00016502
     2.2000000        0.00071406        0.00017133
     2.3000000        0.00078243        0.00018515
     2.4000000        0.00079096        0.00017291
     2.5000000        0.00087246        0.00022244
     2.6000000        0.00092748        0.00026687
     2.7000000        0.00095521        0.00030349
     2.8000000        0.00093043        0.00028900
     2.9000000        0.00086606        0.00025658
     3.0000000        0.00085841        0.00026717
