          81           9   8.0000000000000000                1
     0.0000000        0.50713455        0.00900625
     0.1000000        0.43052782        0.00683880
     0.2000000        0.36377541        0.00591780
     0.3000000        0.32145630        0.00670458
     0.4000000        0.28357056        0.00531879
     0.5000000        0.25733316        0.00676081
     0.6000000        0.23632891        0.00696725
     0.7000000        0.20934872        0.00939137
     0.8000000        0.18603877        0.01207197
     0.9000000        0.16859862        0.00980977
     1.0000000        0.16176674        0.00872560
     1.1000000        0.15246946        0.01114128
     1.2000000        0.13329035        0.00942953
     1.3000000        0.12313000        0.00908949
     1.4000000        0.11730209        0.00922778
     1.5000000        0.10178912        0.01257385
     1.6000000        0.09103725        0.01325580
     1.7000000        0.08552679        0.01168683
     1.8000000        0.07616383        0.01064673
     1.9000000        0.06963948        0.01023277
     2.0000000        0.05643393        0.01029139
     2.1000000        0.05276223        0.00977214
     2.2000000        0.03953666        0.01016306
     2.3000000        0.03800826        0.01021280
     2.4000000        0.03847101        0.00880439
     2.5000000        0.03412389        0.00713837
     2.6000000        0.03444909        0.00870448
     2.7000000        0.03812824        0.00958675
     2.8000000        0.03915630        0.00733490
     2.9000000        0.03842977        0.00495735
     3.0000000        0.04142240        0.00524322
     3.1000000        0.04660089        0.00766304
     3.2000000        0.05011347        0.00768268
     3.3000000        0.05013721        0.00839485
     3.4000000        0.04945639        0.00774728
     3.5000000        0.04952387        0.00759479
     3.6000000        0.05158262        0.00644539
     3.7000000        0.05100508        0.00828259
     3.8000000        0.05260491        0.00708117
     3.9000000        0.05728002        0.00915591
     4.0000000        0.05722962        0.00789725
     4.1000000        0.05465134        0.00769515
     4.2000000        0.06128540        0.00599576
     4.3000000        0.05510780        0.00493925
     4.4000000        0.06192914        0.00402014
     4.5000000        0.06616132        0.00624105
     4.6000000        0.07288102        0.00565056
     4.7000000        0.07881657        0.00614929
     4.8000000        0.07815035        0.00968378
     4.9000000        0.08412715        0.00855530
     5.0000000        0.08448927        0.00668787
     5.1000000        0.09654834        0.00703294
     5.2000000        0.10740024        0.00496746
     5.3000000        0.11871839        0.00654297
     5.4000000        0.12553426        0.00656222
     5.5000000        0.13754079        0.00739963
     5.6000000        0.14514928        0.00724510
     5.7000000        0.16265879        0.00729928
     5.8000000        0.17816376        0.00887220
     5.9000000        0.19288698        0.00956369
     6.0000000        0.21017562        0.01056938
     6.1000000        0.22342716        0.00973180
     6.2000000        0.23659213        0.00916328
     6.3000000        0.26604202        0.01213054
     6.4000000        0.29058162        0.01097661
     6.5000000        0.31610601        0.01245638
     6.6000000        0.34971433        0.01223878
     6.7000000        0.39228562        0.01036762
     6.8000000        0.42947254        0.00869014
     6.9000000        0.47165935        0.00675435
     7.0000000        0.51712818        0.00628276
     7.1000000        0.56562914        0.00554046
     7.2000000        0.62340200        0.00718504
     7.3000000        0.68757968        0.00799156
     7.4000000        0.75604071        0.00797618
     7.5000000        0.84222765        0.01101576
     7.6000000        0.93738368        0.00948366
     7.7000000        1.04595154        0.00938404
     7.8000000        1.16374336        0.00920616
     7.9000000        1.31275187        0.00907481
     8.0000000        1.49286545        0.00900625
