          41           4   10.000000000000000                1
     0.0000000        3.02905778        0.60865540
     0.1250000        2.75187265        0.61761086
     0.2500000        2.58901660        0.66886526
     0.3750000        2.51307488        0.74148700
     0.5000000        2.47063972        0.77009526
     0.6250000        2.43165446        0.78249027
     0.7500000        2.32492783        0.78024053
     0.8750000        2.21929740        0.76716207
     1.0000000        2.15451784        0.78272879
     1.1250000        2.06709254        0.80647977
     1.2500000        1.98780545        0.82823454
     1.3750000        1.89992789        0.81794158
     1.5000000        1.79700746        0.81367916
     1.6250000        1.72086533        0.85312536
     1.7500000        1.64582957        0.90642266
     1.8750000        1.57128255        0.94405047
     2.0000000        1.53023735        0.94619488
     2.1250000        1.51491283        0.92991326
     2.2500000        1.52316609        0.91437699
     2.3750000        1.54049351        0.96105956
     2.5000000        1.53922970        1.02131883
     2.6250000        1.52130936        1.02966649
     2.7500000        1.50225568        1.00445935
     2.8750000        1.47257531        0.98231438
     3.0000000        1.45194800        0.99259325
     3.1250000        1.48602942        1.01586660
     3.2500000        1.53016619        1.03660244
     3.3750000        1.54467918        1.03352478
     3.5000000        1.54220285        1.03331630
     3.6250000        1.53645440        1.01725827
     3.7500000        1.52646122        0.99334061
     3.8750000        1.52003885        0.96672148
     4.0000000        1.56596958        0.97193710
     4.1250000        1.60905092        1.00134882
     4.2500000        1.63248313        1.02007622
     4.3750000        1.69224625        1.01493519
     4.5000000        1.68637912        0.98490963
     4.6250000        1.64010411        0.96224763
     4.7500000        1.60711804        0.93890839
     4.8750000        1.56668399        0.94044761
     5.0000000        1.55521019        0.95675533
