           9           4   2.0000000000000000                1
     0.0000000        0.40672304        0.00957443
     0.1250000        0.36684534        0.01643689
     0.2500000        0.35195223        0.01733916
     0.3750000        0.29521575        0.01225936
     0.5000000        0.32736009        0.01630233
     0.6250000        0.33101750        0.01370359
     0.7500000        0.32411820        0.03342258
     0.8750000        0.29997245        0.00549483
     1.0000000        0.30445334        0.03386676
