          31           4   6.0000000000000000                1
     0.0000000        0.19655836        0.01610305
     0.1000000        0.11709431        0.01617648
     0.2000000        0.06543989        0.01563006
     0.3000000        0.02794262        0.01383688
     0.4000000        0.00448716        0.01132557
     0.5000000       -0.00762539        0.00863646
     0.6000000       -0.01300981        0.00925890
     0.7000000       -0.01790037        0.01101882
     0.8000000       -0.02156293        0.01094991
     0.9000000       -0.02427818        0.01074407
     1.0000000       -0.02803623        0.01224267
     1.1000000       -0.03298700        0.01581082
     1.2000000       -0.03741615        0.02016246
     1.3000000       -0.03965108        0.02401693
     1.4000000       -0.04378809        0.02713327
     1.5000000       -0.04761539        0.02858508
     1.6000000       -0.04757908        0.02996881
     1.7000000       -0.04622483        0.02895907
     1.8000000       -0.04459683        0.02629431
     1.9000000       -0.04169504        0.02365707
     2.0000000       -0.03763693        0.02054177
     2.1000000       -0.03602623        0.01677490
     2.2000000       -0.03634594        0.01444857
     2.3000000       -0.03530806        0.01329914
     2.4000000       -0.03346070        0.00902756
     2.5000000       -0.02792042        0.00182771
     2.6000000       -0.02335256        0.00409768
     2.7000000       -0.02051954        0.00951865
     2.8000000       -0.01684147        0.01427199
     2.9000000       -0.01260328        0.01772837
     3.0000000       -0.01019219        0.01936215
