          11           4   2.0000000000000000                1
     0.0000000        0.98204005        0.01107140
     0.1000000        0.73215967        0.00984078
     0.2000000        0.56586620        0.01498066
     0.3000000        0.46454913        0.01034865
     0.4000000        0.38527110        0.00867324
     0.5000000        0.31920707        0.01499704
     0.6000000        0.29006785        0.01256427
     0.7000000        0.24585905        0.00868762
     0.8000000        0.23682752        0.00828208
     0.9000000        0.22860731        0.00948700
     1.0000000        0.20645618        0.01322760
