          51           4   10.000000000000000                1
     0.0000000        0.60776810        0.01395296
     0.1000000        0.46219755        0.02372543
     0.2000000        0.32199681        0.03163550
     0.3000000        0.28049114        0.01988980
     0.4000000        0.30230785        0.02778586
     0.5000000        0.23772649        0.02275123
     0.6000000        0.20424151        0.01332210
     0.7000000        0.19330343        0.03837073
     0.8000000        0.16077427        0.03835411
     0.9000000        0.17283618        0.03113585
     1.0000000        0.12223579        0.03012488
     1.1000000        0.08646939        0.02376826
     1.2000000        0.07873915        0.01977143
     1.3000000        0.04809394        0.02585594
     1.4000000        0.03525883        0.02245180
     1.5000000        0.03167067        0.01229667
     1.6000000        0.02432134        0.02594942
     1.7000000        0.01814473        0.03234075
     1.8000000        0.04020993        0.03021286
     1.9000000        0.02521238        0.03194464
     2.0000000        0.04161431        0.03498881
     2.1000000        0.03518754        0.03140285
     2.2000000       -0.00501495        0.03029280
     2.3000000        0.00728949        0.03492075
     2.4000000       -0.00239595        0.03368893
     2.5000000       -0.00308607        0.01761794
     2.6000000       -0.00824577        0.01337962
     2.7000000       -0.03921157        0.02695256
     2.8000000        0.00176755        0.01478751
     2.9000000       -0.00414551        0.01431484
     3.0000000        0.00891974        0.03071400
     3.1000000        0.00811330        0.01875143
     3.2000000        0.02512590        0.01568316
     3.3000000        0.02291698        0.00996388
     3.4000000        0.02112586        0.01027474
     3.5000000        0.01152850        0.01029579
     3.6000000       -0.01256693        0.02629343
     3.7000000       -0.00585772        0.01916757
     3.8000000        0.02817913        0.02541088
     3.9000000        0.01544228        0.02721923
     4.0000000        0.00256089        0.02567387
     4.1000000       -0.01180635        0.01506447
     4.2000000        0.00110097        0.01027705
     4.3000000       -0.00536695        0.02093815
     4.4000000       -0.00426018        0.02374216
     4.5000000        0.00396559        0.02250213
     4.6000000        0.01636042        0.02565437
     4.7000000        0.01595602        0.02855153
     4.8000000        0.00241816        0.02634545
     4.9000000        0.01449167        0.01538104
     5.0000000       -0.01639329        0.02569853
