          41           4   8.0000000000000000                1
     0.0000000        0.17008681        0.01625531
     0.1000000        0.11641133        0.00698512
     0.2000000        0.08326859        0.00738693
     0.3000000        0.06213298        0.00678129
     0.4000000        0.03612673        0.00348101
     0.5000000        0.01779589        0.00602358
     0.6000000        0.00999330        0.01383961
     0.7000000       -0.00018653        0.00717543
     0.8000000        0.00822124        0.00647571
     0.9000000        0.00609339        0.00686323
     1.0000000        0.00960340        0.00894409
     1.1000000        0.00399850        0.00607810
     1.2000000        0.00064493        0.00801254
     1.3000000        0.00824793        0.01437757
     1.4000000        0.00876485        0.01462918
     1.5000000        0.01029468        0.01464887
     1.6000000        0.01277233        0.01394224
     1.7000000        0.01207344        0.01094787
     1.8000000        0.01203572        0.01109831
     1.9000000        0.00384352        0.00827457
     2.0000000        0.00409487        0.00296023
     2.1000000        0.00733427        0.00208177
     2.2000000        0.00067168        0.00407949
     2.3000000        0.00094122        0.00688090
     2.4000000       -0.00758749        0.01117816
     2.5000000        0.01023434        0.00890658
     2.6000000        0.00574806        0.00065978
     2.7000000       -0.00366204        0.00663791
     2.8000000       -0.00880273        0.01378693
     2.9000000       -0.00091802        0.00604705
     3.0000000        0.00237387        0.00807107
     3.1000000       -0.00137431        0.00573889
     3.2000000       -0.01579469        0.00538599
     3.3000000       -0.01469151        0.00760306
     3.4000000       -0.00257109        0.01004217
     3.5000000       -0.00454154        0.00666176
     3.6000000        0.01198510        0.00539867
     3.7000000        0.00103577        0.00534543
     3.8000000       -0.00023553        0.01047870
     3.9000000       -0.00477879        0.01582396
     4.0000000        0.00106642        0.00638605
