          51           9   10.000000000000000                1
     0.0000000        1.35040697        0.16008085
     0.1000000        1.14249202        0.15802427
     0.2000000        1.00272363        0.15361880
     0.3000000        0.89433095        0.14922051
     0.4000000        0.80558173        0.14563556
     0.5000000        0.73955382        0.14305832
     0.6000000        0.68969675        0.14115058
     0.7000000        0.63928133        0.13740157
     0.8000000        0.59090013        0.13358090
     0.9000000        0.55573880        0.13224016
     1.0000000        0.52640020        0.13238152
     1.1000000        0.50140924        0.13370737
     1.2000000        0.48185558        0.13433214
     1.3000000        0.45928246        0.13177882
     1.4000000        0.43971709        0.12850195
     1.5000000        0.42488016        0.12822259
     1.6000000        0.40789506        0.12984284
     1.7000000        0.38367684        0.12874897
     1.8000000        0.35688701        0.12253841
     1.9000000        0.34107701        0.11687129
     2.0000000        0.33135367        0.11384047
     2.1000000        0.32172015        0.11095372
     2.2000000        0.31349684        0.10603846
     2.3000000        0.30440111        0.10149520
     2.4000000        0.29480360        0.09878791
     2.5000000        0.28001828        0.09665921
     2.6000000        0.26430541        0.09535800
     2.7000000        0.24428756        0.09283517
     2.8000000        0.22164553        0.08883772
     2.9000000        0.20277198        0.08418437
     3.0000000        0.18359461        0.07958437
     3.1000000        0.17054398        0.07361034
     3.2000000        0.16619901        0.06823866
     3.3000000        0.16021697        0.06562123
     3.4000000        0.14551548        0.06289221
     3.5000000        0.13008872        0.06314038
     3.6000000        0.12092959        0.06362800
     3.7000000        0.11471795        0.06338612
     3.8000000        0.11507879        0.06696352
     3.9000000        0.12380470        0.07150660
     4.0000000        0.13568864        0.07441597
     4.1000000        0.14182506        0.07696320
     4.2000000        0.13893722        0.07872351
     4.3000000        0.13389411        0.08104731
     4.4000000        0.13061743        0.08188576
     4.5000000        0.13067550        0.08088862
     4.6000000        0.13391764        0.08316097
     4.7000000        0.13505359        0.08534888
     4.8000000        0.12686326        0.08444718
     4.9000000        0.11803599        0.08272220
     5.0000000        0.11669289        0.08179482
