          21           9   4.0000000000000000                1
     0.0000000        0.58780043        0.00451774
     0.1000000        0.48700036        0.00434822
     0.2000000        0.40886095        0.00388821
     0.3000000        0.34727625        0.00338687
     0.4000000        0.29798071        0.00307538
     0.5000000        0.25808638        0.00279212
     0.6000000        0.22550529        0.00255037
     0.7000000        0.19876023        0.00248869
     0.8000000        0.17661816        0.00248213
     0.9000000        0.15792844        0.00233823
     1.0000000        0.14242779        0.00208833
     1.1000000        0.12954946        0.00188594
     1.2000000        0.11883119        0.00179681
     1.3000000        0.11008175        0.00181243
     1.4000000        0.10293771        0.00183396
     1.5000000        0.09737817        0.00187321
     1.6000000        0.09308574        0.00196143
     1.7000000        0.08967415        0.00199371
     1.8000000        0.08721397        0.00203076
     1.9000000        0.08587512        0.00208447
     2.0000000        0.08548900        0.00209564
