          11           9   2.0000000000000000                1
     0.0000000        0.21075079        0.03279670
     0.1000000        0.13504487        0.03154807
     0.2000000        0.08830918        0.02801415
     0.3000000        0.05864143        0.02397163
     0.4000000        0.03963870        0.02104547
     0.5000000        0.02783520        0.01889469
     0.6000000        0.01915289        0.01743422
     0.7000000        0.01416024        0.01609099
     0.8000000        0.01144548        0.01559702
     0.9000000        0.00939784        0.01564247
     1.0000000        0.00881038        0.01552357
