          51           5   10.000000000000000                1
     0.0000000        0.22055786        0.00340602
     0.1000000        0.14009197        0.00244085
     0.2000000        0.08992544        0.00177668
     0.3000000        0.05797663        0.00132087
     0.4000000        0.03754388        0.00098194
     0.5000000        0.02459778        0.00071722
     0.6000000        0.01640625        0.00058636
     0.7000000        0.01097563        0.00049689
     0.8000000        0.00738141        0.00043769
     0.9000000        0.00497071        0.00036836
     1.0000000        0.00342510        0.00033719
     1.1000000        0.00253896        0.00039189
     1.2000000        0.00193550        0.00038115
     1.3000000        0.00137309        0.00037414
     1.4000000        0.00094217        0.00034939
     1.5000000        0.00039665        0.00051445
     1.6000000       -0.00021936        0.00097567
     1.7000000       -0.00042047        0.00126353
     1.8000000       -0.00020999        0.00113992
     1.9000000        0.00001966        0.00077015
     2.0000000       -0.00001647        0.00059184
     2.1000000       -0.00024427        0.00063082
     2.2000000       -0.00031188        0.00050577
     2.3000000       -0.00032467        0.00040439
     2.4000000       -0.00037439        0.00040747
     2.5000000       -0.00031670        0.00037899
     2.6000000       -0.00016280        0.00029727
     2.7000000       -0.00007194        0.00019505
     2.8000000       -0.00016406        0.00030635
     2.9000000       -0.00027865        0.00043644
     3.0000000       -0.00036109        0.00042953
     3.1000000       -0.00050598        0.00054783
     3.2000000       -0.00074518        0.00084939
     3.3000000       -0.00101896        0.00117622
     3.4000000       -0.00109804        0.00131462
     3.5000000       -0.00105035        0.00133914
     3.6000000       -0.00097612        0.00128005
     3.7000000       -0.00086231        0.00113553
     3.8000000       -0.00074527        0.00101757
     3.9000000       -0.00068604        0.00094978
     4.0000000       -0.00070478        0.00096274
     4.1000000       -0.00076649        0.00102694
     4.2000000       -0.00070530        0.00096106
     4.3000000       -0.00058046        0.00077848
     4.4000000       -0.00058076        0.00067356
     4.5000000       -0.00053371        0.00064613
     4.6000000       -0.00043708        0.00055944
     4.7000000       -0.00041061        0.00046119
     4.8000000       -0.00038327        0.00034888
     4.9000000       -0.00046739        0.00032712
     5.0000000       -0.00057456        0.00037231
