          26           4   5.0000000000000000                1
     0.0000000        2.88819059        0.37764513
     0.1000000        2.70039048        0.38328101
     0.2000000        2.56928899        0.39397238
     0.3000000        2.48033653        0.40406988
     0.4000000        2.40889514        0.40994593
     0.5000000        2.34835541        0.42009009
     0.6000000        2.30925815        0.43611634
     0.7000000        2.28800748        0.45341859
     0.8000000        2.25751313        0.45972936
     0.9000000        2.20209237        0.44419045
     1.0000000        2.15577205        0.42866930
     1.1000000        2.12725576        0.42644488
     1.2000000        2.11002925        0.43078622
     1.3000000        2.08918854        0.43403282
     1.4000000        2.06148906        0.43606101
     1.5000000        2.04114315        0.44258688
     1.6000000        2.01116643        0.43457860
     1.7000000        1.98236655        0.42742457
     1.8000000        1.97077510        0.43490346
     1.9000000        1.96447369        0.43904768
     2.0000000        1.95579511        0.44629709
     2.1000000        1.93724506        0.44241433
     2.2000000        1.90493704        0.42655443
     2.3000000        1.87617606        0.42064818
     2.4000000        1.86144246        0.42152578
     2.5000000        1.85683356        0.42230802
