   -2.356194     -2.356194
  1    1        0.37959031        0.00074544       -0.00000000        0.00000000
   -2.356194     -1.570796
  1    1        0.32476318        0.00067279       -0.00000000        0.00000000
   -2.356194     -0.785398
  1    1        0.27273845        0.00072049       -0.00000000        0.00000000
   -2.356194      0.000000
  1    1        0.25444235        0.00074776       -0.00000000        0.00000000
   -2.356194      0.785398
  1    1        0.27263071        0.00067251       -0.00000000        0.00000000
   -2.356194      1.570796
  1    1        0.32442928        0.00082574       -0.00000000        0.00000000
   -2.356194      2.356194
  1    1        0.37893598        0.00105695       -0.00000000        0.00000000
   -2.356194      3.141593
  1    1        0.40348993        0.00126225       -0.00000000        0.00000000
   -1.570796     -2.356194
  1    1        0.32508753        0.00086319       -0.00000000        0.00000000
   -1.570796     -1.570796
  1    1        0.26372783        0.00090602       -0.00000000        0.00000000
   -1.570796     -0.785398
  1    1        0.20419255        0.00073246       -0.00000000        0.00000000
   -1.570796      0.000000
  1    1        0.18152619        0.00100669       -0.00000000        0.00000000
   -1.570796      0.785398
  1    1        0.20402380        0.00063800       -0.00000000        0.00000000
   -1.570796      1.570796
  1    1        0.26374167        0.00039819       -0.00000000        0.00000000
   -1.570796      2.356194
  1    1        0.32452610        0.00082274       -0.00000000        0.00000000
   -1.570796      3.141593
  1    1        0.34787008        0.00064684       -0.00000000        0.00000000
   -0.785398     -2.356194
  1    1        0.27283087        0.00052454        0.00000000        0.00000000
   -0.785398     -1.570796
  1    1        0.20450275        0.00097650       -0.00000000        0.00000000
   -0.785398     -0.785398
  1    1        0.11922814        0.00087249       -0.00000000        0.00000000
   -0.785398      0.000000
  1    1        0.07925130        0.00113430       -0.00000000        0.00000000
   -0.785398      0.785398
  1    1        0.11988992        0.00085150       -0.00000000        0.00000000
   -0.785398      1.570796
  1    1        0.20483113        0.00070812       -0.00000000        0.00000000
   -0.785398      2.356194
  1    1        0.27241110        0.00093612       -0.00000000        0.00000000
   -0.785398      3.141593
  1    1        0.29912832        0.00063082       -0.00000000        0.00000000
    0.000000     -2.356194
  1    1        0.25471631        0.00090544        0.00000000        0.00000000
    0.000000     -1.570796
  1    1        0.18145739        0.00067323        0.00000000        0.00000000
    0.000000     -0.785398
  1    1        0.07993789        0.00085380        0.00000000        0.00000000
    0.000000      0.000000
  1    1        0.00842461        0.00100811        0.00000000        0.00000000
    0.000000      0.785398
  1    1        0.07993789        0.00085380       -0.00000000        0.00000000
    0.000000      1.570796
  1    1        0.18145739        0.00067323       -0.00000000        0.00000000
    0.000000      2.356194
  1    1        0.25471631        0.00090544       -0.00000000        0.00000000
    0.000000      3.141593
  1    1        0.27889064        0.00099936       -0.00000000        0.00000000
    0.785398     -2.356194
  1    1        0.27241110        0.00093612        0.00000000        0.00000000
    0.785398     -1.570796
  1    1        0.20483113        0.00070812        0.00000000        0.00000000
    0.785398     -0.785398
  1    1        0.11988992        0.00085150        0.00000000        0.00000000
    0.785398      0.000000
  1    1        0.07925130        0.00113430        0.00000000        0.00000000
    0.785398      0.785398
  1    1        0.11922814        0.00087249        0.00000000        0.00000000
    0.785398      1.570796
  1    1        0.20450275        0.00097650        0.00000000        0.00000000
    0.785398      2.356194
  1    1        0.27283087        0.00052454       -0.00000000        0.00000000
    0.785398      3.141593
  1    1        0.29912832        0.00063082        0.00000000        0.00000000
    1.570796     -2.356194
  1    1        0.32452610        0.00082274        0.00000000        0.00000000
    1.570796     -1.570796
  1    1        0.26374167        0.00039819        0.00000000        0.00000000
    1.570796     -0.785398
  1    1        0.20402380        0.00063800        0.00000000        0.00000000
    1.570796      0.000000
  1    1        0.18152619        0.00100669        0.00000000        0.00000000
    1.570796      0.785398
  1    1        0.20419255        0.00073246        0.00000000        0.00000000
    1.570796      1.570796
  1    1        0.26372783        0.00090602        0.00000000        0.00000000
    1.570796      2.356194
  1    1        0.32508753        0.00086319        0.00000000        0.00000000
    1.570796      3.141593
  1    1        0.34787008        0.00064684        0.00000000        0.00000000
    2.356194     -2.356194
  1    1        0.37893598        0.00105695        0.00000000        0.00000000
    2.356194     -1.570796
  1    1        0.32442928        0.00082574        0.00000000        0.00000000
    2.356194     -0.785398
  1    1        0.27263071        0.00067251        0.00000000        0.00000000
    2.356194      0.000000
  1    1        0.25444235        0.00074776        0.00000000        0.00000000
    2.356194      0.785398
  1    1        0.27273845        0.00072049        0.00000000        0.00000000
    2.356194      1.570796
  1    1        0.32476318        0.00067279        0.00000000        0.00000000
    2.356194      2.356194
  1    1        0.37959031        0.00074544        0.00000000        0.00000000
    2.356194      3.141593
  1    1        0.40348993        0.00126225        0.00000000        0.00000000
    3.141593     -2.356194
  1    1        0.40367106        0.00066041       -0.00000000        0.00000000
    3.141593     -1.570796
  1    1        0.34735873        0.00043329       -0.00000000        0.00000000
    3.141593     -0.785398
  1    1        0.29866614        0.00066798       -0.00000000        0.00000000
    3.141593      0.000000
  1    1        0.27807963        0.00075740       -0.00000000        0.00000000
    3.141593      0.785398
  1    1        0.29866614        0.00066798        0.00000000        0.00000000
    3.141593      1.570796
  1    1        0.34735873        0.00043329        0.00000000        0.00000000
    3.141593      2.356194
  1    1        0.40367106        0.00066041        0.00000000        0.00000000
    3.141593      3.141593
  1    1        0.42651489        0.00096172       -0.00000000        0.00000000
