          51           9   10.000000000000000                1
     0.0000000        0.52159056        0.04063287
     0.1000000        0.43177950        0.03955626
     0.2000000        0.36382147        0.03760243
     0.3000000        0.31199121        0.03577752
     0.4000000        0.27064249        0.03458191
     0.5000000        0.23573205        0.03254493
     0.6000000        0.20565923        0.02935201
     0.7000000        0.17972527        0.02661987
     0.8000000        0.15803201        0.02484812
     0.9000000        0.13863324        0.02280731
     1.0000000        0.11908912        0.02055441
     1.1000000        0.10211514        0.01905464
     1.2000000        0.08940824        0.01776756
     1.3000000        0.07962386        0.01629575
     1.4000000        0.07058330        0.01458945
     1.5000000        0.06090749        0.01314231
     1.6000000        0.05250079        0.01241902
     1.7000000        0.04602059        0.01214151
     1.8000000        0.04080761        0.01235720
     1.9000000        0.03571450        0.01274447
     2.0000000        0.03023265        0.01350411
     2.1000000        0.02419059        0.01436177
     2.2000000        0.02209118        0.01529409
     2.3000000        0.02382517        0.01651788
     2.4000000        0.02512323        0.01791535
     2.5000000        0.02735343        0.01841228
     2.6000000        0.02962057        0.01821079
     2.7000000        0.02913787        0.01817363
     2.8000000        0.02823196        0.01862606
     2.9000000        0.02758256        0.01840877
     3.0000000        0.02550204        0.01698041
     3.1000000        0.02297115        0.01499886
     3.2000000        0.02076761        0.01295935
     3.3000000        0.01846386        0.01235307
     3.4000000        0.01505946        0.01315426
     3.5000000        0.01346799        0.01389600
     3.6000000        0.01429773        0.01399593
     3.7000000        0.01496295        0.01413413
     3.8000000        0.01465310        0.01395083
     3.9000000        0.01490957        0.01331264
     4.0000000        0.01665685        0.01312036
     4.1000000        0.01786475        0.01391512
     4.2000000        0.01740484        0.01495803
     4.3000000        0.01686093        0.01584395
     4.4000000        0.01627226        0.01643970
     4.5000000        0.01581325        0.01683558
     4.6000000        0.01405883        0.01642279
     4.7000000        0.01113621        0.01499609
     4.8000000        0.00947464        0.01436947
     4.9000000        0.00842129        0.01465940
     5.0000000        0.00794922        0.01492141
