          41           9   4.0000000000000000                1
     0.0000000        1.78146676        0.00592609
     0.1000000        1.47217475        0.00545450
     0.2000000        1.22573196        0.00402859
     0.3000000        1.03437407        0.00270892
     0.4000000        0.87784100        0.00267472
     0.5000000        0.75273849        0.00185151
     0.6000000        0.65039611        0.00218979
     0.7000000        0.56060604        0.00214649
     0.8000000        0.48433661        0.00243108
     0.9000000        0.42372565        0.00459135
     1.0000000        0.37427426        0.00472324
     1.1000000        0.32997457        0.00320400
     1.2000000        0.29124416        0.00292483
     1.3000000        0.25760365        0.00349409
     1.4000000        0.22785301        0.00311523
     1.5000000        0.20716448        0.00409914
     1.6000000        0.18644012        0.00411011
     1.7000000        0.16806388        0.00391587
     1.8000000        0.15293192        0.00421555
     1.9000000        0.14141465        0.00298566
     2.0000000        0.12844327        0.00229266
     2.1000000        0.11986041        0.00322646
     2.2000000        0.11408905        0.00260500
     2.3000000        0.10633013        0.00315775
     2.4000000        0.09858918        0.00287986
     2.5000000        0.09342868        0.00371527
     2.6000000        0.08913785        0.00381457
     2.7000000        0.08705467        0.00387037
     2.8000000        0.08808274        0.00477658
     2.9000000        0.08531873        0.00355095
     3.0000000        0.08529782        0.00506767
     3.1000000        0.08443788        0.00389062
     3.2000000        0.08636379        0.00340211
     3.3000000        0.08938085        0.00375203
     3.4000000        0.09172463        0.00402573
     3.5000000        0.09905195        0.00332203
     3.6000000        0.10922086        0.00345344
     3.7000000        0.12424345        0.00396649
     3.8000000        0.14621968        0.00308303
     3.9000000        0.17290746        0.00461585
     4.0000000        0.21853324        0.00592609
