          21           4   4.0000000000000000                1
     0.0000000        0.31810108        0.01942592
     0.1000000        0.20164429        0.01844117
     0.2000000        0.13397437        0.01754608
     0.3000000        0.09222231        0.01644885
     0.4000000        0.06660701        0.01504163
     0.5000000        0.04771788        0.01440830
     0.6000000        0.03567567        0.01412377
     0.7000000        0.02975550        0.01403669
     0.8000000        0.02585167        0.01431438
     0.9000000        0.02155988        0.01777945
     1.0000000        0.01478848        0.02227168
     1.1000000        0.00851575        0.02430796
     1.2000000        0.00684509        0.02198802
     1.3000000        0.00464514        0.01965501
     1.4000000        0.00380196        0.01772506
     1.5000000        0.00795265        0.01484060
     1.6000000        0.01094677        0.01354926
     1.7000000        0.01379110        0.01330424
     1.8000000        0.02074881        0.01335170
     1.9000000        0.02536052        0.01393973
     2.0000000        0.02480643        0.01468796
