          81           4   10.000000000000000                1
     0.0000000        1.93294754        0.00913378
     0.1250000        1.13395721        0.03268473
     0.2500000        0.66000827        0.02961419
     0.3750000        0.40544797        0.04774166
     0.5000000        0.25466185        0.03526593
     0.6250000        0.11872496        0.01215062
     0.7500000        0.04460030        0.02516666
     0.8750000        0.01688557        0.02289154
     1.0000000        0.00127614        0.03230376
     1.1250000        0.02693430        0.01226768
     1.2500000        0.01225343        0.00682829
     1.3750000        0.00624217        0.00856335
     1.5000000       -0.00800302        0.03261634
     1.6250000        0.00741275        0.01667902
     1.7500000       -0.00760916        0.01527309
     1.8750000        0.02750959        0.02890694
     2.0000000       -0.00240660        0.00949801
     2.1250000       -0.00008219        0.01721819
     2.2500000       -0.01512337        0.02434689
     2.3750000        0.00881179        0.01087982
     2.5000000        0.01888712        0.01778860
     2.6250000        0.04446713        0.05151302
     2.7500000        0.05167470        0.06098286
     2.8750000        0.03474466        0.04787633
     3.0000000        0.03311168        0.04521536
     3.1250000        0.04026016        0.05603366
     3.2500000        0.03808130        0.04503408
     3.3750000        0.01131713        0.01182330
     3.5000000        0.04098203        0.04439077
     3.6250000       -0.02541961        0.03480764
     3.7500000        0.00315315        0.00597205
     3.8750000        0.00035484        0.00912802
     4.0000000        0.00099102        0.00403494
     4.1250000       -0.00708049        0.01957540
     4.2500000       -0.00166001        0.01617777
     4.3750000        0.00704968        0.00819577
     4.5000000       -0.01080574        0.01808741
     4.6250000        0.01295790        0.01460305
     4.7500000       -0.01676078        0.01792531
     4.8750000        0.01264006        0.01894191
     5.0000000        0.02190378        0.03025122
     5.1250000        0.00369125        0.00473479
     5.2500000       -0.00175686        0.00233490
     5.3750000       -0.00233946        0.00274556
     5.5000000       -0.01160724        0.00838738
     5.6250000       -0.01458297        0.01089784
     5.7500000       -0.00884601        0.01099853
     5.8750000       -0.00603600        0.01066379
     6.0000000       -0.00985503        0.00746230
     6.1250000       -0.00505425        0.00721376
     6.2500000       -0.00051288        0.00367506
     6.3750000       -0.00691815        0.00974757
     6.5000000        0.00761379        0.00926902
     6.6250000        0.00680431        0.00798752
     6.7500000        0.00351923        0.00692064
     6.8750000       -0.00388191        0.00807853
     7.0000000       -0.00252514        0.00942779
     7.1250000       -0.01007593        0.01099250
     7.2500000        0.01725094        0.01567174
     7.3750000        0.00316269        0.00801512
     7.5000000        0.00029742        0.00463029
     7.6250000        0.01534910        0.01431252
     7.7500000        0.01202631        0.00942657
     7.8750000        0.01631397        0.01350163
     8.0000000        0.01831003        0.00989172
     8.1250000        0.00743410        0.00793278
     8.2500000        0.02114175        0.02093190
     8.3750000        0.00233339        0.01614951
     8.5000000       -0.00638314        0.01375038
     8.6250000       -0.00336521        0.01755369
     8.7500000        0.01080666        0.01837801
     8.8750000       -0.00071130        0.01820530
     9.0000000        0.03566516        0.01874864
     9.1250000        0.03691696        0.01814228
     9.2500000        0.01285311        0.01913016
     9.3750000        0.00439106        0.00976665
     9.5000000        0.02733530        0.01018777
     9.6250000        0.00994877        0.03134917
     9.7500000        0.00395248        0.03323585
     9.8750000        0.05347392        0.01165819
    10.0000000        0.06705246        0.00913378
