          51           4   10.000000000000000                1
     0.0000000        0.31001933        0.02404419
     0.1000000        0.27817643        0.02367185
     0.2000000        0.25121558        0.02322416
     0.3000000        0.22839378        0.02287781
     0.4000000        0.20808715        0.02255206
     0.5000000        0.18978956        0.02246941
     0.6000000        0.17350105        0.02266565
     0.7000000        0.15907198        0.02235164
     0.8000000        0.14595454        0.02150290
     0.9000000        0.13374856        0.02024907
     1.0000000        0.12294553        0.01851101
     1.1000000        0.11354339        0.01689328
     1.2000000        0.10465429        0.01525949
     1.3000000        0.09618230        0.01349549
     1.4000000        0.08868714        0.01232626
     1.5000000        0.08223133        0.01138024
     1.6000000        0.07661474        0.01047813
     1.7000000        0.07218674        0.01016769
     1.8000000        0.06808645        0.00992693
     1.9000000        0.06398811        0.00977799
     2.0000000        0.05988602        0.00945929
     2.1000000        0.05528931        0.00874071
     2.2000000        0.05094156        0.00795443
     2.3000000        0.04717733        0.00712706
     2.4000000        0.04364392        0.00623494
     2.5000000        0.04074728        0.00619676
     2.6000000        0.03926567        0.00726008
     2.7000000        0.03825988        0.00861925
     2.8000000        0.03694419        0.00990775
     2.9000000        0.03562086        0.01074151
     3.0000000        0.03398923        0.01079925
     3.1000000        0.03193959        0.01009970
     3.2000000        0.03003493        0.00932706
     3.3000000        0.02851004        0.00862252
     3.4000000        0.02717078        0.00792375
     3.5000000        0.02543219        0.00674395
     3.6000000        0.02339748        0.00524794
     3.7000000        0.02155214        0.00436538
     3.8000000        0.01994400        0.00411398
     3.9000000        0.01867946        0.00413890
     4.0000000        0.01738851        0.00402872
     4.1000000        0.01579556        0.00376913
     4.2000000        0.01479689        0.00402176
     4.3000000        0.01480429        0.00483016
     4.4000000        0.01520572        0.00582610
     4.5000000        0.01536209        0.00709378
     4.6000000        0.01534056        0.00849990
     4.7000000        0.01545900        0.00981128
     4.8000000        0.01502026        0.01032849
     4.9000000        0.01484072        0.01074313
     5.0000000        0.01511237        0.01110565
