   -2.094395     -2.094395
  1    1        0.80405610        0.00356091       -0.00000000        0.00000000
   -2.094395     -1.047198
  1    1        0.38191210        0.00356848       -0.00000000        0.00000000
   -2.094395      0.000000
  1    1        0.10383552        0.00672225       -0.00000000        0.00000000
   -2.094395      1.047198
  1    1        0.38071580        0.00636136        0.00000000        0.00000000
   -2.094395      2.094395
  1    1        0.80398763        0.00599110       -0.00000000        0.00000000
   -2.094395      3.141593
  1    1        1.34799352        0.01441080        0.00000000        0.00000000
   -1.047198     -2.094395
  1    1        0.80168234        0.00326449        0.00000000        0.00000000
   -1.047198     -1.047198
  1    1        0.37624156        0.00349036       -0.00000000        0.00000000
   -1.047198      0.000000
  1    1        0.09984877        0.00789896        0.00000000        0.00000000
   -1.047198      1.047198
  1    1        0.37572364        0.00141725        0.00000000        0.00000000
   -1.047198      2.094395
  1    1        0.80458673        0.00297811       -0.00000000        0.00000000
   -1.047198      3.141593
  1    1        1.24240251        0.00747746        0.00000000        0.00000000
    0.000000     -2.094395
  1    1        0.77782722        0.00178944       -0.00000000        0.00000000
    0.000000     -1.047198
  1    1        0.38060955        0.00221833       -0.00000000        0.00000000
    0.000000      0.000000
  1    1        0.06492199        0.00950746        0.00000000        0.00000000
    0.000000      1.047198
  1    1        0.38060955        0.00221833        0.00000000        0.00000000
    0.000000      2.094395
  1    1        0.77782722        0.00178944        0.00000000        0.00000000
    0.000000      3.141593
  1    1        1.22117854        0.01177227        0.00000000        0.00000000
    1.047198     -2.094395
  1    1        0.80458673        0.00297811        0.00000000        0.00000000
    1.047198     -1.047198
  1    1        0.37572364        0.00141725       -0.00000000        0.00000000
    1.047198      0.000000
  1    1        0.09984877        0.00789896       -0.00000000        0.00000000
    1.047198      1.047198
  1    1        0.37624156        0.00349036        0.00000000        0.00000000
    1.047198      2.094395
  1    1        0.80168234        0.00326449       -0.00000000        0.00000000
    1.047198      3.141593
  1    1        1.24240251        0.00747746        0.00000000        0.00000000
    2.094395     -2.094395
  1    1        0.80398763        0.00599110        0.00000000        0.00000000
    2.094395     -1.047198
  1    1        0.38071580        0.00636136       -0.00000000        0.00000000
    2.094395      0.000000
  1    1        0.10383552        0.00672225        0.00000000        0.00000000
    2.094395      1.047198
  1    1        0.38191210        0.00356848        0.00000000        0.00000000
    2.094395      2.094395
  1    1        0.80405610        0.00356091        0.00000000        0.00000000
    2.094395      3.141593
  1    1        1.34799352        0.01441080       -0.00000000        0.00000000
    3.141593     -2.094395
  1    1        0.80594292        0.00224328        0.00000000        0.00000000
    3.141593     -1.047198
  1    1        0.40914350        0.00911618       -0.00000000        0.00000000
    3.141593      0.000000
  1    1        0.10376927        0.00837457        0.00000000        0.00000000
    3.141593      1.047198
  1    1        0.40914350        0.00911618        0.00000000        0.00000000
    3.141593      2.094395
  1    1        0.80594292        0.00224328       -0.00000000        0.00000000
    3.141593      3.141593
  1    1        1.84022318        0.02711808        0.00000000        0.00000000
