          11           4   2.0000000000000000                1
     0.0000000        0.10189190        0.00259042
     0.1000000        0.04831246        0.00129790
     0.2000000        0.02405490        0.00091554
     0.3000000        0.01283415        0.00075482
     0.4000000        0.00733854        0.00058836
     0.5000000        0.00457472        0.00045089
     0.6000000        0.00314583        0.00033292
     0.7000000        0.00243785        0.00023979
     0.8000000        0.00206132        0.00021287
     0.9000000        0.00185494        0.00022567
     1.0000000        0.00178825        0.00023830
