          41           4   8.0000000000000000                1
     0.0000000        2.67507043        0.31888075
     0.1000000        2.19361937        0.35870284
     0.2000000        1.24544734        0.48160471
     0.3000000        2.10487439        0.69531843
     0.4000000        2.27380411        0.52864306
     0.5000000        1.04661342        0.41817540
     0.6000000       -1.50359717        1.71703084
     0.7000000        0.00075696        0.96486209
     0.8000000        1.17305738        0.55618931
     0.9000000        0.87249087        0.45131195
     1.0000000        0.57212689        0.08132067
     1.1000000        0.57000458        0.19956984
     1.2000000        0.34351663        0.15116599
     1.3000000        0.44843431        0.25478797
     1.4000000        0.32957564        0.08308051
     1.5000000        0.47627760        0.33251456
     1.6000000        0.50845188        0.49496881
     1.7000000        0.36718138        0.27410199
     1.8000000        0.70505562        0.89738019
     1.9000000       -0.08223266        0.23763851
     2.0000000       -0.09103793        0.08167986
     2.1000000       -0.07076129        0.12088766
     2.2000000       -0.29254032        0.37745836
     2.3000000       -0.17029790        0.33764558
     2.4000000       -0.11665023        0.18602528
     2.5000000       -1.12736473        1.32910643
     2.6000000       -1.74719725        2.06215901
     2.7000000       -1.07053676        1.19714648
     2.8000000       -0.59059335        0.65342633
     2.9000000       -0.11404279        0.16659843
     3.0000000        0.12331564        0.19100555
     3.1000000       -0.05998034        0.03898137
     3.2000000       -0.02413986        0.02345767
     3.3000000       -0.03056731        0.02404062
     3.4000000       -0.06542146        0.04854659
     3.5000000       -0.00105329        0.06254249
     3.6000000       -0.01686290        0.01285949
     3.7000000       -0.00223615        0.00377466
     3.8000000       -0.00345434        0.00584852
     3.9000000       -0.00394014        0.00302382
     4.0000000       -0.01454240        0.01760295
