         121           9   12.000000000000000                1
     0.0000000        0.77202995        0.01536550
     0.1000000        0.67565818        0.01724745
     0.2000000        0.58112040        0.02380571
     0.3000000        0.54113605        0.02236251
     0.4000000        0.47595253        0.02138118
     0.5000000        0.44217325        0.01667647
     0.6000000        0.41197479        0.02329228
     0.7000000        0.36952720        0.02114912
     0.8000000        0.35142574        0.02107457
     0.9000000        0.33301602        0.02302681
     1.0000000        0.31153877        0.02094711
     1.1000000        0.27366685        0.01684819
     1.2000000        0.24200161        0.01816580
     1.3000000        0.23420899        0.01778314
     1.4000000        0.20509287        0.01378860
     1.5000000        0.18649107        0.02219812
     1.6000000        0.18160300        0.02361167
     1.7000000        0.16959819        0.02240125
     1.8000000        0.16790633        0.02350274
     1.9000000        0.13262241        0.02738520
     2.0000000        0.13567974        0.02247150
     2.1000000        0.13917149        0.02724081
     2.2000000        0.12333106        0.02829799
     2.3000000        0.11749853        0.02184671
     2.4000000        0.11802163        0.01772025
     2.5000000        0.08645612        0.01520260
     2.6000000        0.05709491        0.01466433
     2.7000000        0.06636367        0.01259452
     2.8000000        0.07442922        0.01620482
     2.9000000        0.07364309        0.01639048
     3.0000000        0.04895722        0.01557958
     3.1000000        0.04271955        0.01568227
     3.2000000        0.02548931        0.01569953
     3.3000000        0.02222223        0.01701128
     3.4000000        0.01763792        0.01654416
     3.5000000        0.01231145        0.02084769
     3.6000000        0.00470786        0.01190568
     3.7000000        0.01164265        0.01181132
     3.8000000        0.00907583        0.01514775
     3.9000000        0.00572366        0.01150761
     4.0000000        0.01088040        0.01446329
     4.1000000        0.00542736        0.01132862
     4.2000000        0.00384354        0.00919173
     4.3000000       -0.02091623        0.01005149
     4.4000000       -0.01348608        0.01397036
     4.5000000       -0.02614738        0.01359071
     4.6000000       -0.00639221        0.01133974
     4.7000000       -0.01718346        0.01050490
     4.8000000       -0.00370500        0.01491679
     4.9000000       -0.01484738        0.01566279
     5.0000000       -0.01686642        0.02041387
     5.1000000       -0.01283654        0.02044604
     5.2000000       -0.01140044        0.01739240
     5.3000000        0.00179371        0.01758172
     5.4000000        0.00916993        0.02212731
     5.5000000        0.00166463        0.01871767
     5.6000000        0.00516736        0.02288703
     5.7000000        0.00168647        0.02019131
     5.8000000       -0.01295214        0.01863228
     5.9000000       -0.01767570        0.01275485
     6.0000000       -0.03199737        0.01324558
     6.1000000       -0.01225716        0.01096963
     6.2000000        0.00221220        0.02029785
     6.3000000        0.03235356        0.01961811
     6.4000000        0.03125326        0.01729590
     6.5000000        0.03706323        0.02121166
     6.6000000        0.03596690        0.01727726
     6.7000000        0.04036040        0.01820606
     6.8000000        0.04116489        0.01949961
     6.9000000        0.04407275        0.01557889
     7.0000000        0.05138759        0.01557277
     7.1000000        0.06559208        0.01995241
     7.2000000        0.06641419        0.01985473
     7.3000000        0.07405060        0.01757537
     7.4000000        0.06008501        0.02112868
     7.5000000        0.05403038        0.01947502
     7.6000000        0.05983808        0.02235805
     7.7000000        0.03962741        0.01811413
     7.8000000        0.06302380        0.02069223
     7.9000000        0.05708314        0.01506311
     8.0000000        0.06475072        0.01716479
     8.1000000        0.06550445        0.01828845
     8.2000000        0.08205600        0.02124327
     8.3000000        0.08525812        0.01922838
     8.4000000        0.07374326        0.01965376
     8.5000000        0.08023331        0.02862483
     8.6000000        0.09321982        0.02825643
     8.7000000        0.10093429        0.02810478
     8.8000000        0.10651277        0.02478086
     8.9000000        0.12275149        0.02394568
     9.0000000        0.14702366        0.02177422
     9.1000000        0.17096147        0.02078148
     9.2000000        0.16749167        0.02596797
     9.3000000        0.16886659        0.02823177
     9.4000000        0.17016715        0.02704540
     9.5000000        0.17805637        0.01997940
     9.6000000        0.18311429        0.01270550
     9.7000000        0.18397419        0.01719765
     9.8000000        0.20765256        0.01890698
     9.9000000        0.22451826        0.01624232
    10.0000000        0.24074985        0.01785703
    10.1000000        0.26825573        0.01661705
    10.2000000        0.27505735        0.01950595
    10.3000000        0.27943839        0.02716634
    10.4000000        0.31456667        0.02688129
    10.5000000        0.32217855        0.02876743
    10.6000000        0.35509980        0.02405223
    10.7000000        0.39162516        0.02310931
    10.8000000        0.43135130        0.01985026
    10.9000000        0.47872362        0.02093156
    11.0000000        0.50418941        0.02305124
    11.1000000        0.55347924        0.01505512
    11.2000000        0.57433310        0.01909370
    11.3000000        0.63001692        0.02190026
    11.4000000        0.67878328        0.02073873
    11.5000000        0.73677800        0.02621401
    11.6000000        0.80330736        0.02563534
    11.7000000        0.89832402        0.02424308
    11.8000000        0.97657067        0.02519500
    11.9000000        1.08666543        0.01591048
    12.0000000        1.22797005        0.01536550
