          51           4   5.0000000000000000                1
     0.0000000        1.75563645        0.04009375
     0.1000000        1.07688203        0.04085828
     0.2000000        0.65837100        0.03315260
     0.3000000        0.41917324        0.01881914
     0.4000000        0.27338468        0.01065423
     0.5000000        0.17294765        0.00971835
     0.6000000        0.12416186        0.01267261
     0.7000000        0.07010600        0.01906569
     0.8000000        0.03884766        0.01894831
     0.9000000        0.03271425        0.03505163
     1.0000000       -0.02929458        0.07067789
     1.1000000        0.03570799        0.00741904
     1.2000000        0.06141725        0.03289425
     1.3000000        0.01350411        0.00356306
     1.4000000       -0.02142018        0.03491103
     1.5000000       -0.05739051        0.07734878
     1.6000000       -0.01507692        0.02668957
     1.7000000        0.00488631        0.00996609
     1.8000000        0.00167827        0.00668596
     1.9000000       -0.00264997        0.00875636
     2.0000000       -0.00062639        0.00966055
     2.1000000        0.01080876        0.01912630
     2.2000000        0.02041220        0.01848467
     2.3000000        0.02016294        0.01249026
     2.4000000        0.03004117        0.02124842
     2.5000000        0.03638289        0.03244144
     2.6000000        0.04637251        0.05479525
     2.7000000        0.01889838        0.03087516
     2.8000000        0.00655393        0.00957584
     2.9000000       -0.00385158        0.00429282
     3.0000000       -0.00956804        0.01799576
     3.1000000       -0.01033882        0.01980136
     3.2000000       -0.00601184        0.00826812
     3.3000000       -0.01044350        0.01055258
     3.4000000       -0.01149503        0.01070153
     3.5000000        0.00306058        0.00228090
     3.6000000        0.01027251        0.00596307
     3.7000000        0.01334794        0.00550374
     3.8000000        0.01357360        0.01192774
     3.9000000        0.01454357        0.02326484
     4.0000000        0.01448519        0.01627618
     4.1000000        0.01812301        0.01166172
     4.2000000        0.00494628        0.00984265
     4.3000000       -0.01443762        0.00935728
     4.4000000        0.00430093        0.02246191
     4.5000000        0.02624330        0.00805940
     4.6000000        0.06264490        0.01664435
     4.7000000        0.07147207        0.03403794
     4.8000000        0.12100109        0.01531634
     4.9000000        0.17896144        0.02943632
     5.0000000        0.24436355        0.04009375
