          26           4   5.0000000000000000                1
     0.0000000        0.09514150        0.01684036
     0.1000000        0.06361648        0.03526876
     0.2000000        0.07293408        0.12849958
     0.3000000       -0.09474800        0.13008597
     0.4000000        0.00406599        0.06162488
     0.5000000       -0.00744069        0.03977217
     0.6000000        0.00311778        0.03196167
     0.7000000        0.02864297        0.01961253
     0.8000000        0.00327077        0.03509234
     0.9000000        0.04774285        0.05918642
     1.0000000       -0.01709557        0.07543259
     1.1000000       -0.05319758        0.05447533
     1.2000000       -0.00175215        0.04203061
     1.3000000       -0.01615952        0.03235765
     1.4000000        0.02246595        0.00629218
     1.5000000       -0.01744859        0.02160093
     1.6000000        0.00380894        0.01612833
     1.7000000       -0.02245807        0.06768334
     1.8000000        0.02705193        0.03036152
     1.9000000        0.00485795        0.02328969
     2.0000000        0.00056128        0.04374205
     2.1000000       -0.02118078        0.03135714
     2.2000000       -0.07202380        0.10645721
     2.3000000       -0.00479728        0.00905616
     2.4000000        0.06288233        0.07463599
     2.5000000        0.03031106        0.04401992
