          41           9   8.0000000000000000                1
     0.0000000        0.62098453        0.04109984
     0.1000000        0.49430014        0.02804434
     0.2000000        0.37320399        0.01851208
     0.3000000        0.32411171        0.02420285
     0.4000000        0.23675092        0.03520148
     0.5000000        0.18828951        0.02512924
     0.6000000        0.17919523        0.03469237
     0.7000000        0.16459008        0.04204021
     0.8000000        0.15045942        0.03983502
     0.9000000        0.11719772        0.01680151
     1.0000000        0.06837751        0.06809859
     1.1000000        0.01629034        0.12420877
     1.2000000        0.11285728        0.06384298
     1.3000000        0.08116348        0.03601738
     1.4000000        0.01706269        0.03350755
     1.5000000        0.03805102        0.05366835
     1.6000000        0.09417512        0.02545324
     1.7000000        0.13801153        0.06642691
     1.8000000        0.07008181        0.04356417
     1.9000000        0.06835851        0.04513947
     2.0000000        0.07101254        0.06142656
     2.1000000        0.02176665        0.04720601
     2.2000000       -0.04117242        0.04649211
     2.3000000       -0.04630222        0.04573001
     2.4000000       -0.08856360        0.06588084
     2.5000000       -0.05442957        0.06850017
     2.6000000       -0.10030499        0.10760658
     2.7000000       -0.21122719        0.22488051
     2.8000000       -0.02049772        0.07268816
     2.9000000        0.02551879        0.13099531
     3.0000000       -0.01337682        0.06635948
     3.1000000       -0.05687859        0.05671192
     3.2000000       -0.00961710        0.05050834
     3.3000000       -0.01040963        0.06511710
     3.4000000        0.04074710        0.12801785
     3.5000000        0.05421904        0.04547022
     3.6000000       -0.06454193        0.04790903
     3.7000000       -0.07032838        0.08971902
     3.8000000        0.06373519        0.05246534
     3.9000000        0.08313895        0.08739815
     4.0000000        0.04446156        0.04663136
