          41           9   8.0000000000000000                1
     0.0000000        0.26023469        0.01200259
     0.1000000        0.15429771        0.01207017
     0.2000000        0.09198616        0.01173347
     0.3000000        0.05529969        0.01103290
     0.4000000        0.03438154        0.01045929
     0.5000000        0.02252666        0.00992243
     0.6000000        0.01479062        0.00955189
     0.7000000        0.00886009        0.00933603
     0.8000000        0.00467501        0.00876724
     0.9000000        0.00242017        0.00786549
     1.0000000        0.00176764        0.00681060
     1.1000000        0.00178936        0.00567464
     1.2000000        0.00180794        0.00506305
     1.3000000        0.00165632        0.00477846
     1.4000000        0.00170728        0.00454915
     1.5000000        0.00193924        0.00447251
     1.6000000        0.00113746        0.00443126
     1.7000000        0.00058526        0.00463615
     1.8000000        0.00062094        0.00495925
     1.9000000        0.00017164        0.00525303
     2.0000000        0.00027962        0.00550212
     2.1000000        0.00207247        0.00572540
     2.2000000        0.00377541        0.00592006
     2.3000000        0.00387410        0.00581015
     2.4000000        0.00325096        0.00561861
     2.5000000        0.00276572        0.00523150
     2.6000000        0.00197210        0.00494202
     2.7000000        0.00109635        0.00472745
     2.8000000        0.00081098        0.00426780
     2.9000000        0.00099614        0.00383830
     3.0000000        0.00170832        0.00362313
     3.1000000        0.00223681        0.00398180
     3.2000000        0.00188840        0.00437365
     3.3000000        0.00187636        0.00450353
     3.4000000        0.00167764        0.00499372
     3.5000000        0.00166034        0.00531273
     3.6000000        0.00152767        0.00531438
     3.7000000        0.00080901        0.00560297
     3.8000000        0.00022323        0.00614109
     3.9000000       -0.00028243        0.00642297
     4.0000000       -0.00040155        0.00643986
