          41           9   4.0000000000000000                1
     0.0000000        0.30499563        0.00434887
     0.1000000        0.25305776        0.00654746
     0.2000000        0.21748078        0.00446741
     0.3000000        0.18829504        0.00381365
     0.4000000        0.17177789        0.00361460
     0.5000000        0.16054435        0.00277680
     0.6000000        0.15025128        0.00294235
     0.7000000        0.14555742        0.00213444
     0.8000000        0.14396029        0.00301921
     0.9000000        0.14053944        0.00423801
     1.0000000        0.13707107        0.00253465
     1.1000000        0.13773256        0.00259705
     1.2000000        0.13846603        0.00348317
     1.3000000        0.14161698        0.00434719
     1.4000000        0.14767649        0.00511169
     1.5000000        0.15781420        0.00404671
     1.6000000        0.16704150        0.00393723
     1.7000000        0.17352017        0.00521653
     1.8000000        0.18081429        0.00549688
     1.9000000        0.19432826        0.00501636
     2.0000000        0.21190655        0.00512752
     2.1000000        0.22883448        0.00541509
     2.2000000        0.24748490        0.00656474
     2.3000000        0.26607887        0.00603558
     2.4000000        0.28870706        0.00523984
     2.5000000        0.31107284        0.00531097
     2.6000000        0.33807603        0.00434186
     2.7000000        0.37276061        0.00340907
     2.8000000        0.40581602        0.00344240
     2.9000000        0.45171716        0.00535492
     3.0000000        0.49845673        0.00494453
     3.1000000        0.55184536        0.00589775
     3.2000000        0.60985846        0.00778351
     3.3000000        0.68177576        0.00679919
     3.4000000        0.76441740        0.00665456
     3.5000000        0.85864722        0.00701226
     3.6000000        0.96411348        0.00502948
     3.7000000        1.09831437        0.00645392
     3.8000000        1.25576321        0.00641431
     3.9000000        1.45358727        0.00456638
     4.0000000        1.69500437        0.00434887
