          11           4   2.0000000000000000                1
     0.0000000        0.13617947        0.01913232
     0.1000000        0.10601229        0.01892305
     0.2000000        0.08460807        0.01880786
     0.3000000        0.06932138        0.01937475
     0.4000000        0.05974638        0.02057870
     0.5000000        0.05344279        0.02157744
     0.6000000        0.04912732        0.02241677
     0.7000000        0.04508154        0.02383742
     0.8000000        0.04182425        0.02535063
     0.9000000        0.04073345        0.02653683
     1.0000000        0.04065580        0.02710308
