   -2.000000     -2.000000
  1    1       -0.00083818        0.00041248       -0.00000000        0.00000000
   -2.000000     -1.000000
  1    1       -0.00205330        0.00045277        0.00000000        0.00000000
   -2.000000      0.000000
  1    1       -0.00190152        0.00042713        0.00000000        0.00000000
   -2.000000      1.000000
  1    1       -0.00223994        0.00051596       -0.00000000        0.00000000
   -2.000000      2.000000
  1    1       -0.00093479        0.00031348       -0.00000000        0.00000000
   -2.000000      3.000000
  1    1       -0.00076312        0.00048784       -0.00000000        0.00000000
   -1.000000     -2.000000
  1    1       -0.00210357        0.00034265       -0.00000000        0.00000000
   -1.000000     -1.000000
  1    1       -0.00595656        0.00050303        0.00000000        0.00000000
   -1.000000      0.000000
  1    1       -0.04651663        0.00037942       -0.00000000        0.00000000
   -1.000000      1.000000
  1    1       -0.00623939        0.00042454        0.00000000        0.00000000
   -1.000000      2.000000
  1    1       -0.00174504        0.00056765        0.00000000        0.00000000
   -1.000000      3.000000
  1    1       -0.00094620        0.00032101       -0.00000000        0.00000000
    0.000000     -2.000000
  1    1       -0.00204608        0.00049595        0.00000000        0.00000000
    0.000000     -1.000000
  1    1       -0.04628562        0.00036734       -0.00000000        0.00000000
    0.000000      0.000000
  1    1        0.24693631        0.00178554        0.00000000        0.00000000
    0.000000      1.000000
  1    1       -0.04628562        0.00036734        0.00000000        0.00000000
    0.000000      2.000000
  1    1       -0.00204608        0.00049595       -0.00000000        0.00000000
    0.000000      3.000000
  1    1       -0.00076498        0.00035662        0.00000000        0.00000000
    1.000000     -2.000000
  1    1       -0.00174504        0.00056765       -0.00000000        0.00000000
    1.000000     -1.000000
  1    1       -0.00623939        0.00042454       -0.00000000        0.00000000
    1.000000      0.000000
  1    1       -0.04651663        0.00037942        0.00000000        0.00000000
    1.000000      1.000000
  1    1       -0.00595656        0.00050303       -0.00000000        0.00000000
    1.000000      2.000000
  1    1       -0.00210357        0.00034265        0.00000000        0.00000000
    1.000000      3.000000
  1    1       -0.00094620        0.00032101       -0.00000000        0.00000000
    2.000000     -2.000000
  1    1       -0.00093479        0.00031348        0.00000000        0.00000000
    2.000000     -1.000000
  1    1       -0.00223994        0.00051596        0.00000000        0.00000000
    2.000000      0.000000
  1    1       -0.00190152        0.00042713       -0.00000000        0.00000000
    2.000000      1.000000
  1    1       -0.00205330        0.00045277       -0.00000000        0.00000000
    2.000000      2.000000
  1    1       -0.00083818        0.00041248        0.00000000        0.00000000
    2.000000      3.000000
  1    1       -0.00076312        0.00048784       -0.00000000        0.00000000
    3.000000     -2.000000
  1    1       -0.00091884        0.00035767       -0.00000000        0.00000000
    3.000000     -1.000000
  1    1       -0.00089125        0.00041040       -0.00000000        0.00000000
    3.000000      0.000000
  1    1       -0.00066397        0.00044495        0.00000000        0.00000000
    3.000000      1.000000
  1    1       -0.00089125        0.00041040       -0.00000000        0.00000000
    3.000000      2.000000
  1    1       -0.00091884        0.00035767       -0.00000000        0.00000000
    3.000000      3.000000
  1    1       -0.00189855        0.00037504       -0.00000000        0.00000000
