         101           9   10.000000000000000                1
     0.0000000        1.01100506        0.03079149
     0.1000000        0.90141289        0.02817572
     0.2000000        0.77950413        0.02903955
     0.3000000        0.67878025        0.03169542
     0.4000000        0.63971169        0.03013910
     0.5000000        0.57836584        0.03544306
     0.6000000        0.53804147        0.03703075
     0.7000000        0.49937589        0.03193504
     0.8000000        0.47216617        0.03016127
     0.9000000        0.44363838        0.03782199
     1.0000000        0.41624636        0.03722199
     1.1000000        0.37387571        0.02702230
     1.2000000        0.33509225        0.02401169
     1.3000000        0.30002452        0.02781659
     1.4000000        0.29547149        0.02140088
     1.5000000        0.26284896        0.02200115
     1.6000000        0.24429768        0.01657216
     1.7000000        0.21654787        0.01281348
     1.8000000        0.20185680        0.01407044
     1.9000000        0.17673861        0.01896815
     2.0000000        0.16750947        0.02374211
     2.1000000        0.14679371        0.02139442
     2.2000000        0.12534828        0.01813567
     2.3000000        0.11798254        0.02239159
     2.4000000        0.12091546        0.02450014
     2.5000000        0.10397235        0.02906541
     2.6000000        0.10614675        0.02652779
     2.7000000        0.09133366        0.02227223
     2.8000000        0.08884953        0.02069642
     2.9000000        0.07219778        0.02501846
     3.0000000        0.05390921        0.02438529
     3.1000000        0.06191799        0.02501954
     3.2000000        0.05653497        0.02023520
     3.3000000        0.05275548        0.02582279
     3.4000000        0.05041352        0.02121113
     3.5000000        0.04177252        0.02144810
     3.6000000        0.03657872        0.02451555
     3.7000000        0.03084489        0.02434808
     3.8000000        0.04075145        0.02148132
     3.9000000        0.04397657        0.02347543
     4.0000000        0.04251480        0.01783900
     4.1000000        0.04280675        0.01468598
     4.2000000        0.05025344        0.01769067
     4.3000000        0.05013891        0.02172886
     4.4000000        0.03521430        0.02893106
     4.5000000        0.03988503        0.02950695
     4.6000000        0.04170024        0.02463949
     4.7000000        0.03859342        0.02756204
     4.8000000        0.04674595        0.02861465
     4.9000000        0.05077584        0.03179644
     5.0000000        0.05005431        0.02922754
     5.1000000        0.05251218        0.03135305
     5.2000000        0.03329807        0.02724415
     5.3000000        0.04679602        0.02466650
     5.4000000        0.04248862        0.02472972
     5.5000000        0.04109229        0.02366214
     5.6000000        0.03993050        0.02346553
     5.7000000        0.04084701        0.02096954
     5.8000000        0.03519352        0.02004978
     5.9000000        0.04447456        0.02358380
     6.0000000        0.05438031        0.01756199
     6.1000000        0.05102326        0.01969924
     6.2000000        0.06617377        0.02484752
     6.3000000        0.08023367        0.02278050
     6.4000000        0.07723460        0.02245192
     6.5000000        0.08499308        0.01930510
     6.6000000        0.08358690        0.01825174
     6.7000000        0.06394188        0.01946805
     6.8000000        0.07438814        0.01985981
     6.9000000        0.08164739        0.01523881
     7.0000000        0.09345096        0.01728453
     7.1000000        0.10201592        0.01699561
     7.2000000        0.11731337        0.01880691
     7.3000000        0.14320082        0.02612049
     7.4000000        0.14195502        0.02493896
     7.5000000        0.13782520        0.02252353
     7.6000000        0.17251648        0.02309747
     7.7000000        0.17050078        0.01317057
     7.8000000        0.16419081        0.01284852
     7.9000000        0.18563724        0.01060051
     8.0000000        0.20464800        0.01347076
     8.1000000        0.22362077        0.01494524
     8.2000000        0.22938071        0.01352264
     8.3000000        0.22466808        0.01796934
     8.4000000        0.22843211        0.02315787
     8.5000000        0.26052294        0.02306832
     8.6000000        0.28118582        0.02131098
     8.7000000        0.31173883        0.02299015
     8.8000000        0.33100828        0.02075058
     8.9000000        0.37062894        0.01925220
     9.0000000        0.40429892        0.03158920
     9.1000000        0.43890085        0.02946619
     9.2000000        0.45648338        0.02663557
     9.3000000        0.50866777        0.02829574
     9.4000000        0.53826039        0.02675318
     9.5000000        0.59257232        0.02809730
     9.6000000        0.66477193        0.03016900
     9.7000000        0.73478393        0.03245909
     9.8000000        0.79275668        0.03503887
     9.9000000        0.88388846        0.03369458
    10.0000000        0.98899494        0.03079149
