          31           9   6.0000000000000000                1
     0.0000000        0.34813763        0.02060614
     0.1000000        0.20825750        0.02040987
     0.2000000        0.13158233        0.01936011
     0.3000000        0.08791609        0.01752125
     0.4000000        0.06093922        0.01580679
     0.5000000        0.04304393        0.01420602
     0.6000000        0.03070956        0.01269995
     0.7000000        0.02374942        0.01181754
     0.8000000        0.01919902        0.01154151
     0.9000000        0.01675646        0.01098135
     1.0000000        0.01620716        0.00975522
     1.1000000        0.01423450        0.00882597
     1.2000000        0.01117945        0.00877968
     1.3000000        0.00843181        0.00911848
     1.4000000        0.00590825        0.00911395
     1.5000000        0.00414927        0.00857980
     1.6000000        0.00234092        0.00837482
     1.7000000        0.00081250        0.00877208
     1.8000000       -0.00009305        0.00951254
     1.9000000       -0.00075408        0.00991400
     2.0000000       -0.00114119        0.01018731
     2.1000000       -0.00036803        0.01024673
     2.2000000        0.00040354        0.00975947
     2.3000000       -0.00005875        0.00923128
     2.4000000       -0.00006589        0.00955230
     2.5000000        0.00114841        0.01014962
     2.6000000        0.00276920        0.01027701
     2.7000000        0.00386400        0.01016364
     2.8000000        0.00400243        0.01039802
     2.9000000        0.00249138        0.01123960
     3.0000000        0.00135028        0.01186538
