          41           4   4.0000000000000000                1
     0.0000000        1.00204508        0.08605163
     0.1000000        0.89631339        0.06029469
     0.2000000        0.83281224        0.05692709
     0.3000000        0.74508839        0.06716635
     0.4000000        0.68833369        0.06013451
     0.5000000        0.63302302        0.05139366
     0.6000000        0.57316657        0.06457765
     0.7000000        0.55858538        0.07163567
     0.8000000        0.51420040        0.06280622
     0.9000000        0.48415247        0.06664969
     1.0000000        0.46815942        0.06465701
     1.1000000        0.46475593        0.05484759
     1.2000000        0.42754155        0.06658394
     1.3000000        0.46271574        0.02713309
     1.4000000        0.43838791        0.03107168
     1.5000000        0.41773646        0.02843219
     1.6000000        0.38154335        0.04281655
     1.7000000        0.37351411        0.02551916
     1.8000000        0.38739511        0.01355241
     1.9000000        0.39771484        0.02941902
     2.0000000        0.40196340        0.03546133
     2.1000000        0.42955619        0.03818549
     2.2000000        0.38827635        0.03034048
     2.3000000        0.43266894        0.03008765
     2.4000000        0.40867321        0.08547877
     2.5000000        0.41742272        0.07666966
     2.6000000        0.40898294        0.05622488
     2.7000000        0.42169048        0.05796784
     2.8000000        0.45770443        0.08226183
     2.9000000        0.41295401        0.07021432
     3.0000000        0.39327190        0.06269209
     3.1000000        0.45031703        0.05337116
     3.2000000        0.51247984        0.03264702
     3.3000000        0.55481757        0.03039837
     3.4000000        0.55837092        0.03085825
     3.5000000        0.58674251        0.04035093
     3.6000000        0.61013049        0.05016825
     3.7000000        0.70985787        0.07362482
     3.8000000        0.78333687        0.07493726
     3.9000000        0.88104808        0.06541600
     4.0000000        0.99795492        0.08605163
