          11           9   2.0000000000000000                1
     0.0000000        0.62418195        0.00464413
     0.1000000        0.53118314        0.00443625
     0.2000000        0.46083116        0.00410277
     0.3000000        0.40730183        0.00371833
     0.4000000        0.36621311        0.00327424
     0.5000000        0.33449481        0.00295535
     0.6000000        0.31036705        0.00286413
     0.7000000        0.29259287        0.00282824
     0.8000000        0.28041077        0.00280576
     0.9000000        0.27320554        0.00281674
     1.0000000        0.27073477        0.00282014
