          81           4   8.0000000000000000                1
     0.0000000        1.97611326        0.00435235
     0.1000000        1.26700515        0.00755432
     0.2000000        0.81446080        0.00848171
     0.3000000        0.53696139        0.00610375
     0.4000000        0.34520477        0.01008067
     0.5000000        0.23244739        0.00766099
     0.6000000        0.15563562        0.00494692
     0.7000000        0.11335909        0.00809662
     0.8000000        0.07162818        0.00757047
     0.9000000        0.05043388        0.00569013
     1.0000000        0.04331377        0.00408521
     1.1000000        0.02990514        0.00545476
     1.2000000        0.02260928        0.01086405
     1.3000000        0.01441123        0.00786583
     1.4000000        0.01099417        0.01125505
     1.5000000        0.00743959        0.00456367
     1.6000000       -0.00061260        0.00324897
     1.7000000       -0.00293016        0.00497584
     1.8000000       -0.00649004        0.00527048
     1.9000000       -0.00063246        0.00496335
     2.0000000        0.00259829        0.00506755
     2.1000000        0.01217568        0.00793540
     2.2000000        0.00385896        0.00348694
     2.3000000        0.00222487        0.00221799
     2.4000000        0.00392371        0.00687018
     2.5000000       -0.00265786        0.00466221
     2.6000000        0.00093802        0.00900863
     2.7000000       -0.00150248        0.00498212
     2.8000000       -0.00426002        0.00604507
     2.9000000       -0.00681997        0.00617381
     3.0000000       -0.00435197        0.00800296
     3.1000000       -0.00123858        0.00420949
     3.2000000        0.01080376        0.00594423
     3.3000000        0.01008809        0.00945926
     3.4000000        0.00429608        0.01304288
     3.5000000        0.00147063        0.00146499
     3.6000000        0.00078681        0.00398663
     3.7000000        0.00062068        0.00411180
     3.8000000       -0.00716037        0.00642900
     3.9000000       -0.00474596        0.00683386
     4.0000000       -0.00640211        0.00805253
     4.1000000       -0.00351548        0.00787872
     4.2000000       -0.00415065        0.00226871
     4.3000000        0.00082592        0.00498810
     4.4000000        0.00484682        0.00452757
     4.5000000       -0.00033633        0.00438084
     4.6000000       -0.00393116        0.00418175
     4.7000000       -0.00160688        0.00435646
     4.8000000        0.00052046        0.00666821
     4.9000000        0.00194883        0.00943932
     5.0000000        0.00445109        0.00790305
     5.1000000       -0.00169072        0.00620444
     5.2000000       -0.00105648        0.00614721
     5.3000000        0.00924350        0.00659356
     5.4000000        0.01412113        0.00623369
     5.5000000        0.00630905        0.00935511
     5.6000000        0.00943500        0.01167373
     5.7000000        0.00408275        0.00956991
     5.8000000        0.00734781        0.00321872
     5.9000000        0.00305082        0.00557857
     6.0000000        0.00497608        0.00494355
     6.1000000        0.00439534        0.00836943
     6.2000000        0.00100513        0.00366606
     6.3000000        0.00183486        0.00627422
     6.4000000       -0.00501244        0.00195856
     6.5000000        0.00239919        0.00832141
     6.6000000        0.00477983        0.00300256
     6.7000000        0.00253235        0.00760998
     6.8000000        0.00266033        0.00245782
     6.9000000       -0.00855068        0.00698392
     7.0000000       -0.00647597        0.00993295
     7.1000000       -0.00140315        0.01269086
     7.2000000        0.00325584        0.00979014
     7.3000000        0.00193359        0.00411679
     7.4000000       -0.00244426        0.00191478
     7.5000000        0.00343183        0.00517702
     7.6000000        0.00609301        0.00782864
     7.7000000       -0.00127636        0.00490489
     7.8000000        0.00830051        0.00779002
     7.9000000        0.01417440        0.00173194
     8.0000000        0.02388674        0.00435235
