          81           4   8.0000000000000000                1
     0.0000000        0.73021189        0.04342124
     0.1000000        0.63864442        0.02859506
     0.2000000        0.56487714        0.03530979
     0.3000000        0.49991431        0.04646488
     0.4000000        0.44673195        0.04266294
     0.5000000        0.41601983        0.03607846
     0.6000000        0.37731403        0.04248744
     0.7000000        0.35987490        0.04012922
     0.8000000        0.34345128        0.06512153
     0.9000000        0.34095284        0.04378129
     1.0000000        0.31451917        0.06118150
     1.1000000        0.27312815        0.06328350
     1.2000000        0.24627266        0.07542125
     1.3000000        0.22557982        0.07844802
     1.4000000        0.20560021        0.06558479
     1.5000000        0.19523733        0.06339506
     1.6000000        0.17722199        0.05534675
     1.7000000        0.11243733        0.05846504
     1.8000000        0.06850290        0.04786775
     1.9000000        0.03169148        0.05770693
     2.0000000        0.04432093        0.08522000
     2.1000000        0.01475915        0.06731390
     2.2000000        0.02035103        0.06483194
     2.3000000        0.00724192        0.07503827
     2.4000000        0.00649931        0.06898678
     2.5000000       -0.03786341        0.07421573
     2.6000000       -0.01638741        0.08599674
     2.7000000        0.01191312        0.08559920
     2.8000000        0.05632283        0.09623536
     2.9000000        0.04187906        0.07890053
     3.0000000        0.07869066        0.09095934
     3.1000000        0.02294971        0.07924305
     3.2000000        0.02050834        0.08536124
     3.3000000        0.02049515        0.08771141
     3.4000000        0.00520073        0.08605460
     3.5000000        0.03311669        0.08972931
     3.6000000        0.01456617        0.07717289
     3.7000000        0.01870915        0.07754177
     3.8000000       -0.00214179        0.06577895
     3.9000000        0.01573951        0.05964136
     4.0000000        0.02762220        0.04983416
     4.1000000        0.04443108        0.04343727
     4.2000000        0.03014087        0.04297970
     4.3000000        0.01038224        0.03463436
     4.4000000        0.05594315        0.04032651
     4.5000000        0.08369771        0.04080807
     4.6000000        0.11841855        0.05314333
     4.7000000        0.09795586        0.05903326
     4.8000000        0.09891834        0.04425602
     4.9000000        0.08602387        0.06072340
     5.0000000        0.09355536        0.06940379
     5.1000000        0.08753139        0.07455995
     5.2000000        0.13366288        0.06377987
     5.3000000        0.13258568        0.08750647
     5.4000000        0.16310798        0.07608564
     5.5000000        0.20497952        0.08723570
     5.6000000        0.19251323        0.07417899
     5.7000000        0.22541211        0.07412224
     5.8000000        0.22207423        0.10651658
     5.9000000        0.24164173        0.10065648
     6.0000000        0.28548000        0.09093099
     6.1000000        0.33041700        0.09017877
     6.2000000        0.37346651        0.06196840
     6.3000000        0.36939313        0.05696736
     6.4000000        0.36017331        0.04055839
     6.5000000        0.36870745        0.01609211
     6.6000000        0.38844879        0.03858723
     6.7000000        0.41676011        0.03308991
     6.8000000        0.50176669        0.04071965
     6.9000000        0.51589455        0.06410597
     7.0000000        0.58684509        0.04049191
     7.1000000        0.62321266        0.02973045
     7.2000000        0.65259608        0.03132555
     7.3000000        0.71368003        0.02838524
     7.4000000        0.78979068        0.03637896
     7.5000000        0.87279553        0.05301213
     7.6000000        0.98047663        0.06522318
     7.7000000        1.01820542        0.07365183
     7.8000000        1.08184340        0.06646100
     7.9000000        1.15750812        0.05542723
     8.0000000        1.26978811        0.04342124
