          11           4   2.0000000000000000                1
     0.0000000        1.39508878        0.08317263
     0.1000000        0.71110058        0.07634002
     0.2000000        0.42096649        0.06925440
     0.3000000        0.26910679        0.05617412
     0.4000000        0.18473753        0.05060415
     0.5000000        0.14544829        0.04621489
     0.6000000        0.13578811        0.01290658
     0.7000000        0.16572314        0.07778742
     0.8000000        0.13292731        0.06871764
     0.9000000        0.16175667        0.08431878
     1.0000000        0.19596210        0.10182173
