          11           9   2.0000000000000000                1
     0.0000000        0.55935487        0.00314435
     0.1000000        0.48956824        0.00307049
     0.2000000        0.43760427        0.00294882
     0.3000000        0.39819691        0.00292640
     0.4000000        0.36789868        0.00288861
     0.5000000        0.34471146        0.00280444
     0.6000000        0.32729786        0.00269263
     0.7000000        0.31468117        0.00260444
     0.8000000        0.30630562        0.00259702
     0.9000000        0.30161689        0.00262759
     1.0000000        0.30012521        0.00265429
