           9           4   2.0000000000000000                1
     0.0000000        0.36535162        0.01954782
     0.1250000        0.36535162        0.01954782
     0.2500000        0.36535162        0.01954782
     0.3750000        0.36535162        0.01954782
     0.5000000        0.36535162        0.01954782
     0.6250000        0.36535162        0.01954782
     0.7500000        0.36535162        0.01954782
     0.8750000        0.36535162        0.01954782
     1.0000000        0.36535162        0.01954782
