          26           4   5.0000000000000000                1
     0.0000000        1.19117953        0.02903250
     0.1000000        0.91707553        0.03592136
     0.2000000        0.77491745        0.07344182
     0.3000000        0.67218972        0.15529339
     0.4000000        0.40000722        0.04229337
     0.5000000        0.30990694        0.07258524
     0.6000000        0.20392317        0.05201983
     0.7000000        0.13998276        0.02363601
     0.8000000        0.14356767        0.01243531
     0.9000000        0.13726133        0.02968316
     1.0000000        0.10248689        0.01636201
     1.1000000        0.08267666        0.01671270
     1.2000000        0.06530760        0.01391536
     1.3000000        0.04072838        0.01160189
     1.4000000        0.00056530        0.01375278
     1.5000000        0.03310686        0.02719366
     1.6000000        0.03681025        0.02016833
     1.7000000        0.06287107        0.03957847
     1.8000000        0.01309569        0.03565638
     1.9000000        0.00358900        0.03103017
     2.0000000       -0.01747723        0.03954589
     2.1000000       -0.05437886        0.07572533
     2.2000000       -0.07317089        0.11782257
     2.3000000       -0.03937370        0.04551207
     2.4000000       -0.00310858        0.00847047
     2.5000000       -0.01086174        0.01646474
