   -4.000000     -4.000000
  1    1       -0.00007749        0.00014366        0.00000000        0.00000000
   -4.000000     -3.000000
  1    1       -0.00023172        0.00007745       -0.00000000        0.00000000
   -4.000000     -2.000000
  1    1       -0.00015523        0.00009346        0.00000000        0.00000000
   -4.000000     -1.000000
  1    1       -0.00007985        0.00012803       -0.00000000        0.00000000
   -4.000000      0.000000
  1    1       -0.00002144        0.00007430        0.00000000        0.00000000
   -4.000000      1.000000
  1    1       -0.00017865        0.00006918       -0.00000000        0.00000000
   -4.000000      2.000000
  1    1        0.00000362        0.00008231        0.00000000        0.00000000
   -4.000000      3.000000
  1    1        0.00003468        0.00008713        0.00000000        0.00000000
   -4.000000      4.000000
  1    1       -0.00008488        0.00008455       -0.00000000        0.00000000
   -4.000000      5.000000
  1    1       -0.00006485        0.00007036       -0.00000000        0.00000000
   -3.000000     -4.000000
  1    1       -0.00009186        0.00011548       -0.00000000        0.00000000
   -3.000000     -3.000000
  1    1        0.00000896        0.00006754        0.00000000        0.00000000
   -3.000000     -2.000000
  1    1       -0.00030059        0.00010217        0.00000000        0.00000000
   -3.000000     -1.000000
  1    1       -0.00031923        0.00009100        0.00000000        0.00000000
   -3.000000      0.000000
  1    1       -0.00004063        0.00006772       -0.00000000        0.00000000
   -3.000000      1.000000
  1    1       -0.00022926        0.00005083        0.00000000        0.00000000
   -3.000000      2.000000
  1    1       -0.00017929        0.00009429       -0.00000000        0.00000000
   -3.000000      3.000000
  1    1       -0.00012643        0.00004033       -0.00000000        0.00000000
   -3.000000      4.000000
  1    1       -0.00007992        0.00010085       -0.00000000        0.00000000
   -3.000000      5.000000
  1    1       -0.00004796        0.00002683       -0.00000000        0.00000000
   -2.000000     -4.000000
  1    1        0.00005139        0.00008715        0.00000000        0.00000000
   -2.000000     -3.000000
  1    1       -0.00019681        0.00009096        0.00000000        0.00000000
   -2.000000     -2.000000
  1    1       -0.00097178        0.00008788       -0.00000000        0.00000000
   -2.000000     -1.000000
  1    1       -0.00237894        0.00005182       -0.00000000        0.00000000
   -2.000000      0.000000
  1    1       -0.00158085        0.00020926        0.00000000        0.00000000
   -2.000000      1.000000
  1    1       -0.00220792        0.00004049       -0.00000000        0.00000000
   -2.000000      2.000000
  1    1       -0.00093078        0.00005932        0.00000000        0.00000000
   -2.000000      3.000000
  1    1       -0.00019310        0.00009126        0.00000000        0.00000000
   -2.000000      4.000000
  1    1        0.00018807        0.00005930       -0.00000000        0.00000000
   -2.000000      5.000000
  1    1        0.00004727        0.00011302       -0.00000000        0.00000000
   -1.000000     -4.000000
  1    1       -0.00006845        0.00005318       -0.00000000        0.00000000
   -1.000000     -3.000000
  1    1       -0.00016414        0.00011104        0.00000000        0.00000000
   -1.000000     -2.000000
  1    1       -0.00244771        0.00011179       -0.00000000        0.00000000
   -1.000000     -1.000000
  1    1       -0.01678544        0.00049721        0.00000000        0.00000000
   -1.000000      0.000000
  1    1       -0.06260151        0.00135867       -0.00000000        0.00000000
   -1.000000      1.000000
  1    1       -0.01667891        0.00022049       -0.00000000        0.00000000
   -1.000000      2.000000
  1    1       -0.00255724        0.00013106        0.00000000        0.00000000
   -1.000000      3.000000
  1    1       -0.00013195        0.00010680       -0.00000000        0.00000000
   -1.000000      4.000000
  1    1        0.00001460        0.00004190        0.00000000        0.00000000
   -1.000000      5.000000
  1    1        0.00005803        0.00004790       -0.00000000        0.00000000
    0.000000     -4.000000
  1    1       -0.00003921        0.00007278        0.00000000        0.00000000
    0.000000     -3.000000
  1    1       -0.00015250        0.00010266       -0.00000000        0.00000000
    0.000000     -2.000000
  1    1        0.00141543        0.00004048        0.00000000        0.00000000
    0.000000     -1.000000
  1    1       -0.09860760        0.00024529       -0.00000000        0.00000000
    0.000000      0.000000
  1    1        0.95974568        0.00214234        0.00000000        0.00000000
    0.000000      1.000000
  1    1       -0.09860760        0.00024529        0.00000000        0.00000000
    0.000000      2.000000
  1    1        0.00141543        0.00004048       -0.00000000        0.00000000
    0.000000      3.000000
  1    1       -0.00015250        0.00010266        0.00000000        0.00000000
    0.000000      4.000000
  1    1       -0.00003921        0.00007278       -0.00000000        0.00000000
    0.000000      5.000000
  1    1        0.00004457        0.00021258        0.00000000        0.00000000
    1.000000     -4.000000
  1    1        0.00001460        0.00004190       -0.00000000        0.00000000
    1.000000     -3.000000
  1    1       -0.00013195        0.00010680        0.00000000        0.00000000
    1.000000     -2.000000
  1    1       -0.00255724        0.00013106       -0.00000000        0.00000000
    1.000000     -1.000000
  1    1       -0.01667891        0.00022049       -0.00000000        0.00000000
    1.000000      0.000000
  1    1       -0.06253197        0.00092506        0.00000000        0.00000000
    1.000000      1.000000
  1    1       -0.01678544        0.00049721       -0.00000000        0.00000000
    1.000000      2.000000
  1    1       -0.00244771        0.00011179        0.00000000        0.00000000
    1.000000      3.000000
  1    1       -0.00016414        0.00011104       -0.00000000        0.00000000
    1.000000      4.000000
  1    1       -0.00006845        0.00005318        0.00000000        0.00000000
    1.000000      5.000000
  1    1        0.00005803        0.00004790       -0.00000000        0.00000000
    2.000000     -4.000000
  1    1        0.00018807        0.00005930        0.00000000        0.00000000
    2.000000     -3.000000
  1    1       -0.00019310        0.00009126       -0.00000000        0.00000000
    2.000000     -2.000000
  1    1       -0.00093078        0.00005932        0.00000000        0.00000000
    2.000000     -1.000000
  1    1       -0.00220792        0.00004049        0.00000000        0.00000000
    2.000000      0.000000
  1    1       -0.00158085        0.00020926       -0.00000000        0.00000000
    2.000000      1.000000
  1    1       -0.00237894        0.00005182        0.00000000        0.00000000
    2.000000      2.000000
  1    1       -0.00097178        0.00008788        0.00000000        0.00000000
    2.000000      3.000000
  1    1       -0.00019681        0.00009096       -0.00000000        0.00000000
    2.000000      4.000000
  1    1        0.00005139        0.00008715       -0.00000000        0.00000000
    2.000000      5.000000
  1    1        0.00004727        0.00011302        0.00000000        0.00000000
    3.000000     -4.000000
  1    1       -0.00007992        0.00010085        0.00000000        0.00000000
    3.000000     -3.000000
  1    1       -0.00012643        0.00004033        0.00000000        0.00000000
    3.000000     -2.000000
  1    1       -0.00017929        0.00009429        0.00000000        0.00000000
    3.000000     -1.000000
  1    1       -0.00022926        0.00005083       -0.00000000        0.00000000
    3.000000      0.000000
  1    1       -0.00004063        0.00006772        0.00000000        0.00000000
    3.000000      1.000000
  1    1       -0.00031923        0.00009100       -0.00000000        0.00000000
    3.000000      2.000000
  1    1       -0.00030059        0.00010217       -0.00000000        0.00000000
    3.000000      3.000000
  1    1        0.00000896        0.00006754       -0.00000000        0.00000000
    3.000000      4.000000
  1    1       -0.00009186        0.00011548        0.00000000        0.00000000
    3.000000      5.000000
  1    1       -0.00004796        0.00002683        0.00000000        0.00000000
    4.000000     -4.000000
  1    1       -0.00008488        0.00008455        0.00000000        0.00000000
    4.000000     -3.000000
  1    1        0.00003468        0.00008713       -0.00000000        0.00000000
    4.000000     -2.000000
  1    1        0.00000362        0.00008231       -0.00000000        0.00000000
    4.000000     -1.000000
  1    1       -0.00017865        0.00006918        0.00000000        0.00000000
    4.000000      0.000000
  1    1       -0.00002144        0.00007430       -0.00000000        0.00000000
    4.000000      1.000000
  1    1       -0.00007985        0.00012803        0.00000000        0.00000000
    4.000000      2.000000
  1    1       -0.00015523        0.00009346       -0.00000000        0.00000000
    4.000000      3.000000
  1    1       -0.00023172        0.00007745        0.00000000        0.00000000
    4.000000      4.000000
  1    1       -0.00007749        0.00014366       -0.00000000        0.00000000
    4.000000      5.000000
  1    1       -0.00006485        0.00007036       -0.00000000        0.00000000
    5.000000     -4.000000
  1    1        0.00002805        0.00014012       -0.00000000        0.00000000
    5.000000     -3.000000
  1    1        0.00000516        0.00004464       -0.00000000        0.00000000
    5.000000     -2.000000
  1    1       -0.00000527        0.00005377       -0.00000000        0.00000000
    5.000000     -1.000000
  1    1       -0.00010980        0.00006243       -0.00000000        0.00000000
    5.000000      0.000000
  1    1       -0.00012213        0.00008252        0.00000000        0.00000000
    5.000000      1.000000
  1    1       -0.00010980        0.00006243       -0.00000000        0.00000000
    5.000000      2.000000
  1    1       -0.00000527        0.00005377        0.00000000        0.00000000
    5.000000      3.000000
  1    1        0.00000516        0.00004464        0.00000000        0.00000000
    5.000000      4.000000
  1    1        0.00002805        0.00014012       -0.00000000        0.00000000
    5.000000      5.000000
  1    1       -0.00002883        0.00011500       -0.00000000        0.00000000
