          21           4   4.0000000000000000                1
     0.0000000        0.36827069        0.00864452
     0.1000000        0.19323883        0.00418877
     0.2000000        0.10327447        0.00464891
     0.3000000        0.05830754        0.00225083
     0.4000000        0.03418484        0.00476516
     0.5000000        0.02313071        0.00176065
     0.6000000        0.01703985        0.00318110
     0.7000000        0.01269427        0.00063801
     0.8000000        0.00665619        0.00102271
     0.9000000        0.00390716        0.00179720
     1.0000000        0.00287660        0.00101447
     1.1000000        0.00036854        0.00156016
     1.2000000        0.00388018        0.00161213
     1.3000000        0.00068006        0.00190031
     1.4000000        0.00029474        0.00285519
     1.5000000       -0.00311386        0.00122957
     1.6000000        0.00303365        0.00055299
     1.7000000        0.00079397        0.00117017
     1.8000000        0.00214717        0.00099001
     1.9000000       -0.00028010        0.00256747
     2.0000000       -0.00129876        0.00243300
