          41           9   8.0000000000000000                1
     0.0000000        0.84883646        0.02349746
     0.1000000        0.59092093        0.02029306
     0.2000000        0.42890963        0.01714295
     0.3000000        0.32785043        0.01477914
     0.4000000        0.24901451        0.01442040
     0.5000000        0.18989236        0.00817341
     0.6000000        0.15184889        0.00920239
     0.7000000        0.12830680        0.00927032
     0.8000000        0.10640336        0.00810206
     0.9000000        0.08572740        0.00716880
     1.0000000        0.05908861        0.00543341
     1.1000000        0.05428429        0.01020533
     1.2000000        0.05316179        0.00853647
     1.3000000        0.03977539        0.00977443
     1.4000000        0.03435137        0.01067834
     1.5000000        0.02613094        0.00757805
     1.6000000        0.02776933        0.00855440
     1.7000000        0.02451735        0.00534732
     1.8000000        0.01278612        0.00548011
     1.9000000        0.01089247        0.00889926
     2.0000000        0.01266348        0.00804868
     2.1000000        0.00298615        0.01088607
     2.2000000        0.00627702        0.01230036
     2.3000000        0.01400031        0.01181810
     2.4000000        0.02419179        0.01061746
     2.5000000        0.01774409        0.01315086
     2.6000000        0.01120038        0.01164920
     2.7000000        0.01346870        0.01088882
     2.8000000        0.01702443        0.00784058
     2.9000000        0.01388471        0.00862747
     3.0000000        0.02314778        0.00978755
     3.1000000        0.01557554        0.00841903
     3.2000000        0.00395453        0.00923914
     3.3000000       -0.00071297        0.01111239
     3.4000000       -0.00766871        0.01141658
     3.5000000        0.01167654        0.01037596
     3.6000000        0.00262721        0.01090166
     3.7000000        0.00245633        0.01111550
     3.8000000        0.00224803        0.01108043
     3.9000000       -0.00527704        0.01058428
     4.0000000       -0.00843080        0.01247220
