           9           4   2.0000000000000000                1
     0.0000000        0.58192535        0.00583160
     0.1250000        0.50664445        0.01227758
     0.2500000        0.43466465        0.01189545
     0.3750000        0.40015738        0.02224378
     0.5000000        0.36176340        0.01276239
     0.6250000        0.30982222        0.02074376
     0.7500000        0.30809816        0.01179735
     0.8750000        0.29936112        0.02563452
     1.0000000        0.31143788        0.04145089
