          41           4   8.0000000000000000                1
     0.0000000        0.93439891        0.11241388
     0.1000000        0.80750171        0.11059055
     0.2000000        0.71165413        0.10976799
     0.3000000        0.64347747        0.11014493
     0.4000000        0.57755475        0.10431576
     0.5000000        0.50292384        0.09830714
     0.6000000        0.43215138        0.09311295
     0.7000000        0.37580323        0.08281765
     0.8000000        0.32528075        0.06987188
     0.9000000        0.26098977        0.05686467
     1.0000000        0.19810876        0.05061176
     1.1000000        0.14939923        0.04404587
     1.2000000        0.10038744        0.04462877
     1.3000000        0.06096938        0.05743263
     1.4000000        0.03478810        0.06754963
     1.5000000        0.01917166        0.07087989
     1.6000000        0.01303355        0.08713159
     1.7000000        0.00252001        0.10676931
     1.8000000       -0.02002451        0.10807141
     1.9000000       -0.04547644        0.10921419
     2.0000000       -0.06601685        0.12039469
     2.1000000       -0.08175654        0.12355758
     2.2000000       -0.09678642        0.11572350
     2.3000000       -0.11674277        0.10866946
     2.4000000       -0.12507849        0.10739294
     2.5000000       -0.11132592        0.10580970
     2.6000000       -0.09375035        0.10893565
     2.7000000       -0.07084073        0.11991014
     2.8000000       -0.04413469        0.12151446
     2.9000000       -0.01903748        0.11697929
     3.0000000        0.01708693        0.10555729
     3.1000000        0.05923314        0.09207930
     3.2000000        0.09657212        0.07947013
     3.3000000        0.12939285        0.06879212
     3.4000000        0.16411007        0.07272385
     3.5000000        0.19590570        0.07894556
     3.6000000        0.23503433        0.07743913
     3.7000000        0.26207339        0.06775411
     3.8000000        0.25910543        0.05467361
     3.9000000        0.25080531        0.05826741
     4.0000000        0.24930302        0.06860383
