          26           4   5.0000000000000000                1
     0.0000000        0.19203428        0.01005079
     0.1000000        0.07298389        0.00405695
     0.2000000        0.02852445        0.00172968
     0.3000000        0.01160007        0.00100148
     0.4000000        0.00483416        0.00083009
     0.5000000        0.00202312        0.00060457
     0.6000000        0.00087231        0.00036545
     0.7000000        0.00034271        0.00023970
     0.8000000        0.00013460        0.00016928
     0.9000000        0.00005287        0.00010987
     1.0000000        0.00002311        0.00007111
     1.1000000        0.00003202        0.00004795
     1.2000000        0.00004146        0.00003057
     1.3000000        0.00002393        0.00002106
     1.4000000        0.00001501        0.00002299
     1.5000000        0.00000385        0.00002597
     1.6000000        0.00000515        0.00000846
     1.7000000        0.00000665        0.00001203
     1.8000000        0.00000337        0.00001537
     1.9000000       -0.00000439        0.00001124
     2.0000000       -0.00000639        0.00001133
     2.1000000       -0.00000786        0.00000970
     2.2000000       -0.00001103        0.00000881
     2.3000000       -0.00001148        0.00001294
     2.4000000       -0.00001243        0.00002010
     2.5000000       -0.00001264        0.00002131
