          11           9   2.0000000000000000                1
     0.0000000        1.22215804        0.02672040
     0.1000000        1.03667806        0.02639813
     0.2000000        0.91379601        0.02541181
     0.3000000        0.82692704        0.02351108
     0.4000000        0.76413057        0.02212482
     0.5000000        0.71748717        0.02129885
     0.6000000        0.68262624        0.02046793
     0.7000000        0.65808656        0.01988856
     0.8000000        0.64266056        0.01992621
     0.9000000        0.63604009        0.02020947
     1.0000000        0.63478923        0.02026958
