          21           9   2.0000000000000000                1
     0.0000000        0.12285918        0.00250058
     0.1000000        0.09766308        0.00251792
     0.2000000        0.08066279        0.00161381
     0.3000000        0.07428343        0.00181856
     0.4000000        0.07164198        0.00232240
     0.5000000        0.07244700        0.00195096
     0.6000000        0.07601625        0.00187116
     0.7000000        0.08439384        0.00228186
     0.8000000        0.09754399        0.00192102
     0.9000000        0.11098984        0.00187620
     1.0000000        0.13157302        0.00199374
     1.1000000        0.16049218        0.00131896
     1.2000000        0.19964014        0.00186845
     1.3000000        0.25073758        0.00205468
     1.4000000        0.31791001        0.00253934
     1.5000000        0.40771485        0.00230398
     1.6000000        0.53868150        0.00169423
     1.7000000        0.72198053        0.00208404
     1.8000000        0.97512928        0.00308903
     1.9000000        1.34521579        0.00307879
     2.0000000        1.87714082        0.00250058
