         101           4   10.000000000000000                1
     0.0000000        1.40134011        0.05135965
     0.1000000        1.22453994        0.05524481
     0.2000000        1.10513343        0.05169951
     0.3000000        1.01935664        0.04109211
     0.4000000        0.92550246        0.04255988
     0.5000000        0.87356177        0.05200585
     0.6000000        0.81649809        0.05390484
     0.7000000        0.75596695        0.06048646
     0.8000000        0.70533038        0.04355207
     0.9000000        0.64927761        0.05014267
     1.0000000        0.61929578        0.04993018
     1.1000000        0.56966747        0.04317081
     1.2000000        0.54976446        0.03941810
     1.3000000        0.49239105        0.03218417
     1.4000000        0.42453646        0.04132591
     1.5000000        0.38054949        0.03367122
     1.6000000        0.37070326        0.02561271
     1.7000000        0.33989440        0.05636554
     1.8000000        0.30722361        0.05899030
     1.9000000        0.29032401        0.06149994
     2.0000000        0.24781374        0.05499326
     2.1000000        0.23112675        0.08200692
     2.2000000        0.21799310        0.06126593
     2.3000000        0.17998422        0.05903052
     2.4000000        0.19861285        0.03612583
     2.5000000        0.19023700        0.04943019
     2.6000000        0.16595730        0.05198273
     2.7000000        0.15230745        0.05380697
     2.8000000        0.14652197        0.04959629
     2.9000000        0.14931982        0.06263920
     3.0000000        0.12098291        0.07228896
     3.1000000        0.13067476        0.09861617
     3.2000000        0.15069390        0.08810738
     3.3000000        0.09286549        0.07314011
     3.4000000        0.05893868        0.06454409
     3.5000000        0.05968441        0.06014141
     3.6000000        0.01267229        0.04872308
     3.7000000        0.05582200        0.06055754
     3.8000000        0.03216178        0.06535817
     3.9000000        0.03299628        0.07497619
     4.0000000        0.04343694        0.04834028
     4.1000000        0.05415617        0.04424563
     4.2000000        0.04356747        0.05524383
     4.3000000        0.05440744        0.05757949
     4.4000000        0.08855652        0.05989838
     4.5000000        0.04795937        0.06987891
     4.6000000        0.01642122        0.05301593
     4.7000000        0.05110556        0.02913984
     4.8000000       -0.00275912        0.01710382
     4.9000000        0.05446403        0.04415985
     5.0000000        0.01720806        0.05296666
     5.1000000        0.04770580        0.06919214
     5.2000000        0.05933140        0.05576295
     5.3000000        0.07236327        0.08099667
     5.4000000        0.07108518        0.03566410
     5.5000000        0.06677794        0.04172778
     5.6000000        0.05271130        0.03813423
     5.7000000        0.06867058        0.05081701
     5.8000000        0.03691207        0.05307093
     5.9000000        0.04527618        0.06934316
     6.0000000        0.04486596        0.06414795
     6.1000000        0.03350721        0.06165207
     6.2000000        0.05978225        0.04654604
     6.3000000        0.07561349        0.05958014
     6.4000000        0.05473671        0.04216173
     6.5000000        0.08574959        0.05323044
     6.6000000        0.08372330        0.05789938
     6.7000000        0.08930823        0.05347452
     6.8000000        0.06740901        0.05936664
     6.9000000        0.11048310        0.05414309
     7.0000000        0.08045750        0.03713186
     7.1000000        0.06166683        0.05018338
     7.2000000        0.04067938        0.07233355
     7.3000000        0.05596687        0.06872690
     7.4000000        0.08234501        0.05625813
     7.5000000        0.09658905        0.04839642
     7.6000000        0.11972725        0.05186457
     7.7000000        0.14769279        0.04128711
     7.8000000        0.14557634        0.03664794
     7.9000000        0.13530246        0.00998233
     8.0000000        0.15604614        0.02722343
     8.1000000        0.16256680        0.04853695
     8.2000000        0.15698266        0.02568194
     8.3000000        0.16479473        0.02598168
     8.4000000        0.17901777        0.02558949
     8.5000000        0.16615235        0.02014106
     8.6000000        0.18891486        0.03560357
     8.7000000        0.17935355        0.04055329
     8.8000000        0.15321879        0.04983523
     8.9000000        0.17116341        0.03532013
     9.0000000        0.18845124        0.04023957
     9.1000000        0.20663779        0.03144554
     9.2000000        0.21717758        0.02449935
     9.3000000        0.25381897        0.04948695
     9.4000000        0.26571750        0.03780890
     9.5000000        0.30321529        0.04666329
     9.6000000        0.32347668        0.05537528
     9.7000000        0.40987201        0.07423414
     9.8000000        0.45267792        0.07335995
     9.9000000        0.50505517        0.04975225
    10.0000000        0.59865989        0.05135965
