          41           9   4.0000000000000000                1
     0.0000000        0.15974738        0.00382138
     0.1000000        0.11814104        0.00293406
     0.2000000        0.09346978        0.00224061
     0.3000000        0.07648599        0.00208153
     0.4000000        0.06722261        0.00257368
     0.5000000        0.05670132        0.00396260
     0.6000000        0.05170956        0.00243860
     0.7000000        0.04697642        0.00249696
     0.8000000        0.04056505        0.00248253
     0.9000000        0.03795717        0.00233048
     1.0000000        0.03790454        0.00235590
     1.1000000        0.03386335        0.00349720
     1.2000000        0.03453589        0.00253677
     1.3000000        0.03466814        0.00256154
     1.4000000        0.03508708        0.00276816
     1.5000000        0.04066867        0.00291632
     1.6000000        0.04383665        0.00298622
     1.7000000        0.04510004        0.00430674
     1.8000000        0.04622544        0.00472448
     1.9000000        0.04999389        0.00418329
     2.0000000        0.05783510        0.00471396
     2.1000000        0.06512869        0.00564678
     2.2000000        0.07175798        0.00464624
     2.3000000        0.08318244        0.00281043
     2.4000000        0.09760378        0.00246680
     2.5000000        0.11389811        0.00220992
     2.6000000        0.13012430        0.00304206
     2.7000000        0.14406928        0.00328739
     2.8000000        0.17156374        0.00349500
     2.9000000        0.20615477        0.00497519
     3.0000000        0.24200813        0.00378904
     3.1000000        0.28934688        0.00277750
     3.2000000        0.34196248        0.00383308
     3.3000000        0.40766706        0.00492721
     3.4000000        0.49467204        0.00369351
     3.5000000        0.61117217        0.00434700
     3.6000000        0.75131299        0.00610932
     3.7000000        0.92815628        0.00532505
     3.8000000        1.15355319        0.00513242
     3.9000000        1.44937147        0.00342851
     4.0000000        1.84025262        0.00382138
