          51           4   10.000000000000000                1
     0.0000000        0.77067600        0.02061460
     0.1000000        0.57814336        0.02013288
     0.2000000        0.44774191        0.01635972
     0.3000000        0.35820633        0.01187196
     0.4000000        0.29305737        0.00883322
     0.5000000        0.24138059        0.00764180
     0.6000000        0.19864042        0.00730562
     0.7000000        0.16527421        0.00740754
     0.8000000        0.14023872        0.00740044
     0.9000000        0.12000499        0.00694331
     1.0000000        0.10371662        0.00690979
     1.1000000        0.09131201        0.00744537
     1.2000000        0.08239208        0.00726220
     1.3000000        0.07355243        0.00582202
     1.4000000        0.06418348        0.00499022
     1.5000000        0.05718221        0.00472671
     1.6000000        0.05054196        0.00515323
     1.7000000        0.04364006        0.00585433
     1.8000000        0.03614535        0.00643827
     1.9000000        0.02697814        0.00799104
     2.0000000        0.01989260        0.00775298
     2.1000000        0.01478046        0.00496440
     2.2000000        0.01402131        0.00282312
     2.3000000        0.01541780        0.00383713
     2.4000000        0.01582031        0.00377894
     2.5000000        0.01732947        0.00463701
     2.6000000        0.01784043        0.00672478
     2.7000000        0.01798537        0.00719366
     2.8000000        0.01687265        0.00635679
     2.9000000        0.01693972        0.00600758
     3.0000000        0.01816252        0.00581737
     3.1000000        0.01866232        0.00480912
     3.2000000        0.01733203        0.00367576
     3.3000000        0.01385998        0.00318430
     3.4000000        0.01104274        0.00341670
     3.5000000        0.00989823        0.00419488
     3.6000000        0.00957680        0.00536821
     3.7000000        0.00688816        0.00575783
     3.8000000        0.00451811        0.00518652
     3.9000000        0.00342046        0.00437868
     4.0000000        0.00329525        0.00389948
     4.1000000        0.00380589        0.00394818
     4.2000000        0.00384957        0.00496213
     4.3000000        0.00356673        0.00551454
     4.4000000        0.00319323        0.00427483
     4.5000000        0.00328729        0.00305197
     4.6000000        0.00262194        0.00389421
     4.7000000       -0.00140846        0.00486891
     4.8000000       -0.00522365        0.00505010
     4.9000000       -0.00764923        0.00458770
     5.0000000       -0.00907507        0.00420770
