   -2.917193      0.000000
  1    1        0.65021428        0.01750308       -0.00000000        0.00000000
   -2.692794      0.000000
  1    1        0.47255316        0.00644898        0.00000000        0.00000000
   -2.468394      0.000000
  1    1        0.36197441        0.00556789       -0.00000000        0.00000000
   -2.243995      0.000000
  1    1        0.29249515        0.00306253        0.00000000        0.00000000
   -2.019595      0.000000
  1    1        0.24416524        0.00268337       -0.00000000        0.00000000
   -1.795196      0.000000
  1    1        0.20771123        0.00348076        0.00000000        0.00000000
   -1.570796      0.000000
  1    1        0.17030743        0.00377337       -0.00000000        0.00000000
   -1.346397      0.000000
  1    1        0.14006066        0.00127285        0.00000000        0.00000000
   -1.121997      0.000000
  1    1        0.11071523        0.00333783       -0.00000000        0.00000000
   -0.897598      0.000000
  1    1        0.08704996        0.00123720        0.00000000        0.00000000
   -0.673198      0.000000
  1    1        0.06303908        0.00119657       -0.00000000        0.00000000
   -0.448799      0.000000
  1    1        0.04198372        0.00085079        0.00000000        0.00000000
   -0.224399      0.000000
  1    1        0.01923067        0.00155322       -0.00000000        0.00000000
    0.000000      0.000000
  1    1        0.00040293        0.00031403        0.00000000        0.00000000
    0.224399      0.000000
  1    1        0.01923067        0.00155322        0.00000000        0.00000000
    0.448799      0.000000
  1    1        0.04198372        0.00085079       -0.00000000        0.00000000
    0.673198      0.000000
  1    1        0.06303908        0.00119657        0.00000000        0.00000000
    0.897598      0.000000
  1    1        0.08704996        0.00123720       -0.00000000        0.00000000
    1.121997      0.000000
  1    1        0.11071523        0.00333783        0.00000000        0.00000000
    1.346397      0.000000
  1    1        0.14006066        0.00127285       -0.00000000        0.00000000
    1.570796      0.000000
  1    1        0.17030743        0.00377337        0.00000000        0.00000000
    1.795196      0.000000
  1    1        0.20771123        0.00348076       -0.00000000        0.00000000
    2.019595      0.000000
  1    1        0.24416524        0.00268337        0.00000000        0.00000000
    2.243995      0.000000
  1    1        0.29249515        0.00306253       -0.00000000        0.00000000
    2.468394      0.000000
  1    1        0.36197441        0.00556789        0.00000000        0.00000000
    2.692794      0.000000
  1    1        0.47255316        0.00644898       -0.00000000        0.00000000
    2.917193      0.000000
  1    1        0.65021428        0.01750308        0.00000000        0.00000000
    3.141593      0.000000
  1    1        1.27659666        0.06525442       -0.00000000        0.00000000
