          41           4   8.0000000000000000                1
     0.0000000        0.42617181        0.01003830
     0.1000000        0.37243011        0.00969842
     0.2000000        0.32755756        0.00888683
     0.3000000        0.28961856        0.00723781
     0.4000000        0.25704991        0.00475001
     0.5000000        0.22865718        0.00292955
     0.6000000        0.20400818        0.00259904
     0.7000000        0.18278422        0.00353722
     0.8000000        0.16463390        0.00466528
     0.9000000        0.14986210        0.00559174
     1.0000000        0.13748180        0.00631350
     1.1000000        0.12673336        0.00652335
     1.2000000        0.11796235        0.00691975
     1.3000000        0.11065768        0.00754622
     1.4000000        0.10263622        0.00780886
     1.5000000        0.09414153        0.00822903
     1.6000000        0.08723599        0.00907200
     1.7000000        0.08162609        0.01013620
     1.8000000        0.07705942        0.01086279
     1.9000000        0.07282374        0.01062494
     2.0000000        0.06796981        0.00971189
     2.1000000        0.06261007        0.00898857
     2.2000000        0.05731437        0.00778646
     2.3000000        0.05271072        0.00595245
     2.4000000        0.04912159        0.00457227
     2.5000000        0.04606317        0.00396039
     2.6000000        0.04274359        0.00378629
     2.7000000        0.04001653        0.00423817
     2.8000000        0.03793954        0.00493416
     2.9000000        0.03567543        0.00538981
     3.0000000        0.03391166        0.00591942
     3.1000000        0.03167840        0.00600432
     3.2000000        0.02909135        0.00536575
     3.3000000        0.02720716        0.00467204
     3.4000000        0.02643434        0.00419266
     3.5000000        0.02603397        0.00407684
     3.6000000        0.02559295        0.00442876
     3.7000000        0.02510295        0.00494670
     3.8000000        0.02435610        0.00557411
     3.9000000        0.02342836        0.00567470
     4.0000000        0.02277298        0.00524321
