          41           9   8.0000000000000000                1
     0.0000000        0.21706957        0.00181530
     0.1000000        0.13659299        0.00116640
     0.2000000        0.08680173        0.00078287
     0.3000000        0.05551716        0.00056048
     0.4000000        0.03563821        0.00042969
     0.5000000        0.02300814        0.00038390
     0.6000000        0.01496974        0.00038068
     0.7000000        0.00994109        0.00036868
     0.8000000        0.00680451        0.00032373
     0.9000000        0.00471885        0.00026010
     1.0000000        0.00333437        0.00024829
     1.1000000        0.00239805        0.00024757
     1.2000000        0.00167617        0.00025583
     1.3000000        0.00109784        0.00032290
     1.4000000        0.00069807        0.00041742
     1.5000000        0.00052122        0.00040678
     1.6000000        0.00044868        0.00034259
     1.7000000        0.00031710        0.00027756
     1.8000000        0.00020448        0.00022806
     1.9000000        0.00012799        0.00018909
     2.0000000        0.00006832        0.00017744
     2.1000000        0.00010338        0.00016403
     2.2000000        0.00012483        0.00014798
     2.3000000        0.00007750        0.00010075
     2.4000000        0.00005036        0.00007931
     2.5000000        0.00006714        0.00010783
     2.6000000        0.00007993        0.00012041
     2.7000000        0.00012000        0.00011674
     2.8000000        0.00016263        0.00011742
     2.9000000        0.00019693        0.00012953
     3.0000000        0.00020367        0.00012157
     3.1000000        0.00019007        0.00010817
     3.2000000        0.00017673        0.00009954
     3.3000000        0.00015733        0.00009702
     3.4000000        0.00015566        0.00008864
     3.5000000        0.00018611        0.00010112
     3.6000000        0.00022839        0.00012583
     3.7000000        0.00021373        0.00014932
     3.8000000        0.00015116        0.00015259
     3.9000000        0.00011789        0.00015171
     4.0000000        0.00011247        0.00015886
