          21           4   4.0000000000000000                1
     0.0000000        1.10868910        0.03886400
     0.1000000        0.92094346        0.03905265
     0.2000000        0.79030759        0.03904861
     0.3000000        0.69053932        0.03681815
     0.4000000        0.61526941        0.03411759
     0.5000000        0.55970335        0.03212801
     0.6000000        0.51497598        0.02980059
     0.7000000        0.47921733        0.02865274
     0.8000000        0.45065278        0.02816478
     0.9000000        0.42454753        0.02629976
     1.0000000        0.40210281        0.02355799
     1.1000000        0.38477952        0.02308069
     1.2000000        0.37114001        0.02394882
     1.3000000        0.36126771        0.02433334
     1.4000000        0.35143815        0.02342246
     1.5000000        0.34027021        0.02166200
     1.6000000        0.33189231        0.02084995
     1.7000000        0.32542388        0.02144717
     1.8000000        0.32140023        0.02278133
     1.9000000        0.31944465        0.02261591
     2.0000000        0.31858986        0.02190249
