          11           4   2.0000000000000000                1
     0.0000000        0.71299938        0.01991956
     0.1000000        0.59182150        0.01871004
     0.2000000        0.50490608        0.01718391
     0.3000000        0.44268860        0.01526607
     0.4000000        0.39743158        0.01383526
     0.5000000        0.36193370        0.01287676
     0.6000000        0.33457418        0.01186832
     0.7000000        0.31463537        0.01080844
     0.8000000        0.30110999        0.01033641
     0.9000000        0.29455199        0.01047889
     1.0000000        0.29299749        0.01056076
