          31           4   6.0000000000000000                1
     0.0000000        0.15580134        0.00744516
     0.1000000        0.15580134        0.00744516
     0.2000000        0.15580134        0.00744516
     0.3000000        0.15580134        0.00744516
     0.4000000        0.15580134        0.00744516
     0.5000000        0.15580134        0.00744516
     0.6000000        0.15580134        0.00744516
     0.7000000        0.15580134        0.00744516
     0.8000000        0.15580134        0.00744516
     0.9000000        0.15580134        0.00744516
     1.0000000        0.15580134        0.00744516
     1.1000000        0.15580134        0.00744516
     1.2000000        0.15580134        0.00744516
     1.3000000        0.15580134        0.00744516
     1.4000000        0.15580134        0.00744516
     1.5000000        0.15580134        0.00744516
     1.6000000        0.15580134        0.00744516
     1.7000000        0.15580134        0.00744516
     1.8000000        0.15580134        0.00744516
     1.9000000        0.15580134        0.00744516
     2.0000000        0.15580134        0.00744516
     2.1000000        0.15580134        0.00744516
     2.2000000        0.15580134        0.00744516
     2.3000000        0.15580134        0.00744516
     2.4000000        0.15580134        0.00744516
     2.5000000        0.15580134        0.00744516
     2.6000000        0.15580134        0.00744516
     2.7000000        0.15580134        0.00744516
     2.8000000        0.15580134        0.00744516
     2.9000000        0.15580134        0.00744516
     3.0000000        0.15580134        0.00744516
