          61           4   6.0000000000000000                1
     0.0000000        0.07005296        0.00643735
     0.1000000        0.04160747        0.00788333
     0.2000000        0.01950749        0.00651898
     0.3000000        0.00863412        0.00441054
     0.4000000        0.00899382        0.00549362
     0.5000000        0.00646072        0.00571386
     0.6000000       -0.00097620        0.00297902
     0.7000000       -0.00316807        0.00694919
     0.8000000       -0.00058385        0.00696257
     0.9000000       -0.00336737        0.00398561
     1.0000000       -0.00284015        0.00382832
     1.1000000       -0.00221156        0.00465320
     1.2000000       -0.00608744        0.00375187
     1.3000000        0.00075972        0.00348485
     1.4000000       -0.00368660        0.00692492
     1.5000000       -0.00311546        0.00684764
     1.6000000        0.00675681        0.00403252
     1.7000000        0.00225573        0.00424524
     1.8000000        0.00482586        0.00387084
     1.9000000       -0.00709626        0.00445060
     2.0000000       -0.00534522        0.00703210
     2.1000000       -0.00088660        0.00708505
     2.2000000        0.00430096        0.00696531
     2.3000000        0.00935232        0.00504574
     2.4000000        0.00775598        0.00458935
     2.5000000        0.01084051        0.00452363
     2.6000000        0.01904352        0.00253822
     2.7000000        0.01634234        0.00666909
     2.8000000        0.01242793        0.00250434
     2.9000000        0.00499898        0.00747493
     3.0000000        0.00561809        0.00526089
     3.1000000        0.00850119        0.00387334
     3.2000000        0.01357593        0.00311597
     3.3000000        0.00844922        0.00631367
     3.4000000        0.00564579        0.00770242
     3.5000000        0.00475142        0.00851975
     3.6000000        0.00080289        0.01009205
     3.7000000        0.00676081        0.00696002
     3.8000000        0.00495083        0.00484178
     3.9000000        0.00733517        0.00512514
     4.0000000        0.00063317        0.00680364
     4.1000000        0.00515601        0.00604138
     4.2000000        0.00717099        0.00405680
     4.3000000        0.00873394        0.00263071
     4.4000000        0.00629806        0.00594212
     4.5000000        0.01260732        0.00575633
     4.6000000        0.00819859        0.00645166
     4.7000000        0.01617627        0.00739859
     4.8000000        0.01912376        0.00098009
     4.9000000        0.02526803        0.00518658
     5.0000000        0.03378985        0.00511078
     5.1000000        0.05198283        0.00776435
     5.2000000        0.08453038        0.00761796
     5.3000000        0.12066033        0.00566484
     5.4000000        0.16525439        0.00400509
     5.5000000        0.24907783        0.00270338
     5.6000000        0.36132834        0.00778322
     5.7000000        0.53989785        0.00708649
     5.8000000        0.82262761        0.00860731
     5.9000000        1.26384879        0.00786636
     6.0000000        1.92994704        0.00643735
