          26           4   5.0000000000000000                1
     0.0000000        0.27309009        0.00277860
     0.1000000        0.14163286        0.00267867
     0.2000000        0.07652007        0.00222838
     0.3000000        0.04379111        0.00151989
     0.4000000        0.02645868        0.00103008
     0.5000000        0.01676942        0.00073056
     0.6000000        0.01127188        0.00063186
     0.7000000        0.00794051        0.00053761
     0.8000000        0.00585694        0.00043532
     0.9000000        0.00454394        0.00037134
     1.0000000        0.00364015        0.00032304
     1.1000000        0.00301999        0.00028483
     1.2000000        0.00257994        0.00026314
     1.3000000        0.00225736        0.00028303
     1.4000000        0.00202243        0.00029622
     1.5000000        0.00185694        0.00029171
     1.6000000        0.00172224        0.00027685
     1.7000000        0.00158126        0.00025388
     1.8000000        0.00146385        0.00023141
     1.9000000        0.00139883        0.00021003
     2.0000000        0.00134732        0.00019521
     2.1000000        0.00130522        0.00018702
     2.2000000        0.00127417        0.00018167
     2.3000000        0.00124425        0.00018810
     2.4000000        0.00122852        0.00019941
     2.5000000        0.00122941        0.00020551
