          51           9   10.000000000000000                1
     0.0000000        0.73905341        0.01899383
     0.1000000        0.62312311        0.01878827
     0.2000000        0.53604265        0.01817597
     0.3000000        0.46810968        0.01701151
     0.4000000        0.41399766        0.01584204
     0.5000000        0.36928737        0.01463553
     0.6000000        0.33162796        0.01350613
     0.7000000        0.29936462        0.01246802
     0.8000000        0.27118431        0.01127559
     0.9000000        0.24630392        0.01019599
     1.0000000        0.22432750        0.00924281
     1.1000000        0.20504835        0.00852403
     1.2000000        0.18813256        0.00805520
     1.3000000        0.17341718        0.00767064
     1.4000000        0.16012608        0.00709759
     1.5000000        0.14801888        0.00649120
     1.6000000        0.13725456        0.00604979
     1.7000000        0.12763965        0.00559954
     1.8000000        0.11891094        0.00519275
     1.9000000        0.11097591        0.00487976
     2.0000000        0.10383588        0.00457365
     2.1000000        0.09735001        0.00434086
     2.2000000        0.09129343        0.00424859
     2.3000000        0.08584044        0.00419398
     2.4000000        0.08110444        0.00412740
     2.5000000        0.07693177        0.00401936
     2.6000000        0.07319598        0.00396728
     2.7000000        0.06970361        0.00401347
     2.8000000        0.06648764        0.00406287
     2.9000000        0.06346292        0.00396111
     3.0000000        0.06044928        0.00369546
     3.1000000        0.05738396        0.00348994
     3.2000000        0.05458244        0.00338794
     3.3000000        0.05234529        0.00331563
     3.4000000        0.05051225        0.00325765
     3.5000000        0.04895997        0.00333220
     3.6000000        0.04767426        0.00359975
     3.7000000        0.04655563        0.00392905
     3.8000000        0.04537169        0.00406050
     3.9000000        0.04393716        0.00387896
     4.0000000        0.04253940        0.00371169
     4.1000000        0.04147579        0.00376306
     4.2000000        0.04049557        0.00381302
     4.3000000        0.03960624        0.00376646
     4.4000000        0.03885311        0.00370177
     4.5000000        0.03792768        0.00340448
     4.6000000        0.03704305        0.00298325
     4.7000000        0.03625451        0.00267626
     4.8000000        0.03551724        0.00253818
     4.9000000        0.03507416        0.00253811
     5.0000000        0.03489823        0.00255575
