          51           7   10.000000000000000                1
     0.0000000        0.76567803        0.00164422
     0.1000000        0.65165441        0.00585976
     0.2000000        0.56926991        0.00811114
     0.3000000        0.51101274        0.01696638
     0.4000000        0.47910398        0.01782310
     0.5000000        0.42894256        0.02558773
     0.6000000        0.38179435        0.01790722
     0.7000000        0.33373353        0.01729294
     0.8000000        0.31777144        0.01711190
     0.9000000        0.27555383        0.01546344
     1.0000000        0.25177408        0.00924809
     1.1000000        0.21836972        0.01505391
     1.2000000        0.21898430        0.01477161
     1.3000000        0.20828476        0.01742615
     1.4000000        0.18023990        0.01777346
     1.5000000        0.18927559        0.03314421
     1.6000000        0.22001884        0.05564591
     1.7000000        0.15121165        0.02962486
     1.8000000        0.16462239        0.03371476
     1.9000000        0.17403417        0.05211576
     2.0000000        0.18356126        0.05290605
     2.1000000        0.20850533        0.08592166
     2.2000000        0.14042814        0.04412733
     2.3000000        0.11646397        0.01594741
     2.4000000        0.09868710        0.01224185
     2.5000000        0.11398191        0.02168589
     2.6000000        0.10362089        0.03764598
     2.7000000        0.09562525        0.02208957
     2.8000000        0.11515038        0.04730626
     2.9000000        0.09847322        0.02426760
     3.0000000        0.06849899        0.01238455
     3.1000000        0.05245988        0.00905787
     3.2000000        0.05864379        0.00918459
     3.3000000        0.15787939        0.10418166
     3.4000000        0.32322768        0.26281206
     3.5000000        0.16639434        0.11026501
     3.6000000        0.07099425        0.01468436
     3.7000000        0.06676827        0.01736254
     3.8000000        0.07649398        0.02145157
     3.9000000        0.10869048        0.05260966
     4.0000000        0.06096895        0.02300786
     4.1000000        0.04455188        0.01154892
     4.2000000        0.04063810        0.00822734
     4.3000000        0.03818942        0.01035138
     4.4000000        0.05336770        0.02892850
     4.5000000        0.03264915        0.01134155
     4.6000000        0.02766140        0.00892252
     4.7000000        0.03648781        0.01347661
     4.8000000        0.02837398        0.00546291
     4.9000000        0.03251431        0.00840035
     5.0000000        0.03627573        0.00782339
