          51           7   10.000000000000000                1
     0.0000000        1.41876975        0.01530167
     0.1000000        0.89126854        0.00608685
     0.2000000        0.56637630        0.00889096
     0.3000000        0.37265589        0.00548931
     0.4000000        0.24994514        0.00566662
     0.5000000        0.16439955        0.00515185
     0.6000000        0.10604703        0.00492383
     0.7000000        0.06621528        0.00423964
     0.8000000        0.04718957        0.00309651
     0.9000000        0.02853093        0.00245406
     1.0000000        0.02417767        0.00355485
     1.1000000        0.01316897        0.00371182
     1.2000000        0.01010603        0.00296773
     1.3000000        0.00438876        0.00241708
     1.4000000        0.00336540        0.00321024
     1.5000000        0.00383663        0.00126779
     1.6000000        0.00301974        0.00132182
     1.7000000        0.00371668        0.00074721
     1.8000000        0.00258212        0.00082718
     1.9000000        0.00248990        0.00061042
     2.0000000        0.00130391        0.00068272
     2.1000000        0.00229327        0.00102109
     2.2000000        0.00005913        0.00043244
     2.3000000        0.00081411        0.00047647
     2.4000000        0.00095311        0.00061095
     2.5000000        0.00046280        0.00040915
     2.6000000       -0.00011799        0.00036915
     2.7000000       -0.00059876        0.00029571
     2.8000000       -0.00046186        0.00043354
     2.9000000       -0.00004794        0.00034107
     3.0000000       -0.00036981        0.00041003
     3.1000000       -0.00018637        0.00022006
     3.2000000       -0.00071035        0.00056222
     3.3000000       -0.00021204        0.00021546
     3.4000000        0.00010939        0.00014676
     3.5000000        0.00035563        0.00042127
     3.6000000       -0.00001166        0.00033511
     3.7000000        0.00013566        0.00015967
     3.8000000        0.00046994        0.00063333
     3.9000000       -0.00028082        0.00033704
     4.0000000       -0.00009604        0.00019241
     4.1000000       -0.00005024        0.00012243
     4.2000000       -0.00003136        0.00011673
     4.3000000        0.00014556        0.00024472
     4.4000000        0.00001679        0.00006242
     4.5000000        0.00030346        0.00018380
     4.6000000        0.00011667        0.00017619
     4.7000000       -0.00009402        0.00018694
     4.8000000        0.00015139        0.00025257
     4.9000000       -0.00021237        0.00019010
     5.0000000        0.00000639        0.00035736
