          21           4   4.0000000000000000                1
     0.0000000        0.99370861        0.01652284
     0.1000000        0.66011185        0.01660393
     0.2000000        0.45273772        0.01568765
     0.3000000        0.31576290        0.01027507
     0.4000000        0.24538855        0.00463196
     0.5000000        0.19346956        0.01235033
     0.6000000        0.16603496        0.00877889
     0.7000000        0.13276235        0.00828435
     0.8000000        0.12140150        0.00592170
     0.9000000        0.10625898        0.00205276
     1.0000000        0.08875201        0.00721202
     1.1000000        0.07893382        0.01067502
     1.2000000        0.07544816        0.00693020
     1.3000000        0.06431716        0.00354820
     1.4000000        0.05532056        0.00835072
     1.5000000        0.05541888        0.00438448
     1.6000000        0.05132986        0.00507634
     1.7000000        0.05013466        0.00377513
     1.8000000        0.04511994        0.00502166
     1.9000000        0.05643495        0.00668710
     2.0000000        0.06196570        0.00897574
