   -2.692794      0.000000       -0.15765780        0.12331495       -0.04193577        0.11916423
   -2.692794      3.141593       -0.53847017        1.35619305       -0.08893525        0.62155347
   -2.243995      0.000000       -0.00855414        0.26148827       -0.06395079        0.17657850
   -2.243995      3.141593        0.61061381        0.28708369       -0.04118361        0.25038376
   -1.795196      0.000000        0.17785240        0.11114008       -0.05875247        0.19210843
   -1.795196      3.141593        0.04140163        0.20892640       -0.04257893        0.13668003
   -1.346397      0.000000        0.37848313        0.05990731        0.15940890        0.06601770
   -1.346397      3.141593        0.18186764        0.05211838       -0.01946900        0.08446788
   -0.897598      0.000000        0.04838902        0.16309321        0.05828920        0.05885833
   -0.897598      3.141593        0.09851546        0.13243923        0.01578381        0.09608021
   -0.448799      0.000000        0.12557938        0.05170117       -0.00621130        0.04062201
   -0.448799      3.141593       -0.05055122        0.16913708       -0.06987205        0.03259135
    0.000000      0.000000        0.18189155        0.10744656        0.00000000        0.00000000
    0.000000      3.141593        0.04788287        0.18423025        0.00000000        0.00000000
    0.448799      0.000000        0.12557938        0.05170117        0.00621130        0.04062201
    0.448799      3.141593       -0.05055122        0.16913708        0.06987205        0.03259135
    0.897598      0.000000        0.04838902        0.16309321       -0.05828920        0.05885833
    0.897598      3.141593        0.09851546        0.13243923       -0.01578381        0.09608021
    1.346397      0.000000        0.37848313        0.05990731       -0.15940890        0.06601770
    1.346397      3.141593        0.18186764        0.05211838        0.01946900        0.08446788
    1.795196      0.000000        0.17785240        0.11114008        0.05875247        0.19210843
    1.795196      3.141593        0.04140163        0.20892640        0.04257893        0.13668003
    2.243995      0.000000       -0.00855414        0.26148827        0.06395079        0.17657850
    2.243995      3.141593        0.61061381        0.28708369        0.04118361        0.25038376
    2.692794      0.000000       -0.15765780        0.12331495        0.04193577        0.11916423
    2.692794      3.141593       -0.53847017        1.35619305        0.08893525        0.62155347
    3.141593      0.000000        0.37878939        0.28892849       -0.00000000        0.00000000
    3.141593      3.141593       -1.97953639        2.67520032        0.00000000        0.00000000
