   -2.692794      0.000000
  1    1        0.29526456        0.01712390       -0.00000000        0.00000000
   -2.692794      3.141593
  1    1        0.37327229        0.01369400       -0.00000000        0.00000000
   -2.243995      0.000000
  1    1        0.27270912        0.01310487        0.00000000        0.00000000
   -2.243995      3.141593
  1    1        0.34372339        0.01079220       -0.00000000        0.00000000
   -1.795196      0.000000
  1    1        0.22707556        0.01176039        0.00000000        0.00000000
   -1.795196      3.141593
  1    1        0.29785495        0.01036855       -0.00000000        0.00000000
   -1.346397      0.000000
  1    1        0.16781581        0.00906720       -0.00000000        0.00000000
   -1.346397      3.141593
  1    1        0.24751909        0.01001205       -0.00000000        0.00000000
   -0.897598      0.000000
  1    1        0.10048069        0.01184409       -0.00000000        0.00000000
   -0.897598      3.141593
  1    1        0.20266837        0.01086206       -0.00000000        0.00000000
   -0.448799      0.000000
  1    1        0.03032759        0.01660844       -0.00000000        0.00000000
   -0.448799      3.141593
  1    1        0.17935130        0.01029337       -0.00000000        0.00000000
    0.000000      0.000000
  1    1       -0.00505870        0.02116231        0.00000000        0.00000000
    0.000000      3.141593
  1    1        0.17203677        0.01192966       -0.00000000        0.00000000
    0.448799      0.000000
  1    1        0.03032759        0.01660844        0.00000000        0.00000000
    0.448799      3.141593
  1    1        0.17935130        0.01029337       -0.00000000        0.00000000
    0.897598      0.000000
  1    1        0.10048069        0.01184409        0.00000000        0.00000000
    0.897598      3.141593
  1    1        0.20266837        0.01086206       -0.00000000        0.00000000
    1.346397      0.000000
  1    1        0.16781581        0.00906720        0.00000000        0.00000000
    1.346397      3.141593
  1    1        0.24751909        0.01001205       -0.00000000        0.00000000
    1.795196      0.000000
  1    1        0.22707556        0.01176039       -0.00000000        0.00000000
    1.795196      3.141593
  1    1        0.29785495        0.01036855       -0.00000000        0.00000000
    2.243995      0.000000
  1    1        0.27270912        0.01310487       -0.00000000        0.00000000
    2.243995      3.141593
  1    1        0.34372339        0.01079220       -0.00000000        0.00000000
    2.692794      0.000000
  1    1        0.29526456        0.01712390        0.00000000        0.00000000
    2.692794      3.141593
  1    1        0.37327229        0.01369400       -0.00000000        0.00000000
    3.141593      0.000000
  1    1        0.30689137        0.01673579       -0.00000000        0.00000000
    3.141593      3.141593
  1    1        0.38800875        0.01481562       -0.00000000        0.00000000
