          41           4   8.0000000000000000                1
     0.0000000        0.78560520        0.04447156
     0.1000000        0.52900833        0.02055186
     0.2000000        0.37014053        0.02524623
     0.3000000        0.26900636        0.02186497
     0.4000000        0.18158693        0.02144934
     0.5000000        0.14194514        0.01185315
     0.6000000        0.10622325        0.01138758
     0.7000000        0.05634915        0.02539254
     0.8000000        0.06868352        0.01115520
     0.9000000        0.06947078        0.01745538
     1.0000000        0.04477900        0.01235854
     1.1000000        0.04863240        0.02256534
     1.2000000        0.02448336        0.01606612
     1.3000000        0.03482607        0.01806937
     1.4000000        0.01492533        0.02721188
     1.5000000       -0.00546309        0.02382599
     1.6000000       -0.00735436        0.02967150
     1.7000000       -0.00875661        0.01987385
     1.8000000       -0.00823811        0.02431175
     1.9000000       -0.02376099        0.02683237
     2.0000000       -0.00654010        0.01928438
     2.1000000       -0.02366873        0.03420689
     2.2000000       -0.00524732        0.01528560
     2.3000000       -0.00152519        0.01878224
     2.4000000        0.01250036        0.01429646
     2.5000000        0.00594354        0.02327243
     2.6000000       -0.00381244        0.01242190
     2.7000000        0.00429695        0.00783047
     2.8000000        0.00092665        0.02144849
     2.9000000        0.01110020        0.02415097
     3.0000000        0.02128520        0.02838493
     3.1000000        0.00495301        0.01999656
     3.2000000       -0.02522439        0.01803206
     3.3000000       -0.01003406        0.01666606
     3.4000000       -0.00626895        0.01174052
     3.5000000        0.00155835        0.01396144
     3.6000000       -0.00087627        0.01168571
     3.7000000       -0.01178049        0.01311994
     3.8000000       -0.01281538        0.01083656
     3.9000000       -0.00364707        0.00760743
     4.0000000       -0.00422940        0.01534249
