   -2.356194     -2.356194
  1    1        1.12276145        0.00839116        0.00060535        0.00043055
   -2.356194     -1.570796
  1    1        1.01182544        0.00399364        0.00060535        0.00043055
   -2.356194     -0.785398
  1    1        0.94963874        0.00197916        0.00060535        0.00043055
   -2.356194      0.000000
  1    1        0.92962771        0.00368505        0.00060535        0.00043055
   -2.356194      0.785398
  1    1        0.94911647        0.00260137        0.00060535        0.00043055
   -2.356194      1.570796
  1    1        1.00991215        0.00879069        0.00060535        0.00043055
   -2.356194      2.356194
  1    1        1.12119808        0.00926626        0.00060535        0.00043055
   -2.356194      3.141593
  1    1        1.18205502        0.00532412        0.00060535        0.00043055
   -1.570796     -2.356194
  1    1        1.05573274        0.00911176        0.00085610        0.00060889
   -1.570796     -1.570796
  1    1        0.89308714        0.00159340        0.00085610        0.00060889
   -1.570796     -0.785398
  1    1        0.78919452        0.00313095        0.00085610        0.00060889
   -1.570796      0.000000
  1    1        0.75297222        0.00459810        0.00085610        0.00060889
   -1.570796      0.785398
  1    1        0.78991645        0.00554615        0.00085610        0.00060889
   -1.570796      1.570796
  1    1        0.89912076        0.00716873        0.00085610        0.00060889
   -1.570796      2.356194
  1    1        1.05876401        0.00715071        0.00085610        0.00060889
   -1.570796      3.141593
  1    1        1.12794043        0.00851189        0.00085610        0.00060889
   -0.785398     -2.356194
  1    1        1.01619568        0.00689780        0.00060535        0.00043055
   -0.785398     -1.570796
  1    1        0.81654089        0.00248940        0.00060535        0.00043055
   -0.785398     -0.785398
  1    1        0.59670004        0.00338143        0.00060535        0.00043055
   -0.785398      0.000000
  1    1        0.53416616        0.00401653        0.00060535        0.00043055
   -0.785398      0.785398
  1    1        0.59862183        0.00670405        0.00060535        0.00043055
   -0.785398      1.570796
  1    1        0.80973217        0.00644068        0.00060535        0.00043055
   -0.785398      2.356194
  1    1        1.01136576        0.00744895        0.00060535        0.00043055
   -0.785398      3.141593
  1    1        1.11003780        0.00906033        0.00060535        0.00043055
    0.000000     -2.356194
  1    1        1.01710731        0.01077563       -0.00000000        0.00000000
    0.000000     -1.570796
  1    1        0.78357046        0.00985768       -0.00000000        0.00000000
    0.000000     -0.785398
  1    1        0.49611196        0.01043326       -0.00000000        0.00000000
    0.000000      0.000000
  1    1        0.35798909        0.01213686        0.00000000        0.00000000
    0.000000      0.785398
  1    1        0.49611196        0.01043326        0.00000000        0.00000000
    0.000000      1.570796
  1    1        0.78357046        0.00985768        0.00000000        0.00000000
    0.000000      2.356194
  1    1        1.01710731        0.01077563        0.00000000        0.00000000
    0.000000      3.141593
  1    1        1.09682041        0.01020841       -0.00000000        0.00000000
    0.785398     -2.356194
  1    1        1.01136576        0.00744895       -0.00060535        0.00043055
    0.785398     -1.570796
  1    1        0.80973217        0.00644068       -0.00060535        0.00043055
    0.785398     -0.785398
  1    1        0.59862183        0.00670405       -0.00060535        0.00043055
    0.785398      0.000000
  1    1        0.53416616        0.00401653       -0.00060535        0.00043055
    0.785398      0.785398
  1    1        0.59670004        0.00338143       -0.00060535        0.00043055
    0.785398      1.570796
  1    1        0.81654089        0.00248940       -0.00060535        0.00043055
    0.785398      2.356194
  1    1        1.01619568        0.00689780       -0.00060535        0.00043055
    0.785398      3.141593
  1    1        1.11003780        0.00906033       -0.00060535        0.00043055
    1.570796     -2.356194
  1    1        1.05876401        0.00715071       -0.00085610        0.00060889
    1.570796     -1.570796
  1    1        0.89912076        0.00716873       -0.00085610        0.00060889
    1.570796     -0.785398
  1    1        0.78991645        0.00554615       -0.00085610        0.00060889
    1.570796      0.000000
  1    1        0.75297222        0.00459810       -0.00085610        0.00060889
    1.570796      0.785398
  1    1        0.78919452        0.00313095       -0.00085610        0.00060889
    1.570796      1.570796
  1    1        0.89308714        0.00159340       -0.00085610        0.00060889
    1.570796      2.356194
  1    1        1.05573274        0.00911176       -0.00085610        0.00060889
    1.570796      3.141593
  1    1        1.12794043        0.00851189       -0.00085610        0.00060889
    2.356194     -2.356194
  1    1        1.12119808        0.00926626       -0.00060535        0.00043055
    2.356194     -1.570796
  1    1        1.00991215        0.00879069       -0.00060535        0.00043055
    2.356194     -0.785398
  1    1        0.94911647        0.00260137       -0.00060535        0.00043055
    2.356194      0.000000
  1    1        0.92962771        0.00368505       -0.00060535        0.00043055
    2.356194      0.785398
  1    1        0.94963874        0.00197916       -0.00060535        0.00043055
    2.356194      1.570796
  1    1        1.01182544        0.00399364       -0.00060535        0.00043055
    2.356194      2.356194
  1    1        1.12276145        0.00839116       -0.00060535        0.00043055
    2.356194      3.141593
  1    1        1.18205502        0.00532412       -0.00060535        0.00043055
    3.141593     -2.356194
  1    1        1.16611656        0.01006208        0.00000000        0.00000000
    3.141593     -1.570796
  1    1        1.05578817        0.00465761        0.00000000        0.00000000
    3.141593     -0.785398
  1    1        1.00635295        0.00743036       -0.00000000        0.00000000
    3.141593      0.000000
  1    1        0.99227846        0.00787973       -0.00000000        0.00000000
    3.141593      0.785398
  1    1        1.00635295        0.00743036        0.00000000        0.00000000
    3.141593      1.570796
  1    1        1.05578817        0.00465761       -0.00000000        0.00000000
    3.141593      2.356194
  1    1        1.16611656        0.01006208       -0.00000000        0.00000000
    3.141593      3.141593
  1    1        1.23136760        0.01118860       -0.00000000        0.00000000
