          51           9   10.000000000000000                1
     0.0000000        0.34346107        0.00720053
     0.1000000        0.18900608        0.00189904
     0.2000000        0.10644885        0.00228988
     0.3000000        0.06540364        0.00216783
     0.4000000        0.03996427        0.00335810
     0.5000000        0.02507084        0.00430044
     0.6000000        0.01349752        0.00280712
     0.7000000        0.01207126        0.00280869
     0.8000000        0.00943962        0.00179943
     0.9000000        0.00893953        0.00260397
     1.0000000        0.00677230        0.00117639
     1.1000000        0.00423629        0.00207446
     1.2000000        0.00328854        0.00240733
     1.3000000       -0.00392414        0.00307640
     1.4000000       -0.00576616        0.00613754
     1.5000000       -0.00429562        0.00518808
     1.6000000       -0.00096681        0.00403890
     1.7000000       -0.00145062        0.00131892
     1.8000000       -0.00075490        0.00283378
     1.9000000       -0.00168746        0.00356268
     2.0000000       -0.00472417        0.00371086
     2.1000000       -0.00540359        0.00253840
     2.2000000       -0.00266566        0.00222125
     2.3000000       -0.00209838        0.00224412
     2.4000000       -0.00036427        0.00251129
     2.5000000       -0.00139050        0.00257137
     2.6000000       -0.00219889        0.00096533
     2.7000000       -0.00249202        0.00139504
     2.8000000       -0.00023919        0.00231445
     2.9000000       -0.00268261        0.00314729
     3.0000000       -0.00589955        0.00267318
     3.1000000       -0.00390122        0.00263264
     3.2000000       -0.00095153        0.00217129
     3.3000000        0.00132662        0.00243170
     3.4000000        0.00022965        0.00284819
     3.5000000        0.00171155        0.00179579
     3.6000000        0.00182618        0.00390251
     3.7000000        0.00010470        0.00460482
     3.8000000        0.00122521        0.00260540
     3.9000000       -0.00258658        0.00325552
     4.0000000       -0.00439626        0.00240549
     4.1000000       -0.00266903        0.00219820
     4.2000000        0.00237297        0.00210656
     4.3000000        0.00070685        0.00281901
     4.4000000        0.00002122        0.00234857
     4.5000000       -0.00094265        0.00208289
     4.6000000        0.00168487        0.00276824
     4.7000000       -0.00200112        0.00204724
     4.8000000        0.00120999        0.00278361
     4.9000000       -0.00018492        0.00169743
     5.0000000        0.00075415        0.00488434
