          51           9   10.000000000000000                1
     0.0000000        1.21907438        0.03722822
     0.1000000        1.02326908        0.03589083
     0.2000000        0.88021433        0.03195783
     0.3000000        0.77054148        0.02793935
     0.4000000        0.68501768        0.02476846
     0.5000000        0.61691392        0.02238064
     0.6000000        0.55951384        0.02001455
     0.7000000        0.51080656        0.01793648
     0.8000000        0.46865905        0.01674861
     0.9000000        0.42998679        0.01551025
     1.0000000        0.39577830        0.01409692
     1.1000000        0.36463457        0.01268394
     1.2000000        0.33543739        0.01137569
     1.3000000        0.30921626        0.01018118
     1.4000000        0.28636582        0.00953156
     1.5000000        0.26557614        0.00959610
     1.6000000        0.24588376        0.00948799
     1.7000000        0.22743955        0.00865242
     1.8000000        0.20962448        0.00761009
     1.9000000        0.19246405        0.00678628
     2.0000000        0.17591096        0.00652527
     2.1000000        0.16135865        0.00669078
     2.2000000        0.14962602        0.00651989
     2.3000000        0.13953316        0.00658537
     2.4000000        0.13025499        0.00701478
     2.5000000        0.12241645        0.00730887
     2.6000000        0.11511867        0.00760538
     2.7000000        0.10680925        0.00743512
     2.8000000        0.09965651        0.00635776
     2.9000000        0.09344271        0.00500637
     3.0000000        0.08771158        0.00387067
     3.1000000        0.08219472        0.00313633
     3.2000000        0.07685571        0.00256924
     3.3000000        0.07175404        0.00230548
     3.4000000        0.06699476        0.00236199
     3.5000000        0.06337097        0.00243530
     3.6000000        0.06024316        0.00257687
     3.7000000        0.05674970        0.00267655
     3.8000000        0.05376864        0.00252751
     3.9000000        0.05119331        0.00257478
     4.0000000        0.04762935        0.00292559
     4.1000000        0.04514071        0.00323567
     4.2000000        0.04410883        0.00352293
     4.3000000        0.04258247        0.00372333
     4.4000000        0.04065742        0.00392057
     4.5000000        0.03895261        0.00406584
     4.6000000        0.03764408        0.00435292
     4.7000000        0.03630666        0.00495886
     4.8000000        0.03545368        0.00529015
     4.9000000        0.03535714        0.00553517
     5.0000000        0.03537659        0.00571342
