          11           4   2.0000000000000000                1
     0.0000000        0.34365940        0.00719913
     0.1000000        0.19349452        0.00222264
     0.2000000        0.11535620        0.00437023
     0.3000000        0.07178779        0.00462894
     0.4000000        0.04628843        0.00696779
     0.5000000        0.02983981        0.00463010
     0.6000000        0.02160714        0.00356643
     0.7000000        0.01842591        0.00057856
     0.8000000        0.01735509        0.00290926
     0.9000000        0.01426207        0.00196953
     1.0000000        0.01484341        0.00364079
