          11           4   2.0000000000000000                1
     0.0000000        0.19253405        0.00867269
     0.1000000        0.14521422        0.00976140
     0.2000000        0.11131477        0.01100922
     0.3000000        0.08642010        0.01188747
     0.4000000        0.06802566        0.01239491
     0.5000000        0.05501545        0.01232541
     0.6000000        0.04546969        0.01208999
     0.7000000        0.03837045        0.01174454
     0.8000000        0.03431056        0.01183096
     0.9000000        0.03314499        0.01187454
     1.0000000        0.03314171        0.01169568
