         2 (-0.28943725013877224E+002, 0.00000000000000000E+000)  0.10000000000000000E+001
         2 (-0.28970045695653909E+002, 0.00000000000000000E+000)  0.10000000000000000E+001
         2 (-0.28731343020385008E+002, 0.00000000000000000E+000)  0.10000000000000000E+001
         2 (-0.28587341532293575E+002, 0.00000000000000000E+000)  0.10000000000000000E+001
         2 (-0.28668465101024911E+002, 0.00000000000000000E+000)  0.10000000000000000E+001
         2 (-0.28927826029112826E+002, 0.00000000000000000E+000)  0.10000000000000000E+001
         2 (-0.28878167655532668E+002, 0.00000000000000000E+000)  0.10000000000000000E+001
         2 (-0.29306691388280825E+002, 0.00000000000000000E+000)  0.10000000000000000E+001
         2 (-0.28847279282036130E+002, 0.00000000000000000E+000)  0.10000000000000000E+001
         2 (-0.28904962462363425E+002, 0.00000000000000000E+000)  0.10000000000000000E+001
