          51           4   10.000000000000000                1
     0.0000000        0.39054356        0.02817078
     0.1000000        0.20981755        0.01222575
     0.2000000        0.12799715        0.01357731
     0.3000000        0.07062528        0.00597067
     0.4000000        0.03341730        0.00096131
     0.5000000        0.02101309        0.00619849
     0.6000000        0.01308424        0.00510091
     0.7000000        0.00309962        0.00465796
     0.8000000        0.00512057        0.01008901
     0.9000000        0.00593610        0.01172265
     1.0000000        0.01128643        0.01094797
     1.1000000        0.01378066        0.00845242
     1.2000000        0.00644271        0.01306571
     1.3000000        0.00619716        0.01135530
     1.4000000       -0.00266440        0.00720771
     1.5000000       -0.00600229        0.00810155
     1.6000000        0.00087227        0.00922744
     1.7000000       -0.00068634        0.00869307
     1.8000000        0.00102589        0.01026966
     1.9000000        0.00173945        0.01094443
     2.0000000       -0.00083417        0.00890855
     2.1000000       -0.00451669        0.01178095
     2.2000000        0.00704921        0.00549819
     2.3000000        0.00131341        0.00599117
     2.4000000       -0.00149917        0.00627686
     2.5000000       -0.00565332        0.00345409
     2.6000000        0.00261596        0.00694806
     2.7000000       -0.00120775        0.00610337
     2.8000000       -0.00356727        0.00618203
     2.9000000       -0.00499464        0.00397971
     3.0000000        0.00244757        0.00962224
     3.1000000        0.00562747        0.00884793
     3.2000000       -0.00155232        0.00629661
     3.3000000       -0.00178120        0.00872912
     3.4000000       -0.00939238        0.01466229
     3.5000000       -0.01606474        0.00908822
     3.6000000       -0.00791251        0.01093111
     3.7000000       -0.00809665        0.01083792
     3.8000000       -0.00172174        0.00552642
     3.9000000        0.00974026        0.01422593
     4.0000000        0.00661302        0.00632349
     4.1000000        0.00180905        0.00432111
     4.2000000       -0.00792177        0.00444819
     4.3000000        0.00205929        0.00546338
     4.4000000        0.00239979        0.00472358
     4.5000000        0.00608776        0.00212848
     4.6000000        0.00400178        0.00721683
     4.7000000       -0.00631434        0.00161093
     4.8000000       -0.00202311        0.00338076
     4.9000000        0.00472032        0.00536307
     5.0000000       -0.00086206        0.01143345
