          21           4   5.0000000000000000                1
     0.0000000        0.28650680        0.00665116
     0.1250000        0.15829533        0.00450380
     0.2500000        0.08974314        0.00272279
     0.3750000        0.05262760        0.00169527
     0.5000000        0.03181332        0.00100947
     0.6250000        0.01961208        0.00059614
     0.7500000        0.01235423        0.00047835
     0.8750000        0.00832714        0.00049978
     1.0000000        0.00543369        0.00075430
     1.1250000        0.00353060        0.00111109
     1.2500000        0.00280199        0.00123763
     1.3750000        0.00211396        0.00108343
     1.5000000        0.00180339        0.00097181
     1.6250000        0.00172209        0.00104358
     1.7500000        0.00155182        0.00114455
     1.8750000        0.00151265        0.00110235
     2.0000000        0.00128259        0.00093282
     2.1250000        0.00092125        0.00079829
     2.2500000        0.00095764        0.00063627
     2.3750000        0.00109744        0.00055055
     2.5000000        0.00110981        0.00060241
