          51           9   10.000000000000000                1
     0.0000000        1.22982182        0.02769332
     0.1000000        1.03307742        0.02665369
     0.2000000        0.88962770        0.02515021
     0.3000000        0.78128048        0.02343319
     0.4000000        0.69547816        0.02091550
     0.5000000        0.62410784        0.01791754
     0.6000000        0.56377240        0.01555972
     0.7000000        0.50996719        0.01319037
     0.8000000        0.46237752        0.01088423
     0.9000000        0.42194342        0.00962567
     1.0000000        0.38688569        0.00916026
     1.1000000        0.35647224        0.00945205
     1.2000000        0.32957195        0.00913537
     1.3000000        0.30489900        0.00854273
     1.4000000        0.28186699        0.00830274
     1.5000000        0.26140017        0.00810251
     1.6000000        0.24393058        0.00827967
     1.7000000        0.22735761        0.00825925
     1.8000000        0.21099292        0.00801320
     1.9000000        0.19573440        0.00802891
     2.0000000        0.18127912        0.00794318
     2.1000000        0.16901282        0.00826038
     2.2000000        0.15929701        0.00898708
     2.3000000        0.15026452        0.00964659
     2.4000000        0.14125058        0.00967267
     2.5000000        0.13260096        0.00904535
     2.6000000        0.12460369        0.00889863
     2.7000000        0.11710117        0.00919410
     2.8000000        0.11006466        0.00867925
     2.9000000        0.10238898        0.00752548
     3.0000000        0.09534317        0.00678383
     3.1000000        0.08954538        0.00653389
     3.2000000        0.08348175        0.00673157
     3.3000000        0.07738377        0.00726337
     3.4000000        0.07225185        0.00781633
     3.5000000        0.06697957        0.00815501
     3.6000000        0.06175385        0.00811730
     3.7000000        0.05798534        0.00815729
     3.8000000        0.05382469        0.00813785
     3.9000000        0.04890972        0.00799765
     4.0000000        0.04476238        0.00783538
     4.1000000        0.04226251        0.00762671
     4.2000000        0.03980868        0.00748027
     4.3000000        0.03716936        0.00736986
     4.4000000        0.03522684        0.00741837
     4.5000000        0.03376907        0.00771980
     4.6000000        0.03262605        0.00756142
     4.7000000        0.03094302        0.00723960
     4.8000000        0.02879581        0.00738919
     4.9000000        0.02633932        0.00730792
     5.0000000        0.02485437        0.00714680
