 0.10000000000000000E+001          1        100
( 0.00000000000000000E+000, 0.00000000000000000E+000)
-0.25132741228718340E+001 -0.25132741228718340E+001
( 0.38815456385829017E+000, 0.55511151231257830E-017)
-0.25132741228718340E+001 -0.18849555921538754E+001
( 0.36248436175838494E+000,-0.10269562977782698E-016)
-0.25132741228718340E+001 -0.12566370614359170E+001
( 0.30090505617503632E+000,-0.12906342661267445E-016)
-0.25132741228718340E+001 -0.62831853071795851E+000
( 0.28821936332583059E+000,-0.14571677198205180E-016)
-0.25132741228718340E+001  0.00000000000000000E+000
( 0.25624500682867390E+000,-0.27762355401236869E-016)
-0.25132741228718340E+001  0.62831853071795851E+000
( 0.27077036118735609E+000,-0.14224732503009817E-016)
-0.25132741228718340E+001  0.12566370614359170E+001
( 0.31335280627450079E+000,-0.21510571102112409E-016)
-0.25132741228718340E+001  0.18849555921538754E+001
( 0.35135317792993076E+000,-0.21233015345956119E-016)
-0.25132741228718340E+001  0.25132741228718340E+001
( 0.40089009450511853E+000,-0.25257573810222312E-016)
-0.25132741228718340E+001  0.31415926535897927E+001
( 0.39690116631128447E+000, 0.89166374763229348E-017)
-0.18849555921538754E+001 -0.25132741228718340E+001
( 0.34622473646828134E+000,-0.44408920985006263E-017)
-0.18849555921538754E+001 -0.18849555921538754E+001
( 0.30603629221319856E+000,-0.11032841307212494E-016)
-0.18849555921538754E+001 -0.12566370614359170E+001
( 0.25749612666623284E+000,-0.38163916471489759E-017)
-0.18849555921538754E+001 -0.62831853071795851E+000
( 0.23446789933391443E+000,-0.94368957093138313E-017)
-0.18849555921538754E+001  0.00000000000000000E+000
( 0.21590387897435001E+000,-0.27516679006630743E-016)
-0.18849555921538754E+001  0.62831853071795851E+000
( 0.23102497819636206E+000, 0.91593399531575419E-017)
-0.18849555921538754E+001  0.12566370614359170E+001
( 0.26730108172108397E+000,-0.44200754167889046E-016)
-0.18849555921538754E+001  0.18849555921538754E+001
( 0.30690864372167659E+000,-0.13253287356462807E-016)
-0.18849555921538754E+001  0.25132741228718340E+001
( 0.35737256452561672E+000, 0.11171619185290638E-016)
-0.18849555921538754E+001  0.31415926535897927E+001
( 0.37641426843502379E+000,-0.21331935768178648E-016)
-0.12566370614359170E+001 -0.25132741228718340E+001
( 0.31621952916154816E+000,-0.41633363423443369E-018)
-0.12566370614359170E+001 -0.18849555921538754E+001
( 0.26229289929324751E+000,-0.81185058675714567E-017)
-0.12566370614359170E+001 -0.12566370614359170E+001
( 0.20146966728270921E+000,-0.21510571102112408E-017)
-0.12566370614359170E+001 -0.62831853071795851E+000
( 0.16186750097550245E+000,-0.70082828429463007E-017)
-0.12566370614359170E+001  0.00000000000000000E+000
( 0.14849712431270803E+000,-0.25707806372496515E-017)
-0.12566370614359170E+001  0.62831853071795851E+000
( 0.16417694082524201E+000,-0.15543122344752193E-016)
-0.12566370614359170E+001  0.12566370614359170E+001
( 0.21131588293245238E+000, 0.10061396160665481E-016)
-0.12566370614359170E+001  0.18849555921538754E+001
( 0.27108368304772984E+000,-0.14988010832439614E-016)
-0.12566370614359170E+001  0.25132741228718340E+001
( 0.30946411689211867E+000,-0.19845236565174672E-016)
-0.12566370614359170E+001  0.31415926535897927E+001
( 0.34130492258722539E+000, 0.21302580348103653E-016)
-0.62831853071795851E+000 -0.25132741228718340E+001
( 0.27975826957263300E+000,-0.20400348077487251E-016)
-0.62831853071795851E+000 -0.18849555921538754E+001
( 0.22350085562385719E+000, 0.28380076066980563E-016)
-0.62831853071795851E+000 -0.12566370614359170E+001
( 0.16465864787494500E+000, 0.10894063429134349E-016)
-0.62831853071795851E+000 -0.62831853071795851E+000
( 0.92154725932765025E-001, 0.40939474033052645E-017)
-0.62831853071795851E+000  0.00000000000000000E+000
( 0.57914132093929212E-001,-0.15021010355557161E-016)
-0.62831853071795851E+000  0.62831853071795851E+000
( 0.92938618537447268E-001,-0.31363800445660675E-016)
-0.62831853071795851E+000  0.12566370614359170E+001
( 0.15898536314071357E+000,-0.73552275381416625E-017)
-0.62831853071795851E+000  0.18849555921538754E+001
( 0.22972618673229256E+000,-0.15820678100908482E-016)
-0.62831853071795851E+000  0.25132741228718340E+001
( 0.28070107285235096E+000, 0.16306400674181987E-016)
-0.62831853071795851E+000  0.31415926535897927E+001
( 0.28431417451191765E+000, 0.79825541541941101E-017)
 0.00000000000000000E+000 -0.25132741228718340E+001
( 0.26309222641298646E+000, 0.14155343563970746E-016)
 0.00000000000000000E+000 -0.18849555921538754E+001
( 0.22500058995961744E+000, 0.23731017151362721E-016)
 0.00000000000000000E+000 -0.12566370614359170E+001
( 0.14562907467357053E+000, 0.90205620750793972E-017)
 0.00000000000000000E+000 -0.62831853071795851E+000
( 0.59134886915058311E-001, 0.13322676295501878E-016)
 0.00000000000000000E+000  0.00000000000000000E+000
( 0.21082435330936991E-002, 0.00000000000000000E+000)
 0.00000000000000000E+000  0.62831853071795851E+000
( 0.59134886915058311E-001,-0.13322676295501878E-016)
 0.00000000000000000E+000  0.12566370614359170E+001
( 0.14562907467357053E+000,-0.90205620750793972E-017)
 0.00000000000000000E+000  0.18849555921538754E+001
( 0.22500058995961744E+000,-0.23731017151362721E-016)
 0.00000000000000000E+000  0.25132741228718340E+001
( 0.26309222641298646E+000,-0.14155343563970746E-016)
 0.00000000000000000E+000  0.31415926535897927E+001
( 0.27479629453753901E+000, 0.56173166136232706E-017)
 0.62831853071795851E+000 -0.25132741228718340E+001
( 0.28070107285235096E+000,-0.16306400674181987E-016)
 0.62831853071795851E+000 -0.18849555921538754E+001
( 0.22972618673229256E+000, 0.15820678100908482E-016)
 0.62831853071795851E+000 -0.12566370614359170E+001
( 0.15898536314071357E+000, 0.73552275381416625E-017)
 0.62831853071795851E+000 -0.62831853071795851E+000
( 0.92938618537447268E-001, 0.31363800445660675E-016)
 0.62831853071795851E+000  0.00000000000000000E+000
( 0.57914132093929212E-001, 0.15021010355557161E-016)
 0.62831853071795851E+000  0.62831853071795851E+000
( 0.92154725932765025E-001,-0.40939474033052645E-017)
 0.62831853071795851E+000  0.12566370614359170E+001
( 0.16465864787494500E+000,-0.10894063429134349E-016)
 0.62831853071795851E+000  0.18849555921538754E+001
( 0.22350085562385719E+000,-0.28380076066980563E-016)
 0.62831853071795851E+000  0.25132741228718340E+001
( 0.27975826957263300E+000, 0.20400348077487251E-016)
 0.62831853071795851E+000  0.31415926535897927E+001
( 0.28431417451191765E+000,-0.21279888917557701E-016)
 0.12566370614359170E+001 -0.25132741228718340E+001
( 0.30946411689211867E+000, 0.19845236565174672E-016)
 0.12566370614359170E+001 -0.18849555921538754E+001
( 0.27108368304772984E+000, 0.14988010832439614E-016)
 0.12566370614359170E+001 -0.12566370614359170E+001
( 0.21131588293245238E+000,-0.10061396160665481E-016)
 0.12566370614359170E+001 -0.62831853071795851E+000
( 0.16417694082524201E+000, 0.15543122344752193E-016)
 0.12566370614359170E+001  0.00000000000000000E+000
( 0.14849712431270803E+000, 0.25707806372496515E-017)
 0.12566370614359170E+001  0.62831853071795851E+000
( 0.16186750097550245E+000, 0.70082828429463007E-017)
 0.12566370614359170E+001  0.12566370614359170E+001
( 0.20146966728270921E+000, 0.21510571102112408E-017)
 0.12566370614359170E+001  0.18849555921538754E+001
( 0.26229289929324751E+000, 0.81185058675714567E-017)
 0.12566370614359170E+001  0.25132741228718340E+001
( 0.31621952916154816E+000, 0.41633363423443369E-018)
 0.12566370614359170E+001  0.31415926535897927E+001
( 0.34130492258722533E+000,-0.36859429861538128E-017)
 0.18849555921538754E+001 -0.25132741228718340E+001
( 0.35737256452561672E+000,-0.11171619185290638E-016)
 0.18849555921538754E+001 -0.18849555921538754E+001
( 0.30690864372167659E+000, 0.13253287356462807E-016)
 0.18849555921538754E+001 -0.12566370614359170E+001
( 0.26730108172108397E+000, 0.44200754167889046E-016)
 0.18849555921538754E+001 -0.62831853071795851E+000
( 0.23102497819636206E+000,-0.91593399531575419E-017)
 0.18849555921538754E+001  0.00000000000000000E+000
( 0.21590387897435001E+000, 0.27516679006630743E-016)
 0.18849555921538754E+001  0.62831853071795851E+000
( 0.23446789933391443E+000, 0.94368957093138313E-017)
 0.18849555921538754E+001  0.12566370614359170E+001
( 0.25749612666623284E+000, 0.38163916471489759E-017)
 0.18849555921538754E+001  0.18849555921538754E+001
( 0.30603629221319856E+000, 0.11032841307212494E-016)
 0.18849555921538754E+001  0.25132741228718340E+001
( 0.34622473646828134E+000, 0.44408920985006263E-017)
 0.18849555921538754E+001  0.31415926535897927E+001
( 0.37641426843502374E+000, 0.20459437935407691E-016)
 0.25132741228718340E+001 -0.25132741228718340E+001
( 0.40089009450511853E+000, 0.25257573810222312E-016)
 0.25132741228718340E+001 -0.18849555921538754E+001
( 0.35135317792993076E+000, 0.21233015345956119E-016)
 0.25132741228718340E+001 -0.12566370614359170E+001
( 0.31335280627450079E+000, 0.21510571102112409E-016)
 0.25132741228718340E+001 -0.62831853071795851E+000
( 0.27077036118735609E+000, 0.14224732503009817E-016)
 0.25132741228718340E+001  0.00000000000000000E+000
( 0.25624500682867390E+000, 0.27762355401236869E-016)
 0.25132741228718340E+001  0.62831853071795851E+000
( 0.28821936332583059E+000, 0.14571677198205180E-016)
 0.25132741228718340E+001  0.12566370614359170E+001
( 0.30090505617503632E+000, 0.12906342661267445E-016)
 0.25132741228718340E+001  0.18849555921538754E+001
( 0.36248436175838494E+000, 0.10269562977782698E-016)
 0.25132741228718340E+001  0.25132741228718340E+001
( 0.38815456385829017E+000,-0.55511151231257830E-017)
 0.25132741228718340E+001  0.31415926535897927E+001
( 0.39690116631128447E+000,-0.70033055579658937E-017)
 0.31415926535897927E+001 -0.25132741228718340E+001
( 0.40206964063866224E+000, 0.63143934525555780E-017)
 0.31415926535897927E+001 -0.18849555921538754E+001
( 0.37281428839663089E+000, 0.00000000000000000E+000)
 0.31415926535897927E+001 -0.12566370614359170E+001
( 0.32969693625401697E+000, 0.55511151231257828E-018)
 0.31415926535897927E+001 -0.62831853071795851E+000
( 0.28672913931210936E+000,-0.18041124150158794E-017)
 0.31415926535897927E+001  0.00000000000000000E+000
( 0.28105530955803609E+000, 0.40843627486195625E-017)
 0.31415926535897927E+001  0.62831853071795851E+000
( 0.28672913931210936E+000,-0.90205620750793972E-018)
 0.31415926535897927E+001  0.12566370614359170E+001
( 0.32969693625401697E+000, 0.21510571102112408E-017)
 0.31415926535897927E+001  0.18849555921538754E+001
( 0.37281428839663089E+000,-0.17139067942650855E-016)
 0.31415926535897927E+001  0.25132741228718340E+001
( 0.40206964063866224E+000,-0.14016565685892601E-016)
 0.31415926535897927E+001  0.31415926535897927E+001
( 0.44010139271266324E+000, 0.59319804036573844E-017)
 0.10000000000000000E+001          1        100
( 0.00000000000000000E+000, 0.00000000000000000E+000)
-0.25132741228718340E+001 -0.25132741228718340E+001
( 0.37352851231890671E+000,-0.32612801348363975E-016)
-0.25132741228718340E+001 -0.18849555921538754E+001
( 0.36290952517291564E+000,-0.29073965457371290E-016)
-0.25132741228718340E+001 -0.12566370614359170E+001
( 0.31154037005826168E+000,-0.28137214780343809E-016)
-0.25132741228718340E+001 -0.62831853071795851E+000
( 0.27094691298514278E+000, 0.52041704279304211E-018)
-0.25132741228718340E+001  0.00000000000000000E+000
( 0.25527142439017048E+000, 0.27641209689934430E-016)
-0.25132741228718340E+001  0.62831853071795851E+000
( 0.27021376349297027E+000, 0.13912482277333992E-016)
-0.25132741228718340E+001  0.12566370614359170E+001
( 0.30586735034251067E+000,-0.10269562977782698E-016)
-0.25132741228718340E+001  0.18849555921538754E+001
( 0.34861824999247498E+000, 0.11796119636642288E-016)
-0.25132741228718340E+001  0.25132741228718340E+001
( 0.38976275941220812E+000,-0.27339241981394479E-016)
-0.25132741228718340E+001  0.31415926535897927E+001
( 0.40471800951087389E+000,-0.10166896491193834E-016)
-0.18849555921538754E+001 -0.25132741228718340E+001
( 0.34437435765256558E+000,-0.14502288259166106E-016)
-0.18849555921538754E+001 -0.18849555921538754E+001
( 0.30289585920159801E+000,-0.26471880243406076E-016)
-0.18849555921538754E+001 -0.12566370614359170E+001
( 0.26030226943748508E+000, 0.74593109467002702E-017)
-0.18849555921538754E+001 -0.62831853071795851E+000
( 0.21986597579799033E+000, 0.16375789613221058E-016)
-0.18849555921538754E+001  0.00000000000000000E+000
( 0.21411609401578829E+000, 0.24448387083794360E-016)
-0.18849555921538754E+001  0.62831853071795851E+000
( 0.22923116979565777E+000, 0.37990444123892079E-016)
-0.18849555921538754E+001  0.12566370614359170E+001
( 0.26028986450788505E+000, 0.10755285551056204E-017)
-0.18849555921538754E+001  0.18849555921538754E+001
( 0.30508841600906494E+000, 0.14918621893400541E-017)
-0.18849555921538754E+001  0.25132741228718340E+001
( 0.33902364719135741E+000, 0.99920072216264085E-017)
-0.18849555921538754E+001  0.31415926535897927E+001
( 0.37281085827806709E+000,-0.54457868923696925E-017)
-0.12566370614359170E+001 -0.25132741228718340E+001
( 0.31025552776574183E+000,-0.19810542095655137E-016)
-0.12566370614359170E+001 -0.18849555921538754E+001
( 0.25670356007217521E+000,-0.20469737016526325E-016)
-0.12566370614359170E+001 -0.12566370614359170E+001
( 0.20280134899892233E+000,-0.12351231148954867E-016)
-0.12566370614359170E+001 -0.62831853071795851E+000
( 0.15393360049897356E+000, 0.23973878437999475E-016)
-0.12566370614359170E+001  0.00000000000000000E+000
( 0.14152376248540552E+000, 0.21865384964809658E-016)
-0.12566370614359170E+001  0.62831853071795851E+000
( 0.15701196551182664E+000, 0.14432899320127036E-016)
-0.12566370614359170E+001  0.12566370614359170E+001
( 0.20292540043750748E+000, 0.27443325389953089E-016)
-0.12566370614359170E+001  0.18849555921538754E+001
( 0.26309896342066935E+000, 0.80491169285323844E-017)
-0.12566370614359170E+001  0.25132741228718340E+001
( 0.30976659304004128E+000,-0.13253287356462807E-016)
-0.12566370614359170E+001  0.31415926535897927E+001
( 0.31333148239670100E+000,-0.89300236090107513E-017)
-0.62831853071795851E+000 -0.25132741228718340E+001
( 0.27341704154745933E+000,-0.10408340855860843E-016)
-0.62831853071795851E+000 -0.18849555921538754E+001
( 0.22877549279011902E+000,-0.10894063429134349E-016)
-0.62831853071795851E+000 -0.12566370614359170E+001
( 0.15062381036362302E+000,-0.19741153156616066E-016)
-0.62831853071795851E+000 -0.62831853071795851E+000
( 0.85887325410780077E-001,-0.45102810375396986E-018)
-0.62831853071795851E+000  0.00000000000000000E+000
( 0.55887037120610418E-001, 0.18201988296625646E-016)
-0.62831853071795851E+000  0.62831853071795851E+000
( 0.83338121965822923E-001,-0.97144514654701207E-017)
-0.62831853071795851E+000  0.12566370614359170E+001
( 0.15403927318594116E+000, 0.53082538364890298E-017)
-0.62831853071795851E+000  0.18849555921538754E+001
( 0.22750127902404629E+000, 0.45796699765787709E-017)
-0.62831853071795851E+000  0.25132741228718340E+001
( 0.27485300083104941E+000,-0.10200174038743626E-016)
-0.62831853071795851E+000  0.31415926535897927E+001
( 0.28866170945865122E+000,-0.17480220711589946E-016)
 0.00000000000000000E+000 -0.25132741228718340E+001
( 0.26208468351001613E+000, 0.27755575615628914E-018)
 0.00000000000000000E+000 -0.18849555921538754E+001
( 0.21209920348353786E+000, 0.31225022567582528E-017)
 0.00000000000000000E+000 -0.12566370614359170E+001
( 0.13987968600024836E+000,-0.33306690738754695E-017)
 0.00000000000000000E+000 -0.62831853071795851E+000
( 0.52382057148185834E-001,-0.43715031594615539E-017)
 0.00000000000000000E+000  0.00000000000000000E+000
( 0.14716321048860693E-002, 0.00000000000000000E+000)
 0.00000000000000000E+000  0.62831853071795851E+000
( 0.52382057148185834E-001, 0.43715031594615539E-017)
 0.00000000000000000E+000  0.12566370614359170E+001
( 0.13987968600024836E+000, 0.33306690738754695E-017)
 0.00000000000000000E+000  0.18849555921538754E+001
( 0.21209920348353786E+000,-0.31225022567582528E-017)
 0.00000000000000000E+000  0.25132741228718340E+001
( 0.26208468351001613E+000,-0.27755575615628914E-018)
 0.00000000000000000E+000  0.31415926535897927E+001
( 0.28432076700883668E+000, 0.18829768414195346E-017)
 0.62831853071795851E+000 -0.25132741228718340E+001
( 0.27485300083104941E+000, 0.10200174038743626E-016)
 0.62831853071795851E+000 -0.18849555921538754E+001
( 0.22750127902404629E+000,-0.45796699765787709E-017)
 0.62831853071795851E+000 -0.12566370614359170E+001
( 0.15403927318594116E+000,-0.53082538364890298E-017)
 0.62831853071795851E+000 -0.62831853071795851E+000
( 0.83338121965822923E-001, 0.97144514654701207E-017)
 0.62831853071795851E+000  0.00000000000000000E+000
( 0.55887037120610418E-001,-0.18201988296625646E-016)
 0.62831853071795851E+000  0.62831853071795851E+000
( 0.85887325410780077E-001, 0.45102810375396986E-018)
 0.62831853071795851E+000  0.12566370614359170E+001
( 0.15062381036362302E+000, 0.19741153156616066E-016)
 0.62831853071795851E+000  0.18849555921538754E+001
( 0.22877549279011902E+000, 0.10894063429134349E-016)
 0.62831853071795851E+000  0.25132741228718340E+001
( 0.27341704154745933E+000, 0.10408340855860843E-016)
 0.62831853071795851E+000  0.31415926535897927E+001
( 0.28866170945865127E+000, 0.27917211383169337E-016)
 0.12566370614359170E+001 -0.25132741228718340E+001
( 0.30976659304004128E+000, 0.13253287356462807E-016)
 0.12566370614359170E+001 -0.18849555921538754E+001
( 0.26309896342066935E+000,-0.80491169285323844E-017)
 0.12566370614359170E+001 -0.12566370614359170E+001
( 0.20292540043750748E+000,-0.27443325389953089E-016)
 0.12566370614359170E+001 -0.62831853071795851E+000
( 0.15701196551182664E+000,-0.14432899320127036E-016)
 0.12566370614359170E+001  0.00000000000000000E+000
( 0.14152376248540552E+000,-0.21865384964809658E-016)
 0.12566370614359170E+001  0.62831853071795851E+000
( 0.15393360049897356E+000,-0.23973878437999475E-016)
 0.12566370614359170E+001  0.12566370614359170E+001
( 0.20280134899892233E+000, 0.12351231148954867E-016)
 0.12566370614359170E+001  0.18849555921538754E+001
( 0.25670356007217521E+000, 0.20469737016526325E-016)
 0.12566370614359170E+001  0.25132741228718340E+001
( 0.31025552776574183E+000, 0.19810542095655137E-016)
 0.12566370614359170E+001  0.31415926535897927E+001
( 0.31333148239670106E+000, 0.67005199105008668E-018)
 0.18849555921538754E+001 -0.25132741228718340E+001
( 0.33902364719135741E+000,-0.99920072216264085E-017)
 0.18849555921538754E+001 -0.18849555921538754E+001
( 0.30508841600906494E+000,-0.14918621893400541E-017)
 0.18849555921538754E+001 -0.12566370614359170E+001
( 0.26028986450788505E+000,-0.10755285551056204E-017)
 0.18849555921538754E+001 -0.62831853071795851E+000
( 0.22923116979565777E+000,-0.37990444123892079E-016)
 0.18849555921538754E+001  0.00000000000000000E+000
( 0.21411609401578829E+000,-0.24448387083794360E-016)
 0.18849555921538754E+001  0.62831853071795851E+000
( 0.21986597579799033E+000,-0.16375789613221058E-016)
 0.18849555921538754E+001  0.12566370614359170E+001
( 0.26030226943748508E+000,-0.74593109467002702E-017)
 0.18849555921538754E+001  0.18849555921538754E+001
( 0.30289585920159801E+000, 0.26471880243406076E-016)
 0.18849555921538754E+001  0.25132741228718340E+001
( 0.34437435765256558E+000, 0.14502288259166106E-016)
 0.18849555921538754E+001  0.31415926535897927E+001
( 0.37281085827806698E+000, 0.21348160632018877E-016)
 0.25132741228718340E+001 -0.25132741228718340E+001
( 0.38976275941220812E+000, 0.27339241981394479E-016)
 0.25132741228718340E+001 -0.18849555921538754E+001
( 0.34861824999247498E+000,-0.11796119636642288E-016)
 0.25132741228718340E+001 -0.12566370614359170E+001
( 0.30586735034251067E+000, 0.10269562977782698E-016)
 0.25132741228718340E+001 -0.62831853071795851E+000
( 0.27021376349297027E+000,-0.13912482277333992E-016)
 0.25132741228718340E+001  0.00000000000000000E+000
( 0.25527142439017048E+000,-0.27641209689934430E-016)
 0.25132741228718340E+001  0.62831853071795851E+000
( 0.27094691298514278E+000,-0.52041704279304211E-018)
 0.25132741228718340E+001  0.12566370614359170E+001
( 0.31154037005826168E+000, 0.28137214780343809E-016)
 0.25132741228718340E+001  0.18849555921538754E+001
( 0.36290952517291564E+000, 0.29073965457371290E-016)
 0.25132741228718340E+001  0.25132741228718340E+001
( 0.37352851231890671E+000, 0.32612801348363975E-016)
 0.25132741228718340E+001  0.31415926535897927E+001
( 0.40471800951087378E+000, 0.19773631465783596E-016)
 0.31415926535897927E+001 -0.25132741228718340E+001
( 0.40783885229280636E+000,-0.16861512186494566E-016)
 0.31415926535897927E+001 -0.18849555921538754E+001
( 0.35611696032278611E+000,-0.24633073358870660E-017)
 0.31415926535897927E+001 -0.12566370614359170E+001
( 0.32869096050347424E+000,-0.19081958235744878E-016)
 0.31415926535897927E+001 -0.62831853071795851E+000
( 0.28758341908226009E+000, 0.65919492087118670E-018)
 0.31415926535897927E+001  0.00000000000000000E+000
( 0.27887827823175360E+000, 0.56904417757174111E-017)
 0.31415926535897927E+001  0.62831853071795851E+000
( 0.28758341908226004E+000, 0.32612801348363975E-017)
 0.31415926535897927E+001  0.12566370614359170E+001
( 0.32869096050347424E+000, 0.13253287356462807E-016)
 0.31415926535897927E+001  0.18849555921538754E+001
( 0.35611696032278617E+000,-0.13565537582138632E-016)
 0.31415926535897927E+001  0.25132741228718340E+001
( 0.40783885229280642E+000, 0.11796119636642288E-016)
 0.31415926535897927E+001  0.31415926535897927E+001
( 0.42140628540516845E+000,-0.50073679891994005E-017)
 0.10000000000000000E+001          1        100
( 0.00000000000000000E+000, 0.00000000000000000E+000)
-0.25132741228718340E+001 -0.25132741228718340E+001
( 0.37513674278331721E+000, 0.50931481254679055E-016)
-0.25132741228718340E+001 -0.18849555921538754E+001
( 0.36447846171002662E+000,-0.36845526629747386E-016)
-0.25132741228718340E+001 -0.12566370614359170E+001
( 0.31397704269754811E+000,-0.20469737016526325E-016)
-0.25132741228718340E+001 -0.62831853071795851E+000
( 0.27754390134081403E+000,-0.17486012637846216E-016)
-0.25132741228718340E+001  0.00000000000000000E+000
( 0.25190508917190985E+000, 0.23261881730293249E-016)
-0.25132741228718340E+001  0.62831853071795851E+000
( 0.27506494295796052E+000, 0.34139358007223563E-016)
-0.25132741228718340E+001  0.12566370614359170E+001
( 0.30966164535963769E+000,-0.27200464103316335E-016)
-0.25132741228718340E+001  0.18849555921538754E+001
( 0.35939904914750537E+000,-0.93675067702747589E-017)
-0.25132741228718340E+001  0.25132741228718340E+001
( 0.38670525230165487E+000,-0.32890357104520264E-016)
-0.25132741228718340E+001  0.31415926535897927E+001
( 0.41616840212026762E+000, 0.11129488402466018E-016)
-0.18849555921538754E+001 -0.25132741228718340E+001
( 0.34494554449925124E+000,-0.35943470422239441E-016)
-0.18849555921538754E+001 -0.18849555921538754E+001
( 0.31511261099597276E+000,-0.20608514894604470E-016)
-0.18849555921538754E+001 -0.12566370614359170E+001
( 0.25552027472455174E+000, 0.27755575615628914E-018)
-0.18849555921538754E+001 -0.62831853071795851E+000
( 0.23454925516418598E+000,-0.81878948066105291E-017)
-0.18849555921538754E+001  0.00000000000000000E+000
( 0.21569636189763375E+000, 0.56946930490717256E-017)
-0.18849555921538754E+001  0.62831853071795851E+000
( 0.23505886488651812E+000, 0.18179902028236939E-016)
-0.18849555921538754E+001  0.12566370614359170E+001
( 0.25508517049548746E+000, 0.30531133177191805E-017)
-0.18849555921538754E+001  0.18849555921538754E+001
( 0.30454819141978795E+000, 0.14641066137244251E-016)
-0.18849555921538754E+001  0.25132741228718340E+001
( 0.34370650797902147E+000,-0.12073675392798577E-016)
-0.18849555921538754E+001  0.31415926535897927E+001
( 0.35629139423611428E+000, 0.23102890953303573E-016)
-0.12566370614359170E+001 -0.25132741228718340E+001
( 0.30548022132369523E+000, 0.91593399531575419E-017)
-0.12566370614359170E+001 -0.18849555921538754E+001
( 0.25693540457336544E+000, 0.81878948066105291E-017)
-0.12566370614359170E+001 -0.12566370614359170E+001
( 0.20910778322013041E+000,-0.57662208341469071E-016)
-0.12566370614359170E+001 -0.62831853071795851E+000
( 0.15408036856342419E+000,-0.48572257327350603E-017)
-0.12566370614359170E+001  0.00000000000000000E+000
( 0.14099686073351250E+000, 0.42757133270049612E-017)
-0.12566370614359170E+001  0.62831853071795851E+000
( 0.15493647545247796E+000, 0.80491169285323844E-017)
-0.12566370614359170E+001  0.12566370614359170E+001
( 0.20761672230038833E+000, 0.27755575615628915E-017)
-0.12566370614359170E+001  0.18849555921538754E+001
( 0.26687084163457231E+000, 0.20053403382291891E-016)
-0.12566370614359170E+001  0.25132741228718340E+001
( 0.30493373311833788E+000, 0.11518563880486000E-016)
-0.12566370614359170E+001  0.31415926535897927E+001
( 0.32266530453952863E+000, 0.12673883752383696E-016)
-0.62831853071795851E+000 -0.25132741228718340E+001
( 0.26370047457493700E+000,-0.54123372450476383E-017)
-0.62831853071795851E+000 -0.18849555921538754E+001
( 0.23014558563734158E+000,-0.19151347174783952E-016)
-0.62831853071795851E+000 -0.12566370614359170E+001
( 0.15937696858319200E+000,-0.35388358909926865E-017)
-0.62831853071795851E+000 -0.62831853071795851E+000
( 0.88093320973644348E-001, 0.12490009027033011E-016)
-0.62831853071795851E+000  0.00000000000000000E+000
( 0.55385926960275091E-001,-0.12476808580324250E-016)
-0.62831853071795851E+000  0.62831853071795851E+000
( 0.86369679483411108E-001,-0.23037127760972000E-016)
-0.62831853071795851E+000  0.12566370614359170E+001
( 0.15478522559628771E+000, 0.69388939039072288E-018)
-0.62831853071795851E+000  0.18849555921538754E+001
( 0.21834530174572289E+000, 0.22898349882893855E-016)
-0.62831853071795851E+000  0.25132741228718340E+001
( 0.26557031656080382E+000, 0.79103390504542412E-017)
-0.62831853071795851E+000  0.31415926535897927E+001
( 0.28611829597809879E+000, 0.18003050719297193E-016)
 0.00000000000000000E+000 -0.25132741228718340E+001
( 0.26130318333575137E+000,-0.30531133177191805E-017)
 0.00000000000000000E+000 -0.18849555921538754E+001
( 0.21636282622641179E+000,-0.17347234759768071E-017)
 0.00000000000000000E+000 -0.12566370614359170E+001
( 0.14191167451726697E+000,-0.30045410603918299E-016)
 0.00000000000000000E+000 -0.62831853071795851E+000
( 0.55996072891498445E-001,-0.11796119636642288E-016)
 0.00000000000000000E+000  0.00000000000000000E+000
( 0.23077467907512529E-002, 0.00000000000000000E+000)
 0.00000000000000000E+000  0.62831853071795851E+000
( 0.55996072891498445E-001, 0.11796119636642288E-016)
 0.00000000000000000E+000  0.12566370614359170E+001
( 0.14191167451726697E+000, 0.30045410603918299E-016)
 0.00000000000000000E+000  0.18849555921538754E+001
( 0.21636282622641179E+000, 0.17347234759768071E-017)
 0.00000000000000000E+000  0.25132741228718340E+001
( 0.26130318333575137E+000, 0.30531133177191805E-017)
 0.00000000000000000E+000  0.31415926535897927E+001
( 0.26629211248876805E+000, 0.54281521758394788E-018)
 0.62831853071795851E+000 -0.25132741228718340E+001
( 0.26557031656080382E+000,-0.79103390504542412E-017)
 0.62831853071795851E+000 -0.18849555921538754E+001
( 0.21834530174572289E+000,-0.22898349882893855E-016)
 0.62831853071795851E+000 -0.12566370614359170E+001
( 0.15478522559628771E+000,-0.69388939039072288E-018)
 0.62831853071795851E+000 -0.62831853071795851E+000
( 0.86369679483411108E-001, 0.23037127760972000E-016)
 0.62831853071795851E+000  0.00000000000000000E+000
( 0.55385926960275091E-001, 0.12476808580324250E-016)
 0.62831853071795851E+000  0.62831853071795851E+000
( 0.88093320973644348E-001,-0.12490009027033011E-016)
 0.62831853071795851E+000  0.12566370614359170E+001
( 0.15937696858319200E+000, 0.35388358909926865E-017)
 0.62831853071795851E+000  0.18849555921538754E+001
( 0.23014558563734158E+000, 0.19151347174783952E-016)
 0.62831853071795851E+000  0.25132741228718340E+001
( 0.26370047457493700E+000, 0.54123372450476383E-017)
 0.62831853071795851E+000  0.31415926535897927E+001
( 0.28611829597809874E+000,-0.23415434892797007E-016)
 0.12566370614359170E+001 -0.25132741228718340E+001
( 0.30493373311833788E+000,-0.11518563880486000E-016)
 0.12566370614359170E+001 -0.18849555921538754E+001
( 0.26687084163457231E+000,-0.20053403382291891E-016)
 0.12566370614359170E+001 -0.12566370614359170E+001
( 0.20761672230038833E+000,-0.27755575615628915E-017)
 0.12566370614359170E+001 -0.62831853071795851E+000
( 0.15493647545247796E+000,-0.80491169285323844E-017)
 0.12566370614359170E+001  0.00000000000000000E+000
( 0.14099686073351250E+000,-0.42757133270049612E-017)
 0.12566370614359170E+001  0.62831853071795851E+000
( 0.15408036856342419E+000, 0.48572257327350603E-017)
 0.12566370614359170E+001  0.12566370614359170E+001
( 0.20910778322013041E+000, 0.57662208341469071E-016)
 0.12566370614359170E+001  0.18849555921538754E+001
( 0.25693540457336544E+000,-0.81878948066105291E-017)
 0.12566370614359170E+001  0.25132741228718340E+001
( 0.30548022132369523E+000,-0.91593399531575419E-017)
 0.12566370614359170E+001  0.31415926535897927E+001
( 0.32266530453952863E+000,-0.21456844763218484E-016)
 0.18849555921538754E+001 -0.25132741228718340E+001
( 0.34370650797902147E+000, 0.12073675392798577E-016)
 0.18849555921538754E+001 -0.18849555921538754E+001
( 0.30454819141978795E+000,-0.14641066137244251E-016)
 0.18849555921538754E+001 -0.12566370614359170E+001
( 0.25508517049548746E+000,-0.30531133177191805E-017)
 0.18849555921538754E+001 -0.62831853071795851E+000
( 0.23505886488651812E+000,-0.18179902028236939E-016)
 0.18849555921538754E+001  0.00000000000000000E+000
( 0.21569636189763375E+000,-0.56946930490717256E-017)
 0.18849555921538754E+001  0.62831853071795851E+000
( 0.23454925516418598E+000, 0.81878948066105291E-017)
 0.18849555921538754E+001  0.12566370614359170E+001
( 0.25552027472455174E+000,-0.27755575615628914E-018)
 0.18849555921538754E+001  0.18849555921538754E+001
( 0.31511261099597276E+000, 0.20608514894604470E-016)
 0.18849555921538754E+001  0.25132741228718340E+001
( 0.34494554449925124E+000, 0.35943470422239441E-016)
 0.18849555921538754E+001  0.31415926535897927E+001
( 0.35629139423611422E+000,-0.40779205613771044E-017)
 0.25132741228718340E+001 -0.25132741228718340E+001
( 0.38670525230165487E+000, 0.32890357104520264E-016)
 0.25132741228718340E+001 -0.18849555921538754E+001
( 0.35939904914750537E+000, 0.93675067702747589E-017)
 0.25132741228718340E+001 -0.12566370614359170E+001
( 0.30966164535963769E+000, 0.27200464103316335E-016)
 0.25132741228718340E+001 -0.62831853071795851E+000
( 0.27506494295796052E+000,-0.34139358007223563E-016)
 0.25132741228718340E+001  0.00000000000000000E+000
( 0.25190508917190985E+000,-0.23261881730293249E-016)
 0.25132741228718340E+001  0.62831853071795851E+000
( 0.27754390134081403E+000, 0.17486012637846216E-016)
 0.25132741228718340E+001  0.12566370614359170E+001
( 0.31397704269754811E+000, 0.20469737016526325E-016)
 0.25132741228718340E+001  0.18849555921538754E+001
( 0.36447846171002662E+000, 0.36845526629747386E-016)
 0.25132741228718340E+001  0.25132741228718340E+001
( 0.37513674278331721E+000,-0.50931481254679055E-016)
 0.25132741228718340E+001  0.31415926535897927E+001
( 0.41616840212026762E+000, 0.62053452620813896E-017)
 0.31415926535897927E+001 -0.25132741228718340E+001
( 0.42754640515731529E+000,-0.55511151231257830E-017)
 0.31415926535897927E+001 -0.18849555921538754E+001
( 0.37002313424875222E+000,-0.15681900222830338E-016)
 0.31415926535897927E+001 -0.12566370614359170E+001
( 0.32024430682396526E+000,-0.22690183065776637E-016)
 0.31415926535897927E+001 -0.62831853071795851E+000
( 0.29201372909292717E+000, 0.15820678100908482E-016)
 0.31415926535897927E+001  0.00000000000000000E+000
( 0.28848502228737699E+000, 0.10160956869679364E-016)
 0.31415926535897927E+001  0.62831853071795851E+000
( 0.29201372909292717E+000,-0.31918911957973252E-017)
 0.31415926535897927E+001  0.12566370614359170E+001
( 0.32024430682396526E+000, 0.13877787807814458E-017)
 0.31415926535897927E+001  0.18849555921538754E+001
( 0.37002313424875222E+000,-0.19428902930940241E-017)
 0.31415926535897927E+001  0.25132741228718340E+001
( 0.42754640515731529E+000, 0.10963452368173421E-016)
 0.31415926535897927E+001  0.31415926535897927E+001
( 0.44165156712060738E+000,-0.82856206227203655E-017)
 0.10000000000000000E+001          1        100
( 0.00000000000000000E+000, 0.00000000000000000E+000)
-0.25132741228718340E+001 -0.25132741228718340E+001
( 0.38643842484012780E+000, 0.54990734188464784E-017)
-0.25132741228718340E+001 -0.18849555921538754E+001
( 0.35787325002160381E+000,-0.90335725011492237E-017)
-0.25132741228718340E+001 -0.12566370614359170E+001
( 0.29520920458013755E+000, 0.27074696651308017E-016)
-0.25132741228718340E+001 -0.62831853071795851E+000
( 0.27820020008656998E+000, 0.15959455978986626E-017)
-0.25132741228718340E+001  0.00000000000000000E+000
( 0.26963148223664152E+000,-0.11041508413328600E-016)
-0.25132741228718340E+001  0.62831853071795851E+000
( 0.27089882151645944E+000, 0.20330959138448180E-016)
-0.25132741228718340E+001  0.12566370614359170E+001
( 0.30977740930671915E+000,-0.39681799512969464E-017)
-0.25132741228718340E+001  0.18849555921538754E+001
( 0.34539057901932113E+000,-0.15868382996497844E-016)
-0.25132741228718340E+001  0.25132741228718340E+001
( 0.38845798043982022E+000,-0.75633943552588795E-017)
-0.25132741228718340E+001  0.31415926535897927E+001
( 0.39396825333340429E+000,-0.12533632507915177E-016)
-0.18849555921538754E+001 -0.25132741228718340E+001
( 0.34399657443739579E+000,-0.30669911055269949E-016)
-0.18849555921538754E+001 -0.18849555921538754E+001
( 0.30396755789336666E+000, 0.22594773274597912E-017)
-0.18849555921538754E+001 -0.12566370614359170E+001
( 0.25880418103073827E+000,-0.18617919705921082E-016)
-0.18849555921538754E+001 -0.62831853071795851E+000
( 0.23103005006767446E+000, 0.67827687910693160E-017)
-0.18849555921538754E+001  0.00000000000000000E+000
( 0.21153733086619744E+000,-0.14219355534148349E-016)
-0.18849555921538754E+001  0.62831853071795851E+000
( 0.23172964280190045E+000, 0.21354445989274496E-016)
-0.18849555921538754E+001  0.12566370614359170E+001
( 0.26223762021388936E+000,-0.11089219820181739E-016)
-0.18849555921538754E+001  0.18849555921538754E+001
( 0.31936901757999342E+000,-0.74289532858706760E-017)
-0.18849555921538754E+001  0.25132741228718340E+001
( 0.34424937957895146E+000,-0.25743296383495817E-016)
-0.18849555921538754E+001  0.31415926535897927E+001
( 0.36604439368426961E+000,-0.21629995381658995E-016)
-0.12566370614359170E+001 -0.25132741228718340E+001
( 0.29884194991285928E+000,-0.75980888247784149E-017)
-0.12566370614359170E+001 -0.18849555921538754E+001
( 0.26137067457566848E+000, 0.27729554763489263E-016)
-0.12566370614359170E+001 -0.12566370614359170E+001
( 0.20093738523504570E+000, 0.14606371667724716E-016)
-0.12566370614359170E+001 -0.62831853071795851E+000
( 0.16305247431155148E+000, 0.16514567491299203E-016)
-0.12566370614359170E+001  0.00000000000000000E+000
( 0.14575286871322646E+000,-0.10152465887522377E-016)
-0.12566370614359170E+001  0.62831853071795851E+000
( 0.15917191865265939E+000,-0.13791051634015617E-016)
-0.12566370614359170E+001  0.12566370614359170E+001
( 0.20535991215309857E+000, 0.70776717819853731E-017)
-0.12566370614359170E+001  0.18849555921538754E+001
( 0.26271806937427689E+000,-0.48138576458356401E-018)
-0.12566370614359170E+001  0.25132741228718340E+001
( 0.30882142219688391E+000,-0.24581031654591356E-016)
-0.12566370614359170E+001  0.31415926535897927E+001
( 0.32161053264054829E+000,-0.34822115350305480E-016)
-0.62831853071795851E+000 -0.25132741228718340E+001
( 0.27323608555559431E+000,-0.18561541192951837E-017)
-0.62831853071795851E+000 -0.18849555921538754E+001
( 0.21969613809768715E+000,-0.44408920985006263E-017)
-0.62831853071795851E+000 -0.12566370614359170E+001
( 0.15571047745519873E+000, 0.11553258350005535E-016)
-0.62831853071795851E+000 -0.62831853071795851E+000
( 0.85282558794823285E-001, 0.88644369622414848E-017)
-0.62831853071795851E+000  0.00000000000000000E+000
( 0.57735075157222066E-001, 0.44517324924095367E-017)
-0.62831853071795851E+000  0.62831853071795851E+000
( 0.86829585551224650E-001,-0.21337098754514728E-016)
-0.62831853071795851E+000  0.12566370614359170E+001
( 0.15882672413018173E+000,-0.10629518099047886E-016)
-0.62831853071795851E+000  0.18849555921538754E+001
( 0.22241186656984263E+000,-0.38103201149830568E-016)
-0.62831853071795851E+000  0.25132741228718340E+001
( 0.28013344497308945E+000,-0.10755285551056204E-016)
-0.62831853071795851E+000  0.31415926535897927E+001
( 0.28694601148869081E+000,-0.11866178375804474E-016)
 0.00000000000000000E+000 -0.25132741228718340E+001
( 0.25736387483281475E+000, 0.31277064271861834E-016)
 0.00000000000000000E+000 -0.18849555921538754E+001
( 0.21895919522736854E+000, 0.11197640037430290E-016)
 0.00000000000000000E+000 -0.12566370614359170E+001
( 0.13985456873224744E+000, 0.64965394175331428E-017)
 0.00000000000000000E+000 -0.62831853071795851E+000
( 0.56273451317740780E-001, 0.11917550279960665E-016)
 0.00000000000000000E+000  0.00000000000000000E+000
( 0.16291779587004030E-002, 0.00000000000000000E+000)
 0.00000000000000000E+000  0.62831853071795851E+000
( 0.56273451317740780E-001,-0.11917550279960665E-016)
 0.00000000000000000E+000  0.12566370614359170E+001
( 0.13985456873224744E+000,-0.64965394175331428E-017)
 0.00000000000000000E+000  0.18849555921538754E+001
( 0.21895919522736854E+000,-0.11197640037430290E-016)
 0.00000000000000000E+000  0.25132741228718340E+001
( 0.25736387483281475E+000,-0.31277064271861834E-016)
 0.00000000000000000E+000  0.31415926535897927E+001
( 0.27722067242082438E+000, 0.75529831296875884E-017)
 0.62831853071795851E+000 -0.25132741228718340E+001
( 0.28013344497308945E+000, 0.10755285551056204E-016)
 0.62831853071795851E+000 -0.18849555921538754E+001
( 0.22241186656984263E+000, 0.38103201149830568E-016)
 0.62831853071795851E+000 -0.12566370614359170E+001
( 0.15882672413018173E+000, 0.10629518099047886E-016)
 0.62831853071795851E+000 -0.62831853071795851E+000
( 0.86829585551224650E-001, 0.21337098754514728E-016)
 0.62831853071795851E+000  0.00000000000000000E+000
( 0.57735075157222066E-001,-0.44517324924095367E-017)
 0.62831853071795851E+000  0.62831853071795851E+000
( 0.85282558794823285E-001,-0.88644369622414848E-017)
 0.62831853071795851E+000  0.12566370614359170E+001
( 0.15571047745519873E+000,-0.11553258350005535E-016)
 0.62831853071795851E+000  0.18849555921538754E+001
( 0.21969613809768715E+000, 0.44408920985006263E-017)
 0.62831853071795851E+000  0.25132741228718340E+001
( 0.27323608555559431E+000, 0.18561541192951837E-017)
 0.62831853071795851E+000  0.31415926535897927E+001
( 0.28694601148869076E+000,-0.51959010970467661E-017)
 0.12566370614359170E+001 -0.25132741228718340E+001
( 0.30882142219688391E+000, 0.24581031654591356E-016)
 0.12566370614359170E+001 -0.18849555921538754E+001
( 0.26271806937427689E+000, 0.48138576458356401E-018)
 0.12566370614359170E+001 -0.12566370614359170E+001
( 0.20535991215309857E+000,-0.70776717819853731E-017)
 0.12566370614359170E+001 -0.62831853071795851E+000
( 0.15917191865265939E+000, 0.13791051634015617E-016)
 0.12566370614359170E+001  0.00000000000000000E+000
( 0.14575286871322646E+000, 0.10152465887522377E-016)
 0.12566370614359170E+001  0.62831853071795851E+000
( 0.16305247431155148E+000,-0.16514567491299203E-016)
 0.12566370614359170E+001  0.12566370614359170E+001
( 0.20093738523504570E+000,-0.14606371667724716E-016)
 0.12566370614359170E+001  0.18849555921538754E+001
( 0.26137067457566848E+000,-0.27729554763489263E-016)
 0.12566370614359170E+001  0.25132741228718340E+001
( 0.29884194991285928E+000, 0.75980888247784149E-017)
 0.12566370614359170E+001  0.31415926535897927E+001
( 0.32161053264054829E+000, 0.43035899542485398E-016)
 0.18849555921538754E+001 -0.25132741228718340E+001
( 0.34424937957895146E+000, 0.25743296383495817E-016)
 0.18849555921538754E+001 -0.18849555921538754E+001
( 0.31936901757999342E+000, 0.74289532858706760E-017)
 0.18849555921538754E+001 -0.12566370614359170E+001
( 0.26223762021388936E+000, 0.11089219820181739E-016)
 0.18849555921538754E+001 -0.62831853071795851E+000
( 0.23172964280190045E+000,-0.21354445989274496E-016)
 0.18849555921538754E+001  0.00000000000000000E+000
( 0.21153733086619744E+000, 0.14219355534148349E-016)
 0.18849555921538754E+001  0.62831853071795851E+000
( 0.23103005006767446E+000,-0.67827687910693160E-017)
 0.18849555921538754E+001  0.12566370614359170E+001
( 0.25880418103073827E+000, 0.18617919705921082E-016)
 0.18849555921538754E+001  0.18849555921538754E+001
( 0.30396755789336666E+000,-0.22594773274597912E-017)
 0.18849555921538754E+001  0.25132741228718340E+001
( 0.34399657443739579E+000, 0.30669911055269949E-016)
 0.18849555921538754E+001  0.31415926535897927E+001
( 0.36604439368426961E+000, 0.31944940650831256E-016)
 0.25132741228718340E+001 -0.25132741228718340E+001
( 0.38845798043982022E+000, 0.75633943552588795E-017)
 0.25132741228718340E+001 -0.18849555921538754E+001
( 0.34539057901932113E+000, 0.15868382996497844E-016)
 0.25132741228718340E+001 -0.12566370614359170E+001
( 0.30977740930671915E+000, 0.39681799512969464E-017)
 0.25132741228718340E+001 -0.62831853071795851E+000
( 0.27089882151645944E+000,-0.20330959138448180E-016)
 0.25132741228718340E+001  0.00000000000000000E+000
( 0.26963148223664152E+000, 0.11041508413328600E-016)
 0.25132741228718340E+001  0.62831853071795851E+000
( 0.27820020008656998E+000,-0.15959455978986626E-017)
 0.25132741228718340E+001  0.12566370614359170E+001
( 0.29520920458013755E+000,-0.27074696651308017E-016)
 0.25132741228718340E+001  0.18849555921538754E+001
( 0.35787325002160381E+000, 0.90335725011492237E-017)
 0.25132741228718340E+001  0.25132741228718340E+001
( 0.38643842484012780E+000,-0.54990734188464784E-017)
 0.25132741228718340E+001  0.31415926535897927E+001
( 0.39396825333340429E+000, 0.17414864888299753E-016)
 0.31415926535897927E+001 -0.25132741228718340E+001
( 0.41103168390773415E+000,-0.16930901125533637E-016)
 0.31415926535897927E+001 -0.18849555921538754E+001
( 0.36934640131936464E+000, 0.17360245185837897E-016)
 0.31415926535897927E+001 -0.12566370614359170E+001
( 0.33186888693700739E+000,-0.37036346212104835E-017)
 0.31415926535897927E+001 -0.62831853071795851E+000
( 0.28122107120853601E+000, 0.81532003370909938E-018)
 0.31415926535897927E+001  0.00000000000000000E+000
( 0.29342469604969340E+000,-0.10232431625934193E-018)
 0.31415926535897927E+001  0.62831853071795851E+000
( 0.28122107120853612E+000,-0.99399655173471054E-017)
 0.31415926535897927E+001  0.12566370614359170E+001
( 0.33186888693700739E+000, 0.13942839938163586E-016)
 0.31415926535897927E+001  0.18849555921538754E+001
( 0.36934640131936469E+000,-0.21211331302506410E-016)
 0.31415926535897927E+001  0.25132741228718340E+001
( 0.41103168390773415E+000, 0.24650420593630430E-016)
 0.31415926535897927E+001  0.31415926535897927E+001
( 0.39848867234494634E+000,-0.20729169285579934E-016)
 0.10000000000000000E+001          1        100
( 0.00000000000000000E+000, 0.00000000000000000E+000)
-0.25132741228718340E+001 -0.25132741228718340E+001
( 0.38060905563997560E+000, 0.35041414214731502E-016)
-0.25132741228718340E+001 -0.18849555921538754E+001
( 0.34115240302684546E+000, 0.25240226575462544E-016)
-0.25132741228718340E+001 -0.12566370614359170E+001
( 0.30311792333609228E+000, 0.26454533008646308E-016)
-0.25132741228718340E+001 -0.62831853071795851E+000
( 0.27534817421361607E+000, 0.30669911055269949E-016)
-0.25132741228718340E+001  0.00000000000000000E+000
( 0.26103107474410142E+000, 0.43240710926866188E-016)
-0.25132741228718340E+001  0.62831853071795851E+000
( 0.26316532122617370E+000, 0.30322966360074589E-016)
-0.25132741228718340E+001  0.12566370614359170E+001
( 0.30555613016699285E+000, 0.29455604622086185E-016)
-0.25132741228718340E+001  0.18849555921538754E+001
( 0.34747781783980286E+000, 0.79623807547335443E-017)
-0.25132741228718340E+001  0.25132741228718340E+001
( 0.37308451091466877E+000, 0.27547408798511698E-016)
-0.25132741228718340E+001  0.31415926535897927E+001
( 0.40588004816386525E+000, 0.26511075485300020E-016)
-0.18849555921538754E+001 -0.25132741228718340E+001
( 0.34475659597610564E+000, 0.37261860263981817E-016)
-0.18849555921538754E+001 -0.18849555921538754E+001
( 0.30688508779445078E+000, 0.49248799482981554E-016)
-0.18849555921538754E+001 -0.12566370614359170E+001
( 0.26816271430905053E+000, 0.57974458567144896E-016)
-0.18849555921538754E+001 -0.62831853071795851E+000
( 0.22652298093703685E+000, 0.37678193898216248E-016)
-0.18849555921538754E+001  0.00000000000000000E+000
( 0.21026036906931567E+000, 0.25664977601831855E-016)
-0.18849555921538754E+001  0.62831853071795851E+000
( 0.22092107400443162E+000, 0.33723024372989132E-016)
-0.18849555921538754E+001  0.12566370614359170E+001
( 0.25938896887011637E+000, 0.43888503942213221E-016)
-0.18849555921538754E+001  0.18849555921538754E+001
( 0.30980138881611907E+000, 0.43437475838459248E-016)
-0.18849555921538754E+001  0.25132741228718340E+001
( 0.33532115277216967E+000, 0.19567680809018383E-016)
-0.18849555921538754E+001  0.31415926535897927E+001
( 0.35717621917139142E+000, 0.39081599973757858E-016)
-0.12566370614359170E+001 -0.25132741228718340E+001
( 0.30431259850588049E+000, 0.39968028886505634E-016)
-0.12566370614359170E+001 -0.18849555921538754E+001
( 0.26266592764889124E+000, 0.40384362520740071E-016)
-0.12566370614359170E+001 -0.12566370614359170E+001
( 0.20097291518904697E+000, 0.39343528435153984E-016)
-0.12566370614359170E+001 -0.62831853071795851E+000
( 0.15744281021310155E+000, 0.40037417825544711E-016)
-0.12566370614359170E+001  0.00000000000000000E+000
( 0.14083695967894255E+000, 0.42783981870350139E-016)
-0.12566370614359170E+001  0.62831853071795851E+000
( 0.16045886438849175E+000, 0.44964032497318843E-016)
-0.12566370614359170E+001  0.12566370614359170E+001
( 0.20493172028684289E+000, 0.27963742432746132E-016)
-0.12566370614359170E+001  0.18849555921538754E+001
( 0.25886889096963295E+000, 0.42691544743789222E-016)
-0.12566370614359170E+001  0.25132741228718340E+001
( 0.29292052728271112E+000, 0.86042284408449631E-017)
-0.12566370614359170E+001  0.31415926535897927E+001
( 0.32486111682390684E+000, 0.29567551472294288E-016)
-0.62831853071795851E+000 -0.25132741228718340E+001
( 0.26100601108666560E+000, 0.12143064331837650E-016)
-0.62831853071795851E+000 -0.18849555921538754E+001
( 0.21862458577540453E+000, 0.35249581031848721E-016)
-0.62831853071795851E+000 -0.12566370614359170E+001
( 0.15074996235706789E+000, 0.49613091412936685E-016)
-0.62831853071795851E+000 -0.62831853071795851E+000
( 0.84195631226478357E-001, 0.47184478546569156E-017)
-0.62831853071795851E+000  0.00000000000000000E+000
( 0.56881620038617985E-001, 0.15280063346974633E-016)
-0.62831853071795851E+000  0.62831853071795851E+000
( 0.82119539168542824E-001, 0.11102230246251566E-016)
-0.62831853071795851E+000  0.12566370614359170E+001
( 0.15193216354783384E+000, 0.22551405187698493E-017)
-0.62831853071795851E+000  0.18849555921538754E+001
( 0.22107760107682758E+000, 0.21788126858268698E-016)
-0.62831853071795851E+000  0.25132741228718340E+001
( 0.26098647031401301E+000, 0.97838404045091915E-017)
-0.62831853071795851E+000  0.31415926535897927E+001
( 0.29096380083572848E+000, 0.21163103717037583E-016)
 0.00000000000000000E+000 -0.25132741228718340E+001
( 0.25761676432692843E+000, 0.71470607210244454E-017)
 0.00000000000000000E+000 -0.18849555921538754E+001
( 0.20755474627159362E+000, 0.22690183065776637E-016)
 0.00000000000000000E+000 -0.12566370614359170E+001
( 0.13810909675175995E+000, 0.11952244749480202E-016)
 0.00000000000000000E+000 -0.62831853071795851E+000
( 0.52342112322718480E-001,-0.13877787807814457E-018)
 0.00000000000000000E+000  0.00000000000000000E+000
( 0.85429973787595867E-003, 0.00000000000000000E+000)
 0.00000000000000000E+000  0.62831853071795851E+000
( 0.52342112322718480E-001, 0.13877787807814457E-018)
 0.00000000000000000E+000  0.12566370614359170E+001
( 0.13810909675175995E+000,-0.11952244749480202E-016)
 0.00000000000000000E+000  0.18849555921538754E+001
( 0.20755474627159362E+000,-0.22690183065776637E-016)
 0.00000000000000000E+000  0.25132741228718340E+001
( 0.25761676432692843E+000,-0.71470607210244454E-017)
 0.00000000000000000E+000  0.31415926535897927E+001
( 0.26839140121217980E+000,-0.98435207439081044E-018)
 0.62831853071795851E+000 -0.25132741228718340E+001
( 0.26098647031401301E+000,-0.97838404045091915E-017)
 0.62831853071795851E+000 -0.18849555921538754E+001
( 0.22107760107682758E+000,-0.21788126858268698E-016)
 0.62831853071795851E+000 -0.12566370614359170E+001
( 0.15193216354783384E+000,-0.22551405187698493E-017)
 0.62831853071795851E+000 -0.62831853071795851E+000
( 0.82119539168542824E-001,-0.11102230246251566E-016)
 0.62831853071795851E+000  0.00000000000000000E+000
( 0.56881620038617985E-001,-0.15280063346974633E-016)
 0.62831853071795851E+000  0.62831853071795851E+000
( 0.84195631226478357E-001,-0.47184478546569156E-017)
 0.62831853071795851E+000  0.12566370614359170E+001
( 0.15074996235706789E+000,-0.49613091412936685E-016)
 0.62831853071795851E+000  0.18849555921538754E+001
( 0.21862458577540453E+000,-0.35249581031848721E-016)
 0.62831853071795851E+000  0.25132741228718340E+001
( 0.26100601108666560E+000,-0.12143064331837650E-016)
 0.62831853071795851E+000  0.31415926535897927E+001
( 0.29096380083572848E+000,-0.33991305477945242E-017)
 0.12566370614359170E+001 -0.25132741228718340E+001
( 0.29292052728271112E+000,-0.86042284408449631E-017)
 0.12566370614359170E+001 -0.18849555921538754E+001
( 0.25886889096963295E+000,-0.42691544743789222E-016)
 0.12566370614359170E+001 -0.12566370614359170E+001
( 0.20493172028684289E+000,-0.27963742432746132E-016)
 0.12566370614359170E+001 -0.62831853071795851E+000
( 0.16045886438849175E+000,-0.44964032497318843E-016)
 0.12566370614359170E+001  0.00000000000000000E+000
( 0.14083695967894255E+000,-0.42783981870350139E-016)
 0.12566370614359170E+001  0.62831853071795851E+000
( 0.15744281021310155E+000,-0.40037417825544711E-016)
 0.12566370614359170E+001  0.12566370614359170E+001
( 0.20097291518904697E+000,-0.39343528435153984E-016)
 0.12566370614359170E+001  0.18849555921538754E+001
( 0.26266592764889124E+000,-0.40384362520740071E-016)
 0.12566370614359170E+001  0.25132741228718340E+001
( 0.30431259850588049E+000,-0.39968028886505634E-016)
 0.12566370614359170E+001  0.31415926535897927E+001
( 0.32486111682390684E+000,-0.12915337401202101E-016)
 0.18849555921538754E+001 -0.25132741228718340E+001
( 0.33532115277216967E+000,-0.19567680809018383E-016)
 0.18849555921538754E+001 -0.18849555921538754E+001
( 0.30980138881611907E+000,-0.43437475838459248E-016)
 0.18849555921538754E+001 -0.12566370614359170E+001
( 0.25938896887011637E+000,-0.43888503942213221E-016)
 0.18849555921538754E+001 -0.62831853071795851E+000
( 0.22092107400443162E+000,-0.33723024372989132E-016)
 0.18849555921538754E+001  0.00000000000000000E+000
( 0.21026036906931567E+000,-0.25664977601831855E-016)
 0.18849555921538754E+001  0.62831853071795851E+000
( 0.22652298093703685E+000,-0.37678193898216248E-016)
 0.18849555921538754E+001  0.12566370614359170E+001
( 0.26816271430905053E+000,-0.57974458567144896E-016)
 0.18849555921538754E+001  0.18849555921538754E+001
( 0.30688508779445078E+000,-0.49248799482981554E-016)
 0.18849555921538754E+001  0.25132741228718340E+001
( 0.34475659597610564E+000,-0.37261860263981817E-016)
 0.18849555921538754E+001  0.31415926535897927E+001
( 0.35717621917139142E+000,-0.42229207416225904E-016)
 0.25132741228718340E+001 -0.25132741228718340E+001
( 0.37308451091466877E+000,-0.27547408798511698E-016)
 0.25132741228718340E+001 -0.18849555921538754E+001
( 0.34747781783980286E+000,-0.79623807547335443E-017)
 0.25132741228718340E+001 -0.12566370614359170E+001
( 0.30555613016699285E+000,-0.29455604622086185E-016)
 0.25132741228718340E+001 -0.62831853071795851E+000
( 0.26316532122617370E+000,-0.30322966360074589E-016)
 0.25132741228718340E+001  0.00000000000000000E+000
( 0.26103107474410142E+000,-0.43240710926866188E-016)
 0.25132741228718340E+001  0.62831853071795851E+000
( 0.27534817421361607E+000,-0.30669911055269949E-016)
 0.25132741228718340E+001  0.12566370614359170E+001
( 0.30311792333609228E+000,-0.26454533008646308E-016)
 0.25132741228718340E+001  0.18849555921538754E+001
( 0.34115240302684546E+000,-0.25240226575462544E-016)
 0.25132741228718340E+001  0.25132741228718340E+001
( 0.38060905563997560E+000,-0.35041414214731502E-016)
 0.25132741228718340E+001  0.31415926535897927E+001
( 0.40588004816386530E+000,-0.23294079103792903E-016)
 0.31415926535897927E+001 -0.25132741228718340E+001
( 0.40249323087327676E+000, 0.12975731600306518E-016)
 0.31415926535897927E+001 -0.18849555921538754E+001
( 0.36402478780095143E+000, 0.25673907444456746E-016)
 0.31415926535897927E+001 -0.12566370614359170E+001
( 0.32226836483525867E+000, 0.83266726846886737E-018)
 0.31415926535897927E+001 -0.62831853071795851E+000
( 0.28997043982719456E+000, 0.26367796834847468E-017)
 0.31415926535897927E+001  0.00000000000000000E+000
( 0.28032012556901714E+000, 0.23919611392756237E-017)
 0.31415926535897927E+001  0.62831853071795851E+000
( 0.28997043982719456E+000,-0.67307270867900113E-017)
 0.31415926535897927E+001  0.12566370614359170E+001
( 0.32226836483525867E+000,-0.32439329000766295E-017)
 0.31415926535897927E+001  0.18849555921538754E+001
( 0.36402478780095143E+000,-0.26905561112400278E-016)
 0.31415926535897927E+001  0.25132741228718340E+001
( 0.40249323087327676E+000,-0.18179902028236939E-016)
 0.31415926535897927E+001  0.31415926535897927E+001
( 0.39450519797546002E+000,-0.17444875160056470E-016)
