          31           9   6.0000000000000000                1
     0.0000000        1.09201816        0.02372613
     0.1000000        0.73100728        0.01481560
     0.2000000        0.50860531        0.01026039
     0.3000000        0.35409792        0.00856492
     0.4000000        0.25810800        0.00525909
     0.5000000        0.19759966        0.00408311
     0.6000000        0.15058237        0.00753491
     0.7000000        0.13096920        0.00339948
     0.8000000        0.10147519        0.00489752
     0.9000000        0.07462979        0.00701774
     1.0000000        0.05387839        0.00953504
     1.1000000        0.04900751        0.00594507
     1.2000000        0.04067161        0.00545835
     1.3000000        0.03770465        0.00588747
     1.4000000        0.03186762        0.00609937
     1.5000000        0.03294660        0.00715993
     1.6000000        0.03253443        0.00724318
     1.7000000        0.02338382        0.00451215
     1.8000000        0.02771696        0.00568071
     1.9000000        0.01591225        0.00744983
     2.0000000        0.01325407        0.00554452
     2.1000000        0.00992387        0.00591827
     2.2000000        0.01145258        0.00708871
     2.3000000        0.00332970        0.00594891
     2.4000000       -0.01232803        0.00752220
     2.5000000       -0.00801688        0.00736261
     2.6000000        0.00913052        0.00353282
     2.7000000        0.01470930        0.00757524
     2.8000000        0.00708828        0.00761955
     2.9000000       -0.00095275        0.00642888
     3.0000000        0.00071616        0.00430959
