          51           9   10.000000000000000                1
     0.0000000        0.27811591        0.01156954
     0.1000000        0.16206266        0.00718741
     0.2000000        0.09637468        0.00216028
     0.3000000        0.06158585        0.00444221
     0.4000000        0.03697510        0.00326297
     0.5000000        0.02467187        0.00334185
     0.6000000        0.01672590        0.00472954
     0.7000000        0.01238044        0.00438778
     0.8000000        0.01004161        0.00517705
     0.9000000        0.00700224        0.00679076
     1.0000000        0.00245518        0.00551791
     1.1000000        0.00233094        0.00277281
     1.2000000        0.00926353        0.00409022
     1.3000000        0.00520631        0.00298899
     1.4000000        0.00782421        0.00342276
     1.5000000        0.00650388        0.00358192
     1.6000000        0.00306875        0.00292353
     1.7000000       -0.00107183        0.00329518
     1.8000000        0.00219394        0.00346265
     1.9000000        0.00059138        0.00245530
     2.0000000       -0.00245746        0.00218743
     2.1000000       -0.00210180        0.00240799
     2.2000000       -0.00094247        0.00270195
     2.3000000       -0.00191442        0.00376062
     2.4000000        0.00079522        0.00218021
     2.5000000        0.00155997        0.00270840
     2.6000000       -0.00187372        0.00308505
     2.7000000       -0.00054172        0.00317422
     2.8000000        0.00096319        0.00333236
     2.9000000        0.00036825        0.00288955
     3.0000000        0.00599459        0.00288836
     3.1000000        0.00583329        0.00139364
     3.2000000        0.00487723        0.00293304
     3.3000000        0.00336863        0.00300789
     3.4000000       -0.00013011        0.00300214
     3.5000000        0.00153606        0.00287862
     3.6000000        0.00102721        0.00258290
     3.7000000       -0.00151687        0.00301597
     3.8000000       -0.00043032        0.00418945
     3.9000000        0.00047581        0.00381308
     4.0000000       -0.00363450        0.00269170
     4.1000000        0.00164445        0.00243853
     4.2000000       -0.00028529        0.00211019
     4.3000000       -0.00177814        0.00287063
     4.4000000       -0.00001414        0.00350148
     4.5000000        0.00250482        0.00405593
     4.6000000        0.00074378        0.00444398
     4.7000000       -0.00055837        0.00296310
     4.8000000        0.00437607        0.00365855
     4.9000000        0.00918781        0.00280546
     5.0000000        0.00635076        0.00414911
