          41           4   8.0000000000000000                1
     0.0000000        0.55249504        0.03083046
     0.1000000        0.46162055        0.02993132
     0.2000000        0.39076501        0.02819675
     0.3000000        0.33485904        0.02722647
     0.4000000        0.28783901        0.02530559
     0.5000000        0.24809638        0.02324551
     0.6000000        0.21650518        0.02218737
     0.7000000        0.19153296        0.02139063
     0.8000000        0.17182603        0.02145074
     0.9000000        0.15288843        0.02054766
     1.0000000        0.13383761        0.01807593
     1.1000000        0.11650444        0.01624023
     1.2000000        0.10257219        0.01631428
     1.3000000        0.09291739        0.01647808
     1.4000000        0.08507572        0.01496797
     1.5000000        0.07813442        0.01289917
     1.6000000        0.07154834        0.01113748
     1.7000000        0.06519541        0.00992011
     1.8000000        0.05998797        0.00917258
     1.9000000        0.05553275        0.00839091
     2.0000000        0.05118705        0.00738803
     2.1000000        0.04665440        0.00673548
     2.2000000        0.04154555        0.00558285
     2.3000000        0.03594315        0.00520105
     2.4000000        0.03132162        0.00560088
     2.5000000        0.02807967        0.00509843
     2.6000000        0.02573841        0.00534834
     2.7000000        0.02384601        0.00722743
     2.8000000        0.02310684        0.00895027
     2.9000000        0.02252368        0.00953833
     3.0000000        0.02074775        0.00947703
     3.1000000        0.01900145        0.00891988
     3.2000000        0.01597157        0.00887484
     3.3000000        0.01219265        0.00898012
     3.4000000        0.01127607        0.00883269
     3.5000000        0.01251605        0.00713647
     3.6000000        0.01252148        0.00507974
     3.7000000        0.01185106        0.00310170
     3.8000000        0.01052327        0.00158410
     3.9000000        0.00912646        0.00069822
     4.0000000        0.00870159        0.00073849
