          26           4   5.0000000000000000                1
     0.0000000        1.66403905        0.33900945
     0.1000000        1.36474046        0.32803231
     0.2000000        1.14598931        0.29035345
     0.3000000        0.99977751        0.23557532
     0.4000000        0.89892054        0.19136630
     0.5000000        0.82459392        0.17312054
     0.6000000        0.79153701        0.16079911
     0.7000000        0.77731873        0.16207149
     0.8000000        0.76021718        0.16658919
     0.9000000        0.73824600        0.16293170
     1.0000000        0.69467284        0.16246480
     1.1000000        0.64942994        0.16693427
     1.2000000        0.61175482        0.16580720
     1.3000000        0.58814695        0.15240143
     1.4000000        0.60003545        0.16840294
     1.5000000        0.61236614        0.21230888
     1.6000000        0.58646543        0.23063867
     1.7000000        0.54940838        0.23721058
     1.8000000        0.52255092        0.26225056
     1.9000000        0.50301474        0.29664450
     2.0000000        0.48913547        0.30841993
     2.1000000        0.45999069        0.28840632
     2.2000000        0.41332357        0.25718607
     2.3000000        0.38226723        0.22177021
     2.4000000        0.35896719        0.19177111
     2.5000000        0.34106899        0.18043691
