          51           4   10.000000000000000                1
     0.0000000        1.22013240        0.04374236
     0.1000000        0.92511426        0.03341621
     0.2000000        0.68897844        0.01863939
     0.3000000        0.54292659        0.03637290
     0.4000000        0.42229985        0.01871403
     0.5000000        0.23980931        0.01766122
     0.6000000        0.19537327        0.05344004
     0.7000000        0.15262368        0.05354402
     0.8000000        0.08280534        0.01040083
     0.9000000        0.03465931        0.01609513
     1.0000000        0.03498506        0.05159876
     1.1000000        0.03830170        0.11301986
     1.2000000        0.14920300        0.20187620
     1.3000000        0.03193903        0.09900194
     1.4000000       -0.05748452        0.04535982
     1.5000000       -0.03748978        0.02709413
     1.6000000       -0.00367768        0.01828290
     1.7000000        0.03468410        0.04736788
     1.8000000        0.11219523        0.11561784
     1.9000000        0.05257968        0.04557560
     2.0000000       -0.02036095        0.02463861
     2.1000000       -0.07657943        0.08607219
     2.2000000       -0.08782826        0.08439826
     2.3000000       -0.00296676        0.00468455
     2.4000000       -0.06015491        0.06605801
     2.5000000       -0.01021150        0.00550843
     2.6000000       -0.12912273        0.13878042
     2.7000000       -0.01085325        0.00748334
     2.8000000       -0.14054629        0.15998132
     2.9000000       -0.04161322        0.04186904
     3.0000000       -0.12233877        0.13344033
     3.1000000       -0.06712706        0.07714345
     3.2000000       -0.01669610        0.02605538
     3.3000000       -0.02377643        0.00993282
     3.4000000        0.25710325        0.30900126
     3.5000000        0.18080476        0.21346122
     3.6000000        0.29021920        0.35089594
     3.7000000       -0.06647976        0.08262119
     3.8000000       -0.06054272        0.08447333
     3.9000000        0.02161701        0.01987372
     4.0000000        0.17044254        0.18956887
     4.1000000       -0.73541142        0.85187857
     4.2000000       -0.28560627        0.33323295
     4.3000000       -0.18654396        0.21687814
     4.4000000        0.00508598        0.00441658
     4.5000000        0.03729471        0.04163383
     4.6000000       -0.04649811        0.05568228
     4.7000000        0.06468327        0.06938022
     4.8000000       -0.05820101        0.06700903
     4.9000000       -0.04131661        0.04255782
     5.0000000       -0.19117839        0.21072465
