          41           4   8.0000000000000000                1
     0.0000000        0.02386760        0.04463597
     0.1000000        0.02903114        0.01067203
     0.2000000        0.00522246        0.01068637
     0.3000000       -0.00779585        0.01933803
     0.4000000        0.01426211        0.01293634
     0.5000000        0.02680111        0.01443082
     0.6000000        0.02034529        0.00982363
     0.7000000        0.01787818        0.01344634
     0.8000000        0.05383429        0.03661506
     0.9000000        0.03137417        0.00859557
     1.0000000        0.04640374        0.03090433
     1.1000000        0.02596585        0.00942946
     1.2000000        0.02182006        0.00836175
     1.3000000        0.02080309        0.00373903
     1.4000000        0.01528173        0.00310433
     1.5000000       -0.00510953        0.01781830
     1.6000000        0.01670702        0.00693415
     1.7000000        0.01352017        0.01924514
     1.8000000       -0.00360739        0.01061133
     1.9000000        0.00324606        0.00798001
     2.0000000        0.00718353        0.01586440
     2.1000000        0.00560898        0.01218916
     2.2000000        0.00285837        0.02375028
     2.3000000       -0.01741774        0.01030623
     2.4000000       -0.00124864        0.01822734
     2.5000000        0.00493556        0.01087874
     2.6000000       -0.00610534        0.00902212
     2.7000000       -0.00956155        0.01377078
     2.8000000       -0.01558337        0.00804533
     2.9000000       -0.03387408        0.02474128
     3.0000000       -0.02679890        0.02403614
     3.1000000       -0.02607506        0.02775562
     3.2000000       -0.02962121        0.01940179
     3.3000000       -0.00176575        0.00999214
     3.4000000       -0.00026966        0.00833436
     3.5000000        0.00600476        0.01220220
     3.6000000        0.00384500        0.00630911
     3.7000000        0.03551149        0.05393217
     3.8000000        0.01894897        0.04266410
     3.9000000        0.01441603        0.02080798
     4.0000000        0.03387596        0.04173667
