           9           4   2.0000000000000000                1
     0.0000000        0.82369259        0.00614657
     0.1250000        0.67330900        0.00646470
     0.2500000        0.56194085        0.01049552
     0.3750000        0.49858458        0.01241359
     0.5000000        0.44589097        0.01152703
     0.6250000        0.38931234        0.02024809
     0.7500000        0.38469612        0.02093183
     0.8750000        0.37079824        0.02183553
     1.0000000        0.37867457        0.01394263
