          31           4   6.0000000000000000                1
     0.0000000        0.66168086        0.02286234
     0.1000000        0.48635295        0.01542772
     0.2000000        0.38623675        0.01352678
     0.3000000        0.30953025        0.00674924
     0.4000000        0.24156271        0.00871416
     0.5000000        0.20196382        0.00489123
     0.6000000        0.17065174        0.00403132
     0.7000000        0.15416447        0.01069226
     0.8000000        0.13033012        0.01563056
     0.9000000        0.11273003        0.01045326
     1.0000000        0.10100534        0.01386011
     1.1000000        0.08631117        0.00988418
     1.2000000        0.08833096        0.00425436
     1.3000000        0.07364589        0.00361516
     1.4000000        0.05028984        0.00746484
     1.5000000        0.04556964        0.00965588
     1.6000000        0.02874189        0.01491769
     1.7000000        0.02707693        0.00714858
     1.8000000        0.02658503        0.01136482
     1.9000000        0.01730802        0.01204513
     2.0000000        0.02233965        0.00435421
     2.1000000        0.02026150        0.00781019
     2.2000000        0.02292658        0.00957208
     2.3000000        0.02763297        0.01128136
     2.4000000        0.01659752        0.01057446
     2.5000000        0.02592215        0.01027354
     2.6000000        0.01743702        0.01316965
     2.7000000        0.01236599        0.00939896
     2.8000000        0.01061296        0.00925838
     2.9000000        0.00071189        0.01654281
     3.0000000       -0.00449566        0.01360641
