          11           4   2.0000000000000000                1
     0.0000000        0.87323093        0.02154229
     0.1000000        0.71793368        0.02098256
     0.2000000        0.61203578        0.01986575
     0.3000000        0.53874585        0.01888467
     0.4000000        0.48702255        0.01897787
     0.5000000        0.44865071        0.02014181
     0.6000000        0.42077079        0.02136303
     0.7000000        0.40157111        0.02107257
     0.8000000        0.38888603        0.01933754
     0.9000000        0.38181078        0.01787127
     1.0000000        0.37962010        0.01742241
