          81           9   8.0000000000000000                1
     0.0000000        1.03691850        0.00046155
     0.1000000        0.82518555        0.00169604
     0.2000000        0.67179885        0.00167826
     0.3000000        0.55760179        0.00204364
     0.4000000        0.46885628        0.00182026
     0.5000000        0.40011484        0.00177995
     0.6000000        0.34391688        0.00168673
     0.7000000        0.29932712        0.00177722
     0.8000000        0.26278888        0.00240762
     0.9000000        0.23196085        0.00236319
     1.0000000        0.20501194        0.00260915
     1.1000000        0.18231319        0.00293623
     1.2000000        0.16350811        0.00247415
     1.3000000        0.14637552        0.00261606
     1.4000000        0.13155983        0.00210374
     1.5000000        0.11972725        0.00201132
     1.6000000        0.10923189        0.00178720
     1.7000000        0.09983990        0.00165372
     1.8000000        0.09274706        0.00150420
     1.9000000        0.08428530        0.00166931
     2.0000000        0.07720013        0.00168373
     2.1000000        0.07008722        0.00178982
     2.2000000        0.06571633        0.00163733
     2.3000000        0.06073886        0.00172322
     2.4000000        0.05624622        0.00144759
     2.5000000        0.05175737        0.00125004
     2.6000000        0.04892099        0.00138131
     2.7000000        0.04528393        0.00127250
     2.8000000        0.04277682        0.00119046
     2.9000000        0.04030275        0.00115735
     3.0000000        0.03925406        0.00087163
     3.1000000        0.03715196        0.00135584
     3.2000000        0.03520595        0.00144733
     3.3000000        0.03405340        0.00186963
     3.4000000        0.03182917        0.00192129
     3.5000000        0.02953913        0.00178789
     3.6000000        0.02888291        0.00161454
     3.7000000        0.02959359        0.00125354
     3.8000000        0.02910347        0.00155387
     3.9000000        0.02907303        0.00098405
     4.0000000        0.02853754        0.00115839
     4.1000000        0.02994263        0.00108145
     4.2000000        0.02977488        0.00119050
     4.3000000        0.02942244        0.00109460
     4.4000000        0.03012005        0.00129861
     4.5000000        0.03239189        0.00133427
     4.6000000        0.03185596        0.00178999
     4.7000000        0.03264224        0.00182316
     4.8000000        0.03320692        0.00160313
     4.9000000        0.03436156        0.00195558
     5.0000000        0.03715438        0.00116789
     5.1000000        0.03924446        0.00155686
     5.2000000        0.04194122        0.00175056
     5.3000000        0.04381709        0.00128710
     5.4000000        0.04679743        0.00141446
     5.5000000        0.04999228        0.00077754
     5.6000000        0.05146093        0.00069502
     5.7000000        0.05586797        0.00102363
     5.8000000        0.05915730        0.00135957
     5.9000000        0.06365056        0.00136286
     6.0000000        0.07063484        0.00213835
     6.1000000        0.07718004        0.00175848
     6.2000000        0.08503695        0.00164126
     6.3000000        0.09399917        0.00189591
     6.4000000        0.10354909        0.00170511
     6.5000000        0.11503579        0.00186947
     6.6000000        0.12612994        0.00136229
     6.7000000        0.14134188        0.00137761
     6.8000000        0.15530696        0.00185018
     6.9000000        0.17142067        0.00216982
     7.0000000        0.19262579        0.00225164
     7.1000000        0.21780127        0.00191945
     7.2000000        0.24674870        0.00274655
     7.3000000        0.28469419        0.00301940
     7.4000000        0.32724711        0.00319489
     7.5000000        0.38011951        0.00224384
     7.6000000        0.44533872        0.00167958
     7.7000000        0.52639619        0.00189226
     7.8000000        0.63270138        0.00073476
     7.9000000        0.77135134        0.00118892
     8.0000000        0.96308150        0.00046155
