         2 ( 0.31088669225567823E+002, 0.00000000000000000E+000)  0.10000000000000000E+001
         2 ( 0.31163588271135918E+002, 0.00000000000000000E+000)  0.10000000000000000E+001
         2 ( 0.31082794711245064E+002, 0.00000000000000000E+000)  0.10000000000000000E+001
         2 ( 0.31029026085532546E+002, 0.00000000000000000E+000)  0.10000000000000000E+001
         2 ( 0.30999770263034677E+002, 0.00000000000000000E+000)  0.10000000000000000E+001
         2 ( 0.31037365149082326E+002, 0.00000000000000000E+000)  0.10000000000000000E+001
         2 ( 0.31007491588904674E+002, 0.00000000000000000E+000)  0.10000000000000000E+001
         2 ( 0.30957888188124016E+002, 0.00000000000000000E+000)  0.10000000000000000E+001
         2 ( 0.30997219582672706E+002, 0.00000000000000000E+000)  0.10000000000000000E+001
         2 ( 0.31026494077940008E+002, 0.00000000000000000E+000)  0.10000000000000000E+001
