          41           9   8.0000000000000000                1
     0.0000000        0.76721422        0.01996965
     0.1000000        0.53854094        0.01868375
     0.2000000        0.40637335        0.01886506
     0.3000000        0.30786123        0.01139148
     0.4000000        0.24177843        0.00884437
     0.5000000        0.20212154        0.01329748
     0.6000000        0.16883753        0.00829475
     0.7000000        0.14166449        0.01276310
     0.8000000        0.10943887        0.00592698
     0.9000000        0.09701365        0.01086561
     1.0000000        0.07650133        0.01001179
     1.1000000        0.06530694        0.01262138
     1.2000000        0.05414404        0.01248534
     1.3000000        0.04905472        0.01556369
     1.4000000        0.03880712        0.01566479
     1.5000000        0.04414966        0.01355095
     1.6000000        0.01878301        0.00774138
     1.7000000        0.02555630        0.01472478
     1.8000000        0.03619402        0.01393236
     1.9000000        0.01801359        0.01202634
     2.0000000        0.01068070        0.01130613
     2.1000000        0.02331456        0.01237099
     2.2000000        0.01404055        0.01374535
     2.3000000        0.00787438        0.01380634
     2.4000000        0.02122699        0.01305124
     2.5000000        0.02094984        0.01826284
     2.6000000        0.02268278        0.01802895
     2.7000000        0.02391922        0.01511753
     2.8000000        0.02314754        0.01657406
     2.9000000        0.02021039        0.01229489
     3.0000000        0.02100066        0.01743597
     3.1000000        0.01451701        0.01499980
     3.2000000        0.01965259        0.01711828
     3.3000000        0.00424920        0.00864715
     3.4000000       -0.01133534        0.01158395
     3.5000000       -0.00813737        0.01002554
     3.6000000       -0.01209271        0.01382585
     3.7000000       -0.01524907        0.01645495
     3.8000000       -0.00999789        0.01561112
     3.9000000       -0.01005514        0.01356157
     4.0000000       -0.01093107        0.01195663
