          11           4   2.0000000000000000                1
     0.0000000        1.21771790        0.05429339
     0.1000000        1.13802394        0.06905835
     0.2000000        1.03677913        0.05268346
     0.3000000        0.99449311        0.07007879
     0.4000000        1.00959605        0.20001964
     0.5000000        0.85798096        0.10596233
     0.6000000        0.82438274        0.12689847
     0.7000000        0.73892036        0.13525199
     0.8000000        0.65560373        0.10528138
     0.9000000        0.66459015        0.10649021
     1.0000000        0.75850960        0.14448339
