          21           4   2.0000000000000000                1
     0.0000000        0.63627260        0.00884881
     0.1000000        0.59280832        0.01115354
     0.2000000        0.56813569        0.00882111
     0.3000000        0.55943540        0.00427503
     0.4000000        0.55628811        0.00992907
     0.5000000        0.55639218        0.00717654
     0.6000000        0.56102883        0.00439553
     0.7000000        0.56581857        0.00565998
     0.8000000        0.58273040        0.00798305
     0.9000000        0.60180996        0.01288621
     1.0000000        0.63392186        0.00867978
     1.1000000        0.66154583        0.00875147
     1.2000000        0.68784769        0.01178255
     1.3000000        0.72454252        0.00970577
     1.4000000        0.78147680        0.01380629
     1.5000000        0.83691385        0.01170264
     1.6000000        0.91697142        0.01234504
     1.7000000        0.99915451        0.00898901
     1.8000000        1.08998856        0.00815678
     1.9000000        1.21736478        0.00673670
     2.0000000        1.36372740        0.00884881
