          31           9   6.0000000000000000                1
     0.0000000        0.29612178        0.01470866
     0.1000000        0.18858353        0.01407511
     0.2000000        0.12353224        0.01310360
     0.3000000        0.08404915        0.01251210
     0.4000000        0.05879100        0.01158218
     0.5000000        0.04125177        0.01046900
     0.6000000        0.02943452        0.00963667
     0.7000000        0.02259887        0.00928778
     0.8000000        0.01988718        0.00917754
     0.9000000        0.01825948        0.00891686
     1.0000000        0.01489070        0.00953866
     1.1000000        0.01228962        0.01025364
     1.2000000        0.01194374        0.00969599
     1.3000000        0.01059347        0.00780987
     1.4000000        0.00844677        0.00559142
     1.5000000        0.00644833        0.00412391
     1.6000000        0.00446384        0.00295738
     1.7000000        0.00293363        0.00255500
     1.8000000        0.00158488        0.00332984
     1.9000000        0.00072349        0.00460367
     2.0000000        0.00044958        0.00518020
     2.1000000        0.00004716        0.00490723
     2.2000000       -0.00061158        0.00483322
     2.3000000       -0.00133466        0.00431673
     2.4000000       -0.00327385        0.00339574
     2.5000000       -0.00562783        0.00253328
     2.6000000       -0.00810046        0.00207660
     2.7000000       -0.01042758        0.00263335
     2.8000000       -0.01166266        0.00349672
     2.9000000       -0.01185979        0.00410970
     3.0000000       -0.01162043        0.00449700
