          51           4   10.000000000000000                1
     0.0000000        0.29842667        0.04805064
     0.1000000        0.17760881        0.03227908
     0.2000000        0.11684097        0.02396994
     0.3000000        0.06942744        0.02097826
     0.4000000        0.04958060        0.01512538
     0.5000000        0.03551782        0.01365213
     0.6000000        0.01031300        0.01599433
     0.7000000        0.01286346        0.01506501
     0.8000000        0.00703172        0.02080018
     0.9000000        0.01700556        0.01777727
     1.0000000        0.00270412        0.02132404
     1.1000000        0.01643368        0.01291971
     1.2000000        0.00491298        0.01682912
     1.3000000       -0.00244403        0.02112541
     1.4000000        0.00332035        0.02233631
     1.5000000        0.00373747        0.01498381
     1.6000000        0.00087730        0.01540989
     1.7000000        0.00659657        0.01469362
     1.8000000        0.01067683        0.00883932
     1.9000000        0.01346178        0.00872522
     2.0000000        0.00105553        0.00975168
     2.1000000        0.00221215        0.00328015
     2.2000000        0.00016464        0.01267645
     2.3000000        0.00337669        0.00289432
     2.4000000       -0.01164906        0.01437712
     2.5000000        0.00690006        0.00647470
     2.6000000        0.00673845        0.00644776
     2.7000000        0.00644249        0.01111575
     2.8000000        0.01112886        0.00860099
     2.9000000        0.00227193        0.01214862
     3.0000000       -0.00115139        0.01132507
     3.1000000       -0.00078438        0.01210936
     3.2000000       -0.01010955        0.01218843
     3.3000000       -0.00270446        0.00605637
     3.4000000       -0.01588685        0.01563321
     3.5000000       -0.01444824        0.01688841
     3.6000000       -0.00189344        0.01544418
     3.7000000        0.00249270        0.00995440
     3.8000000        0.00360954        0.00465708
     3.9000000        0.00364897        0.00497582
     4.0000000        0.00715532        0.01785079
     4.1000000        0.01111146        0.01286400
     4.2000000        0.00808841        0.01252020
     4.3000000       -0.00799027        0.01532767
     4.4000000        0.00409206        0.01489215
     4.5000000        0.01341102        0.01071154
     4.6000000       -0.00084088        0.00934144
     4.7000000       -0.00070621        0.00469393
     4.8000000        0.01257402        0.00973426
     4.9000000        0.01604427        0.00976251
     5.0000000        0.01411685        0.01638209
