          51           9   10.000000000000000                1
     0.0000000        0.29496814        0.00721522
     0.1000000        0.17244049        0.00468669
     0.2000000        0.10411279        0.00339185
     0.3000000        0.06658418        0.00339079
     0.4000000        0.03988342        0.00382415
     0.5000000        0.02802050        0.00262928
     0.6000000        0.01754896        0.00344564
     0.7000000        0.01198227        0.00323165
     0.8000000        0.00815891        0.00333152
     0.9000000        0.00716089        0.00204387
     1.0000000        0.00302314        0.00230970
     1.1000000        0.00362817        0.00211896
     1.2000000        0.00315119        0.00152018
     1.3000000        0.00295856        0.00215218
     1.4000000        0.00169536        0.00218807
     1.5000000        0.00166515        0.00215560
     1.6000000       -0.00008104        0.00215697
     1.7000000        0.00053880        0.00177391
     1.8000000        0.00097388        0.00177483
     1.9000000       -0.00091238        0.00199154
     2.0000000       -0.00180956        0.00240362
     2.1000000        0.00236968        0.00179649
     2.2000000        0.00149112        0.00150772
     2.3000000        0.00379002        0.00213858
     2.4000000        0.00317094        0.00180748
     2.5000000        0.00244513        0.00306710
     2.6000000       -0.00029932        0.00211973
     2.7000000       -0.00066916        0.00174901
     2.8000000       -0.00044595        0.00280563
     2.9000000        0.00115545        0.00328593
     3.0000000       -0.00035611        0.00276263
     3.1000000       -0.00059459        0.00358561
     3.2000000        0.00071770        0.00271662
     3.3000000        0.00027262        0.00215676
     3.4000000       -0.00164256        0.00263961
     3.5000000       -0.00109612        0.00333467
     3.6000000       -0.00252965        0.00274370
     3.7000000       -0.00406824        0.00199086
     3.8000000        0.00047257        0.00166733
     3.9000000       -0.00202142        0.00230655
     4.0000000       -0.00016140        0.00203048
     4.1000000       -0.00119685        0.00190849
     4.2000000       -0.00110199        0.00143401
     4.3000000       -0.00120815        0.00172052
     4.4000000       -0.00170116        0.00179042
     4.5000000       -0.00096631        0.00212647
     4.6000000       -0.00324431        0.00259762
     4.7000000       -0.00419476        0.00289039
     4.8000000       -0.00198000        0.00235773
     4.9000000       -0.00314521        0.00249585
     5.0000000       -0.00316054        0.00233289
