          61           9   6.0000000000000000                1
     0.0000000        1.03756727        0.00074613
     0.1000000        0.82796564        0.00078549
     0.2000000        0.67796130        0.00069463
     0.3000000        0.56272436        0.00073677
     0.4000000        0.47727240        0.00133680
     0.5000000        0.40992611        0.00160453
     0.6000000        0.35542245        0.00180265
     0.7000000        0.31236840        0.00206640
     0.8000000        0.27518435        0.00124584
     0.9000000        0.24590182        0.00180869
     1.0000000        0.22075934        0.00239271
     1.1000000        0.20076410        0.00234069
     1.2000000        0.18248816        0.00233678
     1.3000000        0.16657904        0.00252256
     1.4000000        0.15293001        0.00194722
     1.5000000        0.13958373        0.00197370
     1.6000000        0.13033449        0.00189561
     1.7000000        0.12085775        0.00206422
     1.8000000        0.11327002        0.00173070
     1.9000000        0.10667228        0.00143013
     2.0000000        0.10070266        0.00190530
     2.1000000        0.09601063        0.00136860
     2.2000000        0.09312647        0.00084508
     2.3000000        0.08989125        0.00140924
     2.4000000        0.08657929        0.00147025
     2.5000000        0.08340024        0.00164321
     2.6000000        0.08199954        0.00162577
     2.7000000        0.07975363        0.00178104
     2.8000000        0.07891066        0.00129585
     2.9000000        0.07710497        0.00150009
     3.0000000        0.07727279        0.00143746
     3.1000000        0.07694624        0.00168614
     3.2000000        0.07696492        0.00182419
     3.3000000        0.07768347        0.00173675
     3.4000000        0.07974288        0.00168793
     3.5000000        0.08187080        0.00166298
     3.6000000        0.08473785        0.00123865
     3.7000000        0.08704978        0.00130880
     3.8000000        0.09096247        0.00148302
     3.9000000        0.09387347        0.00147333
     4.0000000        0.09755983        0.00140656
     4.1000000        0.10375288        0.00163309
     4.2000000        0.11010105        0.00164897
     4.3000000        0.11749635        0.00200318
     4.4000000        0.12794062        0.00163764
     4.5000000        0.13671525        0.00140924
     4.6000000        0.14638912        0.00155323
     4.7000000        0.15942897        0.00140278
     4.8000000        0.17279175        0.00117544
     4.9000000        0.18891793        0.00137988
     5.0000000        0.20925369        0.00163639
     5.1000000        0.23403530        0.00221987
     5.2000000        0.26107284        0.00187445
     5.3000000        0.29470715        0.00178777
     5.4000000        0.33490068        0.00125494
     5.5000000        0.38427529        0.00206318
     5.6000000        0.44898467        0.00136106
     5.7000000        0.52914026        0.00176369
     5.8000000        0.63309096        0.00142646
     5.9000000        0.77321543        0.00133189
     6.0000000        0.96243273        0.00074613
