          51           4   5.0000000000000000                1
     0.0000000        1.88541058        0.02077574
     0.1000000        1.36445504        0.03237813
     0.2000000        0.99684406        0.02952069
     0.3000000        0.71631231        0.03608689
     0.4000000        0.53437057        0.02563918
     0.5000000        0.40432420        0.02554219
     0.6000000        0.30502689        0.02277334
     0.7000000        0.24079616        0.03094012
     0.8000000        0.19887803        0.03575450
     0.9000000        0.14699690        0.02716765
     1.0000000        0.09407955        0.01791313
     1.1000000        0.06412225        0.01097686
     1.2000000        0.05314397        0.01205889
     1.3000000        0.04278978        0.01225550
     1.4000000        0.04312615        0.00938747
     1.5000000        0.02782129        0.00562638
     1.6000000        0.02266360        0.00777415
     1.7000000        0.03986758        0.00455966
     1.8000000        0.03619467        0.00877679
     1.9000000        0.02354800        0.00864656
     2.0000000        0.01948873        0.00241315
     2.1000000        0.01233636        0.00929044
     2.2000000        0.00863332        0.00620356
     2.3000000        0.01860370        0.01154931
     2.4000000        0.01392280        0.01120729
     2.5000000        0.00882873        0.01017271
     2.6000000        0.01727642        0.00774435
     2.7000000        0.02701674        0.00900258
     2.8000000        0.01601781        0.00243344
     2.9000000        0.02402213        0.00339044
     3.0000000        0.02763192        0.00450143
     3.1000000        0.01632737        0.00328768
     3.2000000        0.00916572        0.01354835
     3.3000000        0.00300341        0.01139647
     3.4000000        0.00102337        0.01061883
     3.5000000       -0.00082041        0.00545813
     3.6000000        0.01841703        0.00949301
     3.7000000        0.02143830        0.00259936
     3.8000000        0.00444011        0.00432453
     3.9000000        0.00300818        0.00860980
     4.0000000       -0.00232548        0.02072647
     4.1000000        0.00251769        0.00989898
     4.2000000        0.00084692        0.01207078
     4.3000000        0.01425358        0.01150750
     4.4000000        0.01999844        0.00261521
     4.5000000        0.03001718        0.00428389
     4.6000000        0.00618633        0.00867759
     4.7000000        0.02049473        0.01898627
     4.8000000        0.04140043        0.01584227
     4.9000000        0.08612917        0.00996181
     5.0000000        0.11458942        0.02077574
