          31           4   6.0000000000000000                1
     0.0000000        0.24071083        0.01236964
     0.1000000        0.22278772        0.01244051
     0.2000000        0.20766722        0.01238407
     0.3000000        0.19456550        0.01227493
     0.4000000        0.18279958        0.01215446
     0.5000000        0.17150570        0.01170925
     0.6000000        0.16088793        0.01113290
     0.7000000        0.15145320        0.01070743
     0.8000000        0.14304551        0.01047334
     0.9000000        0.13602119        0.01053971
     1.0000000        0.12993244        0.01073354
     1.1000000        0.12403907        0.01065370
     1.2000000        0.11827478        0.01053414
     1.3000000        0.11281458        0.01045574
     1.4000000        0.10784203        0.01025537
     1.5000000        0.10321319        0.00995747
     1.6000000        0.09901841        0.00944479
     1.7000000        0.09525808        0.00885238
     1.8000000        0.09227282        0.00852712
     1.9000000        0.09012005        0.00871930
     2.0000000        0.08804770        0.00908043
     2.1000000        0.08611432        0.00939722
     2.2000000        0.08415937        0.00963541
     2.3000000        0.08209100        0.00971593
     2.4000000        0.08065885        0.00996088
     2.5000000        0.07985382        0.01039553
     2.6000000        0.07910003        0.01065238
     2.7000000        0.07814607        0.01064439
     2.8000000        0.07728478        0.01077245
     2.9000000        0.07695408        0.01136517
     3.0000000        0.07699485        0.01178987
