          11           9   2.0000000000000000                1
     0.0000000        1.12925239        0.01210092
     0.1000000        0.74749425        0.00935191
     0.2000000        0.51790322        0.00457636
     0.3000000        0.38848992        0.00444060
     0.4000000        0.30923718        0.00388115
     0.5000000        0.25334628        0.00271544
     0.6000000        0.21718891        0.00270150
     0.7000000        0.19550077        0.00326175
     0.8000000        0.18259069        0.00190293
     0.9000000        0.17139726        0.00326443
     1.0000000        0.16814408        0.00657565
