          41           4   10.000000000000000                1
     0.0000000        0.56772089        0.06595334
     0.1250000        0.39434395        0.04240372
     0.2500000        0.42170338        0.05020432
     0.3750000        0.32904704        0.03882205
     0.5000000        0.35952721        0.24956512
     0.6250000        0.30283576        0.12343053
     0.7500000        0.21796320        0.07890586
     0.8750000        0.19130113        0.05350667
     1.0000000        0.12577147        0.04051272
     1.1250000        0.04822768        0.12930312
     1.2500000        0.00975202        0.13381996
     1.3750000       -0.00389349        0.07604132
     1.5000000       -0.03134680        0.06654167
     1.6250000       -0.04165360        0.12159788
     1.7500000       -0.02936958        0.03390420
     1.8750000        0.02805199        0.03819136
     2.0000000       -0.06162692        0.05597022
     2.1250000        0.04107918        0.08631012
     2.2500000       -0.01413095        0.12175825
     2.3750000       -0.03537075        0.03933307
     2.5000000       -0.04826201        0.05267519
     2.6250000       -0.00865491        0.06683527
     2.7500000       -0.02232180        0.04167354
     2.8750000       -0.03057555        0.03024737
     3.0000000       -0.11419982        0.05606129
     3.1250000       -0.12816589        0.11228867
     3.2500000       -0.05663972        0.09918832
     3.3750000        0.18315179        0.17899640
     3.5000000        0.00911008        0.01399556
     3.6250000        0.00932620        0.02843628
     3.7500000       -0.03632930        0.02635359
     3.8750000        0.00280863        0.05177097
     4.0000000       -0.00553642        0.06525501
     4.1250000       -0.04764786        0.05658308
     4.2500000       -0.02812131        0.06748477
     4.3750000       -0.16873479        0.15073357
     4.5000000       -0.17285961        0.14886924
     4.6250000       -0.07748525        0.08367844
     4.7500000        0.03589014        0.04407664
     4.8750000       -0.01745518        0.02972729
     5.0000000        0.58387218        0.67341289
