          61           4   6.0000000000000000                1
     0.0000000        0.45331497        0.04693101
     0.1000000        0.37844935        0.04236522
     0.2000000        0.30886386        0.01966891
     0.3000000        0.30330241        0.02891852
     0.4000000        0.26766437        0.03932831
     0.5000000        0.23446415        0.05393833
     0.6000000        0.22232702        0.03686691
     0.7000000        0.20857587        0.05988985
     0.8000000        0.18535077        0.06975727
     0.9000000        0.16873769        0.07796249
     1.0000000        0.13052718        0.08385695
     1.1000000        0.11277382        0.09505889
     1.2000000        0.12692360        0.09229885
     1.3000000        0.12626179        0.08252038
     1.4000000        0.10827341        0.05650115
     1.5000000        0.10235502        0.05878747
     1.6000000        0.11222606        0.05148402
     1.7000000        0.12331920        0.04881122
     1.8000000        0.14062509        0.05872754
     1.9000000        0.12198585        0.04290028
     2.0000000        0.12936044        0.02781881
     2.1000000        0.14127298        0.03734535
     2.2000000        0.12849868        0.04567819
     2.3000000        0.11686152        0.04136393
     2.4000000        0.12319764        0.04928574
     2.5000000        0.12440608        0.03361780
     2.6000000        0.11189762        0.03252802
     2.7000000        0.08460653        0.01873129
     2.8000000        0.11177380        0.01920812
     2.9000000        0.12920106        0.02417448
     3.0000000        0.13230730        0.01446239
     3.1000000        0.11627267        0.03460041
     3.2000000        0.12195645        0.02607257
     3.3000000        0.13812426        0.02953403
     3.4000000        0.14377535        0.02500633
     3.5000000        0.12868357        0.03663173
     3.6000000        0.11141418        0.02468196
     3.7000000        0.11146450        0.04083752
     3.8000000        0.15899029        0.04794048
     3.9000000        0.18087965        0.04588528
     4.0000000        0.22174794        0.03847413
     4.1000000        0.22777153        0.04278198
     4.2000000        0.28149909        0.03557691
     4.3000000        0.30795107        0.05044607
     4.4000000        0.35553122        0.04808460
     4.5000000        0.37404641        0.04201125
     4.6000000        0.38620414        0.03395656
     4.7000000        0.41501256        0.04639746
     4.8000000        0.44536184        0.05848162
     4.9000000        0.49066238        0.05558861
     5.0000000        0.53771274        0.06745857
     5.1000000        0.61500045        0.05338337
     5.2000000        0.67157965        0.04624361
     5.3000000        0.70498630        0.06935053
     5.4000000        0.74994535        0.06188165
     5.5000000        0.84902223        0.04505646
     5.6000000        0.93736355        0.03562664
     5.7000000        1.04866606        0.04451932
     5.8000000        1.17726089        0.04886101
     5.9000000        1.35255169        0.05650759
     6.0000000        1.54668503        0.04693101
