          11           4   2.0000000000000000                1
     0.0000000        0.63585473        0.04942743
     0.1000000        0.58124965        0.03406823
     0.2000000        0.50512793        0.04068011
     0.3000000        0.51741853        0.06544795
     0.4000000        0.56217018        0.22870146
     0.5000000        0.50182020        0.08839793
     0.6000000        0.41087903        0.09903643
     0.7000000        0.30601973        0.08865701
     0.8000000        0.19920645        0.03584638
     0.9000000        0.26117084        0.06569642
     1.0000000        0.37213861        0.15649627
