          31           9   6.0000000000000000                1
     0.0000000        0.32674855        0.00378630
     0.1000000        0.29088256        0.00372937
     0.2000000        0.26169898        0.00363658
     0.3000000        0.23753444        0.00337433
     0.4000000        0.21709389        0.00301844
     0.5000000        0.19971974        0.00290025
     0.6000000        0.18469313        0.00285962
     0.7000000        0.17167412        0.00293051
     0.8000000        0.16036510        0.00309142
     0.9000000        0.15018896        0.00316540
     1.0000000        0.14109411        0.00321751
     1.1000000        0.13306115        0.00323037
     1.2000000        0.12567906        0.00306768
     1.3000000        0.11887040        0.00277526
     1.4000000        0.11282222        0.00252374
     1.5000000        0.10738827        0.00230712
     1.6000000        0.10255894        0.00214853
     1.7000000        0.09839043        0.00209661
     1.8000000        0.09478796        0.00216809
     1.9000000        0.09148820        0.00221384
     2.0000000        0.08859964        0.00221023
     2.1000000        0.08625485        0.00226096
     2.2000000        0.08427688        0.00238431
     2.3000000        0.08261388        0.00256838
     2.4000000        0.08123755        0.00284828
     2.5000000        0.07987527        0.00310483
     2.6000000        0.07855634        0.00320167
     2.7000000        0.07731352        0.00321096
     2.8000000        0.07626395        0.00323522
     2.9000000        0.07579325        0.00336843
     3.0000000        0.07570738        0.00345170
