          21           9   4.0000000000000000                1
     0.0000000        1.14673821        0.01118856
     0.1000000        0.74799702        0.00931559
     0.2000000        0.52199871        0.00938423
     0.3000000        0.37462862        0.00480727
     0.4000000        0.27518305        0.00919030
     0.5000000        0.21585342        0.00572232
     0.6000000        0.17518256        0.00465765
     0.7000000        0.14281244        0.00519817
     0.8000000        0.11610202        0.00887501
     0.9000000        0.10092959        0.00758688
     1.0000000        0.07969913        0.00760838
     1.1000000        0.07572973        0.00682680
     1.2000000        0.07698799        0.00589067
     1.3000000        0.07070172        0.00358257
     1.4000000        0.06858269        0.00494706
     1.5000000        0.06340814        0.00422104
     1.6000000        0.06520067        0.00424928
     1.7000000        0.06555145        0.00526338
     1.8000000        0.06286672        0.00482498
     1.9000000        0.05288521        0.00431622
     2.0000000        0.05206826        0.00550118
