          31           4   6.0000000000000000                1
     0.0000000        0.79584884        0.02148759
     0.1000000        0.50515543        0.01313324
     0.2000000        0.33877984        0.00992005
     0.3000000        0.22169425        0.00906956
     0.4000000        0.16560354        0.00902452
     0.5000000        0.12633085        0.00669504
     0.6000000        0.09809911        0.00851900
     0.7000000        0.07870181        0.01138396
     0.8000000        0.06950043        0.00566588
     0.9000000        0.04605596        0.00178489
     1.0000000        0.03548628        0.00670771
     1.1000000        0.03402652        0.01222245
     1.2000000        0.02906754        0.01128874
     1.3000000        0.03908929        0.01033250
     1.4000000        0.03139799        0.00661632
     1.5000000        0.02970143        0.00191258
     1.6000000        0.02901655        0.00657616
     1.7000000        0.01728278        0.00571912
     1.8000000        0.02141599        0.00596918
     1.9000000        0.01630109        0.01168985
     2.0000000        0.01246923        0.00720582
     2.1000000        0.01248983        0.01074993
     2.2000000        0.01507986        0.01354497
     2.3000000        0.01281959        0.00891674
     2.4000000        0.01719109        0.01309736
     2.5000000        0.01134639        0.00984350
     2.6000000        0.01154933        0.00928043
     2.7000000        0.01426940        0.00596750
     2.8000000        0.02215687        0.00694922
     2.9000000        0.00888299        0.01168705
     3.0000000        0.00704731        0.01290501
