          31           4   6.0000000000000000                1
     0.0000000        0.97013945        0.02671715
     0.1000000        0.68083678        0.02044283
     0.2000000        0.48591403        0.00914227
     0.3000000        0.36160190        0.00723903
     0.4000000        0.26416339        0.01873478
     0.5000000        0.20548210        0.02590388
     0.6000000        0.16440313        0.00933536
     0.7000000        0.12574939        0.00731700
     0.8000000        0.08764566        0.01487088
     0.9000000        0.06537167        0.01608472
     1.0000000        0.06911161        0.01002772
     1.1000000        0.05612605        0.00694452
     1.2000000        0.05871886        0.02742475
     1.3000000        0.04966871        0.02320042
     1.4000000        0.03545188        0.00875033
     1.5000000        0.03080931        0.01024171
     1.6000000        0.03526152        0.01950216
     1.7000000        0.04155579        0.01136138
     1.8000000        0.01961987        0.00579218
     1.9000000        0.01134197        0.00422238
     2.0000000        0.00514603        0.00471643
     2.1000000        0.01180549        0.01312808
     2.2000000        0.00548946        0.00359187
     2.3000000        0.01666267        0.00500468
     2.4000000        0.01446052        0.00448570
     2.5000000        0.01503430        0.00870144
     2.6000000        0.01778402        0.01473798
     2.7000000        0.02768496        0.00677760
     2.8000000        0.02396802        0.00551142
     2.9000000        0.01109861        0.00489457
     3.0000000        0.01057088        0.00881274
