          51           9   10.000000000000000                1
     0.0000000        0.36095099        0.00695588
     0.1000000        0.19491274        0.00423160
     0.2000000        0.10602162        0.00345651
     0.3000000        0.06426810        0.00376562
     0.4000000        0.03869766        0.00385836
     0.5000000        0.02330625        0.00364964
     0.6000000        0.01524415        0.00318364
     0.7000000        0.00929369        0.00268269
     0.8000000        0.00747751        0.00269504
     0.9000000        0.00331460        0.00287081
     1.0000000        0.00271348        0.00161448
     1.1000000        0.00447535        0.00181609
     1.2000000        0.00238216        0.00166757
     1.3000000        0.00071918        0.00165699
     1.4000000        0.00058430        0.00285876
     1.5000000       -0.00338215        0.00329270
     1.6000000       -0.00068681        0.00233927
     1.7000000       -0.00388001        0.00348703
     1.8000000       -0.00451462        0.00200867
     1.9000000       -0.00398444        0.00227491
     2.0000000       -0.00232207        0.00246648
     2.1000000       -0.00369409        0.00336381
     2.2000000       -0.00052991        0.00182305
     2.3000000       -0.00544935        0.00233611
     2.4000000        0.00100750        0.00230876
     2.5000000        0.00227258        0.00230797
     2.6000000        0.00411819        0.00256141
     2.7000000        0.00220700        0.00274400
     2.8000000       -0.00092927        0.00227470
     2.9000000        0.00126307        0.00289147
     3.0000000        0.00220834        0.00263940
     3.1000000        0.00316494        0.00319974
     3.2000000        0.00419512        0.00163875
     3.3000000        0.00029731        0.00234820
     3.4000000       -0.00111688        0.00320553
     3.5000000        0.00044189        0.00257014
     3.6000000       -0.00021274        0.00227336
     3.7000000        0.00307270        0.00240200
     3.8000000       -0.00134207        0.00161918
     3.9000000       -0.00300075        0.00198929
     4.0000000       -0.00149236        0.00255186
     4.1000000       -0.00083522        0.00267946
     4.2000000       -0.00283460        0.00223522
     4.3000000        0.00222239        0.00364835
     4.4000000       -0.00075386        0.00217477
     4.5000000        0.00183197        0.00255564
     4.6000000        0.00625754        0.00319864
     4.7000000        0.00343302        0.00319039
     4.8000000        0.00552470        0.00252208
     4.9000000        0.00201061        0.00257575
     5.0000000        0.00195951        0.00309537
