          21           4   5.0000000000000000                1
     0.0000000        0.70172964        0.18599389
     0.1250000        0.55410854        0.11896183
     0.2500000        0.56839394        0.14289358
     0.3750000        0.37650532        0.15591521
     0.5000000        0.23627605        0.15131412
     0.6250000       -0.30059097        0.55256402
     0.7500000        0.01018740        0.20426401
     0.8750000       -0.50974055        0.79994020
     1.0000000       -1.23576781        1.66970487
     1.1250000       -0.49904060        0.74850292
     1.2500000       -0.00985808        0.21378816
     1.3750000       -0.57452183        0.91549321
     1.5000000       -0.62208794        0.91179018
     1.6250000       -0.33399557        0.53817051
     1.7500000       -0.36259498        0.48376187
     1.8750000       -0.39301651        0.44799873
     2.0000000        0.05002626        0.15346240
     2.1250000        0.08525581        0.10937861
     2.2500000       -0.14568997        0.45146129
     2.3750000        0.01279051        0.24044417
     2.5000000       -0.01838609        0.26819650
