          41           4   8.0000000000000000                1
     0.0000000        0.29699435        0.02311240
     0.1000000        0.18254282        0.01538840
     0.2000000        0.11768553        0.01223257
     0.3000000        0.07863106        0.01223191
     0.4000000        0.04441279        0.00947494
     0.5000000        0.02608242        0.00234160
     0.6000000        0.01661544        0.00273518
     0.7000000        0.00625273        0.00362599
     0.8000000        0.00683444        0.00147540
     0.9000000        0.00063943        0.00228756
     1.0000000       -0.00048862        0.00268976
     1.1000000        0.00026856        0.00715592
     1.2000000       -0.00113787        0.01116265
     1.3000000        0.00973782        0.00945095
     1.4000000        0.00631623        0.00650731
     1.5000000       -0.00178756        0.00511419
     1.6000000       -0.00266148        0.00340933
     1.7000000       -0.00417691        0.00422796
     1.8000000       -0.00493154        0.01143805
     1.9000000       -0.01228010        0.00447069
     2.0000000       -0.00752069        0.00504428
     2.1000000       -0.00366809        0.00623081
     2.2000000        0.00334390        0.00822062
     2.3000000        0.00386568        0.00811143
     2.4000000        0.00674786        0.00702543
     2.5000000        0.00900721        0.00452079
     2.6000000        0.01436342        0.00526182
     2.7000000        0.01380282        0.00348014
     2.8000000        0.01013089        0.00292862
     2.9000000        0.01136210        0.00472092
     3.0000000        0.00887841        0.00362573
     3.1000000        0.00320564        0.00464137
     3.2000000        0.00625938        0.00793062
     3.3000000        0.00808258        0.01193799
     3.4000000        0.01150209        0.00869369
     3.5000000        0.00307789        0.00327607
     3.6000000        0.00772934        0.00606314
     3.7000000        0.00983288        0.00580046
     3.8000000        0.00574455        0.00352337
     3.9000000        0.00970422        0.00324469
     4.0000000        0.00828316        0.00638368
