          41           4   8.0000000000000000                1
     0.0000000        0.08927804        0.05329644
     0.1000000        0.08106714        0.01535581
     0.2000000        0.06965299        0.00505892
     0.3000000        0.04436860        0.00627766
     0.4000000        0.03343615        0.00889434
     0.5000000        0.01534759        0.01377685
     0.6000000        0.00033814        0.02224913
     0.7000000       -0.00416445        0.02256854
     0.8000000       -0.01918508        0.04663814
     0.9000000        0.02200291        0.00433030
     1.0000000        0.01908432        0.01537104
     1.1000000        0.01213236        0.00898289
     1.2000000        0.01069544        0.00644926
     1.3000000       -0.00048929        0.00510602
     1.4000000        0.02262835        0.01571966
     1.5000000        0.03000478        0.01507836
     1.6000000        0.01569956        0.01271515
     1.7000000        0.00712156        0.00520147
     1.8000000        0.01933562        0.02050193
     1.9000000        0.01525199        0.01315138
     2.0000000        0.03585999        0.02891049
     2.1000000        0.00722656        0.00933697
     2.2000000       -0.00448445        0.01139286
     2.3000000        0.00814114        0.01105502
     2.4000000        0.02598306        0.02281021
     2.5000000       -0.00077022        0.01177689
     2.6000000       -0.00726285        0.01058212
     2.7000000        0.00043939        0.00661551
     2.8000000        0.00103097        0.01873329
     2.9000000        0.01282311        0.01121517
     3.0000000       -0.01281497        0.01536208
     3.1000000        0.00180922        0.00468839
     3.2000000       -0.00253254        0.00233277
     3.3000000        0.00533413        0.00409810
     3.4000000        0.01108558        0.01252877
     3.5000000       -0.00098227        0.00824897
     3.6000000        0.00507173        0.01707333
     3.7000000       -0.01385930        0.00968602
     3.8000000       -0.00501433        0.01178373
     3.9000000       -0.00447231        0.00966661
     4.0000000       -0.00611836        0.01699830
