          41           9   8.0000000000000000                1
     0.0000000        1.69201410        0.01659481
     0.1000000        1.00885097        0.01180387
     0.2000000        0.61565281        0.00670552
     0.3000000        0.38821473        0.00467796
     0.4000000        0.25066046        0.00341965
     0.5000000        0.17003056        0.00358111
     0.6000000        0.11344622        0.00257717
     0.7000000        0.07895707        0.00185150
     0.8000000        0.05705626        0.00226524
     0.9000000        0.04317796        0.00443857
     1.0000000        0.03501720        0.00342600
     1.1000000        0.02567260        0.00263863
     1.2000000        0.01905865        0.00141603
     1.3000000        0.01049506        0.00515479
     1.4000000        0.01164126        0.00141154
     1.5000000        0.00821964        0.00270617
     1.6000000        0.00645692        0.00208225
     1.7000000        0.00408561        0.00148686
     1.8000000        0.00436863        0.00116581
     1.9000000        0.00391470        0.00139915
     2.0000000        0.00310588        0.00130764
     2.1000000        0.00009803        0.00157911
     2.2000000       -0.00032972        0.00143434
     2.3000000       -0.00135099        0.00157924
     2.4000000        0.00069148        0.00188656
     2.5000000       -0.00078549        0.00099594
     2.6000000       -0.00150943        0.00226983
     2.7000000        0.00074326        0.00107087
     2.8000000        0.00018841        0.00125041
     2.9000000        0.00073302        0.00174416
     3.0000000        0.00010368        0.00091843
     3.1000000        0.00169816        0.00251039
     3.2000000       -0.00134930        0.00301415
     3.3000000       -0.00076578        0.00106786
     3.4000000       -0.00140833        0.00115886
     3.5000000       -0.00377595        0.00197127
     3.6000000       -0.00058839        0.00113867
     3.7000000       -0.00023459        0.00132577
     3.8000000        0.00154109        0.00214750
     3.9000000        0.00056187        0.00276762
     4.0000000        0.00020320        0.00231154
