          21           4   4.0000000000000000                1
     0.0000000        0.23276705        0.00934585
     0.1000000        0.15563003        0.00514142
     0.2000000        0.10600532        0.00269226
     0.3000000        0.07464419        0.00615169
     0.4000000        0.04566095        0.00801941
     0.5000000        0.03097859        0.00925054
     0.6000000        0.02896525        0.00199443
     0.7000000        0.02512990        0.00392245
     0.8000000        0.01753008        0.00313920
     0.9000000        0.01261924        0.00349394
     1.0000000        0.01290336        0.00377435
     1.1000000        0.00691596        0.00754264
     1.2000000        0.00568667        0.00297442
     1.3000000        0.00300489        0.00467569
     1.4000000        0.01019482        0.00269564
     1.5000000        0.00575245        0.00650875
     1.6000000        0.00533289        0.00456204
     1.7000000        0.00776768        0.00517323
     1.8000000        0.00957698        0.00438495
     1.9000000        0.00766914        0.00425267
     2.0000000        0.00626980        0.00479454
