          31           9   6.0000000000000000                1
     0.0000000        1.16699183        0.01792591
     0.1000000        0.77817393        0.01844894
     0.2000000        0.51662196        0.01980047
     0.3000000        0.36704338        0.01268232
     0.4000000        0.27196224        0.00707703
     0.5000000        0.19313077        0.00615095
     0.6000000        0.15202348        0.01224213
     0.7000000        0.10660961        0.00901418
     0.8000000        0.09522902        0.01405123
     0.9000000        0.06540652        0.00428919
     1.0000000        0.06096042        0.00808946
     1.1000000        0.04683766        0.00974377
     1.2000000        0.03742610        0.00733450
     1.3000000        0.03749998        0.01411930
     1.4000000        0.01931822        0.00844645
     1.5000000        0.00710550        0.01138808
     1.6000000       -0.00350877        0.01269500
     1.7000000        0.02327026        0.02190942
     1.8000000        0.01913167        0.00586279
     1.9000000        0.00977342        0.00994384
     2.0000000        0.00654650        0.00469220
     2.1000000       -0.00191417        0.00714293
     2.2000000       -0.00237584        0.00567879
     2.3000000        0.00295523        0.00663753
     2.4000000       -0.00427002        0.00862020
     2.5000000       -0.00465162        0.00620037
     2.6000000       -0.00464441        0.00850358
     2.7000000        0.00885982        0.00871158
     2.8000000        0.00510850        0.00962352
     2.9000000        0.00263558        0.00800368
     3.0000000        0.00594143        0.02966441
