          81           4   8.0000000000000000                1
     0.0000000        1.91667738        0.01651974
     0.1000000        1.37971965        0.01366585
     0.2000000        0.99986732        0.00295532
     0.3000000        0.71920004        0.01086626
     0.4000000        0.50582618        0.00830180
     0.5000000        0.37209662        0.00973127
     0.6000000        0.26939388        0.00792095
     0.7000000        0.20244087        0.01116391
     0.8000000        0.13103015        0.01380204
     0.9000000        0.10915661        0.01120677
     1.0000000        0.09733580        0.00386986
     1.1000000        0.07690457        0.00764234
     1.2000000        0.05020608        0.00482831
     1.3000000        0.03685343        0.01006970
     1.4000000        0.03429935        0.01068062
     1.5000000        0.02020016        0.01708662
     1.6000000        0.01784553        0.01093098
     1.7000000        0.01206492        0.00779735
     1.8000000       -0.01342427        0.01432554
     1.9000000       -0.01540811        0.00558242
     2.0000000       -0.01754536        0.00959683
     2.1000000       -0.01474616        0.01039591
     2.2000000       -0.00730937        0.00956656
     2.3000000       -0.00230319        0.00859728
     2.4000000       -0.00357567        0.01476471
     2.5000000        0.00276570        0.00997432
     2.6000000       -0.00217762        0.01285605
     2.7000000       -0.00714781        0.01433091
     2.8000000        0.00052654        0.01124060
     2.9000000       -0.00281598        0.01531706
     3.0000000       -0.01591615        0.01084827
     3.1000000       -0.01310242        0.00616085
     3.2000000        0.00446242        0.00457486
     3.3000000        0.00092858        0.00606375
     3.4000000        0.00842055        0.00952955
     3.5000000       -0.00368916        0.00483523
     3.6000000        0.00565578        0.00254361
     3.7000000        0.00461162        0.00964200
     3.8000000        0.00270243        0.01058661
     3.9000000        0.00201309        0.01614202
     4.0000000       -0.00432887        0.00515330
     4.1000000       -0.00690159        0.00168733
     4.2000000       -0.00564108        0.00659790
     4.3000000       -0.00657363        0.00982081
     4.4000000       -0.00372010        0.00841521
     4.5000000        0.00421716        0.00878932
     4.6000000        0.00288314        0.00821868
     4.7000000        0.00114851        0.00765518
     4.8000000        0.00053014        0.00879415
     4.9000000       -0.00711487        0.01116589
     5.0000000       -0.00288200        0.01265467
     5.1000000       -0.00437138        0.01553517
     5.2000000       -0.00849583        0.01098593
     5.3000000       -0.00018097        0.01556366
     5.4000000        0.00514290        0.00875697
     5.5000000        0.00065702        0.00781730
     5.6000000        0.00635940        0.00780548
     5.7000000        0.01113989        0.00577255
     5.8000000        0.01244678        0.01526818
     5.9000000        0.02377662        0.01658262
     6.0000000        0.02882647        0.01703069
     6.1000000        0.02420628        0.01525882
     6.2000000        0.01894122        0.00857627
     6.3000000        0.01895832        0.01438959
     6.4000000       -0.00066816        0.01422939
     6.5000000        0.00418999        0.01874610
     6.6000000       -0.00391392        0.01339785
     6.7000000        0.00380127        0.01569638
     6.8000000       -0.01202012        0.00331179
     6.9000000        0.00296783        0.01283916
     7.0000000       -0.00541663        0.01491801
     7.1000000        0.00109401        0.01331057
     7.2000000       -0.00251375        0.00837249
     7.3000000       -0.00002734        0.00811663
     7.4000000        0.01253391        0.00917404
     7.5000000        0.02816065        0.01025503
     7.6000000        0.02473912        0.01039094
     7.7000000        0.03498079        0.01012848
     7.8000000        0.03676221        0.01108066
     7.9000000        0.04379778        0.01603320
     8.0000000        0.08332262        0.01651974
