          31           4   6.0000000000000000                1
     0.0000000        1.22259212        0.02074642
     0.1000000        1.01604252        0.02105771
     0.2000000        0.87602661        0.02191580
     0.3000000        0.77517763        0.02212474
     0.4000000        0.69884126        0.02230668
     0.5000000        0.63884005        0.02128404
     0.6000000        0.58542203        0.01876060
     0.7000000        0.53757024        0.01700129
     0.8000000        0.49821965        0.01645781
     0.9000000        0.46655909        0.01621592
     1.0000000        0.44050297        0.01527696
     1.1000000        0.41750540        0.01453884
     1.2000000        0.39426671        0.01431146
     1.3000000        0.37183160        0.01411729
     1.4000000        0.35303511        0.01416729
     1.5000000        0.33552657        0.01347251
     1.6000000        0.31798296        0.01181740
     1.7000000        0.30067226        0.00992231
     1.8000000        0.28739570        0.00894854
     1.9000000        0.27695611        0.00952960
     2.0000000        0.26621606        0.01001188
     2.1000000        0.25640444        0.01097590
     2.2000000        0.24694883        0.01180967
     2.3000000        0.23842287        0.01275889
     2.4000000        0.23164713        0.01488155
     2.5000000        0.22518795        0.01683214
     2.6000000        0.21776210        0.01747553
     2.7000000        0.21433877        0.01694497
     2.8000000        0.21567085        0.01609586
     2.9000000        0.21622371        0.01606694
     3.0000000        0.21570762        0.01605111
