          41           9   4.0000000000000000                1
     0.0000000        1.84784341        0.00175402
     0.1000000        1.45133134        0.00192529
     0.2000000        1.14959172        0.00269352
     0.3000000        0.92038762        0.00215841
     0.4000000        0.74389937        0.00217465
     0.5000000        0.60560839        0.00098850
     0.6000000        0.49776141        0.00146517
     0.7000000        0.40850856        0.00248996
     0.8000000        0.33791500        0.00257514
     0.9000000        0.28165405        0.00253838
     1.0000000        0.23544276        0.00187145
     1.1000000        0.19789194        0.00183395
     1.2000000        0.16730744        0.00275956
     1.3000000        0.14213527        0.00292683
     1.4000000        0.12016653        0.00308127
     1.5000000        0.10432837        0.00273529
     1.6000000        0.09140882        0.00235803
     1.7000000        0.07916332        0.00233841
     1.8000000        0.06861731        0.00364602
     1.9000000        0.06539244        0.00271738
     2.0000000        0.05780643        0.00264634
     2.1000000        0.05356605        0.00282734
     2.2000000        0.04812974        0.00246910
     2.3000000        0.04376963        0.00338215
     2.4000000        0.04055747        0.00254929
     2.5000000        0.03665251        0.00344520
     2.6000000        0.03525414        0.00337262
     2.7000000        0.03552229        0.00289027
     2.8000000        0.03565799        0.00184292
     2.9000000        0.03699909        0.00242400
     3.0000000        0.03684283        0.00250910
     3.1000000        0.03729585        0.00283009
     3.2000000        0.03865067        0.00338105
     3.3000000        0.04085345        0.00245538
     3.4000000        0.04342637        0.00235138
     3.5000000        0.05178133        0.00349552
     3.6000000        0.05663737        0.00351058
     3.7000000        0.07015009        0.00298908
     3.8000000        0.08701926        0.00194520
     3.9000000        0.11172298        0.00246982
     4.0000000        0.15215659        0.00175402
