          21           4   4.0000000000000000                1
     0.0000000        0.29207831        0.02777422
     0.1000000        0.21882235        0.02840780
     0.2000000        0.16844716        0.02759216
     0.3000000        0.13300931        0.02540284
     0.4000000        0.10697672        0.02308392
     0.5000000        0.08423861        0.02129805
     0.6000000        0.06658445        0.02167356
     0.7000000        0.05411853        0.02373494
     0.8000000        0.04224387        0.02669210
     0.9000000        0.03277770        0.02840967
     1.0000000        0.02652955        0.02689503
     1.1000000        0.02104484        0.02569757
     1.2000000        0.01627326        0.02599755
     1.3000000        0.01268082        0.02698195
     1.4000000        0.00908967        0.02990962
     1.5000000        0.00482652        0.03395089
     1.6000000        0.00056222        0.03700010
     1.7000000       -0.00239776        0.03855048
     1.8000000       -0.00319112        0.03851818
     1.9000000       -0.00293011        0.03650192
     2.0000000       -0.00284518        0.03531709
