          51           9   10.000000000000000                1
     0.0000000        0.59106545        0.04144462
     0.1000000        0.47885085        0.04092996
     0.2000000        0.39652918        0.04029575
     0.3000000        0.33510901        0.03879128
     0.4000000        0.28712070        0.03578535
     0.5000000        0.24689275        0.03234550
     0.6000000        0.21370816        0.02934767
     0.7000000        0.18807395        0.02677630
     0.8000000        0.16773470        0.02463686
     0.9000000        0.15029008        0.02278288
     1.0000000        0.13680296        0.02162073
     1.1000000        0.12570044        0.02080645
     1.2000000        0.11567888        0.01979086
     1.3000000        0.10723842        0.01905585
     1.4000000        0.09960840        0.01854940
     1.5000000        0.09353450        0.01798476
     1.6000000        0.08779558        0.01694427
     1.7000000        0.08246919        0.01608663
     1.8000000        0.07964061        0.01602332
     1.9000000        0.07679766        0.01570465
     2.0000000        0.07209100        0.01483060
     2.1000000        0.06731247        0.01422412
     2.2000000        0.06340810        0.01398131
     2.3000000        0.06070045        0.01348672
     2.4000000        0.05956601        0.01338386
     2.5000000        0.05914412        0.01345927
     2.6000000        0.05935687        0.01378763
     2.7000000        0.05911772        0.01445768
     2.8000000        0.05670989        0.01476411
     2.9000000        0.05383781        0.01442352
     3.0000000        0.05286944        0.01434780
     3.1000000        0.05348438        0.01479518
     3.2000000        0.05382402        0.01473504
     3.3000000        0.05370054        0.01363244
     3.4000000        0.05316161        0.01248452
     3.5000000        0.05171529        0.01206943
     3.6000000        0.04965038        0.01200599
     3.7000000        0.04750629        0.01191435
     3.8000000        0.04582502        0.01203874
     3.9000000        0.04271130        0.01215790
     4.0000000        0.03875210        0.01212837
     4.1000000        0.03709753        0.01244555
     4.2000000        0.03762731        0.01289985
     4.3000000        0.03812792        0.01337729
     4.4000000        0.03787609        0.01335286
     4.5000000        0.03660496        0.01309963
     4.6000000        0.03349347        0.01339460
     4.7000000        0.02998592        0.01425025
     4.8000000        0.02760182        0.01500491
     4.9000000        0.02591938        0.01536159
     5.0000000        0.02531485        0.01561663
