          21           4   2.0000000000000000                1
     0.0000000        1.76800723        0.01990551
     0.1000000        1.39479488        0.00456664
     0.2000000        1.12220455        0.00700215
     0.3000000        0.88829687        0.01264129
     0.4000000        0.72768071        0.00464257
     0.5000000        0.60245048        0.01049263
     0.6000000        0.49526873        0.02178289
     0.7000000        0.42479852        0.01668453
     0.8000000        0.35709977        0.01118510
     0.9000000        0.29274449        0.01141875
     1.0000000        0.25832828        0.01069651
     1.1000000        0.22480378        0.01908679
     1.2000000        0.21652824        0.01428897
     1.3000000        0.22092012        0.01124502
     1.4000000        0.20003972        0.01547469
     1.5000000        0.19859444        0.01496140
     1.6000000        0.17723693        0.02549887
     1.7000000        0.18331852        0.03445163
     1.8000000        0.16425710        0.02605750
     1.9000000        0.20066237        0.02669752
     2.0000000        0.23199277        0.01990551
