          26           4   5.0000000000000000                1
     0.0000000        0.78599373        0.01745029
     0.1000000        0.49529960        0.01600547
     0.2000000        0.34012962        0.00749086
     0.3000000        0.23532077        0.01613086
     0.4000000        0.17695151        0.02191998
     0.5000000        0.13544836        0.02265339
     0.6000000        0.10128875        0.00950430
     0.7000000        0.09204946        0.00749443
     0.8000000        0.07034828        0.00587972
     0.9000000        0.05526378        0.00675463
     1.0000000        0.05558767        0.00622495
     1.1000000        0.03233418        0.02297116
     1.2000000        0.04130194        0.01104875
     1.3000000        0.04919527        0.00968198
     1.4000000        0.04605092        0.00580022
     1.5000000        0.03646701        0.02110742
     1.6000000        0.02435132        0.01568572
     1.7000000        0.03261257        0.01354996
     1.8000000        0.04274636        0.00744240
     1.9000000        0.03105645        0.01314727
     2.0000000        0.03148142        0.00310846
     2.1000000        0.03919323        0.00960262
     2.2000000        0.03284029        0.00966657
     2.3000000        0.03992741        0.00605647
     2.4000000        0.03937389        0.00655125
     2.5000000        0.02964908        0.00852303
