          11           4   2.0000000000000000                1
     0.0000000        0.26432316        0.01231521
     0.1000000        0.17535202        0.00545591
     0.2000000        0.13417134        0.00735808
     0.3000000        0.09778636        0.00369155
     0.4000000        0.07652302        0.00538345
     0.5000000        0.05902697        0.00177827
     0.6000000        0.04437719        0.00334679
     0.7000000        0.03966639        0.00629013
     0.8000000        0.03644326        0.00501486
     0.9000000        0.03360445        0.00549281
     1.0000000        0.03535385        0.01328995
