          51           9   10.000000000000000                1
     0.0000000        0.11088572        0.00117241
     0.1000000        0.07778418        0.00095366
     0.2000000        0.05548851        0.00063411
     0.3000000        0.04006999        0.00050707
     0.4000000        0.02924442        0.00048702
     0.5000000        0.02161634        0.00048664
     0.6000000        0.01614117        0.00048179
     0.7000000        0.01217149        0.00048938
     0.8000000        0.00932112        0.00051782
     0.9000000        0.00720289        0.00053964
     1.0000000        0.00560222        0.00060488
     1.1000000        0.00436790        0.00059500
     1.2000000        0.00339652        0.00049941
     1.3000000        0.00271342        0.00045923
     1.4000000        0.00228630        0.00047394
     1.5000000        0.00200369        0.00052480
     1.6000000        0.00184288        0.00069012
     1.7000000        0.00167556        0.00083417
     1.8000000        0.00142081        0.00082181
     1.9000000        0.00116176        0.00076370
     2.0000000        0.00096081        0.00071866
     2.1000000        0.00081662        0.00065018
     2.2000000        0.00064592        0.00050559
     2.3000000        0.00046925        0.00034573
     2.4000000        0.00032788        0.00027409
     2.5000000        0.00024325        0.00028169
     2.6000000        0.00008900        0.00024627
     2.7000000       -0.00010435        0.00018955
     2.8000000       -0.00019700        0.00019359
     2.9000000       -0.00025101        0.00021983
     3.0000000       -0.00031565        0.00023688
     3.1000000       -0.00035728        0.00023018
     3.2000000       -0.00036680        0.00021374
     3.3000000       -0.00031506        0.00018327
     3.4000000       -0.00030688        0.00016676
     3.5000000       -0.00031264        0.00022237
     3.6000000       -0.00035752        0.00031980
     3.7000000       -0.00039950        0.00037915
     3.8000000       -0.00041028        0.00038910
     3.9000000       -0.00039643        0.00036768
     4.0000000       -0.00033017        0.00031694
     4.1000000       -0.00022263        0.00024858
     4.2000000       -0.00012147        0.00018017
     4.3000000       -0.00005283        0.00014324
     4.4000000        0.00002190        0.00012796
     4.5000000        0.00008282        0.00017504
     4.6000000        0.00016645        0.00030908
     4.7000000        0.00028068        0.00048506
     4.8000000        0.00037281        0.00062025
     4.9000000        0.00037852        0.00064803
     5.0000000        0.00032256        0.00059873
