          11           4   2.0000000000000000                1
     0.0000000        0.85467476        0.01568224
     0.1000000        0.61260167        0.00571595
     0.2000000        0.45011888        0.00899405
     0.3000000        0.35752024        0.01242413
     0.4000000        0.28470965        0.01224932
     0.5000000        0.25622064        0.01327148
     0.6000000        0.21927095        0.01002136
     0.7000000        0.19875406        0.00720401
     0.8000000        0.18625445        0.00819660
     0.9000000        0.18387957        0.01221665
     1.0000000        0.18035390        0.01654255
