           9           4   2.0000000000000000                1
     0.0000000        1.20381971        0.00767225
     0.1250000        0.74715569        0.01144854
     0.2500000        0.48038280        0.00539748
     0.3750000        0.35071305        0.00416499
     0.5000000        0.26185396        0.00292668
     0.6250000        0.20668159        0.00478620
     0.7500000        0.17558793        0.00639867
     0.8750000        0.15251425        0.00596480
     1.0000000        0.15010468        0.00657768
