          31           9   6.0000000000000000                1
     0.0000000        0.48046190        0.00424924
     0.1000000        0.40416609        0.00412964
     0.2000000        0.34515955        0.00388117
     0.3000000        0.29863137        0.00365561
     0.4000000        0.26129656        0.00348317
     0.5000000        0.23046318        0.00325719
     0.6000000        0.20483093        0.00301335
     0.7000000        0.18342022        0.00287815
     0.8000000        0.16514030        0.00297006
     0.9000000        0.14963876        0.00316447
     1.0000000        0.13663364        0.00343271
     1.1000000        0.12504601        0.00359330
     1.2000000        0.11441499        0.00351056
     1.3000000        0.10506016        0.00347257
     1.4000000        0.09687591        0.00350433
     1.5000000        0.08957738        0.00347503
     1.6000000        0.08306674        0.00337813
     1.7000000        0.07761247        0.00327645
     1.8000000        0.07287190        0.00315709
     1.9000000        0.06840534        0.00305599
     2.0000000        0.06438425        0.00308719
     2.1000000        0.06093528        0.00331218
     2.2000000        0.05802632        0.00346237
     2.3000000        0.05561395        0.00344783
     2.4000000        0.05362064        0.00346648
     2.5000000        0.05175452        0.00349757
     2.6000000        0.04989960        0.00350983
     2.7000000        0.04879477        0.00357937
     2.8000000        0.04852245        0.00356662
     2.9000000        0.04839520        0.00348593
     3.0000000        0.04832239        0.00349177
