          11           4   2.0000000000000000                1
     0.0000000        1.56840562        0.10329418
     0.1000000        0.74772807        0.03084027
     0.2000000        0.37146471        0.03684314
     0.3000000        0.26463544        0.03639296
     0.4000000        0.27109106        0.02328293
     0.5000000        0.20346818        0.04681650
     0.6000000        0.12776189        0.02020545
     0.7000000        0.16651713        0.03412178
     0.8000000        0.17885678        0.03400619
     0.9000000        0.16889636        0.08152540
     1.0000000        0.22151855        0.13110647
