          31           4   6.0000000000000000                1
     0.0000000        0.19872177        0.01283155
     0.1000000        0.12040373        0.01584060
     0.2000000        0.07840642        0.00773078
     0.3000000        0.05986746        0.00968784
     0.4000000        0.03951852        0.01453188
     0.5000000        0.02453911        0.01640653
     0.6000000        0.01653955        0.01248679
     0.7000000        0.00662507        0.01194312
     0.8000000        0.00749532        0.00909782
     0.9000000        0.00706106        0.01121163
     1.0000000        0.00735068        0.00884315
     1.1000000        0.00740385        0.00671436
     1.2000000       -0.00125746        0.00613008
     1.3000000        0.00439380        0.00367476
     1.4000000       -0.00175094        0.00625328
     1.5000000        0.00218120        0.00509935
     1.6000000        0.00787887        0.00788839
     1.7000000       -0.00154207        0.00952881
     1.8000000        0.00221246        0.00874410
     1.9000000       -0.00459034        0.00812544
     2.0000000       -0.00444758        0.00787025
     2.1000000       -0.00294855        0.00694956
     2.2000000        0.00450765        0.00468426
     2.3000000        0.00100874        0.00467067
     2.4000000        0.00544222        0.00843741
     2.5000000        0.00462805        0.00979162
     2.6000000       -0.00229711        0.01037594
     2.7000000       -0.00432094        0.01205306
     2.8000000       -0.00732970        0.01044855
     2.9000000       -0.01038191        0.00827327
     3.0000000       -0.00871642        0.01105932
