          61           9   12.000000000000000                1
     0.0000000        0.26051446        0.01608938
     0.1000000        0.15457269        0.01538281
     0.2000000        0.09558200        0.01371582
     0.3000000        0.06297092        0.01202449
     0.4000000        0.04184914        0.01055636
     0.5000000        0.02874029        0.00999483
     0.6000000        0.02182921        0.00965463
     0.7000000        0.01849778        0.00884991
     0.8000000        0.01446521        0.00832316
     0.9000000        0.00944128        0.00792530
     1.0000000        0.00549663        0.00789076
     1.1000000        0.00211421        0.00820160
     1.2000000       -0.00010797        0.00788979
     1.3000000       -0.00103852        0.00716131
     1.4000000       -0.00158162        0.00779167
     1.5000000       -0.00256022        0.00891792
     1.6000000       -0.00279385        0.00898276
     1.7000000       -0.00193456        0.00841061
     1.8000000       -0.00001997        0.00847841
     1.9000000        0.00311847        0.00792786
     2.0000000        0.00484455        0.00686791
     2.1000000        0.00273174        0.00567175
     2.2000000       -0.00094204        0.00504716
     2.3000000       -0.00463832        0.00556051
     2.4000000       -0.00853148        0.00625798
     2.5000000       -0.00961502        0.00667071
     2.6000000       -0.00836223        0.00614016
     2.7000000       -0.00654102        0.00587047
     2.8000000       -0.00496482        0.00647919
     2.9000000       -0.00450092        0.00736636
     3.0000000       -0.00338009        0.00790614
     3.1000000       -0.00091798        0.00798292
     3.2000000        0.00076747        0.00794248
     3.3000000        0.00218021        0.00874850
     3.4000000        0.00190513        0.00987351
     3.5000000       -0.00019103        0.01019269
     3.6000000       -0.00098130        0.00977048
     3.7000000       -0.00039929        0.00954672
     3.8000000        0.00084962        0.00960007
     3.9000000       -0.00018509        0.00971976
     4.0000000       -0.00202718        0.01025364
     4.1000000       -0.00275233        0.01054127
     4.2000000       -0.00300234        0.01036433
     4.3000000       -0.00126125        0.01034218
     4.4000000        0.00176115        0.01009480
     4.5000000        0.00388622        0.00992957
     4.6000000        0.00435408        0.00894587
     4.7000000        0.00505559        0.00736355
     4.8000000        0.00476406        0.00743548
     4.9000000        0.00521958        0.00875119
     5.0000000        0.00506197        0.00977995
     5.1000000        0.00380521        0.01058675
     5.2000000        0.00459469        0.01046876
     5.3000000        0.00463576        0.00981085
     5.4000000        0.00409274        0.00894609
     5.5000000        0.00265100        0.00875690
     5.6000000        0.00101781        0.00928723
     5.7000000        0.00073913        0.00963930
     5.8000000        0.00102074        0.01004357
     5.9000000        0.00130207        0.01092792
     6.0000000        0.00130884        0.01148611
