          41           4   4.0000000000000000                1
     0.0000000        1.92726539        0.00328808
     0.1000000        1.25710925        0.00775893
     0.2000000        0.82249945        0.00926260
     0.3000000        0.54809360        0.00417026
     0.4000000        0.36254852        0.00512069
     0.5000000        0.23729450        0.00591347
     0.6000000        0.16060313        0.00818323
     0.7000000        0.11753008        0.01491392
     0.8000000        0.07949336        0.00833479
     0.9000000        0.05562841        0.00771548
     1.0000000        0.04039870        0.00443449
     1.1000000        0.02640684        0.00263846
     1.2000000        0.03072793        0.00308580
     1.3000000        0.01597182        0.00690292
     1.4000000        0.01735834        0.00980064
     1.5000000        0.01346167        0.00297073
     1.6000000        0.01150928        0.00593001
     1.7000000        0.01846229        0.00758494
     1.8000000        0.01873976        0.00452581
     1.9000000        0.02090424        0.00468965
     2.0000000        0.01796700        0.00845795
     2.1000000        0.02261745        0.00702223
     2.2000000        0.01905010        0.00967848
     2.3000000        0.00679544        0.00409252
     2.4000000        0.00361045        0.00391836
     2.5000000        0.00622425        0.00426222
     2.6000000        0.00986198        0.00661682
     2.7000000        0.00314018        0.00449454
     2.8000000       -0.00246714        0.00292641
     2.9000000       -0.00421229        0.00876450
     3.0000000        0.00638686        0.00816342
     3.1000000        0.00675844        0.00890227
     3.2000000        0.00856655        0.01109785
     3.3000000        0.00634575        0.00588550
     3.4000000        0.00734751        0.00348658
     3.5000000        0.00769140        0.00410084
     3.6000000        0.01270933        0.00256617
     3.7000000        0.02163666        0.00644356
     3.8000000        0.03513386        0.01179967
     3.9000000        0.05142566        0.00728417
     4.0000000        0.07273461        0.00328808
