        1001           4   20.000000000000000                1
     0.0000000        0.10201351        0.02620820
     0.0100000        0.09639453        0.02929737
     0.0200000        0.09206435        0.03060296
     0.0300000        0.08790697        0.02978699
     0.0400000        0.08402977        0.03251304
     0.0500000        0.08318917        0.02769573
     0.0600000        0.08316535        0.02107524
     0.0700000        0.07851211        0.02114780
     0.0800000        0.07664086        0.01883739
     0.0900000        0.07257004        0.02140683
     0.1000000        0.05769432        0.03076644
     0.1100000        0.05350694        0.03505908
     0.1200000        0.04740511        0.04542641
     0.1300000        0.05267741        0.04472897
     0.1400000        0.04946988        0.04903029
     0.1500000        0.06080859        0.03287218
     0.1600000        0.05854957        0.03709275
     0.1700000        0.05501677        0.03509692
     0.1800000        0.04788326        0.03322141
     0.1900000        0.04602962        0.03195498
     0.2000000        0.03599190        0.02992286
     0.2100000        0.02559111        0.03330679
     0.2200000        0.03383819        0.02961479
     0.2300000        0.04294802        0.02022236
     0.2400000        0.02714684        0.03031491
     0.2500000        0.03072665        0.02929229
     0.2600000        0.02745877        0.03199820
     0.2700000        0.02895375        0.02520858
     0.2800000        0.02229136        0.03189350
     0.2900000        0.01331756        0.03548901
     0.3000000        0.01066671        0.03774850
     0.3100000        0.00128727        0.04178575
     0.3200000       -0.00079379        0.04602510
     0.3300000        0.00957189        0.04117633
     0.3400000        0.01027312        0.03818546
     0.3500000        0.00947618        0.03683365
     0.3600000       -0.00179092        0.04391484
     0.3700000        0.00398523        0.04674171
     0.3800000        0.00360558        0.04615020
     0.3900000        0.01648051        0.03596115
     0.4000000        0.02791314        0.02302483
     0.4100000        0.01473877        0.03005705
     0.4200000        0.00712426        0.03853029
     0.4300000        0.00690516        0.04808891
     0.4400000        0.01416926        0.03222240
     0.4500000        0.01539547        0.03142925
     0.4600000        0.01306120        0.03511941
     0.4700000        0.00974053        0.03492674
     0.4800000        0.01282925        0.02371754
     0.4900000       -0.00129195        0.03497380
     0.5000000        0.02001968        0.01087680
     0.5100000        0.01387205        0.01148865
     0.5200000        0.01152283        0.01031836
     0.5300000        0.01726374        0.00916144
     0.5400000        0.01061554        0.01617526
     0.5500000        0.01771147        0.01202043
     0.5600000        0.01301602        0.01451333
     0.5700000        0.01714463        0.01361218
     0.5800000        0.01909969        0.01594884
     0.5900000       -0.00291452        0.02390457
     0.6000000       -0.00127580        0.02396475
     0.6100000        0.00011194        0.01693404
     0.6200000       -0.00736472        0.02465090
     0.6300000       -0.02057550        0.03311723
     0.6400000       -0.02414742        0.04111529
     0.6500000       -0.04347788        0.04955101
     0.6600000       -0.03352020        0.03504706
     0.6700000       -0.05343778        0.05260682
     0.6800000       -0.04989720        0.04627562
     0.6900000       -0.03075515        0.03128939
     0.7000000       -0.03032450        0.03637742
     0.7100000       -0.05372738        0.05763656
     0.7200000       -0.04182535        0.04817225
     0.7300000       -0.06332165        0.06396389
     0.7400000       -0.09382354        0.10567974
     0.7500000       -0.07538104        0.07303112
     0.7600000       -0.08237949        0.08975664
     0.7700000       -0.02732662        0.05775686
     0.7800000        0.00055665        0.05878092
     0.7900000       -0.00435777        0.05216916
     0.8000000       -0.02589843        0.06122064
     0.8100000       -0.03447712        0.06240907
     0.8200000       -0.03373529        0.06436240
     0.8300000       -0.00427524        0.07829050
     0.8400000       -0.01289989        0.08444339
     0.8500000       -0.00616822        0.09404643
     0.8600000       -0.00972885        0.10762470
     0.8700000       -0.01261162        0.11399452
     0.8800000       -0.00409237        0.14607446
     0.8900000        0.03528188        0.13615978
     0.9000000       -0.00446661        0.09393112
     0.9100000       -0.01739750        0.09011032
     0.9200000       -0.02110096        0.07565166
     0.9300000       -0.03966433        0.08589419
     0.9400000       -0.05834455        0.09035306
     0.9500000       -0.07209573        0.10795982
     0.9600000       -0.06019247        0.08439624
     0.9700000       -0.07285132        0.09964290
     0.9800000       -0.08763203        0.12245611
     0.9900000       -0.07175214        0.09433877
     1.0000000       -0.04852479        0.05566824
     1.0100000       -0.06975170        0.06005066
     1.0200000       -0.04455701        0.03522824
     1.0300000       -0.04537490        0.03435437
     1.0400000       -0.00114787        0.01327986
     1.0500000       -0.02524822        0.01882450
     1.0600000       -0.03090170        0.02163459
     1.0700000       -0.02218933        0.04141450
     1.0800000       -0.00988608        0.04530643
     1.0900000        0.04717650        0.08428517
     1.1000000        0.04216916        0.07890964
     1.1100000        0.05651521        0.09954061
     1.1200000        0.05027395        0.12331603
     1.1300000        0.04533143        0.11723508
     1.1400000       -0.00855921        0.07191230
     1.1500000        0.01788774        0.06004432
     1.1600000        0.00269382        0.04735048
     1.1700000       -0.01804338        0.04461323
     1.1800000       -0.04292198        0.04327273
     1.1900000       -0.02875082        0.03166275
     1.2000000       -0.00887721        0.00982265
     1.2100000       -0.01986338        0.01344275
     1.2200000        0.00957976        0.01228939
     1.2300000       -0.00317729        0.01646126
     1.2400000       -0.03325258        0.04882322
     1.2500000       -0.00722336        0.02117456
     1.2600000       -0.00735282        0.02157388
     1.2700000        0.00272949        0.00592893
     1.2800000       -0.02948753        0.03365730
     1.2900000       -0.03758957        0.03607762
     1.3000000       -0.04698959        0.03140880
     1.3100000       -0.05633454        0.04213588
     1.3200000       -0.01409353        0.01027814
     1.3300000       -0.02731419        0.01079757
     1.3400000       -0.01103315        0.00847897
     1.3500000       -0.01122090        0.00841046
     1.3600000        0.01285093        0.02599304
     1.3700000        0.02674264        0.04625576
     1.3800000        0.00115812        0.03511043
     1.3900000        0.03033886        0.07520462
     1.4000000        0.05138140        0.08758397
     1.4100000        0.01945950        0.11481661
     1.4200000        0.02983909        0.02147634
     1.4300000        0.05378755        0.06173059
     1.4400000        0.16675556        0.19353235
     1.4500000        0.15392544        0.18061800
     1.4600000        0.11063362        0.12983419
     1.4700000        0.06893030        0.09494216
     1.4800000        0.05323145        0.08488825
     1.4900000        0.08188973        0.10915932
     1.5000000        0.09340424        0.12655286
     1.5100000        0.05207983        0.10469182
     1.5200000        0.05665589        0.13421120
     1.5300000        0.05427244        0.10036637
     1.5400000        0.09369456        0.11133155
     1.5500000        0.04250820        0.04878845
     1.5600000        0.08667635        0.10215147
     1.5700000        0.06146848        0.07413104
     1.5800000        0.09494043        0.10098239
     1.5900000        0.08911836        0.08528762
     1.6000000        0.04938437        0.03758016
     1.6100000        0.03149040        0.02352599
     1.6200000        0.04083266        0.03027337
     1.6300000        0.06295104        0.04701132
     1.6400000        0.04367654        0.03273189
     1.6500000        0.03963487        0.03333730
     1.6600000        0.04479308        0.04445146
     1.6700000        0.05589020        0.06321463
     1.6800000        0.03571899        0.04153390
     1.6900000        0.03063744        0.03478135
     1.7000000        0.04626783        0.04484326
     1.7100000        0.02906018        0.03084518
     1.7200000        0.06654592        0.07563764
     1.7300000        0.04272642        0.05368929
     1.7400000        0.03108108        0.04297061
     1.7500000        0.02214916        0.02992658
     1.7600000        0.01419441        0.01838726
     1.7700000        0.00444085        0.00753525
     1.7800000        0.00723920        0.00774891
     1.7900000        0.01387484        0.01938997
     1.8000000        0.01029812        0.01396755
     1.8100000       -0.00932795        0.01110634
     1.8200000       -0.00756366        0.00961829
     1.8300000       -0.00929692        0.00961906
     1.8400000       -0.01284094        0.01459448
     1.8500000       -0.01629010        0.01535065
     1.8600000       -0.01242530        0.01133877
     1.8700000       -0.01444892        0.01250771
     1.8800000       -0.00994686        0.00708721
     1.8900000       -0.01095692        0.00885934
     1.9000000       -0.00872387        0.00629756
     1.9100000       -0.01110396        0.00929365
     1.9200000       -0.00406072        0.00172329
     1.9300000       -0.00373555        0.00161354
     1.9400000       -0.00545782        0.00327096
     1.9500000       -0.00644537        0.00564232
     1.9600000       -0.00483600        0.00429447
     1.9700000       -0.00402670        0.00338048
     1.9800000       -0.00238024        0.00156003
     1.9900000       -0.00398151        0.00283427
     2.0000000       -0.00439268        0.00489335
     2.0100000       -0.00146200        0.00218614
     2.0200000       -0.00269716        0.00316774
     2.0300000       -0.00143064        0.00307785
     2.0400000       -0.00115325        0.00467970
     2.0500000       -0.00304968        0.00678571
     2.0600000       -0.00254505        0.00635011
     2.0700000       -0.00596667        0.00783150
     2.0800000       -0.00635487        0.00707762
     2.0900000       -0.00605101        0.00764722
     2.1000000       -0.00661072        0.00723503
     2.1100000       -0.00826403        0.00879093
     2.1200000       -0.00691009        0.00676382
     2.1300000       -0.00855613        0.00730478
     2.1400000       -0.00785418        0.00758951
     2.1500000       -0.01020346        0.01024064
     2.1600000       -0.01310694        0.01284645
     2.1700000       -0.00846754        0.00912000
     2.1800000       -0.00236031        0.00474139
     2.1900000       -0.00420005        0.00453484
     2.2000000       -0.00433229        0.00363984
     2.2100000       -0.00412203        0.00311530
     2.2200000       -0.00281414        0.00349135
     2.2300000       -0.00319585        0.00346933
     2.2400000       -0.00251768        0.00515928
     2.2500000       -0.00700983        0.00375786
     2.2600000       -0.01289168        0.00638515
     2.2700000       -0.01773369        0.00979130
     2.2800000       -0.01748340        0.00963921
     2.2900000       -0.02013397        0.01176630
     2.3000000       -0.02048963        0.01225831
     2.3100000       -0.01926616        0.01067663
     2.3200000       -0.02099727        0.01493299
     2.3300000       -0.01724539        0.01076929
     2.3400000       -0.01672495        0.01047729
     2.3500000       -0.01873949        0.01096698
     2.3600000       -0.01676333        0.00904604
     2.3700000       -0.01328276        0.00552661
     2.3800000       -0.01163945        0.00498582
     2.3900000       -0.01549230        0.00669182
     2.4000000       -0.01286046        0.00548276
     2.4100000       -0.00959804        0.00374873
     2.4200000       -0.01111877        0.00471302
     2.4300000       -0.01192254        0.00546915
     2.4400000       -0.01102090        0.00511563
     2.4500000       -0.01591051        0.00929785
     2.4600000       -0.01239940        0.00544236
     2.4700000       -0.01411915        0.00673570
     2.4800000       -0.01184533        0.00594599
     2.4900000       -0.01461199        0.01014561
     2.5000000       -0.01646638        0.01260422
     2.5100000       -0.01521282        0.01070758
     2.5200000       -0.01565757        0.01130126
     2.5300000       -0.01707851        0.01342535
     2.5400000       -0.02555424        0.02309327
     2.5500000       -0.02828828        0.02703741
     2.5600000       -0.02441393        0.02279217
     2.5700000       -0.02821728        0.02736530
     2.5800000       -0.03173937        0.03184865
     2.5900000       -0.03638037        0.03664994
     2.6000000       -0.02863770        0.02788608
     2.6100000       -0.01651920        0.01361242
     2.6200000       -0.01514025        0.01056936
     2.6300000       -0.01386796        0.00888284
     2.6400000       -0.01325997        0.00740480
     2.6500000       -0.01244450        0.00641787
     2.6600000       -0.01147090        0.00593733
     2.6700000       -0.00921990        0.00447477
     2.6800000       -0.01089030        0.00506274
     2.6900000       -0.01158090        0.00515245
     2.7000000       -0.01124014        0.00529033
     2.7100000       -0.01192180        0.00636210
     2.7200000       -0.01280491        0.00682360
     2.7300000       -0.01081857        0.00536673
     2.7400000       -0.00981168        0.00463570
     2.7500000       -0.01027465        0.00451723
     2.7600000       -0.00880893        0.00406123
     2.7700000       -0.00963907        0.00510082
     2.7800000       -0.00852825        0.00389903
     2.7900000       -0.00854529        0.00395558
     2.8000000       -0.00759369        0.00318133
     2.8100000       -0.00690982        0.00313913
     2.8200000       -0.00704048        0.00350046
     2.8300000       -0.00623688        0.00325003
     2.8400000       -0.00609529        0.00431638
     2.8500000       -0.00644032        0.00441479
     2.8600000       -0.00683765        0.00352165
     2.8700000       -0.00681587        0.00347329
     2.8800000       -0.00381753        0.00237690
     2.8900000       -0.00451829        0.00312221
     2.9000000       -0.00416519        0.00276789
     2.9100000       -0.00324709        0.00235630
     2.9200000       -0.00343472        0.00171490
     2.9300000       -0.00165793        0.00178315
     2.9400000       -0.00193744        0.00184975
     2.9500000        0.00049391        0.00127735
     2.9600000       -0.00057798        0.00420764
     2.9700000       -0.00004036        0.00346566
     2.9800000       -0.00013263        0.00318733
     2.9900000        0.00146030        0.00389627
     3.0000000        0.00074640        0.00317981
     3.0100000       -0.00181765        0.00183206
     3.0200000       -0.00146842        0.00163535
     3.0300000        0.00054600        0.00224404
     3.0400000        0.00016908        0.00197133
     3.0500000        0.00038602        0.00165576
     3.0600000       -0.00007631        0.00191232
     3.0700000        0.00174342        0.00244813
     3.0800000        0.00174325        0.00216282
     3.0900000        0.00124186        0.00198479
     3.1000000        0.00080130        0.00115786
     3.1100000       -0.00060324        0.00031383
     3.1200000       -0.00035656        0.00030125
     3.1300000       -0.00065835        0.00052874
     3.1400000       -0.00145808        0.00029514
     3.1500000       -0.00260238        0.00111756
     3.1600000       -0.00118216        0.00082320
     3.1700000       -0.00153317        0.00075375
     3.1800000       -0.00255810        0.00133695
     3.1900000       -0.00239227        0.00109411
     3.2000000       -0.00214056        0.00110280
     3.2100000       -0.00078478        0.00121477
     3.2200000       -0.00080220        0.00271299
     3.2300000       -0.00023080        0.00269889
     3.2400000       -0.00024327        0.00240173
     3.2500000        0.00069187        0.00278796
     3.2600000        0.00074832        0.00352450
     3.2700000        0.00043850        0.00263492
     3.2800000        0.00069555        0.00153521
     3.2900000        0.00008259        0.00161172
     3.3000000       -0.00077485        0.00147877
     3.3100000        0.00126401        0.00190378
     3.3200000        0.00001685        0.00067549
     3.3300000        0.00017713        0.00064834
     3.3400000       -0.00009751        0.00074745
     3.3500000       -0.00086027        0.00105764
     3.3600000       -0.00179642        0.00164201
     3.3700000       -0.00078800        0.00114916
     3.3800000       -0.00076504        0.00095571
     3.3900000       -0.00077126        0.00110594
     3.4000000       -0.00005441        0.00034020
     3.4100000       -0.00061057        0.00144198
     3.4200000        0.00034452        0.00102082
     3.4300000       -0.00100580        0.00127642
     3.4400000       -0.00109528        0.00124170
     3.4500000       -0.00033849        0.00035141
     3.4600000       -0.00009203        0.00027201
     3.4700000        0.00000898        0.00048754
     3.4800000       -0.00056978        0.00071302
     3.4900000        0.00023474        0.00036441
     3.5000000        0.00023313        0.00032207
     3.5100000        0.00061575        0.00066047
     3.5200000        0.00136100        0.00119174
     3.5300000        0.00141868        0.00123179
     3.5400000        0.00174337        0.00114797
     3.5500000        0.00060316        0.00085441
     3.5600000        0.00114724        0.00082916
     3.5700000        0.00092354        0.00095866
     3.5800000        0.00065745        0.00061542
     3.5900000        0.00069721        0.00100851
     3.6000000       -0.00033325        0.00197643
     3.6100000       -0.00082478        0.00138989
     3.6200000       -0.00114412        0.00117962
     3.6300000        0.00010895        0.00049498
     3.6400000        0.00060544        0.00057907
     3.6500000        0.00042471        0.00073805
     3.6600000        0.00067486        0.00084675
     3.6700000        0.00042032        0.00106135
     3.6800000        0.00015798        0.00126465
     3.6900000        0.00021785        0.00103030
     3.7000000        0.00024933        0.00105848
     3.7100000        0.00061432        0.00106793
     3.7200000        0.00076700        0.00043302
     3.7300000        0.00068636        0.00061726
     3.7400000        0.00028116        0.00129693
     3.7500000        0.00026704        0.00104491
     3.7600000       -0.00059821        0.00208639
     3.7700000       -0.00036212        0.00119906
     3.7800000       -0.00141147        0.00244381
     3.7900000       -0.00159782        0.00233030
     3.8000000       -0.00097281        0.00134812
     3.8100000       -0.00014295        0.00062020
     3.8200000        0.00022299        0.00047655
     3.8300000       -0.00074026        0.00171164
     3.8400000       -0.00063712        0.00166567
     3.8500000       -0.00106758        0.00208347
     3.8600000       -0.00086459        0.00179842
     3.8700000       -0.00116937        0.00204267
     3.8800000       -0.00062677        0.00123113
     3.8900000       -0.00103135        0.00119481
     3.9000000       -0.00159419        0.00178212
     3.9100000       -0.00229314        0.00243195
     3.9200000       -0.00246515        0.00292807
     3.9300000       -0.00211221        0.00219238
     3.9400000       -0.00192943        0.00204549
     3.9500000       -0.00209285        0.00231378
     3.9600000       -0.00183883        0.00218966
     3.9700000       -0.00097924        0.00097283
     3.9800000       -0.00110797        0.00129844
     3.9900000       -0.00021091        0.00036519
     4.0000000       -0.00006067        0.00046638
     4.0100000        0.00020592        0.00080652
     4.0200000        0.00014270        0.00075082
     4.0300000       -0.00052938        0.00064380
     4.0400000       -0.00027529        0.00085554
     4.0500000       -0.00016539        0.00073259
     4.0600000        0.00040476        0.00099915
     4.0700000        0.00043315        0.00088948
     4.0800000        0.00057432        0.00105489
     4.0900000        0.00081581        0.00120227
     4.1000000        0.00049589        0.00090068
     4.1100000        0.00042685        0.00058391
     4.1200000        0.00048953        0.00065451
     4.1300000       -0.00018358        0.00064663
     4.1400000        0.00008123        0.00036719
     4.1500000        0.00015168        0.00058226
     4.1600000        0.00008563        0.00076270
     4.1700000        0.00024476        0.00086441
     4.1800000        0.00042160        0.00048746
     4.1900000        0.00011873        0.00020433
     4.2000000        0.00010512        0.00025444
     4.2100000       -0.00002303        0.00006480
     4.2200000       -0.00074620        0.00033327
     4.2300000       -0.00099965        0.00075482
     4.2400000       -0.00129232        0.00098474
     4.2500000       -0.00108488        0.00092023
     4.2600000       -0.00116698        0.00073912
     4.2700000       -0.00121519        0.00095280
     4.2800000       -0.00104471        0.00072828
     4.2900000       -0.00109066        0.00079527
     4.3000000       -0.00063659        0.00055371
     4.3100000       -0.00089796        0.00053412
     4.3200000       -0.00110306        0.00066051
     4.3300000       -0.00107201        0.00077100
     4.3400000       -0.00107780        0.00109861
     4.3500000       -0.00149705        0.00142157
     4.3600000       -0.00175972        0.00158285
     4.3700000       -0.00159316        0.00159329
     4.3800000       -0.00144155        0.00157386
     4.3900000       -0.00118773        0.00145652
     4.4000000       -0.00154730        0.00194107
     4.4100000       -0.00188172        0.00219064
     4.4200000       -0.00164239        0.00194668
     4.4300000       -0.00140215        0.00167095
     4.4400000       -0.00167755        0.00203544
     4.4500000       -0.00226371        0.00272811
     4.4600000       -0.00169677        0.00201614
     4.4700000       -0.00131854        0.00145158
     4.4800000       -0.00095613        0.00114729
     4.4900000       -0.00043634        0.00060770
     4.5000000       -0.00036544        0.00063303
     4.5100000       -0.00019936        0.00044127
     4.5200000       -0.00049933        0.00057453
     4.5300000       -0.00073098        0.00095137
     4.5400000       -0.00048758        0.00063213
     4.5500000       -0.00038550        0.00051570
     4.5600000       -0.00053192        0.00070622
     4.5700000       -0.00068139        0.00094299
     4.5800000       -0.00019450        0.00038696
     4.5900000        0.00020624        0.00013201
     4.6000000        0.00045540        0.00036135
     4.6100000       -0.00007603        0.00023906
     4.6200000       -0.00006587        0.00019435
     4.6300000       -0.00022013        0.00042811
     4.6400000       -0.00001433        0.00018714
     4.6500000        0.00009615        0.00008200
     4.6600000        0.00010198        0.00015237
     4.6700000        0.00034988        0.00029638
     4.6800000        0.00048733        0.00043137
     4.6900000        0.00013379        0.00017172
     4.7000000        0.00022350        0.00022403
     4.7100000       -0.00007443        0.00007814
     4.7200000       -0.00018489        0.00023358
     4.7300000       -0.00030706        0.00036020
     4.7400000       -0.00028056        0.00035831
     4.7500000       -0.00003016        0.00015923
     4.7600000       -0.00006217        0.00025164
     4.7700000       -0.00001766        0.00031995
     4.7800000       -0.00001202        0.00015729
     4.7900000       -0.00016378        0.00029870
     4.8000000       -0.00025466        0.00042711
     4.8100000       -0.00014563        0.00022912
     4.8200000       -0.00022918        0.00023465
     4.8300000       -0.00028456        0.00021238
     4.8400000       -0.00028674        0.00024443
     4.8500000       -0.00023124        0.00026960
     4.8600000       -0.00025605        0.00022973
     4.8700000       -0.00022498        0.00027561
     4.8800000       -0.00013395        0.00025198
     4.8900000        0.00003440        0.00024216
     4.9000000        0.00005534        0.00031391
     4.9100000        0.00015600        0.00015880
     4.9200000        0.00010172        0.00012822
     4.9300000        0.00003909        0.00017633
     4.9400000        0.00003195        0.00013824
     4.9500000        0.00000508        0.00018380
     4.9600000        0.00003358        0.00017436
     4.9700000       -0.00015555        0.00014258
     4.9800000       -0.00006961        0.00012143
     4.9900000        0.00008184        0.00009705
     5.0000000        0.00003391        0.00009212
     5.0100000        0.00012472        0.00000573
     5.0200000        0.00005488        0.00009136
     5.0300000        0.00009523        0.00005029
     5.0400000        0.00006960        0.00009116
     5.0500000        0.00000760        0.00004095
     5.0600000        0.00001572        0.00008078
     5.0700000        0.00001571        0.00006264
     5.0800000        0.00008052        0.00015196
     5.0900000        0.00011048        0.00013275
     5.1000000        0.00011731        0.00012515
     5.1100000        0.00012137        0.00012828
     5.1200000        0.00014797        0.00021454
     5.1300000        0.00011019        0.00034860
     5.1400000        0.00003475        0.00047174
     5.1500000       -0.00000413        0.00051647
     5.1600000        0.00003828        0.00040491
     5.1700000        0.00015115        0.00040808
     5.1800000        0.00030198        0.00058268
     5.1900000        0.00054443        0.00090702
     5.2000000        0.00028205        0.00065786
     5.2100000        0.00037546        0.00063281
     5.2200000        0.00026206        0.00065795
     5.2300000        0.00006757        0.00058286
     5.2400000       -0.00000903        0.00053588
     5.2500000       -0.00003107        0.00040887
     5.2600000        0.00000810        0.00027854
     5.2700000       -0.00006497        0.00029290
     5.2800000       -0.00002714        0.00028034
     5.2900000       -0.00017537        0.00031662
     5.3000000       -0.00018837        0.00034109
     5.3100000       -0.00004196        0.00029394
     5.3200000       -0.00003704        0.00030275
     5.3300000       -0.00003668        0.00030904
     5.3400000       -0.00009575        0.00029307
     5.3500000       -0.00005687        0.00021128
     5.3600000       -0.00011686        0.00017016
     5.3700000       -0.00012124        0.00015277
     5.3800000       -0.00007961        0.00014981
     5.3900000       -0.00009569        0.00014942
     5.4000000       -0.00010335        0.00007412
     5.4100000       -0.00013488        0.00006938
     5.4200000       -0.00027645        0.00022913
     5.4300000       -0.00007571        0.00007605
     5.4400000       -0.00007196        0.00007630
     5.4500000       -0.00012167        0.00008183
     5.4600000       -0.00015335        0.00010791
     5.4700000       -0.00007269        0.00025378
     5.4800000       -0.00008340        0.00017150
     5.4900000       -0.00010721        0.00014609
     5.5000000       -0.00007655        0.00017112
     5.5100000       -0.00017090        0.00021225
     5.5200000       -0.00015944        0.00017360
     5.5300000       -0.00022239        0.00020377
     5.5400000       -0.00024081        0.00026248
     5.5500000       -0.00014130        0.00021535
     5.5600000       -0.00018459        0.00019810
     5.5700000       -0.00010716        0.00011366
     5.5800000       -0.00008830        0.00007798
     5.5900000       -0.00015629        0.00008087
     5.6000000       -0.00017815        0.00007858
     5.6100000       -0.00003399        0.00003739
     5.6200000       -0.00000201        0.00007066
     5.6300000       -0.00004898        0.00006632
     5.6400000        0.00000384        0.00008724
     5.6500000       -0.00001243        0.00007258
     5.6600000        0.00000025        0.00006765
     5.6700000        0.00000187        0.00005722
     5.6800000       -0.00001808        0.00004685
     5.6900000       -0.00000064        0.00006222
     5.7000000       -0.00001007        0.00001750
     5.7100000        0.00002254        0.00005590
     5.7200000        0.00002279        0.00006426
     5.7300000       -0.00001789        0.00004809
     5.7400000       -0.00007737        0.00003815
     5.7500000       -0.00008686        0.00003463
     5.7600000       -0.00001257        0.00007806
     5.7700000       -0.00005536        0.00004747
     5.7800000       -0.00001775        0.00006526
     5.7900000        0.00002929        0.00005647
     5.8000000        0.00003677        0.00006429
     5.8100000       -0.00011615        0.00008522
     5.8200000        0.00005788        0.00005267
     5.8300000       -0.00002424        0.00012104
     5.8400000       -0.00011022        0.00015265
     5.8500000       -0.00014856        0.00019641
     5.8600000       -0.00011142        0.00017199
     5.8700000       -0.00010559        0.00011874
     5.8800000       -0.00014338        0.00009129
     5.8900000       -0.00001616        0.00009670
     5.9000000        0.00004447        0.00011674
     5.9100000        0.00010250        0.00010640
     5.9200000        0.00009820        0.00010831
     5.9300000        0.00008148        0.00006323
     5.9400000        0.00002981        0.00007043
     5.9500000        0.00006637        0.00008430
     5.9600000        0.00003979        0.00008483
     5.9700000        0.00003397        0.00012239
     5.9800000        0.00003946        0.00010194
     5.9900000        0.00001784        0.00007407
     6.0000000       -0.00003398        0.00007854
     6.0100000        0.00000198        0.00010209
     6.0200000        0.00002077        0.00007967
     6.0300000        0.00004407        0.00005473
     6.0400000       -0.00000516        0.00006219
     6.0500000        0.00000987        0.00004790
     6.0600000        0.00002186        0.00006172
     6.0700000       -0.00004769        0.00004122
     6.0800000       -0.00006967        0.00003485
     6.0900000       -0.00005473        0.00004849
     6.1000000       -0.00005272        0.00004900
     6.1100000       -0.00009470        0.00004756
     6.1200000       -0.00008763        0.00004312
     6.1300000       -0.00011030        0.00004038
     6.1400000       -0.00009401        0.00004436
     6.1500000       -0.00006837        0.00004032
     6.1600000       -0.00007593        0.00002914
     6.1700000       -0.00008468        0.00003714
     6.1800000       -0.00006646        0.00004067
     6.1900000       -0.00009686        0.00005027
     6.2000000       -0.00010102        0.00005832
     6.2100000       -0.00010377        0.00005700
     6.2200000       -0.00013291        0.00005961
     6.2300000       -0.00012911        0.00007628
     6.2400000       -0.00016772        0.00012350
     6.2500000       -0.00015017        0.00010723
     6.2600000       -0.00013125        0.00010688
     6.2700000       -0.00016657        0.00016062
     6.2800000       -0.00019742        0.00019843
     6.2900000       -0.00018206        0.00016225
     6.3000000       -0.00015652        0.00012958
     6.3100000       -0.00019249        0.00014140
     6.3200000       -0.00020923        0.00015285
     6.3300000       -0.00017960        0.00011100
     6.3400000       -0.00019273        0.00013109
     6.3500000       -0.00019825        0.00012853
     6.3600000       -0.00020982        0.00009576
     6.3700000       -0.00020868        0.00008658
     6.3800000       -0.00018938        0.00008559
     6.3900000       -0.00018782        0.00008992
     6.4000000       -0.00017622        0.00008367
     6.4100000       -0.00017887        0.00008791
     6.4200000       -0.00015894        0.00005611
     6.4300000       -0.00014710        0.00004976
     6.4400000       -0.00011567        0.00003216
     6.4500000       -0.00011936        0.00003385
     6.4600000       -0.00012115        0.00005717
     6.4700000       -0.00012773        0.00005731
     6.4800000       -0.00012884        0.00007187
     6.4900000       -0.00012998        0.00006690
     6.5000000       -0.00013459        0.00006479
     6.5100000       -0.00012302        0.00005468
     6.5200000       -0.00010741        0.00004778
     6.5300000       -0.00010156        0.00005725
     6.5400000       -0.00011897        0.00006491
     6.5500000       -0.00012981        0.00006695
     6.5600000       -0.00013611        0.00007864
     6.5700000       -0.00015456        0.00009862
     6.5800000       -0.00016364        0.00011021
     6.5900000       -0.00013996        0.00008815
     6.6000000       -0.00015667        0.00009775
     6.6100000       -0.00012233        0.00005043
     6.6200000       -0.00017631        0.00007573
     6.6300000       -0.00016416        0.00004198
     6.6400000       -0.00016115        0.00006373
     6.6500000       -0.00013714        0.00003981
     6.6600000       -0.00012518        0.00004596
     6.6700000       -0.00013253        0.00006185
     6.6800000       -0.00010286        0.00004768
     6.6900000       -0.00008351        0.00003827
     6.7000000       -0.00008781        0.00005017
     6.7100000       -0.00008166        0.00004894
     6.7200000       -0.00006736        0.00003760
     6.7300000       -0.00009300        0.00007089
     6.7400000       -0.00008748        0.00008350
     6.7500000       -0.00004463        0.00004865
     6.7600000       -0.00004598        0.00006668
     6.7700000       -0.00006370        0.00010350
     6.7800000       -0.00004142        0.00007491
     6.7900000       -0.00005724        0.00011171
     6.8000000       -0.00003737        0.00008417
     6.8100000       -0.00002899        0.00006988
     6.8200000       -0.00001701        0.00006255
     6.8300000        0.00000180        0.00004325
     6.8400000       -0.00002902        0.00002220
     6.8500000       -0.00004092        0.00004116
     6.8600000        0.00000687        0.00003183
     6.8700000        0.00000821        0.00008935
     6.8800000       -0.00002338        0.00008355
     6.8900000       -0.00002791        0.00009868
     6.9000000       -0.00001311        0.00012187
     6.9100000        0.00001341        0.00010353
     6.9200000        0.00003149        0.00009544
     6.9300000        0.00004512        0.00010055
     6.9400000        0.00002703        0.00007822
     6.9500000        0.00002207        0.00007562
     6.9600000       -0.00000079        0.00004979
     6.9700000        0.00000865        0.00006696
     6.9800000       -0.00000397        0.00005133
     6.9900000       -0.00002493        0.00002522
     7.0000000       -0.00001054        0.00001511
     7.0100000        0.00000557        0.00002845
     7.0200000        0.00001482        0.00004885
     7.0300000        0.00003195        0.00006250
     7.0400000        0.00007273        0.00010530
     7.0500000        0.00006907        0.00009128
     7.0600000        0.00006614        0.00009242
     7.0700000        0.00007498        0.00011225
     7.0800000        0.00004650        0.00007927
     7.0900000        0.00007293        0.00010187
     7.1000000        0.00005556        0.00007541
     7.1100000        0.00002389        0.00003605
     7.1200000        0.00001634        0.00003624
     7.1300000       -0.00002177        0.00001565
     7.1400000       -0.00002938        0.00001722
     7.1500000       -0.00006265        0.00005930
     7.1600000       -0.00004932        0.00005150
     7.1700000       -0.00003369        0.00004342
     7.1800000       -0.00009698        0.00010363
     7.1900000       -0.00011776        0.00012320
     7.2000000       -0.00005513        0.00005246
     7.2100000       -0.00009485        0.00008695
     7.2200000       -0.00015475        0.00014926
     7.2300000       -0.00017502        0.00018280
     7.2400000       -0.00017450        0.00019019
     7.2500000       -0.00016768        0.00017565
     7.2600000       -0.00020249        0.00021983
     7.2700000       -0.00024386        0.00026842
     7.2800000       -0.00027988        0.00031485
     7.2900000       -0.00023412        0.00027187
     7.3000000       -0.00021364        0.00021904
     7.3100000       -0.00018170        0.00018331
     7.3200000       -0.00015257        0.00015743
     7.3300000       -0.00013462        0.00011928
     7.3400000       -0.00011438        0.00010279
     7.3500000       -0.00013517        0.00012894
     7.3600000       -0.00017696        0.00015661
     7.3700000       -0.00020600        0.00021049
     7.3800000       -0.00013237        0.00013494
     7.3900000       -0.00012205        0.00013127
     7.4000000       -0.00012021        0.00013401
     7.4100000       -0.00011673        0.00011996
     7.4200000       -0.00010912        0.00011097
     7.4300000       -0.00010354        0.00009989
     7.4400000       -0.00016422        0.00013115
     7.4500000       -0.00020104        0.00016632
     7.4600000       -0.00018792        0.00015267
     7.4700000       -0.00014306        0.00013185
     7.4800000       -0.00017771        0.00015658
     7.4900000       -0.00018454        0.00016903
     7.5000000       -0.00010954        0.00008336
     7.5100000       -0.00006688        0.00004787
     7.5200000       -0.00008371        0.00005936
     7.5300000       -0.00011287        0.00007797
     7.5400000       -0.00007435        0.00006064
     7.5500000       -0.00007054        0.00005157
     7.5600000       -0.00005841        0.00004992
     7.5700000       -0.00004113        0.00004297
     7.5800000       -0.00004963        0.00004246
     7.5900000       -0.00006337        0.00004760
     7.6000000       -0.00007794        0.00005192
     7.6100000       -0.00006000        0.00003782
     7.6200000       -0.00005926        0.00003559
     7.6300000       -0.00007590        0.00004799
     7.6400000       -0.00007930        0.00004893
     7.6500000       -0.00006941        0.00004274
     7.6600000       -0.00006586        0.00003943
     7.6700000       -0.00003871        0.00002413
     7.6800000       -0.00002705        0.00003231
     7.6900000        0.00000030        0.00002156
     7.7000000       -0.00000900        0.00002477
     7.7100000       -0.00001763        0.00001488
     7.7200000       -0.00001356        0.00001080
     7.7300000        0.00000766        0.00001458
     7.7400000        0.00000121        0.00001181
     7.7500000        0.00002015        0.00001868
     7.7600000        0.00000747        0.00000824
     7.7700000        0.00001601        0.00000901
     7.7800000        0.00000762        0.00001523
     7.7900000        0.00000911        0.00001214
     7.8000000        0.00002855        0.00002337
     7.8100000        0.00001374        0.00000966
     7.8200000        0.00001136        0.00000891
     7.8300000        0.00001230        0.00001127
     7.8400000        0.00001431        0.00001142
     7.8500000        0.00000156        0.00002269
     7.8600000       -0.00003391        0.00003539
     7.8700000       -0.00003466        0.00003956
     7.8800000       -0.00002556        0.00002627
     7.8900000       -0.00002948        0.00002725
     7.9000000       -0.00002535        0.00002947
     7.9100000       -0.00001060        0.00001665
     7.9200000       -0.00000751        0.00001317
     7.9300000       -0.00000178        0.00001080
     7.9400000        0.00000365        0.00000336
     7.9500000       -0.00001017        0.00001865
     7.9600000       -0.00001099        0.00003331
     7.9700000       -0.00001530        0.00003099
     7.9800000       -0.00002198        0.00003962
     7.9900000       -0.00002635        0.00004035
     8.0000000       -0.00003666        0.00004980
     8.0100000       -0.00005278        0.00007001
     8.0200000       -0.00004614        0.00005678
     8.0300000       -0.00005025        0.00007607
     8.0400000       -0.00005489        0.00007990
     8.0500000       -0.00005861        0.00009035
     8.0600000       -0.00007453        0.00010189
     8.0700000       -0.00007315        0.00009554
     8.0800000       -0.00007062        0.00008842
     8.0900000       -0.00007714        0.00009719
     8.1000000       -0.00007323        0.00009656
     8.1100000       -0.00009139        0.00011919
     8.1200000       -0.00011744        0.00014325
     8.1300000       -0.00010526        0.00013481
     8.1400000       -0.00010204        0.00013069
     8.1500000       -0.00009925        0.00012829
     8.1600000       -0.00008979        0.00012033
     8.1700000       -0.00008951        0.00011150
     8.1800000       -0.00006025        0.00007866
     8.1900000       -0.00005458        0.00006850
     8.2000000       -0.00004483        0.00005774
     8.2100000       -0.00003055        0.00003838
     8.2200000       -0.00001833        0.00002582
     8.2300000       -0.00002537        0.00002479
     8.2400000       -0.00002995        0.00003146
     8.2500000       -0.00005004        0.00004990
     8.2600000       -0.00006118        0.00006469
     8.2700000       -0.00004804        0.00004890
     8.2800000       -0.00007734        0.00008408
     8.2900000       -0.00008782        0.00009358
     8.3000000       -0.00009280        0.00009981
     8.3100000       -0.00007145        0.00007535
     8.3200000       -0.00009024        0.00009699
     8.3300000       -0.00006905        0.00007015
     8.3400000       -0.00006540        0.00006934
     8.3500000       -0.00007436        0.00007765
     8.3600000       -0.00005881        0.00005698
     8.3700000       -0.00004762        0.00004839
     8.3800000       -0.00006474        0.00007207
     8.3900000       -0.00005747        0.00006650
     8.4000000       -0.00002686        0.00003108
     8.4100000       -0.00004398        0.00005216
     8.4200000       -0.00005439        0.00006224
     8.4300000       -0.00004163        0.00004685
     8.4400000       -0.00004292        0.00004911
     8.4500000        0.00000618        0.00000604
     8.4600000        0.00001148        0.00001179
     8.4700000        0.00000187        0.00000175
     8.4800000        0.00000454        0.00000667
     8.4900000       -0.00000395        0.00000602
     8.5000000       -0.00000727        0.00001157
     8.5100000        0.00000239        0.00000178
     8.5200000        0.00001083        0.00000975
     8.5300000       -0.00001567        0.00001951
     8.5400000        0.00000353        0.00000310
     8.5500000        0.00006542        0.00007352
     8.5600000        0.00009937        0.00011172
     8.5700000        0.00008990        0.00009865
     8.5800000        0.00010468        0.00011870
     8.5900000        0.00008219        0.00009649
     8.6000000        0.00006712        0.00008090
     8.6100000        0.00006613        0.00008204
     8.6200000        0.00008420        0.00010026
     8.6300000        0.00007971        0.00009399
     8.6400000        0.00007426        0.00008487
     8.6500000        0.00007229        0.00008099
     8.6600000        0.00010134        0.00011282
     8.6700000        0.00011287        0.00012746
     8.6800000        0.00013381        0.00015152
     8.6900000        0.00012140        0.00013980
     8.7000000        0.00010828        0.00012429
     8.7100000        0.00009712        0.00011110
     8.7200000        0.00010622        0.00012191
     8.7300000        0.00012710        0.00014552
     8.7400000        0.00002415        0.00002715
     8.7500000        0.00005618        0.00006542
     8.7600000        0.00009620        0.00011147
     8.7700000       -0.00003273        0.00003937
     8.7800000       -0.00006458        0.00007370
     8.7900000       -0.00009828        0.00011314
     8.8000000       -0.00017898        0.00020534
     8.8100000       -0.00030724        0.00035437
     8.8200000       -0.00028228        0.00032481
     8.8300000       -0.00028337        0.00032611
     8.8400000       -0.00024896        0.00028625
     8.8500000       -0.00028541        0.00032923
     8.8600000       -0.00034823        0.00040212
     8.8700000       -0.00017363        0.00020065
     8.8800000       -0.00011667        0.00013558
     8.8900000       -0.00013635        0.00015882
     8.9000000       -0.00006720        0.00007929
     8.9100000       -0.00000627        0.00000908
     8.9200000       -0.00007147        0.00008375
     8.9300000       -0.00013534        0.00015749
     8.9400000       -0.00017291        0.00020124
     8.9500000       -0.00010448        0.00012142
     8.9600000        0.00003918        0.00004457
     8.9700000        0.00009105        0.00010390
     8.9800000        0.00002079        0.00002242
     8.9900000        0.00001440        0.00001492
     9.0000000        0.00013102        0.00014935
     9.0100000       -0.00004187        0.00004928
     9.0200000       -0.00021254        0.00024646
     9.0300000       -0.00021330        0.00024693
     9.0400000       -0.00034705        0.00040132
     9.0500000       -0.00056378        0.00065157
     9.0600000       -0.00026676        0.00030747
     9.0700000       -0.00035688        0.00041251
     9.0800000       -0.00028405        0.00032881
     9.0900000       -0.00034667        0.00040074
     9.1000000       -0.00027252        0.00031514
     9.1100000       -0.00022149        0.00025587
     9.1200000       -0.00026530        0.00030610
     9.1300000       -0.00022038        0.00025424
     9.1400000       -0.00028434        0.00032810
     9.1500000       -0.00021580        0.00024864
     9.1600000       -0.00028070        0.00032285
     9.1700000       -0.00026740        0.00030659
     9.1800000       -0.00024659        0.00028280
     9.1900000       -0.00024908        0.00028562
     9.2000000       -0.00027970        0.00032113
     9.2100000       -0.00028719        0.00033002
     9.2200000       -0.00028497        0.00032716
     9.2300000       -0.00030789        0.00035297
     9.2400000       -0.00025580        0.00029291
     9.2500000       -0.00038879        0.00044606
     9.2600000       -0.00035979        0.00041241
     9.2700000       -0.00027869        0.00031847
     9.2800000       -0.00042499        0.00048683
     9.2900000       -0.00030362        0.00034621
     9.3000000       -0.00029960        0.00034110
     9.3100000       -0.00015279        0.00016897
     9.3200000       -0.00013837        0.00015362
     9.3300000       -0.00011111        0.00012129
     9.3400000       -0.00010889        0.00011605
     9.3500000       -0.00011408        0.00012326
     9.3600000       -0.00012163        0.00013328
     9.3700000       -0.00009602        0.00010267
     9.3800000       -0.00008654        0.00009227
     9.3900000       -0.00009592        0.00010660
     9.4000000       -0.00005069        0.00005416
     9.4100000       -0.00006592        0.00007080
     9.4200000       -0.00007435        0.00008185
     9.4300000       -0.00013939        0.00015783
     9.4400000       -0.00017302        0.00019604
     9.4500000       -0.00016930        0.00019187
     9.4600000       -0.00012694        0.00014358
     9.4700000       -0.00015187        0.00017276
     9.4800000       -0.00013646        0.00015596
     9.4900000       -0.00015398        0.00017650
     9.5000000       -0.00014985        0.00017157
     9.5100000       -0.00012055        0.00013750
     9.5200000       -0.00010460        0.00011841
     9.5300000       -0.00009233        0.00010454
     9.5400000       -0.00007716        0.00008617
     9.5500000       -0.00006011        0.00006621
     9.5600000       -0.00007210        0.00008019
     9.5700000       -0.00009525        0.00010718
     9.5800000       -0.00009738        0.00010986
     9.5900000       -0.00011628        0.00013165
     9.6000000       -0.00016680        0.00018994
     9.6100000       -0.00012651        0.00014289
     9.6200000       -0.00009289        0.00010351
     9.6300000       -0.00007244        0.00008043
     9.6400000       -0.00009609        0.00010796
     9.6500000       -0.00007222        0.00008038
     9.6600000       -0.00004364        0.00004658
     9.6700000       -0.00003607        0.00003757
     9.6800000       -0.00004576        0.00004910
     9.6900000       -0.00005790        0.00006380
     9.7000000       -0.00007433        0.00008263
     9.7100000       -0.00007757        0.00008697
     9.7200000       -0.00004724        0.00005217
     9.7300000       -0.00006116        0.00006854
     9.7400000       -0.00008151        0.00009110
     9.7500000       -0.00006355        0.00007090
     9.7600000       -0.00007437        0.00008344
     9.7700000       -0.00009504        0.00010697
     9.7800000       -0.00008839        0.00009951
     9.7900000       -0.00008709        0.00009921
     9.8000000       -0.00008767        0.00009999
     9.8100000       -0.00007573        0.00008647
     9.8200000       -0.00006901        0.00007880
     9.8300000       -0.00002443        0.00002706
     9.8400000       -0.00002710        0.00002998
     9.8500000       -0.00003711        0.00004079
     9.8600000       -0.00006259        0.00006991
     9.8700000       -0.00008337        0.00009385
     9.8800000       -0.00009720        0.00011018
     9.8900000       -0.00007836        0.00008777
     9.9000000       -0.00010503        0.00011870
     9.9100000       -0.00009999        0.00011246
     9.9200000       -0.00006921        0.00007589
     9.9300000       -0.00007621        0.00008425
     9.9400000       -0.00008693        0.00009695
     9.9500000       -0.00008441        0.00009295
     9.9600000       -0.00009840        0.00010838
     9.9700000       -0.00009599        0.00010488
     9.9800000       -0.00009481        0.00010470
     9.9900000       -0.00010554        0.00011707
    10.0000000       -0.00009299        0.00010248
