          26           4   5.0000000000000000                1
     0.0000000        0.11174350        0.02716611
     0.1000000        0.08470465        0.02383299
     0.2000000        0.06748067        0.02168834
     0.3000000        0.05594945        0.02023848
     0.4000000        0.04670332        0.01887029
     0.5000000        0.03937786        0.01784257
     0.6000000        0.03354789        0.01626916
     0.7000000        0.02802153        0.01398037
     0.8000000        0.02285314        0.01225457
     0.9000000        0.01802394        0.01145683
     1.0000000        0.01480637        0.01054367
     1.1000000        0.01177469        0.00909101
     1.2000000        0.00813016        0.00865709
     1.3000000        0.00547061        0.00896581
     1.4000000        0.00371741        0.00890465
     1.5000000        0.00301021        0.00857258
     1.6000000        0.00265071        0.00783099
     1.7000000        0.00253740        0.00682304
     1.8000000        0.00324219        0.00576057
     1.9000000        0.00403958        0.00477230
     2.0000000        0.00371161        0.00475455
     2.1000000        0.00354048        0.00527721
     2.2000000        0.00414728        0.00529187
     2.3000000        0.00422478        0.00360912
     2.4000000        0.00380203        0.00253791
     2.5000000        0.00345243        0.00248766
