          21           4   4.0000000000000000                1
     0.0000000        0.80446256        0.00967905
     0.1000000        0.56754299        0.00815648
     0.2000000        0.41181852        0.00555672
     0.3000000        0.30203681        0.01250016
     0.4000000        0.22596293        0.01137697
     0.5000000        0.18421253        0.01075552
     0.6000000        0.15033459        0.00815224
     0.7000000        0.11634687        0.00798096
     0.8000000        0.09922814        0.00303622
     0.9000000        0.08516392        0.00332131
     1.0000000        0.06539801        0.01177050
     1.1000000        0.04937565        0.00944940
     1.2000000        0.04343802        0.00090527
     1.3000000        0.03726987        0.00714173
     1.4000000        0.03577264        0.01092052
     1.5000000        0.03954546        0.00694721
     1.6000000        0.04161712        0.00930453
     1.7000000        0.03543253        0.00597421
     1.8000000        0.03166967        0.01006868
     1.9000000        0.03156831        0.00556262
     2.0000000        0.03123278        0.00399533
