          61           9   6.0000000000000000                1
     0.0000000        0.55654524        0.00592398
     0.1000000        0.47046567        0.00529558
     0.2000000        0.41623832        0.00460180
     0.3000000        0.37116559        0.00397651
     0.4000000        0.33495073        0.00663048
     0.5000000        0.30584449        0.00617550
     0.6000000        0.28052958        0.00336211
     0.7000000        0.25451496        0.00561187
     0.8000000        0.23625588        0.00607738
     0.9000000        0.22201735        0.00850920
     1.0000000        0.20873638        0.00830417
     1.1000000        0.19947652        0.00548282
     1.2000000        0.19194473        0.00730681
     1.3000000        0.18172818        0.00700705
     1.4000000        0.17478393        0.00699963
     1.5000000        0.16317275        0.00645697
     1.6000000        0.15709542        0.00710758
     1.7000000        0.14751451        0.00882744
     1.8000000        0.13899105        0.00688839
     1.9000000        0.13842737        0.00805216
     2.0000000        0.13723524        0.00789853
     2.1000000        0.13989564        0.00913081
     2.2000000        0.14786993        0.00807800
     2.3000000        0.14496248        0.00920870
     2.4000000        0.14328018        0.00926801
     2.5000000        0.14385261        0.00866641
     2.6000000        0.14344242        0.00644061
     2.7000000        0.13938850        0.00669627
     2.8000000        0.14602761        0.00533502
     2.9000000        0.14994334        0.00622856
     3.0000000        0.15456595        0.00762830
     3.1000000        0.16106909        0.00738226
     3.2000000        0.16752173        0.00818822
     3.3000000        0.17470907        0.00791705
     3.4000000        0.19135190        0.01001698
     3.5000000        0.19940685        0.01079718
     3.6000000        0.21073638        0.00794136
     3.7000000        0.21932530        0.00828248
     3.8000000        0.23559112        0.01087599
     3.9000000        0.25630765        0.01167159
     4.0000000        0.27145438        0.01321316
     4.1000000        0.28896955        0.01219387
     4.2000000        0.31254174        0.01021734
     4.3000000        0.32243501        0.01109245
     4.4000000        0.34489426        0.00980575
     4.5000000        0.37239553        0.00785033
     4.6000000        0.40044381        0.00834155
     4.7000000        0.43484168        0.01016659
     4.8000000        0.46465103        0.00971007
     4.9000000        0.50013121        0.01051301
     5.0000000        0.54402109        0.00946513
     5.1000000        0.59273100        0.00793707
     5.2000000        0.64660713        0.01025194
     5.3000000        0.70536755        0.00877325
     5.4000000        0.76855555        0.01059333
     5.5000000        0.84312648        0.01056616
     5.6000000        0.92701348        0.00945706
     5.7000000        1.02115943        0.00834116
     5.8000000        1.13594414        0.00655431
     5.9000000        1.26999717        0.00792523
     6.0000000        1.44345476        0.00592398
