          26           4   5.0000000000000000                1
     0.0000000        1.94856540        0.13649361
     0.1000000        1.54950680        0.09899195
     0.2000000        1.31385688        0.08458969
     0.3000000        1.17610155        0.11122953
     0.4000000        1.07223960        0.12619538
     0.5000000        1.02216052        0.11962775
     0.6000000        1.00403795        0.13873384
     0.7000000        0.96383432        0.12059481
     0.8000000        0.89289078        0.12153098
     0.9000000        0.81938059        0.08614809
     1.0000000        0.82009804        0.11716333
     1.1000000        0.78952712        0.09812422
     1.2000000        0.77058804        0.11157517
     1.3000000        0.78436876        0.11397468
     1.4000000        0.74102244        0.10662137
     1.5000000        0.71028092        0.10191265
     1.6000000        0.71405300        0.10325812
     1.7000000        0.72588799        0.11429547
     1.8000000        0.70877585        0.11889061
     1.9000000        0.72187565        0.09447250
     2.0000000        0.68260459        0.14005766
     2.1000000        0.65584687        0.13433365
     2.2000000        0.66722569        0.14382942
     2.3000000        0.62048393        0.14077418
     2.4000000        0.59617523        0.15546970
     2.5000000        0.57733006        0.14972175
