          51           4   10.000000000000000                1
     0.0000000       -0.00167181        0.06952383
     0.1000000        0.01134107        0.04915030
     0.2000000        0.01234633        0.04556896
     0.3000000        0.09405752        0.02806554
     0.4000000        0.13314963        0.02222278
     0.5000000        0.14736877        0.06396751
     0.6000000       -0.02303465        0.09757234
     0.7000000        0.00196019        0.05581753
     0.8000000        0.07550375        0.02904958
     0.9000000        0.05539393        0.01359454
     1.0000000        0.09310287        0.05550111
     1.1000000        0.05350984        0.04181190
     1.2000000        0.03673809        0.06389563
     1.3000000        0.10401452        0.01910210
     1.4000000        0.09263990        0.04177915
     1.5000000        0.07879777        0.05336118
     1.6000000        0.07873478        0.05589498
     1.7000000        0.08227328        0.07154301
     1.8000000        0.11012161        0.07466925
     1.9000000        0.10222183        0.03549553
     2.0000000        0.13913120        0.02430777
     2.1000000        0.07992745        0.04057789
     2.2000000        0.05457229        0.06946371
     2.3000000        0.05649390        0.06961021
     2.4000000       -0.02188470        0.08563516
     2.5000000        0.05418659        0.06323015
     2.6000000       -0.01239858        0.03055274
     2.7000000        0.06000806        0.06379564
     2.8000000        0.04071441        0.03122828
     2.9000000        0.02391143        0.03674399
     3.0000000        0.01438893        0.03903876
     3.1000000        0.00028164        0.07933195
     3.2000000        0.03977213        0.08987880
     3.3000000        0.07090075        0.13588926
     3.4000000        0.05627898        0.04610577
     3.5000000        0.02539983        0.03678062
     3.6000000        0.01798274        0.05756904
     3.7000000        0.00125459        0.04536875
     3.8000000        0.04078788        0.04595331
     3.9000000        0.06890048        0.02577186
     4.0000000        0.04457517        0.03096984
     4.1000000        0.05322019        0.03189312
     4.2000000        0.04152363        0.01052926
     4.3000000        0.06666802        0.01864103
     4.4000000        0.07351452        0.02064675
     4.5000000        0.03650721        0.12151969
     4.6000000        0.02990004        0.11739455
     4.7000000        0.07973847        0.02340351
     4.8000000        0.09353612        0.04290517
     4.9000000        0.11624705        0.07969804
     5.0000000        0.07897930        0.05216691
