          51           5   10.000000000000000                1
     0.0000000        0.72033882        0.29122029
     0.1000000        0.68914253        0.14491423
     0.2000000        0.56780834        0.08949458
     0.3000000        0.42989846        0.03644055
     0.4000000        0.41586758        0.03181921
     0.5000000        0.39207445        0.09300418
     0.6000000        0.32698340        0.03847376
     0.7000000        0.39567368        0.11200380
     0.8000000        0.27838281        0.03467733
     0.9000000        0.11805349        0.01301850
     1.0000000        0.14818514        0.04013563
     1.1000000        0.12355541        0.02673855
     1.2000000        0.04799049        0.06022985
     1.3000000        0.06656733        0.03111274
     1.4000000       -0.03158695        0.05918297
     1.5000000        0.09494495        0.15658499
     1.6000000        0.12942139        0.06094500
     1.7000000        0.13665302        0.08006651
     1.8000000        0.22751718        0.18918330
     1.9000000        0.13489767        0.10536603
     2.0000000        0.14837571        0.17503243
     2.1000000       -0.12322785        0.09844009
     2.2000000       -0.16682616        0.15956461
     2.3000000       -0.05632431        0.06190016
     2.4000000       -0.01751336        0.01513625
     2.5000000        0.01801375        0.02576619
     2.6000000       -0.02392042        0.02551925
     2.7000000        0.03964930        0.04740549
     2.8000000        0.04956707        0.04528543
     2.9000000       -0.15894730        0.21934621
     3.0000000       -0.08312258        0.10802658
     3.1000000       -0.08432482        0.08539200
     3.2000000        0.03089717        0.02719030
     3.3000000        0.18653894        0.18579143
     3.4000000        0.41907129        0.43337906
     3.5000000        0.20358308        0.19987909
     3.6000000       -0.03337035        0.11601248
     3.7000000       -0.03092056        0.05223401
     3.8000000       -0.05683252        0.03983001
     3.9000000       -0.19627311        0.11797790
     4.0000000       -0.29477772        0.28350370
     4.1000000       -0.04985439        0.13816425
     4.2000000        0.04121727        0.02574775
     4.3000000        0.07619699        0.05912420
     4.4000000        0.06645228        0.03843117
     4.5000000        0.02552506        0.02681781
     4.6000000       -0.00876177        0.02937813
     4.7000000        0.03774649        0.04168658
     4.8000000       -0.00585079        0.02100518
     4.9000000       -0.00291172        0.04412070
     5.0000000       -0.06119545        0.04013047
