   -2.692794      0.000000
  1    1        1.92128007        0.00106829       -0.00138891        0.00088921
   -2.692794      3.141593
  1    1        0.03593254        0.00076312        0.00009013        0.00016599
   -2.243995      0.000000
  1    1        1.93175013        0.00081947       -0.00156424        0.00125789
   -2.243995      3.141593
  1    1        0.03983763        0.00070283        0.00020731        0.00037755
   -1.795196      0.000000
  1    1        1.94349518        0.00050425       -0.00096372        0.00104756
   -1.795196      3.141593
  1    1        0.04669553        0.00055602        0.00045701        0.00067942
   -1.346397      0.000000
  1    1        1.95330447        0.00055602       -0.00045701        0.00067942
   -1.346397      3.141593
  1    1        0.05650482        0.00050425        0.00096372        0.00104756
   -0.897598      0.000000
  1    1        1.96016237        0.00070283       -0.00020731        0.00037755
   -0.897598      3.141593
  1    1        0.06824987        0.00081947        0.00156424        0.00125789
   -0.448799      0.000000
  1    1        1.96406746        0.00076312       -0.00009013        0.00016599
   -0.448799      3.141593
  1    1        0.07871993        0.00106829        0.00138891        0.00088921
    0.000000      0.000000
  1    1        1.96531534        0.00077332        0.00000000        0.00000000
    0.000000      3.141593
  1    1        0.08301200        0.00115078        0.00000000        0.00000000
    0.448799      0.000000
  1    1        1.96406746        0.00076312        0.00009013        0.00016599
    0.448799      3.141593
  1    1        0.07871993        0.00106829       -0.00138891        0.00088921
    0.897598      0.000000
  1    1        1.96016237        0.00070283        0.00020731        0.00037755
    0.897598      3.141593
  1    1        0.06824987        0.00081947       -0.00156424        0.00125789
    1.346397      0.000000
  1    1        1.95330447        0.00055602        0.00045701        0.00067942
    1.346397      3.141593
  1    1        0.05650482        0.00050425       -0.00096372        0.00104756
    1.795196      0.000000
  1    1        1.94349518        0.00050425        0.00096372        0.00104756
    1.795196      3.141593
  1    1        0.04669553        0.00055602       -0.00045701        0.00067942
    2.243995      0.000000
  1    1        1.93175013        0.00081947        0.00156424        0.00125789
    2.243995      3.141593
  1    1        0.03983763        0.00070283       -0.00020731        0.00037755
    2.692794      0.000000
  1    1        1.92128007        0.00106829        0.00138891        0.00088921
    2.692794      3.141593
  1    1        0.03593254        0.00076312       -0.00009013        0.00016599
    3.141593      0.000000
  1    1        1.91698800        0.00115078       -0.00000000        0.00000000
    3.141593      3.141593
  1    1        0.03468466        0.00077332        0.00000000        0.00000000
