   -6.000000      0.000000
  1    1        0.00000027        0.00000004       -0.00000000        0.00000000
   -6.000000      1.000000
  1    1       -0.00000027        0.00000005        0.00000000        0.00000000
   -5.000000      0.000000
  1    1       -0.00000217        0.00000037        0.00000000        0.00000000
   -5.000000      1.000000
  1    1        0.00000216        0.00000031       -0.00000000        0.00000000
   -4.000000      0.000000
  1    1        0.00001727        0.00000253       -0.00000000        0.00000000
   -4.000000      1.000000
  1    1       -0.00001614        0.00000151        0.00000000        0.00000000
   -3.000000      0.000000
  1    1       -0.00012921        0.00000407        0.00000000        0.00000000
   -3.000000      1.000000
  1    1        0.00013038        0.00000957       -0.00000000        0.00000000
   -2.000000      0.000000
  1    1        0.00101301        0.00002251       -0.00000000        0.00000000
   -2.000000      1.000000
  1    1       -0.00106210        0.00002016        0.00000000        0.00000000
   -1.000000      0.000000
  1    1       -0.01083567        0.00017449        0.00000000        0.00000000
   -1.000000      1.000000
  1    1        0.00963175        0.00017003        0.00000000        0.00000000
    0.000000      0.000000
  1    1        0.65639528        0.00045505       -0.00000000        0.00000000
    0.000000      1.000000
  1    1       -0.65418901        0.00113844       -0.00000000        0.00000000
    1.000000      0.000000
  1    1       -0.01083567        0.00017449        0.00000000        0.00000000
    1.000000      1.000000
  1    1        0.00963175        0.00017003        0.00000000        0.00000000
    2.000000      0.000000
  1    1        0.00101301        0.00002251        0.00000000        0.00000000
    2.000000      1.000000
  1    1       -0.00106210        0.00002016       -0.00000000        0.00000000
    3.000000      0.000000
  1    1       -0.00012921        0.00000407       -0.00000000        0.00000000
    3.000000      1.000000
  1    1        0.00013038        0.00000957        0.00000000        0.00000000
    4.000000      0.000000
  1    1        0.00001727        0.00000253        0.00000000        0.00000000
    4.000000      1.000000
  1    1       -0.00001614        0.00000151       -0.00000000        0.00000000
    5.000000      0.000000
  1    1       -0.00000217        0.00000037       -0.00000000        0.00000000
    5.000000      1.000000
  1    1        0.00000216        0.00000031        0.00000000        0.00000000
    6.000000      0.000000
  1    1        0.00000027        0.00000004        0.00000000        0.00000000
    6.000000      1.000000
  1    1       -0.00000027        0.00000005       -0.00000000        0.00000000
    7.000000      0.000000
  1    1       -0.00000006        0.00000001       -0.00000000        0.00000000
    7.000000      1.000000
  1    1        0.00000007        0.00000001        0.00000000        0.00000000
