          11           9   2.0000000000000000                1
     0.0000000        0.26485712        0.01031973
     0.1000000        0.17523548        0.00642536
     0.2000000        0.12106889        0.00510359
     0.3000000        0.08664645        0.00356211
     0.4000000        0.06251589        0.00289423
     0.5000000        0.04709815        0.00289417
     0.6000000        0.03305300        0.00315741
     0.7000000        0.02483204        0.00385187
     0.8000000        0.02156163        0.00320658
     0.9000000        0.01890402        0.00315243
     1.0000000        0.01843870        0.00374128
