          51           4   10.000000000000000                1
     0.0000000        0.34052236        0.01460227
     0.1000000        0.18979625        0.01028192
     0.2000000        0.10717446        0.00718251
     0.3000000        0.06175769        0.00524765
     0.4000000        0.03673367        0.00389807
     0.5000000        0.02295470        0.00303539
     0.6000000        0.01473959        0.00239152
     0.7000000        0.00948277        0.00176439
     0.8000000        0.00623160        0.00116587
     0.9000000        0.00433989        0.00069281
     1.0000000        0.00308229        0.00052199
     1.1000000        0.00211884        0.00051372
     1.2000000        0.00152583        0.00046284
     1.3000000        0.00120184        0.00029037
     1.4000000        0.00093090        0.00024813
     1.5000000        0.00064284        0.00017463
     1.6000000        0.00042591        0.00009295
     1.7000000        0.00032298        0.00006732
     1.8000000        0.00025325        0.00004128
     1.9000000        0.00017076        0.00004309
     2.0000000        0.00012443        0.00005813
     2.1000000        0.00007381        0.00007306
     2.2000000        0.00003844        0.00007221
     2.3000000        0.00002326        0.00006980
     2.4000000        0.00002383        0.00005125
     2.5000000        0.00004089        0.00003390
     2.6000000        0.00004310        0.00003427
     2.7000000        0.00002578        0.00004521
     2.8000000        0.00000230        0.00004774
     2.9000000       -0.00001282        0.00004095
     3.0000000       -0.00002897        0.00004724
     3.1000000       -0.00004462        0.00005716
     3.2000000       -0.00003659        0.00005813
     3.3000000       -0.00001705        0.00006932
     3.4000000        0.00000486        0.00008502
     3.5000000        0.00001705        0.00009014
     3.6000000        0.00001841        0.00007500
     3.7000000        0.00001681        0.00005355
     3.8000000        0.00000464        0.00003412
     3.9000000       -0.00000005        0.00002154
     4.0000000       -0.00000279        0.00001217
     4.1000000       -0.00001621        0.00000775
     4.2000000       -0.00002691        0.00001448
     4.3000000       -0.00002589        0.00001256
     4.4000000       -0.00002735        0.00001557
     4.5000000       -0.00002900        0.00001893
     4.6000000       -0.00002599        0.00002083
     4.7000000       -0.00001834        0.00002478
     4.8000000       -0.00001178        0.00003088
     4.9000000       -0.00000957        0.00003732
     5.0000000       -0.00000914        0.00003964
