          41           9   8.0000000000000000                1
     0.0000000        0.65538846        0.00795507
     0.1000000        0.53984870        0.00801719
     0.2000000        0.45522838        0.00817801
     0.3000000        0.39094480        0.00866249
     0.4000000        0.34025529        0.00883879
     0.5000000        0.29868380        0.00891640
     0.6000000        0.26468496        0.00874251
     0.7000000        0.23622077        0.00780426
     0.8000000        0.21164909        0.00700617
     0.9000000        0.19063372        0.00677654
     1.0000000        0.17236702        0.00625473
     1.1000000        0.15694151        0.00540574
     1.2000000        0.14425924        0.00460547
     1.3000000        0.13258703        0.00335106
     1.4000000        0.12116805        0.00232028
     1.5000000        0.11113539        0.00210419
     1.6000000        0.10235207        0.00245464
     1.7000000        0.09347674        0.00277420
     1.8000000        0.08510535        0.00301952
     1.9000000        0.07879039        0.00341053
     2.0000000        0.07307819        0.00350407
     2.1000000        0.06722059        0.00357848
     2.2000000        0.06252475        0.00324831
     2.3000000        0.05833689        0.00296712
     2.4000000        0.05444846        0.00317669
     2.5000000        0.05156061        0.00315388
     2.6000000        0.04888872        0.00289047
     2.7000000        0.04606122        0.00274942
     2.8000000        0.04388481        0.00292893
     2.9000000        0.04139672        0.00323412
     3.0000000        0.03854536        0.00356031
     3.1000000        0.03577939        0.00400552
     3.2000000        0.03367337        0.00453425
     3.3000000        0.03286606        0.00480649
     3.4000000        0.03224013        0.00489426
     3.5000000        0.03188405        0.00457556
     3.6000000        0.03152076        0.00440621
     3.7000000        0.03065313        0.00502635
     3.8000000        0.03001163        0.00577647
     3.9000000        0.03020105        0.00638443
     4.0000000        0.03042661        0.00675012
