          11           9   2.0000000000000000                1
     0.0000000        0.31449162        0.00388652
     0.1000000        0.31449162        0.00388652
     0.2000000        0.31449162        0.00388652
     0.3000000        0.31449162        0.00388652
     0.4000000        0.31449162        0.00388652
     0.5000000        0.31449162        0.00388652
     0.6000000        0.31449162        0.00388652
     0.7000000        0.31449162        0.00388652
     0.8000000        0.31449162        0.00388652
     0.9000000        0.31449162        0.00388652
     1.0000000        0.31449162        0.00388652
