          51           4   10.000000000000000                1
     0.0000000        0.98334969        0.25112507
     0.1000000        0.65672168        0.08030680
     0.2000000        0.24984006        0.24237712
     0.3000000        0.20335065        0.10643669
     0.4000000        0.06727215        0.15251626
     0.5000000       -0.02140896        0.19919208
     0.6000000        0.07663176        0.04481402
     0.7000000        0.17028688        0.08923381
     0.8000000        0.18908595        0.13694112
     0.9000000        0.16923072        0.13438718
     1.0000000        0.01445045        0.02471616
     1.1000000        0.03640034        0.00325616
     1.2000000        0.05317248        0.02618346
     1.3000000        0.02682168        0.00760153
     1.4000000        0.13873845        0.14805236
     1.5000000        0.10389145        0.10468723
     1.6000000        0.03656561        0.02972407
     1.7000000       -0.03687882        0.04704655
     1.8000000       -0.03867980        0.04503223
     1.9000000       -0.05613265        0.07621940
     2.0000000        0.01926003        0.01615081
     2.1000000       -0.07509920        0.08160261
     2.2000000       -0.07363527        0.09169562
     2.3000000       -0.06321116        0.07079445
     2.4000000        0.06903702        0.08433284
     2.5000000        0.20110781        0.22880042
     2.6000000        0.16661626        0.20768320
     2.7000000       -0.07187236        0.07669785
     2.8000000        0.28021685        0.32111056
     2.9000000        0.20055806        0.23868417
     3.0000000        0.32442059        0.37211173
     3.1000000       -0.00523455        0.00546114
     3.2000000        0.08394940        0.09482852
     3.3000000        0.00555527        0.02189947
     3.4000000        0.00399713        0.02283197
     3.5000000        0.00614585        0.01857532
     3.6000000       -0.07608648        0.08140956
     3.7000000       -0.04851410        0.06181706
     3.8000000        0.07901522        0.09879591
     3.9000000        0.07433282        0.08916169
     4.0000000        0.06174305        0.07633180
     4.1000000        0.11926122        0.14214808
     4.2000000        0.14633030        0.16537863
     4.3000000       -0.08006574        0.08020544
     4.4000000       -0.04733653        0.04699930
     4.5000000        0.07915693        0.09596462
     4.6000000       -0.06434338        0.08577990
     4.7000000       -0.22738663        0.27505787
     4.8000000       -0.09679821        0.11193495
     4.9000000       -0.25981299        0.29213993
     5.0000000       -0.22341305        0.24802709
