          81           4   8.0000000000000000                1
     0.0000000        0.19439573        0.03795057
     0.1000000        0.13043413        0.02563373
     0.2000000        0.10385754        0.01558410
     0.3000000        0.05700324        0.02242661
     0.4000000        0.06365923        0.01933038
     0.5000000        0.02845634        0.01702957
     0.6000000        0.02379842        0.01331131
     0.7000000        0.01456710        0.01082833
     0.8000000        0.02071549        0.01549576
     0.9000000        0.01018921        0.01272101
     1.0000000        0.01574111        0.01178444
     1.1000000       -0.00047164        0.01985759
     1.2000000        0.00891850        0.01079362
     1.3000000       -0.01084595        0.01583198
     1.4000000       -0.00181389        0.01734321
     1.5000000        0.01456982        0.02161108
     1.6000000        0.02144936        0.02324664
     1.7000000        0.00824414        0.03340144
     1.8000000        0.00214318        0.02724404
     1.9000000        0.00322126        0.01693315
     2.0000000       -0.00620659        0.02113042
     2.1000000       -0.00310930        0.02443043
     2.2000000        0.00891624        0.02193789
     2.3000000        0.00228984        0.02134061
     2.4000000        0.00798102        0.02535003
     2.5000000        0.01304648        0.02836112
     2.6000000       -0.00747967        0.02544868
     2.7000000       -0.00629874        0.01457112
     2.8000000        0.00440330        0.01039513
     2.9000000       -0.01821081        0.02697384
     3.0000000       -0.01785011        0.03091516
     3.1000000       -0.02551541        0.01639944
     3.2000000       -0.00933405        0.01343022
     3.3000000       -0.03023473        0.01423867
     3.4000000       -0.03281428        0.01389903
     3.5000000       -0.00990646        0.02354539
     3.6000000       -0.00328964        0.03196806
     3.7000000       -0.00650923        0.02875246
     3.8000000        0.00123976        0.03307228
     3.9000000        0.01118874        0.03481813
     4.0000000       -0.00293783        0.04162033
     4.1000000       -0.00682854        0.02419434
     4.2000000       -0.00794467        0.01874798
     4.3000000        0.00580664        0.02366075
     4.4000000       -0.00643238        0.01949091
     4.5000000        0.00231484        0.02541131
     4.6000000       -0.01085970        0.02923195
     4.7000000       -0.00340840        0.02233761
     4.8000000       -0.02360896        0.01303328
     4.9000000       -0.01366677        0.01689789
     5.0000000       -0.02354432        0.01947014
     5.1000000       -0.00918892        0.01511523
     5.2000000        0.00130570        0.02035235
     5.3000000       -0.00060289        0.01956812
     5.4000000       -0.00511529        0.02911063
     5.5000000       -0.00382026        0.01221907
     5.6000000       -0.00930271        0.01783561
     5.7000000        0.02882957        0.02462394
     5.8000000        0.04515193        0.02258984
     5.9000000        0.05507773        0.02191274
     6.0000000        0.07865987        0.01076336
     6.1000000        0.08882226        0.02009071
     6.2000000        0.09496569        0.01775649
     6.3000000        0.11727570        0.02912708
     6.4000000        0.14845307        0.02958398
     6.5000000        0.14575949        0.02939380
     6.6000000        0.16391096        0.03768952
     6.7000000        0.19256639        0.04628481
     6.8000000        0.20890649        0.03759557
     6.9000000        0.21714322        0.02980922
     7.0000000        0.28266583        0.03007462
     7.1000000        0.33763090        0.02845206
     7.2000000        0.39749486        0.02450281
     7.3000000        0.46447901        0.03348060
     7.4000000        0.56466115        0.03168718
     7.5000000        0.69393824        0.02723677
     7.6000000        0.82429124        0.02750375
     7.7000000        0.99568934        0.02805037
     7.8000000        1.19214679        0.03146204
     7.9000000        1.47110657        0.04160854
     8.0000000        1.80560427        0.03795057
