          51           9   10.000000000000000                1
     0.0000000        0.54098492        0.01609439
     0.1000000        0.46307228        0.01571023
     0.2000000        0.40089116        0.01488940
     0.3000000        0.35038635        0.01376784
     0.4000000        0.30833594        0.01249482
     0.5000000        0.27262596        0.01100552
     0.6000000        0.24263223        0.00977378
     0.7000000        0.21585547        0.00864081
     0.8000000        0.19225892        0.00750913
     0.9000000        0.17299818        0.00693135
     1.0000000        0.15640435        0.00653464
     1.1000000        0.14163818        0.00603103
     1.2000000        0.12797793        0.00550428
     1.3000000        0.11509528        0.00483333
     1.4000000        0.10275767        0.00421279
     1.5000000        0.09104341        0.00414781
     1.6000000        0.08081498        0.00407871
     1.7000000        0.07160154        0.00388345
     1.8000000        0.06366548        0.00379324
     1.9000000        0.05812268        0.00367236
     2.0000000        0.05313949        0.00361343
     2.1000000        0.04793791        0.00347553
     2.2000000        0.04367458        0.00306321
     2.3000000        0.03983632        0.00283314
     2.4000000        0.03634883        0.00294822
     2.5000000        0.03326519        0.00321571
     2.6000000        0.03052240        0.00364875
     2.7000000        0.02864010        0.00407792
     2.8000000        0.02715297        0.00412877
     2.9000000        0.02559193        0.00386779
     3.0000000        0.02361375        0.00354920
     3.1000000        0.02127550        0.00352988
     3.2000000        0.01877609        0.00399366
     3.3000000        0.01645946        0.00433273
     3.4000000        0.01472411        0.00468979
     3.5000000        0.01397465        0.00521163
     3.6000000        0.01340389        0.00573552
     3.7000000        0.01210336        0.00628640
     3.8000000        0.01069148        0.00672404
     3.9000000        0.00911325        0.00707415
     4.0000000        0.00713717        0.00731074
     4.1000000        0.00451166        0.00742763
     4.2000000        0.00178055        0.00736005
     4.3000000        0.00003393        0.00697734
     4.4000000       -0.00127120        0.00668635
     4.5000000       -0.00215307        0.00637682
     4.6000000       -0.00156214        0.00573067
     4.7000000       -0.00030445        0.00529565
     4.8000000        0.00008593        0.00509355
     4.9000000       -0.00008871        0.00508159
     5.0000000       -0.00013978        0.00514879
