          51           9   10.000000000000000                1
     0.0000000        0.55893834        0.02469937
     0.1000000        0.45274674        0.02378310
     0.2000000        0.37491449        0.02262247
     0.3000000        0.31615875        0.02144208
     0.4000000        0.26954729        0.02015973
     0.5000000        0.22808881        0.01853929
     0.6000000        0.19183883        0.01642845
     0.7000000        0.16128284        0.01471098
     0.8000000        0.13494661        0.01296037
     0.9000000        0.11510569        0.01163690
     1.0000000        0.10123555        0.01164233
     1.1000000        0.08809824        0.01160205
     1.2000000        0.07460014        0.01126197
     1.3000000        0.06335256        0.01078513
     1.4000000        0.05528425        0.01026420
     1.5000000        0.04951524        0.01017541
     1.6000000        0.04359261        0.01044999
     1.7000000        0.03960197        0.01111590
     1.8000000        0.03811127        0.01117255
     1.9000000        0.03647968        0.01102223
     2.0000000        0.03601761        0.01150505
     2.1000000        0.03642344        0.01197802
     2.2000000        0.03677415        0.01214541
     2.3000000        0.03565119        0.01236140
     2.4000000        0.03375956        0.01263314
     2.5000000        0.03273028        0.01263730
     2.6000000        0.03171507        0.01246534
     2.7000000        0.03046039        0.01204264
     2.8000000        0.02802251        0.01144593
     2.9000000        0.02605730        0.01076059
     3.0000000        0.02459504        0.00905825
     3.1000000        0.02200573        0.00771893
     3.2000000        0.01913263        0.00745219
     3.3000000        0.01605270        0.00739563
     3.4000000        0.01263906        0.00788458
     3.5000000        0.00972474        0.00779647
     3.6000000        0.00881410        0.00700451
     3.7000000        0.00862895        0.00698219
     3.8000000        0.00614670        0.00752220
     3.9000000        0.00560667        0.00845753
     4.0000000        0.01073638        0.00892826
     4.1000000        0.01690272        0.00874729
     4.2000000        0.02133961        0.00945360
     4.3000000        0.02412914        0.01082978
     4.4000000        0.02479305        0.01173703
     4.5000000        0.02543665        0.01109750
     4.6000000        0.02673786        0.01061161
     4.7000000        0.02720171        0.01181093
     4.8000000        0.02806556        0.01315934
     4.9000000        0.02963764        0.01369504
     5.0000000        0.03051397        0.01375477
