          21           4   5.0000000000000000                1
     0.0000000        1.34443385        0.04305436
     0.1250000        0.77787121        0.03529210
     0.2500000        0.46220153        0.01809410
     0.3750000        0.29830428        0.01544037
     0.5000000        0.19761829        0.01369889
     0.6250000        0.13599507        0.00522735
     0.7500000        0.10544565        0.00746789
     0.8750000        0.08501395        0.01955035
     1.0000000        0.06176352        0.00888847
     1.1250000        0.05276624        0.00474224
     1.2500000        0.04520954        0.00381423
     1.3750000        0.03985479        0.00269195
     1.5000000        0.03554631        0.00278281
     1.6250000        0.03508150        0.00400686
     1.7500000        0.03010070        0.00487553
     1.8750000        0.02870940        0.00400065
     2.0000000        0.02598227        0.00100211
     2.1250000        0.02529152        0.00454317
     2.2500000        0.01920053        0.00539967
     2.3750000        0.01852138        0.00517743
     2.5000000        0.01893119        0.00342618
