           9           4   2.0000000000000000                1
     0.0000000        0.28882684        0.00784095
     0.1250000        0.16738507        0.00481713
     0.2500000        0.10107564        0.00280423
     0.3750000        0.06382950        0.00164836
     0.5000000        0.04230985        0.00081789
     0.6250000        0.02958161        0.00052816
     0.7500000        0.02235189        0.00088069
     0.8750000        0.01863436        0.00121525
     1.0000000        0.01743507        0.00134310
