         101           7   10.000000000000000                1
     0.0000000        1.00000000        0.00000000
     0.1000000        0.87512673        0.00579079
     0.2000000        0.77128804        0.00809767
     0.3000000        0.68927545        0.00626056
     0.4000000        0.62094649        0.01137760
     0.5000000        0.56302044        0.01339322
     0.6000000        0.51271525        0.01177329
     0.7000000        0.46331984        0.01099677
     0.8000000        0.42302292        0.00851104
     0.9000000        0.37729605        0.01402012
     1.0000000        0.34050258        0.00808642
     1.1000000        0.30749051        0.00688995
     1.2000000        0.27955629        0.00779134
     1.3000000        0.25639932        0.00392860
     1.4000000        0.22658457        0.00699615
     1.5000000        0.20001734        0.00988289
     1.6000000        0.18209701        0.00857070
     1.7000000        0.16098226        0.00889968
     1.8000000        0.14544555        0.00962322
     1.9000000        0.12395138        0.00601269
     2.0000000        0.11927382        0.00719352
     2.1000000        0.10963856        0.00839067
     2.2000000        0.09967442        0.01042824
     2.3000000        0.08969098        0.00828538
     2.4000000        0.07817945        0.00360962
     2.5000000        0.07685081        0.00228279
     2.6000000        0.06613855        0.00697412
     2.7000000        0.06118808        0.00478894
     2.8000000        0.06624352        0.00627748
     2.9000000        0.05856617        0.01007977
     3.0000000        0.04990737        0.00837588
     3.1000000        0.04367549        0.00919730
     3.2000000        0.04217850        0.00632314
     3.3000000        0.04351137        0.00592157
     3.4000000        0.03752877        0.00869595
     3.5000000        0.03269911        0.00863631
     3.6000000        0.03002574        0.00876390
     3.7000000        0.02686237        0.00730291
     3.8000000        0.02689507        0.00504598
     3.9000000        0.03120312        0.00725648
     4.0000000        0.02842819        0.00753199
     4.1000000        0.03089950        0.01034617
     4.2000000        0.02508301        0.00912120
     4.3000000        0.02519590        0.00847258
     4.4000000        0.02779183        0.00824174
     4.5000000        0.02334493        0.00790184
     4.6000000        0.02207698        0.00510372
     4.7000000        0.02237164        0.00715289
     4.8000000        0.02359751        0.00687895
     4.9000000        0.02189844        0.00723035
     5.0000000        0.02220868        0.00838797
     5.1000000        0.02751195        0.00764122
     5.2000000        0.02850692        0.00694004
     5.3000000        0.02794584        0.00745760
     5.4000000        0.02588581        0.00772341
     5.5000000        0.02332671        0.00753448
     5.6000000        0.02120899        0.00699456
     5.7000000        0.02235942        0.00752802
     5.8000000        0.02126282        0.01087017
     5.9000000        0.02393998        0.01086359
     6.0000000        0.02844378        0.01175060
     6.1000000        0.03353785        0.01049541
     6.2000000        0.03600721        0.01184259
     6.3000000        0.04142002        0.01223318
     6.4000000        0.04044249        0.01154328
     6.5000000        0.03848874        0.01189382
     6.6000000        0.03965408        0.01315160
     6.7000000        0.04614770        0.01064218
     6.8000000        0.04543299        0.00989140
     6.9000000        0.05343708        0.00896591
     7.0000000        0.05896744        0.01023450
     7.1000000        0.05850820        0.01198768
     7.2000000        0.06105913        0.01216085
     7.3000000        0.06862986        0.01130633
     7.4000000        0.06982016        0.01085923
     7.5000000        0.07964843        0.01062436
     7.6000000        0.08452691        0.01122601
     7.7000000        0.09208317        0.01154793
     7.8000000        0.09647605        0.01376576
     7.9000000        0.10849191        0.01473970
     8.0000000        0.11355397        0.01620766
     8.1000000        0.13284665        0.01044810
     8.2000000        0.14235766        0.01281684
     8.3000000        0.15199796        0.01161682
     8.4000000        0.16570159        0.01120810
     8.5000000        0.18228195        0.01207927
     8.6000000        0.20758979        0.01390770
     8.7000000        0.22659638        0.01542145
     8.8000000        0.25011234        0.01125816
     8.9000000        0.28303746        0.01174615
     9.0000000        0.31452930        0.00843537
     9.1000000        0.35005133        0.01108947
     9.2000000        0.39260484        0.00883219
     9.3000000        0.43634784        0.01053244
     9.4000000        0.48507592        0.00965928
     9.5000000        0.54269144        0.00991556
     9.6000000        0.61959710        0.00609445
     9.7000000        0.69674297        0.00664993
     9.8000000        0.76679457        0.00443015
     9.9000000        0.87504959        0.00509770
    10.0000000        1.00000000        0.00000000
