          51           4   10.000000000000000                1
     0.0000000        0.30507371        0.01681868
     0.1000000        0.20016584        0.01886143
     0.2000000        0.13371256        0.02109168
     0.3000000        0.09643016        0.01842647
     0.4000000        0.07625225        0.01759580
     0.5000000        0.06090255        0.02026261
     0.6000000        0.05034105        0.02124501
     0.7000000        0.04169223        0.02458940
     0.8000000        0.03140418        0.03116782
     0.9000000        0.02038214        0.03396726
     1.0000000        0.01944516        0.03305497
     1.1000000        0.02538990        0.03088617
     1.2000000        0.02878526        0.02903560
     1.3000000        0.02379703        0.02635460
     1.4000000        0.01188924        0.02553131
     1.5000000        0.00232821        0.02349887
     1.6000000       -0.00816814        0.01843309
     1.7000000       -0.01657051        0.01489233
     1.8000000       -0.01774867        0.01064023
     1.9000000       -0.01408951        0.00737813
     2.0000000       -0.01121893        0.00472194
     2.1000000       -0.00997345        0.01109852
     2.2000000       -0.00816276        0.01049045
     2.3000000       -0.00797439        0.00854060
     2.4000000       -0.01027777        0.01187126
     2.5000000       -0.01288358        0.01259518
     2.6000000       -0.00862707        0.01239483
     2.7000000        0.00024091        0.01206142
     2.8000000        0.01011284        0.01148101
     2.9000000        0.01720993        0.01431727
     3.0000000        0.02013930        0.01783275
     3.1000000        0.02513794        0.02198150
     3.2000000        0.03140894        0.02339985
     3.3000000        0.03133819        0.02168354
     3.4000000        0.02444338        0.01900336
     3.5000000        0.01618059        0.01842199
     3.6000000        0.00825014        0.01846830
     3.7000000        0.00205999        0.02233457
     3.8000000       -0.00108632        0.02570226
     3.9000000       -0.00372407        0.02678622
     4.0000000       -0.00464031        0.02548430
     4.1000000        0.00081233        0.02234809
     4.2000000        0.00659316        0.02003607
     4.3000000        0.00519788        0.01768917
     4.4000000       -0.00314820        0.01589802
     4.5000000       -0.01354213        0.01778589
     4.6000000       -0.01588578        0.01806332
     4.7000000       -0.01218710        0.01874223
     4.8000000       -0.00711329        0.01784513
     4.9000000       -0.00212367        0.01390373
     5.0000000       -0.00000298        0.01372966
