          51           4   10.000000000000000                1
     0.0000000        0.62003001        0.04209308
     0.1000000        0.50366024        0.04170704
     0.2000000        0.41836847        0.04135686
     0.3000000        0.35407448        0.04000861
     0.4000000        0.30330844        0.03733674
     0.5000000        0.26170662        0.03394730
     0.6000000        0.22791096        0.03037604
     0.7000000        0.19878595        0.02659500
     0.8000000        0.17427743        0.02370530
     0.9000000        0.15445968        0.02162549
     1.0000000        0.13664433        0.01912987
     1.1000000        0.12108212        0.01656363
     1.2000000        0.10828024        0.01477863
     1.3000000        0.09799669        0.01376350
     1.4000000        0.09001684        0.01352955
     1.5000000        0.08025264        0.01188906
     1.6000000        0.06990105        0.00952047
     1.7000000        0.06177302        0.00840893
     1.8000000        0.05424074        0.00715580
     1.9000000        0.04724872        0.00577983
     2.0000000        0.04155533        0.00541315
     2.1000000        0.03645769        0.00545669
     2.2000000        0.03195985        0.00537576
     2.3000000        0.02827597        0.00569499
     2.4000000        0.02600687        0.00617975
     2.5000000        0.02449410        0.00639776
     2.6000000        0.02397894        0.00742985
     2.7000000        0.02270604        0.00867208
     2.8000000        0.01886222        0.00718749
     2.9000000        0.01401327        0.00550485
     3.0000000        0.00842086        0.00340848
     3.1000000        0.00300888        0.00210994
     3.2000000        0.00001250        0.00220082
     3.3000000       -0.00263852        0.00361733
     3.4000000       -0.00531105        0.00550373
     3.5000000       -0.00711686        0.00726811
     3.6000000       -0.00884487        0.00848668
     3.7000000       -0.01159236        0.00947390
     3.8000000       -0.01566412        0.01135242
     3.9000000       -0.02056173        0.01364711
     4.0000000       -0.02513530        0.01600228
     4.1000000       -0.02797691        0.01689230
     4.2000000       -0.02939552        0.01693636
     4.3000000       -0.03021279        0.01816870
     4.4000000       -0.03164772        0.02120944
     4.5000000       -0.03187678        0.02307348
     4.6000000       -0.03079012        0.02298915
     4.7000000       -0.03048810        0.02267411
     4.8000000       -0.03270153        0.02369142
     4.9000000       -0.03566144        0.02535349
     5.0000000       -0.03677047        0.02602803
