         101           4   10.000000000000000                1
     0.0000000        1.96545978        0.01375532
     0.1000000        1.28698263        0.01262848
     0.2000000        0.83986508        0.02229775
     0.3000000        0.56558246        0.02256045
     0.4000000        0.38481345        0.01448881
     0.5000000        0.27754400        0.00830812
     0.6000000        0.19678609        0.00849680
     0.7000000        0.11319898        0.01607101
     0.8000000        0.07928738        0.01561659
     0.9000000        0.06334146        0.01759443
     1.0000000        0.04370240        0.00827640
     1.1000000        0.02126012        0.00725730
     1.2000000        0.01367914        0.00480781
     1.3000000        0.01067231        0.01126796
     1.4000000        0.00907885        0.00707001
     1.5000000        0.00914061        0.01068112
     1.6000000        0.00143500        0.01344904
     1.7000000        0.00399428        0.01259374
     1.8000000        0.01205121        0.01516582
     1.9000000        0.01005280        0.00667441
     2.0000000        0.00080722        0.01316031
     2.1000000       -0.02855788        0.01792345
     2.2000000       -0.01803261        0.01187923
     2.3000000       -0.01980400        0.01223596
     2.4000000       -0.02822993        0.02415452
     2.5000000       -0.02419840        0.02040493
     2.6000000       -0.01118226        0.01003030
     2.7000000       -0.01607816        0.00734597
     2.8000000       -0.01579650        0.00240274
     2.9000000       -0.01161888        0.01035140
     3.0000000       -0.01184431        0.01097873
     3.1000000       -0.00467343        0.01395552
     3.2000000       -0.00118039        0.01393923
     3.3000000       -0.00229743        0.01681225
     3.4000000        0.00360498        0.01441615
     3.5000000        0.00252275        0.02012415
     3.6000000        0.01245737        0.01385174
     3.7000000       -0.00783201        0.01597410
     3.8000000       -0.00686159        0.01312441
     3.9000000       -0.00979858        0.00359090
     4.0000000       -0.00855664        0.00202776
     4.1000000        0.00168901        0.00935326
     4.2000000        0.00454209        0.00454890
     4.3000000        0.02201548        0.00686929
     4.4000000        0.00319835        0.00999562
     4.5000000       -0.00012451        0.00923016
     4.6000000        0.00321231        0.00375865
     4.7000000        0.01093133        0.00473772
     4.8000000        0.00277277        0.00564790
     4.9000000        0.00415437        0.00636562
     5.0000000        0.01726062        0.00169432
     5.1000000        0.00699736        0.00405577
     5.2000000        0.00849878        0.00783009
     5.3000000       -0.00177203        0.00904289
     5.4000000       -0.00095462        0.01393787
     5.5000000        0.00673950        0.01205306
     5.6000000        0.01441532        0.00798540
     5.7000000        0.00758691        0.01244906
     5.8000000        0.00051545        0.00963110
     5.9000000        0.00495831        0.00892318
     6.0000000       -0.00484468        0.00964713
     6.1000000        0.00280158        0.00547645
     6.2000000        0.00840064        0.00390287
     6.3000000       -0.00215741        0.00390439
     6.4000000       -0.00451510        0.00630606
     6.5000000        0.00241464        0.01135709
     6.6000000        0.00720114        0.01062582
     6.7000000       -0.00056051        0.00610591
     6.8000000        0.00019006        0.00917451
     6.9000000       -0.00173119        0.01309101
     7.0000000       -0.00041479        0.01128014
     7.1000000       -0.01237291        0.01008868
     7.2000000       -0.01953156        0.01307999
     7.3000000       -0.01335395        0.01374746
     7.4000000       -0.00315288        0.01202252
     7.5000000       -0.00946714        0.00489815
     7.6000000        0.00117978        0.00264749
     7.7000000        0.01275706        0.00866798
     7.8000000        0.00401847        0.01277302
     7.9000000        0.00506762        0.01300594
     8.0000000       -0.01103391        0.00829491
     8.1000000       -0.02433252        0.01129546
     8.2000000       -0.01821249        0.01030822
     8.3000000       -0.00826898        0.01811995
     8.4000000       -0.01258751        0.01966709
     8.5000000       -0.01430728        0.01141578
     8.6000000       -0.00366618        0.01741634
     8.7000000        0.00532389        0.01805997
     8.8000000       -0.01495036        0.01417163
     8.9000000        0.00172008        0.00980879
     9.0000000        0.00458318        0.01082774
     9.1000000       -0.00151131        0.01320307
     9.2000000        0.00917713        0.01075964
     9.3000000       -0.00596578        0.00309172
     9.4000000       -0.00154459        0.01505935
     9.5000000        0.01621959        0.00989779
     9.6000000        0.00065111        0.01665788
     9.7000000        0.00673284        0.01062544
     9.8000000        0.00996360        0.01442210
     9.9000000        0.00968905        0.01094579
    10.0000000        0.03454022        0.01375532
