          51           4   10.000000000000000                1
     0.0000000        0.92815319        0.05182270
     0.1000000        0.57524462        0.04013161
     0.2000000        0.38163920        0.01112531
     0.3000000        0.25701589        0.00794306
     0.4000000        0.18681062        0.01976607
     0.5000000        0.12552152        0.01841059
     0.6000000        0.09826984        0.01306444
     0.7000000        0.07935431        0.01610889
     0.8000000        0.05642641        0.01155474
     0.9000000        0.06433097        0.03500759
     1.0000000        0.05001395        0.02709465
     1.1000000        0.04675283        0.02466922
     1.2000000        0.03523263        0.01267260
     1.3000000        0.03345264        0.00379437
     1.4000000        0.03758102        0.01418610
     1.5000000        0.01643116        0.00783532
     1.6000000        0.03087359        0.01844818
     1.7000000        0.03030024        0.01686689
     1.8000000        0.02533603        0.01420789
     1.9000000        0.04421948        0.00967256
     2.0000000        0.02944843        0.00956324
     2.1000000        0.01942939        0.01515600
     2.2000000        0.04235611        0.01126173
     2.3000000        0.03565849        0.01376042
     2.4000000        0.03973691        0.02319037
     2.5000000        0.04226362        0.01860852
     2.6000000        0.03973579        0.02528760
     2.7000000        0.02269963        0.01574686
     2.8000000        0.01180267        0.01670345
     2.9000000        0.02225719        0.01654102
     3.0000000        0.01349839        0.02208475
     3.1000000        0.01562912        0.02813331
     3.2000000        0.00062308        0.00880106
     3.3000000        0.01498067        0.00941670
     3.4000000        0.00780916        0.01083744
     3.5000000        0.00323789        0.00740894
     3.6000000        0.00930343        0.00733534
     3.7000000        0.01478917        0.01617628
     3.8000000        0.00262474        0.00965432
     3.9000000       -0.01041484        0.01383324
     4.0000000       -0.00690903        0.00682058
     4.1000000       -0.00615648        0.01271686
     4.2000000        0.00185423        0.01342711
     4.3000000        0.00988204        0.01034532
     4.4000000       -0.00476413        0.00409602
     4.5000000        0.01066835        0.01324012
     4.6000000        0.00809551        0.01596091
     4.7000000        0.01487793        0.02573804
     4.8000000        0.01524299        0.00877531
     4.9000000        0.03555951        0.01488440
     5.0000000        0.04097491        0.02698216
