          11           9   2.0000000000000000                1
     0.0000000        0.19735534        0.00913988
     0.1000000        0.14354308        0.00583427
     0.2000000        0.10701625        0.00338433
     0.3000000        0.08283196        0.00350774
     0.4000000        0.05847161        0.00574351
     0.5000000        0.05195787        0.00243019
     0.6000000        0.04359243        0.00289156
     0.7000000        0.03471996        0.00278413
     0.8000000        0.03352911        0.00400413
     0.9000000        0.03397950        0.00574423
     1.0000000        0.02750169        0.00324403
