         101           9   10.000000000000000                1
     0.0000000        0.07097277        0.00391910
     0.1000000        0.04384536        0.00349896
     0.2000000        0.02645653        0.00326269
     0.3000000        0.01458763        0.00369290
     0.4000000        0.00972271        0.00268234
     0.5000000        0.00712516        0.00158078
     0.6000000        0.00693741        0.00275053
     0.7000000        0.00323583        0.00275192
     0.8000000        0.00149105        0.00367938
     0.9000000        0.00419462        0.00193645
     1.0000000       -0.00067821        0.00237009
     1.1000000       -0.00145306        0.00265314
     1.2000000       -0.00113840        0.00277973
     1.3000000       -0.00007642        0.00317836
     1.4000000       -0.00283759        0.00255556
     1.5000000       -0.00017333        0.00363829
     1.6000000       -0.00018002        0.00375056
     1.7000000        0.00021675        0.00298881
     1.8000000        0.00371499        0.00171594
     1.9000000        0.00417121        0.00277738
     2.0000000        0.00252490        0.00270747
     2.1000000        0.00317065        0.00262592
     2.2000000        0.00487158        0.00250150
     2.3000000        0.00232885        0.00272054
     2.4000000       -0.00046127        0.00312322
     2.5000000       -0.00193221        0.00225217
     2.6000000       -0.00051170        0.00206732
     2.7000000        0.00274128        0.00222237
     2.8000000        0.00181166        0.00261377
     2.9000000        0.00159225        0.00271378
     3.0000000        0.00060641        0.00194950
     3.1000000        0.00147242        0.00311813
     3.2000000       -0.00035159        0.00355087
     3.3000000        0.00063123        0.00261614
     3.4000000        0.00142637        0.00264525
     3.5000000        0.00401234        0.00311859
     3.6000000        0.00287010        0.00369304
     3.7000000        0.00205953        0.00381267
     3.8000000        0.00285208        0.00340769
     3.9000000        0.00316356        0.00356171
     4.0000000        0.00401176        0.00351065
     4.1000000        0.00392546        0.00334591
     4.2000000       -0.00038598        0.00466194
     4.3000000        0.00142993        0.00349141
     4.4000000       -0.00082237        0.00420667
     4.5000000       -0.00028362        0.00338551
     4.6000000       -0.00076692        0.00298470
     4.7000000        0.00040315        0.00407025
     4.8000000        0.00040533        0.00312277
     4.9000000       -0.00367465        0.00299822
     5.0000000       -0.00203839        0.00273022
     5.1000000       -0.00492651        0.00288916
     5.2000000       -0.00557805        0.00247074
     5.3000000       -0.00519978        0.00220824
     5.4000000       -0.00339344        0.00302713
     5.5000000       -0.00095668        0.00263972
     5.6000000        0.00361773        0.00304082
     5.7000000        0.00526296        0.00239138
     5.8000000        0.00274222        0.00253796
     5.9000000        0.00041186        0.00156731
     6.0000000        0.00209111        0.00273547
     6.1000000        0.00288313        0.00240751
     6.2000000        0.00414266        0.00223315
     6.3000000        0.00231170        0.00327685
     6.4000000        0.00186601        0.00299564
     6.5000000        0.00396706        0.00326889
     6.6000000        0.00521013        0.00244626
     6.7000000        0.00200568        0.00300431
     6.8000000       -0.00048703        0.00413448
     6.9000000        0.00046003        0.00314342
     7.0000000       -0.00069051        0.00360669
     7.1000000       -0.00142068        0.00275600
     7.2000000        0.00064622        0.00341325
     7.3000000       -0.00217515        0.00170644
     7.4000000       -0.00117208        0.00180596
     7.5000000       -0.00220831        0.00180476
     7.6000000       -0.00032614        0.00342646
     7.7000000       -0.00070662        0.00281553
     7.8000000        0.00246045        0.00218910
     7.9000000        0.00311643        0.00396073
     8.0000000        0.00571598        0.00376338
     8.1000000        0.00321603        0.00309996
     8.2000000        0.00104157        0.00417971
     8.3000000        0.00769335        0.00476775
     8.4000000        0.01213897        0.00263967
     8.5000000        0.01713999        0.00337169
     8.6000000        0.02266226        0.00462337
     8.7000000        0.02909002        0.00474469
     8.8000000        0.03641339        0.00423788
     8.9000000        0.04610721        0.00444594
     9.0000000        0.06251260        0.00148472
     9.1000000        0.08789719        0.00283202
     9.2000000        0.12328411        0.00291752
     9.3000000        0.16938416        0.00185911
     9.4000000        0.23185448        0.00157215
     9.5000000        0.32406092        0.00206635
     9.6000000        0.45614222        0.00396660
     9.7000000        0.64923735        0.00308619
     9.8000000        0.92890903        0.00338418
     9.9000000        1.33103572        0.00323765
    10.0000000        1.92902723        0.00391910
