          41           4   4.0000000000000000                1
     0.0000000        0.13197967        0.01059046
     0.1000000        0.09673981        0.00772501
     0.2000000        0.07591833        0.00602148
     0.3000000        0.07145258        0.01148952
     0.4000000        0.05587707        0.01100920
     0.5000000        0.04939088        0.00414186
     0.6000000        0.03393201        0.01423776
     0.7000000        0.02410851        0.01084804
     0.8000000        0.03586595        0.00512642
     0.9000000        0.02748024        0.00371133
     1.0000000        0.02191819        0.00258368
     1.1000000        0.02987573        0.00150264
     1.2000000        0.02571174        0.00487163
     1.3000000        0.03255796        0.00267198
     1.4000000        0.03556718        0.00468909
     1.5000000        0.03531859        0.00281160
     1.6000000        0.03730094        0.00383541
     1.7000000        0.04577815        0.00495851
     1.8000000        0.05011707        0.00397923
     1.9000000        0.05281258        0.00402060
     2.0000000        0.05654275        0.00550882
     2.1000000        0.06067472        0.00634293
     2.2000000        0.06643438        0.00841293
     2.3000000        0.07969563        0.00774868
     2.4000000        0.09733496        0.00393905
     2.5000000        0.11228744        0.00289824
     2.6000000        0.13178011        0.00853845
     2.7000000        0.15364340        0.00824237
     2.8000000        0.18029284        0.00755270
     2.9000000        0.21841714        0.00971264
     3.0000000        0.26112587        0.00920907
     3.1000000        0.31756585        0.01078732
     3.2000000        0.37484456        0.01000920
     3.3000000        0.44311756        0.00715727
     3.4000000        0.53157772        0.01057742
     3.5000000        0.65083633        0.00584356
     3.6000000        0.78984131        0.01202820
     3.7000000        0.97949046        0.01158444
     3.8000000        1.20293089        0.01243180
     3.9000000        1.49611762        0.00909952
     4.0000000        1.86802033        0.01059046
