          41           9   8.0000000000000000                1
     0.0000000        0.29520213        0.01479670
     0.1000000        0.26441994        0.01459289
     0.2000000        0.23813093        0.01426438
     0.3000000        0.21523584        0.01387236
     0.4000000        0.19533252        0.01336337
     0.5000000        0.17776552        0.01276669
     0.6000000        0.16226320        0.01224612
     0.7000000        0.14879589        0.01181844
     0.8000000        0.13690049        0.01142407
     0.9000000        0.12613552        0.01107813
     1.0000000        0.11607033        0.01064693
     1.1000000        0.10665331        0.01026499
     1.2000000        0.09811507        0.01008686
     1.3000000        0.09038067        0.01007692
     1.4000000        0.08323314        0.01000622
     1.5000000        0.07659322        0.00962699
     1.6000000        0.07039151        0.00899352
     1.7000000        0.06470462        0.00829689
     1.8000000        0.05957861        0.00768361
     1.9000000        0.05512866        0.00711823
     2.0000000        0.05102263        0.00661254
     2.1000000        0.04719224        0.00609976
     2.2000000        0.04393683        0.00557117
     2.3000000        0.04084790        0.00508571
     2.4000000        0.03790062        0.00488860
     2.5000000        0.03527635        0.00496542
     2.6000000        0.03276502        0.00504920
     2.7000000        0.03035618        0.00519737
     2.8000000        0.02816266        0.00547702
     2.9000000        0.02642914        0.00577281
     3.0000000        0.02515998        0.00597095
     3.1000000        0.02389665        0.00602933
     3.2000000        0.02292991        0.00593327
     3.3000000        0.02253765        0.00568917
     3.4000000        0.02202020        0.00542077
     3.5000000        0.02142644        0.00528327
     3.6000000        0.02077314        0.00526457
     3.7000000        0.02011440        0.00528451
     3.8000000        0.01990388        0.00551234
     3.9000000        0.01982041        0.00581388
     4.0000000        0.01974271        0.00591217
