          61           9   12.000000000000000                1
     0.0000000        1.25464469        0.04120479
     0.1000000        0.81548889        0.03150778
     0.2000000        0.55272477        0.01914890
     0.3000000        0.39207746        0.01867606
     0.4000000        0.29267273        0.01939902
     0.5000000        0.20375531        0.02808430
     0.6000000        0.16052890        0.02264875
     0.7000000        0.12895811        0.01959394
     0.8000000        0.07956859        0.01035671
     0.9000000        0.05551504        0.01495127
     1.0000000        0.06001824        0.01922851
     1.1000000        0.02904662        0.01724621
     1.2000000        0.02997593        0.01638204
     1.3000000        0.02404078        0.01385883
     1.4000000        0.00712658        0.01136122
     1.5000000        0.00794781        0.01348953
     1.6000000        0.00998579        0.00979735
     1.7000000        0.00051440        0.01128619
     1.8000000       -0.00634083        0.01651851
     1.9000000       -0.00427610        0.01851379
     2.0000000       -0.01138029        0.02031256
     2.1000000       -0.00499479        0.01535171
     2.2000000        0.00294045        0.01657357
     2.3000000        0.00197687        0.01217679
     2.4000000        0.00302895        0.01762058
     2.5000000        0.00165829        0.01722756
     2.6000000        0.00960303        0.01411636
     2.7000000        0.02145405        0.01913165
     2.8000000        0.02156709        0.01509937
     2.9000000        0.00558730        0.01420152
     3.0000000       -0.00339954        0.01055780
     3.1000000        0.01240593        0.01695409
     3.2000000        0.00437184        0.00969646
     3.3000000        0.00521662        0.01292887
     3.4000000        0.00425680        0.00774844
     3.5000000       -0.00044247        0.01401417
     3.6000000        0.00400686        0.01189691
     3.7000000       -0.00163300        0.01502426
     3.8000000       -0.00196271        0.01180871
     3.9000000       -0.00447239        0.00754974
     4.0000000        0.00313857        0.01280828
     4.1000000       -0.00035475        0.01275888
     4.2000000       -0.01476262        0.01955666
     4.3000000       -0.02789155        0.02489899
     4.4000000       -0.01856995        0.02167186
     4.5000000       -0.01270733        0.01871577
     4.6000000       -0.01060011        0.01422253
     4.7000000       -0.01168629        0.01553025
     4.8000000        0.00183660        0.01481757
     4.9000000       -0.01055529        0.01883954
     5.0000000       -0.02235204        0.01780345
     5.1000000       -0.02142083        0.02085042
     5.2000000       -0.00777060        0.01843190
     5.3000000       -0.01619190        0.02090123
     5.4000000       -0.01179992        0.01586305
     5.5000000        0.00710154        0.01559537
     5.6000000        0.00448450        0.01372994
     5.7000000        0.02152801        0.01798170
     5.8000000        0.02017633        0.02273847
     5.9000000       -0.00060377        0.01847468
     6.0000000        0.01143022        0.02138670
