          51           9   10.000000000000000                1
     0.0000000        0.21797651        0.01031612
     0.1000000        0.13700250        0.00579305
     0.2000000        0.08819955        0.00544918
     0.3000000        0.05949725        0.00374863
     0.4000000        0.03767969        0.00439726
     0.5000000        0.02421921        0.00539697
     0.6000000        0.01881795        0.00537421
     0.7000000        0.00864152        0.00416103
     0.8000000        0.00756042        0.00364777
     0.9000000        0.00240356        0.00315936
     1.0000000       -0.00013208        0.00295820
     1.1000000        0.00286841        0.00195392
     1.2000000        0.00289940        0.00270288
     1.3000000        0.00105985        0.00239870
     1.4000000        0.00567199        0.00283638
     1.5000000        0.00070499        0.00329674
     1.6000000       -0.00781385        0.00194457
     1.7000000       -0.00391961        0.00332394
     1.8000000       -0.00452657        0.00249989
     1.9000000       -0.00310896        0.00175741
     2.0000000       -0.00439455        0.00235409
     2.1000000       -0.00268213        0.00466093
     2.2000000       -0.00161088        0.00315751
     2.3000000       -0.00039656        0.00205716
     2.4000000        0.00017747        0.00273684
     2.5000000       -0.00035832        0.00361674
     2.6000000        0.00046541        0.00196459
     2.7000000        0.00087177        0.00309042
     2.8000000        0.00046954        0.00468335
     2.9000000        0.00305269        0.00367683
     3.0000000        0.00073629        0.00310967
     3.1000000       -0.00032742        0.00279903
     3.2000000       -0.00486570        0.00577771
     3.3000000       -0.00202553        0.00420883
     3.4000000       -0.00464682        0.00350190
     3.5000000        0.00142032        0.00314350
     3.6000000        0.00230070        0.00389091
     3.7000000       -0.00060792        0.00367409
     3.8000000       -0.00477412        0.00460432
     3.9000000       -0.00200328        0.00364162
     4.0000000       -0.00049984        0.00510630
     4.1000000        0.00509554        0.00318001
     4.2000000        0.00082882        0.00204696
     4.3000000       -0.00346612        0.00254901
     4.4000000        0.00034657        0.00232406
     4.5000000       -0.00407357        0.00369717
     4.6000000        0.00050424        0.00191512
     4.7000000       -0.00006291        0.00265664
     4.8000000       -0.00727197        0.00358322
     4.9000000       -0.00467737        0.00353752
     5.0000000       -0.00483605        0.00394581
