          51           4   10.000000000000000                1
     0.0000000        0.12635977        0.01148443
     0.1000000        0.08905031        0.00498417
     0.2000000        0.06438728        0.00642331
     0.3000000        0.05413030        0.00368099
     0.4000000        0.04158954        0.00297651
     0.5000000        0.03380877        0.00457634
     0.6000000        0.02534126        0.00378364
     0.7000000        0.02290564        0.00614611
     0.8000000        0.01741829        0.00359851
     0.9000000        0.01276609        0.00534349
     1.0000000        0.01203008        0.00486916
     1.1000000        0.01075652        0.00487770
     1.2000000        0.00950415        0.00457563
     1.3000000        0.00932335        0.00383829
     1.4000000        0.00401186        0.00367309
     1.5000000        0.00631146        0.00310090
     1.6000000        0.00608536        0.00482049
     1.7000000        0.00734584        0.00387922
     1.8000000        0.00582257        0.00375562
     1.9000000        0.00622264        0.00390438
     2.0000000        0.00254637        0.00347467
     2.1000000        0.00053553        0.00335225
     2.2000000        0.00015015        0.00124214
     2.3000000       -0.00127130        0.00269431
     2.4000000       -0.00101967        0.00091832
     2.5000000        0.00310029        0.00247517
     2.6000000        0.00332128        0.00147049
     2.7000000        0.00426572        0.00104566
     2.8000000        0.00447112        0.00175591
     2.9000000        0.00571122        0.00192292
     3.0000000        0.00446622        0.00087872
     3.1000000        0.00305396        0.00030496
     3.2000000        0.00198057        0.00144276
     3.3000000       -0.00268443        0.00236141
     3.4000000        0.00146285        0.00261865
     3.5000000        0.00301242        0.00127749
     3.6000000        0.00196190        0.00353273
     3.7000000        0.00112290        0.00280838
     3.8000000        0.00134857        0.00163957
     3.9000000        0.00260321        0.00341286
     4.0000000        0.00176961        0.00268924
     4.1000000        0.00139360        0.00142940
     4.2000000        0.00316400        0.00267738
     4.3000000        0.00001487        0.00402492
     4.4000000        0.00100962        0.00578588
     4.5000000        0.00052344        0.00228116
     4.6000000       -0.00439863        0.00166177
     4.7000000       -0.00063356        0.00199832
     4.8000000       -0.00094316        0.00128309
     4.9000000       -0.00025272        0.00122681
     5.0000000       -0.00140832        0.00104861
