   -1.570796     -1.570796        1.86505592        0.06752883        0.00474149        0.06543096
   -1.570796      0.000000        0.88687042        0.02455955       -0.00082241        0.00823744
   -1.570796      1.570796        1.87331423        0.06039304        0.01732159        0.06260025
   -1.570796      3.141593        0.89332925        0.03776578       -0.01589775        0.01934884
    0.000000     -1.570796        0.81224648        0.02704381        0.00685017        0.01547023
    0.000000      0.000000        0.47350913        0.01712512        0.00000000        0.00000000
    0.000000      1.570796        0.81224648        0.02704381       -0.00685017        0.01547023
    0.000000      3.141593        1.72297310        0.09902371        0.00000000        0.00000000
    1.570796     -1.570796        1.87331423        0.06039304       -0.01732159        0.06260025
    1.570796      0.000000        0.88687042        0.02455955        0.00082241        0.00823744
    1.570796      1.570796        1.86505592        0.06752883       -0.00474149        0.06543096
    1.570796      3.141593        0.89332925        0.03776578        0.01589775        0.01934884
    3.141593     -1.570796        0.86335837        0.01869825       -0.03451483        0.02534372
    3.141593      0.000000        1.81036031        0.14007258        0.00000000        0.00000000
    3.141593      1.570796        0.86335837        0.01869825        0.03451483        0.02534372
    3.141593      3.141593        0.46991249        0.00955483        0.00000000        0.00000000
