   -1.570796     -1.570796
  1    1        1.00000000        0.00000000        0.00000000        0.00000000
   -1.570796      0.000000
  1    1        1.76634820        0.00661075       -0.00144715        0.00286705
   -1.570796      1.570796
  1    1        1.00000000        0.00000000       -0.00000000        0.00000000
   -1.570796      3.141593
  1    1        0.23365180        0.00661075        0.00144715        0.00286705
    0.000000     -1.570796
  1    1        1.77569873        0.00883920       -0.00044285        0.00330786
    0.000000      0.000000
  1    1        1.91040341        0.00318207        0.00000000        0.00000000
    0.000000      1.570796
  1    1        1.77569873        0.00883920        0.00044285        0.00330786
    0.000000      3.141593
  1    1        1.00685424        0.04500815       -0.00000000        0.00000000
    1.570796     -1.570796
  1    1        1.00000000        0.00000000        0.00000000        0.00000000
    1.570796      0.000000
  1    1        1.76634820        0.00661075        0.00144715        0.00286705
    1.570796      1.570796
  1    1        1.00000000        0.00000000       -0.00000000        0.00000000
    1.570796      3.141593
  1    1        0.23365180        0.00661075       -0.00144715        0.00286705
    3.141593     -1.570796
  1    1        0.22430127        0.00883920        0.00044285        0.00330786
    3.141593      0.000000
  1    1        0.99314576        0.04500815       -0.00000000        0.00000000
    3.141593      1.570796
  1    1        0.22430127        0.00883920       -0.00044285        0.00330786
    3.141593      3.141593
  1    1        0.08959659        0.00318207        0.00000000        0.00000000
