          31           4   6.0000000000000000                1
     0.0000000        0.26764033        0.01478296
     0.1000000        0.16466534        0.01355582
     0.2000000        0.10631167        0.01178557
     0.3000000        0.07197400        0.01173753
     0.4000000        0.04977394        0.01352225
     0.5000000        0.03554516        0.01520249
     0.6000000        0.02657228        0.01623489
     0.7000000        0.02111955        0.01560396
     0.8000000        0.01698533        0.01358422
     0.9000000        0.01388278        0.01168146
     1.0000000        0.01230206        0.01045609
     1.1000000        0.01140827        0.01038221
     1.2000000        0.01068091        0.01116922
     1.3000000        0.00971503        0.01191059
     1.4000000        0.00785374        0.01277418
     1.5000000        0.00495610        0.01437890
     1.6000000        0.00405661        0.01460095
     1.7000000        0.00361985        0.01393891
     1.8000000        0.00227227        0.01300566
     1.9000000        0.00133412        0.01115771
     2.0000000        0.00019809        0.00936753
     2.1000000       -0.00078036        0.00834583
     2.2000000       -0.00211186        0.00807852
     2.3000000       -0.00431717        0.00804981
     2.4000000       -0.00561222        0.00824923
     2.5000000       -0.00674658        0.01026853
     2.6000000       -0.00773940        0.01337773
     2.7000000       -0.00744330        0.01433629
     2.8000000       -0.00670134        0.01320398
     2.9000000       -0.00628492        0.01330358
     3.0000000       -0.00625262        0.01405506
