          21           9   2.0000000000000000                1
     0.0000000        0.43627521        0.00417616
     0.1000000        0.39631525        0.00281426
     0.2000000        0.37273601        0.00287259
     0.3000000        0.36509033        0.00272296
     0.4000000        0.36627447        0.00353343
     0.5000000        0.36729780        0.00117268
     0.6000000        0.38055672        0.00260874
     0.7000000        0.40180771        0.00378111
     0.8000000        0.42227554        0.00410080
     0.9000000        0.44902236        0.00402033
     1.0000000        0.47860250        0.00639547
     1.1000000        0.51809431        0.00653084
     1.2000000        0.56927160        0.00817408
     1.3000000        0.62480607        0.00731577
     1.4000000        0.69457753        0.00424893
     1.5000000        0.77666949        0.00393215
     1.6000000        0.87684668        0.00550644
     1.7000000        1.00087870        0.00435415
     1.8000000        1.14915926        0.00308067
     1.9000000        1.33129342        0.00616136
     2.0000000        1.56372479        0.00417616
