          31           4   6.0000000000000000                1
     0.0000000        0.33413235        0.01756469
     0.1000000        0.18592548        0.00883979
     0.2000000        0.11072430        0.00411835
     0.3000000        0.06237220        0.00475381
     0.4000000        0.04627020        0.01101476
     0.5000000        0.02324947        0.00722007
     0.6000000        0.01953454        0.00950771
     0.7000000        0.01074942        0.00710512
     0.8000000        0.00395821        0.00560557
     0.9000000        0.00167978        0.00364234
     1.0000000        0.00457052        0.00591551
     1.1000000        0.00284907        0.00593080
     1.2000000        0.00232523        0.00389322
     1.3000000        0.00042429        0.00268443
     1.4000000        0.00290509        0.00417493
     1.5000000       -0.00282229        0.00411983
     1.6000000       -0.00082944        0.00474060
     1.7000000        0.00052427        0.00522588
     1.8000000        0.00305881        0.00393724
     1.9000000       -0.00038410        0.00467674
     2.0000000       -0.00865861        0.00579544
     2.1000000       -0.00926264        0.00308559
     2.2000000       -0.00249880        0.00296735
     2.3000000       -0.00532317        0.00453295
     2.4000000       -0.00125211        0.00563242
     2.5000000        0.00184264        0.00435337
     2.6000000       -0.00084124        0.00385220
     2.7000000        0.00129215        0.00608184
     2.8000000        0.00081473        0.00275699
     2.9000000        0.00208793        0.00299557
     3.0000000       -0.00256791        0.00348470
