          11           4   2.0000000000000000                1
     0.0000000        1.30683972        0.01359062
     0.1000000        0.91002798        0.01817348
     0.2000000        0.68034145        0.02046845
     0.3000000        0.54938737        0.02115082
     0.4000000        0.46520324        0.01971945
     0.5000000        0.39307583        0.01165923
     0.6000000        0.34444016        0.01662781
     0.7000000        0.31912175        0.01330398
     0.8000000        0.29732468        0.01394175
     0.9000000        0.28706126        0.00980243
     1.0000000        0.28511016        0.01453784
