          11           4   2.0000000000000000                1
     0.0000000        0.09400757        0.00521086
     0.1000000        0.04500926        0.00254246
     0.2000000        0.02333304        0.00123369
     0.3000000        0.01310552        0.00059523
     0.4000000        0.00789942        0.00027011
     0.5000000        0.00498404        0.00024141
     0.6000000        0.00338721        0.00018735
     0.7000000        0.00250706        0.00014670
     0.8000000        0.00200625        0.00015463
     0.9000000        0.00175720        0.00027795
     1.0000000        0.00168584        0.00034027
