 0.10000000000000000E+001          1         28
( 0.10000000000000016E+001, 0.00000000000000000E+000)
-0.26927937030769660E+001  0.00000000000000000E+000
( 0.36740166148794617E+000, 0.50753052554292864E-014)
-0.26927937030769660E+001  0.31415926535897936E+001
( 0.36740166148793785E+000, 0.10150610510858574E-014)
-0.22439947525641384E+001  0.00000000000000000E+000
( 0.32516203741933958E+000,-0.58366010437436799E-014)
-0.22439947525641384E+001  0.31415926535897936E+001
( 0.32516203741934391E+000, 0.38064789415719651E-015)
-0.17951958020513106E+001  0.00000000000000000E+000
( 0.26361314246860129E+000, 0.25376526277146432E-014)
-0.17951958020513106E+001  0.31415926535897936E+001
( 0.26361314246859763E+000, 0.16494742080145181E-014)
-0.13463968515384830E+001  0.00000000000000000E+000
( 0.18991639073274438E+000,-0.29183005218718399E-014)
-0.13463968515384830E+001  0.31415926535897936E+001
( 0.18991639073275376E+000, 0.10150610510858574E-014)
-0.89759790102565529E+000  0.00000000000000000E+000
( 0.11144869739687049E+000, 0.15225915766287860E-014)
-0.89759790102565529E+000  0.31415926535897936E+001
( 0.11144869739685984E+000, 0.25376526277146434E-015)
-0.44879895051282764E+000  0.00000000000000000E+000
( 0.40380656302649288E-001,-0.95161973539299129E-015)
-0.44879895051282764E+000  0.31415926535897936E+001
( 0.40380656302669592E-001, 0.57097184123579474E-015)
 0.00000000000000000E+000  0.00000000000000000E+000
( 0.28006108254381363E+002, 0.00000000000000000E+000)
 0.00000000000000000E+000  0.31415926535897936E+001
( 0.61082543812663705E-002, 0.45027434190945980E-014)
 0.44879895051282764E+000  0.00000000000000000E+000
( 0.40380656302649288E-001, 0.95161973539299129E-015)
 0.44879895051282764E+000  0.31415926535897936E+001
( 0.40380656302668828E-001, 0.25376526277146434E-015)
 0.89759790102565529E+000  0.00000000000000000E+000
( 0.11144869739687049E+000,-0.15225915766287860E-014)
 0.89759790102565529E+000  0.31415926535897936E+001
( 0.11144869739685984E+000, 0.63441315692866080E-015)
 0.13463968515384830E+001  0.00000000000000000E+000
( 0.18991639073274438E+000, 0.29183005218718399E-014)
 0.13463968515384830E+001  0.31415926535897936E+001
( 0.18991639073275352E+000, 0.10150610510858574E-014)
 0.17951958020513106E+001  0.00000000000000000E+000
( 0.26361314246860129E+000,-0.25376526277146432E-014)
 0.17951958020513106E+001  0.31415926535897936E+001
( 0.26361314246859774E+000, 0.11419436824715895E-014)
 0.22439947525641384E+001  0.00000000000000000E+000
( 0.32516203741933958E+000, 0.58366010437436799E-014)
 0.22439947525641384E+001  0.31415926535897936E+001
( 0.32516203741934391E+000,-0.50753052554292868E-015)
 0.26927937030769660E+001  0.00000000000000000E+000
( 0.36740166148794617E+000,-0.50753052554292864E-014)
 0.26927937030769660E+001  0.31415926535897936E+001
( 0.36740166148793785E+000, 0.15860328923216521E-014)
 0.31415926535897936E+001  0.00000000000000000E+000
( 0.38305331205576715E+000, 0.53903565190296129E-014)
 0.31415926535897936E+001  0.31415926535897936E+001
( 0.38305331205577031E+000,-0.88874373946525391E-015)
 0.10000000000000000E+001          1         28
( 0.10000000000000044E+001, 0.00000000000000000E+000)
-0.26927937030769660E+001  0.00000000000000000E+000
( 0.34162575874424439E+000, 0.54559531495864831E-014)
-0.26927937030769660E+001  0.31415926535897936E+001
( 0.34162575874423812E+000, 0.14591502609359200E-014)
-0.22439947525641384E+001  0.00000000000000000E+000
( 0.30392065414745900E+000,-0.53290705182007514E-014)
-0.22439947525641384E+001  0.31415926535897936E+001
( 0.30392065414746328E+000, 0.63441315692866080E-015)
-0.17951958020513106E+001  0.00000000000000000E+000
( 0.24750175350058193E+000, 0.26645352591003757E-014)
-0.17951958020513106E+001  0.31415926535897936E+001
( 0.24750175350058140E+000, 0.16494742080145181E-014)
-0.13463968515384830E+001  0.00000000000000000E+000
( 0.17838527298371762E+000,-0.27914178904861078E-014)
-0.13463968515384830E+001  0.31415926535897936E+001
( 0.17838527298372014E+000, 0.11419436824715895E-014)
-0.89759790102565529E+000  0.00000000000000000E+000
( 0.10349858478591603E+000, 0.19032394707859826E-014)
-0.89759790102565529E+000  0.31415926535897936E+001
( 0.10349858478590157E+000, 0.11419436824715895E-014)
-0.44879895051282764E+000  0.00000000000000000E+000
( 0.35786604184696306E-001,-0.19032394707859825E-015)
-0.44879895051282764E+000  0.31415926535897936E+001
( 0.35786604184710004E-001,-0.12688263138573217E-015)
 0.00000000000000000E+000  0.00000000000000000E+000
( 0.28004222023779654E+002, 0.00000000000000000E+000)
 0.00000000000000000E+000  0.31415926535897936E+001
( 0.42220237793994132E-002, 0.45027434190946232E-014)
 0.44879895051282764E+000  0.00000000000000000E+000
( 0.35786604184696306E-001, 0.19032394707859825E-015)
 0.44879895051282764E+000  0.31415926535897936E+001
( 0.35786604184709497E-001, 0.88817841970012523E-015)
 0.89759790102565529E+000  0.00000000000000000E+000
( 0.10349858478591603E+000,-0.19032394707859826E-014)
 0.89759790102565529E+000  0.31415926535897936E+001
( 0.10349858478590131E+000,-0.38064789415719651E-015)
 0.13463968515384830E+001  0.00000000000000000E+000
( 0.17838527298371762E+000, 0.27914178904861078E-014)
 0.13463968515384830E+001  0.31415926535897936E+001
( 0.17838527298372064E+000, 0.10150610510858574E-014)
 0.17951958020513106E+001  0.00000000000000000E+000
( 0.24750175350058193E+000,-0.26645352591003757E-014)
 0.17951958020513106E+001  0.31415926535897936E+001
( 0.24750175350058140E+000, 0.88817841970012523E-015)
 0.22439947525641384E+001  0.00000000000000000E+000
( 0.30392065414745900E+000, 0.53290705182007514E-014)
 0.22439947525641384E+001  0.31415926535897936E+001
( 0.30392065414746344E+000,-0.88817841970012523E-015)
 0.26927937030769660E+001  0.00000000000000000E+000
( 0.34162575874424439E+000,-0.54559531495864831E-014)
 0.26927937030769660E+001  0.31415926535897936E+001
( 0.34162575874423834E+000, 0.13322676295501878E-014)
 0.31415926535897936E+001  0.00000000000000000E+000
( 0.35560303189088377E+000, 0.53904763413541798E-014)
 0.31415926535897936E+001  0.31415926535897936E+001
( 0.35560303189088771E+000,-0.88862391714071973E-015)
 0.10000000000000000E+001          1         28
( 0.10000000000000024E+001, 0.00000000000000000E+000)
-0.26927937030769660E+001  0.00000000000000000E+000
( 0.33484543609633477E+000, 0.50753052554292864E-014)
-0.26927937030769660E+001  0.31415926535897936E+001
( 0.33484543609632761E+000, 0.10150610510858574E-014)
-0.22439947525641384E+001  0.00000000000000000E+000
( 0.29708777487630034E+000,-0.54559531495864831E-014)
-0.22439947525641384E+001  0.31415926535897936E+001
( 0.29708777487630578E+000, 0.12688263138573217E-015)
-0.17951958020513106E+001  0.00000000000000000E+000
( 0.24082340124653684E+000, 0.22838873649431789E-014)
-0.17951958020513106E+001  0.31415926535897936E+001
( 0.24082340124653268E+000, 0.11419436824715895E-014)
-0.13463968515384830E+001  0.00000000000000000E+000
( 0.17251110858398580E+000,-0.29183005218718399E-014)
-0.13463968515384830E+001  0.31415926535897936E+001
( 0.17251110858398100E+000, 0.12688263138573216E-014)
-0.89759790102565529E+000  0.00000000000000000E+000
( 0.99432381088123523E-001, 0.21570047335574468E-014)
-0.89759790102565529E+000  0.31415926535897936E+001
( 0.99432381088117694E-001, 0.38064789415719651E-015)
-0.44879895051282764E+000  0.00000000000000000E+000
( 0.33788118456337807E-001,-0.57097184123579474E-015)
-0.44879895051282764E+000  0.31415926535897936E+001
( 0.33788118456349485E-001,-0.25376526277146434E-015)
 0.00000000000000000E+000  0.00000000000000000E+000
( 0.28003095987905777E+002, 0.00000000000000000E+000)
 0.00000000000000000E+000  0.31415926535897936E+001
( 0.30959879056341928E-002, 0.45027434190946059E-014)
 0.44879895051282764E+000  0.00000000000000000E+000
( 0.33788118456337807E-001, 0.57097184123579474E-015)
 0.44879895051282764E+000  0.31415926535897936E+001
( 0.33788118456348971E-001, 0.25376526277146434E-015)
 0.89759790102565529E+000  0.00000000000000000E+000
( 0.99432381088123523E-001,-0.21570047335574468E-014)
 0.89759790102565529E+000  0.31415926535897936E+001
( 0.99432381088117430E-001, 0.50753052554292868E-015)
 0.13463968515384830E+001  0.00000000000000000E+000
( 0.17251110858398580E+000, 0.29183005218718399E-014)
 0.13463968515384830E+001  0.31415926535897936E+001
( 0.17251110858398075E+000, 0.76129578831439301E-015)
 0.17951958020513106E+001  0.00000000000000000E+000
( 0.24082340124653684E+000,-0.22838873649431789E-014)
 0.17951958020513106E+001  0.31415926535897936E+001
( 0.24082340124653279E+000, 0.11419436824715895E-014)
 0.22439947525641384E+001  0.00000000000000000E+000
( 0.29708777487630034E+000, 0.54559531495864831E-014)
 0.22439947525641384E+001  0.31415926535897936E+001
( 0.29708777487630589E+000,-0.50753052554292868E-015)
 0.26927937030769660E+001  0.00000000000000000E+000
( 0.33484543609633477E+000,-0.50753052554292864E-014)
 0.26927937030769660E+001  0.31415926535897936E+001
( 0.33484543609632761E+000, 0.17129155237073842E-014)
 0.31415926535897936E+001  0.00000000000000000E+000
( 0.34854090487307904E+000, 0.53905335992481964E-014)
 0.31415926535897936E+001  0.31415926535897936E+001
( 0.34854090487308248E+000,-0.88856665924667212E-015)
 0.10000000000000000E+001          1         28
( 0.10000000000000011E+001, 0.00000000000000000E+000)
-0.26927937030769660E+001  0.00000000000000000E+000
( 0.36105475376460827E+000, 0.55193944652793490E-014)
-0.26927937030769660E+001  0.31415926535897936E+001
( 0.36105475376460766E+000, 0.76129578831439301E-015)
-0.22439947525641384E+001  0.00000000000000000E+000
( 0.32135434377285343E+000,-0.57097184123579474E-014)
-0.22439947525641384E+001  0.31415926535897936E+001
( 0.32135434377286803E+000,-0.38064789415719651E-015)
-0.17951958020513106E+001  0.00000000000000000E+000
( 0.26164787419234675E+000, 0.21570047335574468E-014)
-0.17951958020513106E+001  0.31415926535897936E+001
( 0.26164787419235846E+000, 0.12688263138573216E-014)
-0.13463968515384830E+001  0.00000000000000000E+000
( 0.18959415072528402E+000,-0.25376526277146432E-014)
-0.13463968515384830E+001  0.31415926535897936E+001
( 0.18959415072527463E+000, 0.11419436824715895E-014)
-0.89759790102565529E+000  0.00000000000000000E+000
( 0.11249455924693333E+000, 0.24107699963289111E-014)
-0.89759790102565529E+000  0.31415926535897936E+001
( 0.11249455924691860E+000, 0.50753052554292868E-015)
-0.44879895051282764E+000  0.00000000000000000E+000
( 0.41869273479057965E-001,-0.95161973539299129E-015)
-0.44879895051282764E+000  0.31415926535897936E+001
( 0.41869273479067610E-001,-0.63441315692866080E-015)
 0.00000000000000000E+000  0.00000000000000000E+000
( 0.28007364071291079E+002, 0.00000000000000000E+000)
 0.00000000000000000E+000  0.31415926535897936E+001
( 0.73640712909934791E-002, 0.45027434190945964E-014)
 0.44879895051282764E+000  0.00000000000000000E+000
( 0.41869273479057965E-001, 0.95161973539299129E-015)
 0.44879895051282764E+000  0.31415926535897936E+001
( 0.41869273479067610E-001, 0.88817841970012523E-015)
 0.89759790102565529E+000  0.00000000000000000E+000
( 0.11249455924693333E+000,-0.24107699963289111E-014)
 0.89759790102565529E+000  0.31415926535897936E+001
( 0.11249455924691835E+000, 0.63441315692866080E-015)
 0.13463968515384830E+001  0.00000000000000000E+000
( 0.18959415072528402E+000, 0.25376526277146432E-014)
 0.13463968515384830E+001  0.31415926535897936E+001
( 0.18959415072527463E+000, 0.88817841970012523E-015)
 0.17951958020513106E+001  0.00000000000000000E+000
( 0.26164787419234675E+000,-0.21570047335574468E-014)
 0.17951958020513106E+001  0.31415926535897936E+001
( 0.26164787419235858E+000, 0.10150610510858574E-014)
 0.22439947525641384E+001  0.00000000000000000E+000
( 0.32135434377285343E+000, 0.57097184123579474E-014)
 0.22439947525641384E+001  0.31415926535897936E+001
( 0.32135434377286815E+000,-0.12688263138573217E-015)
 0.26927937030769660E+001  0.00000000000000000E+000
( 0.36105475376460827E+000,-0.55193944652793490E-014)
 0.26927937030769660E+001  0.31415926535897936E+001
( 0.36105475376460788E+000, 0.17763568394002505E-014)
 0.31415926535897936E+001  0.00000000000000000E+000
( 0.37538119256023245E+000, 0.53902945120808220E-014)
 0.31415926535897936E+001  0.31415926535897936E+001
( 0.37538119256024655E+000,-0.88880574641403625E-015)
 0.10000000000000000E+001          1         28
( 0.10000000000000040E+001, 0.00000000000000000E+000)
-0.26927937030769660E+001  0.00000000000000000E+000
( 0.33895885818442456E+000, 0.53290705182007514E-014)
-0.26927937030769660E+001  0.31415926535897936E+001
( 0.33895885818443205E+000, 0.76129578831439301E-015)
-0.22439947525641384E+001  0.00000000000000000E+000
( 0.30136401727762596E+000,-0.55828357809722156E-014)
-0.22439947525641384E+001  0.31415926535897936E+001
( 0.30136401727764639E+000, 0.50753052554292868E-015)
-0.17951958020513106E+001  0.00000000000000000E+000
( 0.24579628293358863E+000, 0.21570047335574468E-014)
-0.17951958020513106E+001  0.31415926535897936E+001
( 0.24579628293359396E+000, 0.10150610510858574E-014)
-0.13463968515384830E+001  0.00000000000000000E+000
( 0.17786196053182682E+000,-0.21570047335574468E-014)
-0.13463968515384830E+001  0.31415926535897936E+001
( 0.17786196053183875E+000, 0.12688263138573216E-014)
-0.89759790102565529E+000  0.00000000000000000E+000
( 0.10439812762059576E+000, 0.10150610510858574E-014)
-0.89759790102565529E+000  0.31415926535897936E+001
( 0.10439812762058358E+000, 0.50753052554292868E-015)
-0.44879895051282764E+000  0.00000000000000000E+000
( 0.38091644887100574E-001,-0.15860328923216521E-014)
-0.44879895051282764E+000  0.31415926535897936E+001
( 0.38091644887089916E-001,-0.31720657846433040E-015)
 0.00000000000000000E+000  0.00000000000000000E+000
( 0.28006605228249221E+002, 0.00000000000000000E+000)
 0.00000000000000000E+000  0.31415926535897936E+001
( 0.66052282489761993E-002, 0.45027434190946216E-014)
 0.44879895051282764E+000  0.00000000000000000E+000
( 0.38091644887100574E-001, 0.15860328923216521E-014)
 0.44879895051282764E+000  0.31415926535897936E+001
( 0.38091644887089410E-001, 0.31720657846433040E-015)
 0.89759790102565529E+000  0.00000000000000000E+000
( 0.10439812762059576E+000,-0.10150610510858574E-014)
 0.89759790102565529E+000  0.31415926535897936E+001
( 0.10439812762058358E+000, 0.12688263138573216E-014)
 0.13463968515384830E+001  0.00000000000000000E+000
( 0.17786196053182682E+000, 0.21570047335574468E-014)
 0.13463968515384830E+001  0.31415926535897936E+001
( 0.17786196053183875E+000, 0.76129578831439301E-015)
 0.17951958020513106E+001  0.00000000000000000E+000
( 0.24579628293358863E+000,-0.21570047335574468E-014)
 0.17951958020513106E+001  0.31415926535897936E+001
( 0.24579628293359410E+000, 0.12688263138573216E-014)
 0.22439947525641384E+001  0.00000000000000000E+000
( 0.30136401727762596E+000, 0.55828357809722156E-014)
 0.22439947525641384E+001  0.31415926535897936E+001
( 0.30136401727764639E+000,-0.25376526277146434E-015)
 0.26927937030769660E+001  0.00000000000000000E+000
( 0.33895885818442456E+000,-0.53290705182007514E-014)
 0.26927937030769660E+001  0.31415926535897936E+001
( 0.33895885818443205E+000, 0.18397981550931163E-014)
 0.31415926535897936E+001  0.00000000000000000E+000
( 0.35240656836263096E+000, 0.53905117344218807E-014)
 0.31415926535897936E+001  0.31415926535897936E+001
( 0.35240656836261991E+000,-0.88858852407300125E-015)
