          31           4   6.0000000000000000                1
     0.0000000        0.26618665        0.00518858
     0.1000000        0.16333829        0.00153880
     0.2000000        0.10885587        0.00490997
     0.3000000        0.07338594        0.00480550
     0.4000000        0.04502363        0.00383957
     0.5000000        0.03803108        0.00417855
     0.6000000        0.02202273        0.00313990
     0.7000000        0.01845927        0.00221793
     0.8000000        0.00890937        0.00240815
     0.9000000        0.01284415        0.00144962
     1.0000000        0.01357387        0.00174804
     1.1000000        0.01185966        0.00348244
     1.2000000        0.00484880        0.00192753
     1.3000000        0.00995440        0.00687697
     1.4000000        0.00548375        0.00414924
     1.5000000        0.00572668        0.00198927
     1.6000000        0.00508455        0.00353020
     1.7000000        0.00451415        0.00233016
     1.8000000        0.00601143        0.00284400
     1.9000000        0.00297111        0.00234435
     2.0000000       -0.00063506        0.00493233
     2.1000000        0.00515506        0.00251488
     2.2000000        0.00442438        0.00276855
     2.3000000        0.00167215        0.00223421
     2.4000000        0.00332704        0.00227524
     2.5000000        0.00269856        0.00257922
     2.6000000       -0.00148665        0.00263271
     2.7000000        0.00283631        0.00396657
     2.8000000       -0.00057356        0.00401299
     2.9000000       -0.00691216        0.00339820
     3.0000000       -0.00314891        0.00452446
