          26           4   5.0000000000000000                1
     0.0000000        0.31022676        0.06699218
     0.1000000        0.16862404        0.04343610
     0.2000000        0.09208912        0.03997136
     0.3000000        0.04583351        0.02872796
     0.4000000        0.03784795        0.01743571
     0.5000000        0.01472363        0.02553826
     0.6000000        0.00292599        0.01627536
     0.7000000        0.00644529        0.01880019
     0.8000000       -0.00691672        0.02245175
     0.9000000        0.01890180        0.02153112
     1.0000000       -0.00180711        0.03004480
     1.1000000        0.01561832        0.01919757
     1.2000000        0.01845672        0.02070416
     1.3000000        0.00112791        0.01584820
     1.4000000        0.00617222        0.01404193
     1.5000000       -0.01134273        0.02747242
     1.6000000       -0.00396053        0.01883225
     1.7000000        0.00189472        0.02046902
     1.8000000        0.00078096        0.02085688
     1.9000000       -0.00184532        0.01721691
     2.0000000       -0.00437581        0.01668081
     2.1000000       -0.01970480        0.02865981
     2.2000000       -0.01246901        0.02612792
     2.3000000       -0.00574530        0.02610635
     2.4000000       -0.00790401        0.02520976
     2.5000000       -0.01790275        0.03846437
