          51           4   10.000000000000000                1
     0.0000000        0.61013461        0.05374995
     0.1000000        0.49846294        0.05149001
     0.2000000        0.41440943        0.04735722
     0.3000000        0.34908626        0.04400824
     0.4000000        0.29976427        0.04315959
     0.5000000        0.26207420        0.04428234
     0.6000000        0.23176740        0.04454212
     0.7000000        0.20369865        0.04293331
     0.8000000        0.17786380        0.04061135
     0.9000000        0.15923025        0.04002422
     1.0000000        0.14528733        0.04261541
     1.1000000        0.12908322        0.04493685
     1.2000000        0.11228479        0.04514158
     1.3000000        0.09877378        0.04371555
     1.4000000        0.08946748        0.04084839
     1.5000000        0.08445548        0.03926625
     1.6000000        0.07925727        0.03733657
     1.7000000        0.07375905        0.03502493
     1.8000000        0.06845417        0.03434833
     1.9000000        0.06401992        0.03433540
     2.0000000        0.06049892        0.03496363
     2.1000000        0.05827031        0.03385316
     2.2000000        0.05729577        0.03142383
     2.3000000        0.05608775        0.02871173
     2.4000000        0.05061286        0.02532861
     2.5000000        0.04275339        0.02237762
     2.6000000        0.03857656        0.02084144
     2.7000000        0.03681297        0.01906401
     2.8000000        0.03369014        0.01781290
     2.9000000        0.02632981        0.01802179
     3.0000000        0.01679791        0.01829087
     3.1000000        0.01037945        0.01633592
     3.2000000        0.00730942        0.01371385
     3.3000000        0.00548952        0.01103005
     3.4000000        0.00517441        0.01117727
     3.5000000        0.00344517        0.01372653
     3.6000000        0.00155325        0.01598024
     3.7000000        0.00071387        0.01785517
     3.8000000        0.00127037        0.02028807
     3.9000000        0.00217830        0.02167958
     4.0000000        0.00297544        0.02193312
     4.1000000        0.00441465        0.02233539
     4.2000000        0.00587557        0.02369418
     4.3000000        0.00678059        0.02625897
     4.4000000        0.00775375        0.02720380
     4.5000000        0.00857535        0.02732716
     4.6000000        0.00893288        0.02767861
     4.7000000        0.01036524        0.02776068
     4.8000000        0.01221967        0.02661672
     4.9000000        0.01346657        0.02517414
     5.0000000        0.01389303        0.02492579
