          41           9   8.0000000000000000                1
     0.0000000        1.18532464        0.04695202
     0.1000000        0.74088419        0.03437772
     0.2000000        0.47436052        0.03952337
     0.3000000        0.31732007        0.04134489
     0.4000000        0.23558365        0.03542583
     0.5000000        0.17395562        0.03134029
     0.6000000        0.12380815        0.03567429
     0.7000000        0.11571749        0.02328999
     0.8000000        0.10026424        0.01300006
     0.9000000        0.08695779        0.00718588
     1.0000000        0.10019837        0.01578464
     1.1000000        0.08214447        0.00908396
     1.2000000        0.06176780        0.00974329
     1.3000000        0.04275147        0.01470112
     1.4000000       -0.00277677        0.03508147
     1.5000000        0.00272736        0.02402535
     1.6000000        0.02998793        0.00954573
     1.7000000        0.00127267        0.02739621
     1.8000000        0.01014565        0.01718070
     1.9000000        0.04316399        0.01682395
     2.0000000        0.04520688        0.01750082
     2.1000000        0.03666591        0.02729399
     2.2000000        0.01167158        0.00995751
     2.3000000        0.00141175        0.01266617
     2.4000000       -0.01100595        0.02985253
     2.5000000       -0.02206155        0.03306941
     2.6000000       -0.01984696        0.03039139
     2.7000000       -0.01354760        0.01611033
     2.8000000       -0.01117005        0.01653786
     2.9000000       -0.00129841        0.01279092
     3.0000000       -0.00500728        0.01247898
     3.1000000       -0.03638482        0.01978969
     3.2000000       -0.02626093        0.01760322
     3.3000000       -0.01381931        0.01328454
     3.4000000       -0.01428330        0.01668138
     3.5000000       -0.01653087        0.02157118
     3.6000000       -0.01626624        0.02584183
     3.7000000       -0.03659726        0.02546949
     3.8000000       -0.02105872        0.02705372
     3.9000000       -0.01320978        0.01547159
     4.0000000       -0.02172069        0.02038172
