          31           4   6.0000000000000000                1
     0.0000000        0.23077723        0.01755928
     0.1000000        0.14399859        0.00968538
     0.2000000        0.08555459        0.00872800
     0.3000000        0.05820747        0.00848211
     0.4000000        0.03626183        0.00562248
     0.5000000        0.02743468        0.00874674
     0.6000000        0.01888319        0.00542274
     0.7000000        0.02179671        0.01002065
     0.8000000        0.00910909        0.01136945
     0.9000000        0.00540968        0.01053420
     1.0000000        0.00565020        0.01142378
     1.1000000       -0.00099878        0.00749761
     1.2000000       -0.00485609        0.00588380
     1.3000000       -0.00496693        0.01084029
     1.4000000       -0.00292861        0.01112773
     1.5000000       -0.00131858        0.01364007
     1.6000000        0.00030723        0.01158792
     1.7000000        0.00059935        0.01053932
     1.8000000        0.00293131        0.00890279
     1.9000000        0.00009679        0.00888722
     2.0000000        0.00590775        0.01010692
     2.1000000        0.01142941        0.01284192
     2.2000000        0.00533736        0.01260993
     2.3000000        0.00724111        0.01131771
     2.4000000        0.00820493        0.01258982
     2.5000000        0.00882600        0.01079987
     2.6000000        0.00165938        0.01388453
     2.7000000        0.00489224        0.01201418
     2.8000000       -0.00067095        0.00680001
     2.9000000        0.00632068        0.00651507
     3.0000000        0.01143152        0.01240783
