          26           4   5.0000000000000000                1
     0.0000000        0.16293971        0.03904741
     0.1000000        0.15028287        0.03899915
     0.2000000        0.13951488        0.03838670
     0.3000000        0.12889328        0.03780952
     0.4000000        0.11959459        0.03698937
     0.5000000        0.11190185        0.03545525
     0.6000000        0.10437012        0.03365983
     0.7000000        0.09630422        0.03147211
     0.8000000        0.08818783        0.02971218
     0.9000000        0.08080683        0.02912063
     1.0000000        0.07419969        0.02930894
     1.1000000        0.06602558        0.02860969
     1.2000000        0.05766782        0.02763513
     1.3000000        0.05048839        0.02787696
     1.4000000        0.04400481        0.02883863
     1.5000000        0.04072143        0.03016667
     1.6000000        0.03955997        0.03018799
     1.7000000        0.03851949        0.02816214
     1.8000000        0.03866747        0.02532719
     1.9000000        0.03966985        0.02239767
     2.0000000        0.03872822        0.02009154
     2.1000000        0.03559350        0.01860320
     2.2000000        0.03169753        0.01704466
     2.3000000        0.02805752        0.01598376
     2.4000000        0.02607734        0.01578919
     2.5000000        0.02556539        0.01564463
