          51           4   10.000000000000000                1
     0.0000000        0.34371601        0.02693078
     0.1000000        0.24963886        0.02894746
     0.2000000        0.18195961        0.02241163
     0.3000000        0.13061893        0.02665598
     0.4000000        0.10382613        0.01550411
     0.5000000        0.10272483        0.01085044
     0.6000000        0.08237126        0.02757016
     0.7000000        0.06526864        0.01823646
     0.8000000        0.06314166        0.01143075
     0.9000000        0.04875030        0.00858603
     1.0000000        0.05034152        0.01788640
     1.1000000        0.02683760        0.02474784
     1.2000000        0.03055268        0.01945625
     1.3000000        0.02039570        0.02824164
     1.4000000        0.01439916        0.01579038
     1.5000000        0.01283704        0.02139104
     1.6000000        0.03212811        0.00500326
     1.7000000        0.01424760        0.01406510
     1.8000000        0.01327756        0.02739893
     1.9000000       -0.01643150        0.01054185
     2.0000000        0.01337622        0.01379267
     2.1000000        0.00594683        0.02116801
     2.2000000       -0.00724946        0.01454766
     2.3000000       -0.00404798        0.03031004
     2.4000000        0.00072575        0.02985970
     2.5000000        0.00484770        0.01830581
     2.6000000       -0.01094438        0.01965646
     2.7000000       -0.02195963        0.02544323
     2.8000000       -0.00777700        0.01622039
     2.9000000        0.02073035        0.01499719
     3.0000000        0.02816992        0.01266974
     3.1000000        0.03550693        0.00694309
     3.2000000        0.00253439        0.01152961
     3.3000000        0.00724556        0.00878473
     3.4000000        0.00399128        0.01716838
     3.5000000       -0.01480763        0.02414118
     3.6000000        0.02011533        0.01609443
     3.7000000        0.00974103        0.01726989
     3.8000000        0.01389178        0.01110527
     3.9000000        0.00910577        0.00609003
     4.0000000        0.01057866        0.01901025
     4.1000000        0.02493971        0.02557805
     4.2000000       -0.00017452        0.01923927
     4.3000000        0.00660071        0.02435400
     4.4000000        0.01531697        0.01512515
     4.5000000        0.02355408        0.02860002
     4.6000000        0.01441222        0.02473860
     4.7000000        0.01797798        0.02691211
     4.8000000        0.02370056        0.02621019
     4.9000000        0.02114546        0.02857312
     5.0000000        0.01434797        0.01739926
