          61           4   6.0000000000000000                1
     0.0000000        0.42978098        0.08578223
     0.1000000        0.34830347        0.06670014
     0.2000000        0.25818817        0.04033590
     0.3000000        0.23696329        0.04625942
     0.4000000        0.22766873        0.02949149
     0.5000000        0.19394348        0.02693588
     0.6000000        0.18493117        0.03284296
     0.7000000        0.17793063        0.02496849
     0.8000000        0.17927724        0.02224373
     0.9000000        0.16380052        0.02984315
     1.0000000        0.17744946        0.03024064
     1.1000000        0.13431194        0.02282493
     1.2000000        0.12561087        0.02466847
     1.3000000        0.12755887        0.02285244
     1.4000000        0.12952565        0.03553384
     1.5000000        0.14145729        0.03795055
     1.6000000        0.11341285        0.03452463
     1.7000000        0.10441256        0.03538219
     1.8000000        0.10382064        0.04717253
     1.9000000        0.11142390        0.03596447
     2.0000000        0.14830653        0.02056117
     2.1000000        0.13932242        0.02421484
     2.2000000        0.12262032        0.02508029
     2.3000000        0.13864678        0.03124048
     2.4000000        0.14719160        0.02265287
     2.5000000        0.14315201        0.02063128
     2.6000000        0.13494837        0.01972782
     2.7000000        0.12305387        0.01756975
     2.8000000        0.12529342        0.02858919
     2.9000000        0.14481561        0.02971099
     3.0000000        0.13432072        0.01648449
     3.1000000        0.14402576        0.01558003
     3.2000000        0.13316526        0.02823989
     3.3000000        0.13611471        0.02416468
     3.4000000        0.15597567        0.03035881
     3.5000000        0.17389896        0.03485589
     3.6000000        0.18781762        0.01918479
     3.7000000        0.20001056        0.03658023
     3.8000000        0.22135099        0.04427630
     3.9000000        0.24013696        0.03745196
     4.0000000        0.26613971        0.05385171
     4.1000000        0.30926775        0.05559740
     4.2000000        0.33838242        0.04366229
     4.3000000        0.37903954        0.03741118
     4.4000000        0.40135540        0.04724405
     4.5000000        0.40054178        0.06322340
     4.6000000        0.44583631        0.05967859
     4.7000000        0.46146480        0.06906580
     4.8000000        0.49427079        0.05319709
     4.9000000        0.51780127        0.06633731
     5.0000000        0.58673154        0.05215298
     5.1000000        0.62270815        0.04405520
     5.2000000        0.69771676        0.02559975
     5.3000000        0.75175981        0.03990036
     5.4000000        0.82128710        0.05834053
     5.5000000        0.90050013        0.07182227
     5.6000000        1.00860404        0.06168942
     5.7000000        1.10218087        0.07362041
     5.8000000        1.23404507        0.07286825
     5.9000000        1.37558959        0.08640450
     6.0000000        1.57021902        0.08578223
