          51           4   10.000000000000000                1
     0.0000000        1.39461845        0.05611913
     0.1000000        0.88995354        0.01828828
     0.2000000        0.54842667        0.00583325
     0.3000000        0.36482946        0.00231011
     0.4000000        0.24800504        0.00662237
     0.5000000        0.17223039        0.00864386
     0.6000000        0.10546751        0.00803277
     0.7000000        0.05908208        0.01454983
     0.8000000        0.05478719        0.00403566
     0.9000000        0.02868596        0.00774019
     1.0000000        0.02451253        0.00588335
     1.1000000        0.01553701        0.00596062
     1.2000000        0.01379165        0.00250357
     1.3000000        0.00725092        0.00274339
     1.4000000        0.00618048        0.00155891
     1.5000000       -0.00039444        0.00451248
     1.6000000        0.00243844        0.00408406
     1.7000000        0.00330457        0.00056372
     1.8000000        0.00499022        0.00260141
     1.9000000        0.00459962        0.00173570
     2.0000000        0.00207154        0.00084658
     2.1000000        0.00403788        0.00360077
     2.2000000        0.00047210        0.00127956
     2.3000000        0.00137589        0.00127907
     2.4000000        0.00055141        0.00213046
     2.5000000        0.00000349        0.00196899
     2.6000000       -0.00144266        0.00096902
     2.7000000       -0.00214313        0.00073563
     2.8000000       -0.00190456        0.00077941
     2.9000000       -0.00029228        0.00073022
     3.0000000       -0.00026198        0.00052431
     3.1000000        0.00044602        0.00033543
     3.2000000        0.00042545        0.00059599
     3.3000000        0.00013357        0.00028200
     3.4000000        0.00000390        0.00045990
     3.5000000       -0.00028803        0.00046119
     3.6000000       -0.00084572        0.00104602
     3.7000000       -0.00011076        0.00041442
     3.8000000        0.00192596        0.00218401
     3.9000000       -0.00043361        0.00130558
     4.0000000        0.00024693        0.00047864
     4.1000000        0.00023426        0.00012619
     4.2000000        0.00023020        0.00014438
     4.3000000        0.00076276        0.00049082
     4.4000000        0.00010934        0.00017706
     4.5000000        0.00056705        0.00068724
     4.6000000        0.00015064        0.00027479
     4.7000000       -0.00024518        0.00016217
     4.8000000       -0.00013348        0.00032425
     4.9000000       -0.00032833        0.00026360
     5.0000000       -0.00100001        0.00076796
