          21           4   4.0000000000000000                1
     0.0000000        0.05765771        0.02504715
     0.1000000        0.03933935        0.01967030
     0.2000000        0.02426703        0.01206584
     0.3000000        0.02297894        0.00493642
     0.4000000        0.01756138        0.00588168
     0.5000000        0.02476799        0.00251720
     0.6000000        0.01814346        0.00814596
     0.7000000       -0.00091152        0.00868967
     0.8000000        0.00858704        0.00563077
     0.9000000        0.01668915        0.00985691
     1.0000000        0.02370194        0.00571756
     1.1000000        0.02041279        0.00407605
     1.2000000        0.01448355        0.00702957
     1.3000000        0.02135814        0.00705016
     1.4000000        0.03011696        0.00596382
     1.5000000        0.02303804        0.00873048
     1.6000000        0.02482604        0.01558270
     1.7000000        0.02313803        0.01157959
     1.8000000        0.02493786        0.00945060
     1.9000000        0.02417936        0.00857458
     2.0000000        0.02203270        0.00735118
