          41           4   8.0000000000000000                1
     0.0000000        0.75267478        0.00769613
     0.1000000        0.61077613        0.00787352
     0.2000000        0.50454855        0.00682244
     0.3000000        0.42274721        0.00505725
     0.4000000        0.35988002        0.00545385
     0.5000000        0.31035088        0.00513097
     0.6000000        0.27040630        0.00346861
     0.7000000        0.23780317        0.00313921
     0.8000000        0.21134495        0.00406557
     0.9000000        0.18888443        0.00432304
     1.0000000        0.16871639        0.00387191
     1.1000000        0.15102451        0.00483678
     1.2000000        0.13699533        0.00680043
     1.3000000        0.12535891        0.00835099
     1.4000000        0.11421421        0.01087723
     1.5000000        0.10479582        0.01376334
     1.6000000        0.09744917        0.01745081
     1.7000000        0.09031163        0.02014737
     1.8000000        0.08186049        0.02126603
     1.9000000        0.07390211        0.02296221
     2.0000000        0.06657762        0.02375675
     2.1000000        0.05969895        0.02318962
     2.2000000        0.05508208        0.02231121
     2.3000000        0.05186270        0.02110516
     2.4000000        0.04796346        0.01865250
     2.5000000        0.04492636        0.01670852
     2.6000000        0.04388576        0.01720988
     2.7000000        0.04139465        0.01770184
     2.8000000        0.03763481        0.01718753
     2.9000000        0.03505056        0.01663139
     3.0000000        0.03292427        0.01647112
     3.1000000        0.02919121        0.01758775
     3.2000000        0.02540388        0.01962152
     3.3000000        0.02239425        0.02075390
     3.4000000        0.01995400        0.02039677
     3.5000000        0.01820939        0.01917162
     3.6000000        0.01682549        0.01756607
     3.7000000        0.01671228        0.01613676
     3.8000000        0.01777476        0.01497860
     3.9000000        0.01886449        0.01391446
     4.0000000        0.01899216        0.01373460
