          26           4   5.0000000000000000                1
     0.0000000        0.10698080        0.01106284
     0.1000000        0.04693952        0.00442526
     0.2000000        0.02164962        0.00189222
     0.3000000        0.01024562        0.00095968
     0.4000000        0.00482016        0.00059560
     0.5000000        0.00235734        0.00039507
     0.6000000        0.00125511        0.00021124
     0.7000000        0.00074977        0.00016630
     0.8000000        0.00053932        0.00018883
     0.9000000        0.00039915        0.00018300
     1.0000000        0.00024031        0.00012371
     1.1000000        0.00010098        0.00003899
     1.2000000        0.00002115        0.00002256
     1.3000000        0.00000410        0.00003577
     1.4000000       -0.00000187        0.00003348
     1.5000000        0.00000889        0.00002756
     1.6000000        0.00000772        0.00002382
     1.7000000       -0.00000343        0.00002019
     1.8000000       -0.00000821        0.00001621
     1.9000000       -0.00001188        0.00001213
     2.0000000       -0.00000886        0.00000763
     2.1000000       -0.00000464        0.00000666
     2.2000000       -0.00000326        0.00000742
     2.3000000       -0.00000191        0.00000731
     2.4000000       -0.00000077        0.00000580
     2.5000000        0.00000044        0.00000529
