          21           9   2.0000000000000000                1
     0.0000000        1.00112319        0.00317579
     0.1000000        0.90961552        0.00338362
     0.2000000        0.84241511        0.00330440
     0.3000000        0.79146316        0.00204702
     0.4000000        0.75093657        0.00356937
     0.5000000        0.71965901        0.00513595
     0.6000000        0.70004603        0.00486207
     0.7000000        0.68426539        0.00551153
     0.8000000        0.67416015        0.00481437
     0.9000000        0.66996423        0.00515703
     1.0000000        0.66891528        0.00592676
     1.1000000        0.67151185        0.00616595
     1.2000000        0.67672508        0.00590539
     1.3000000        0.68326754        0.00669803
     1.4000000        0.69982781        0.00798782
     1.5000000        0.71973440        0.00767841
     1.6000000        0.74581814        0.00620195
     1.7000000        0.78745334        0.00525594
     1.8000000        0.84012393        0.00571928
     1.9000000        0.90439156        0.00400728
     2.0000000        0.99887681        0.00317579
