         2 (-0.17859485050769760E+003, 0.00000000000000000E+000)  0.10000000000000000E+001
         2 (-0.17810758673126966E+003, 0.00000000000000000E+000)  0.10000000000000000E+001
         2 (-0.17744274748228230E+003, 0.00000000000000000E+000)  0.10000000000000000E+001
         2 (-0.17809887638202676E+003, 0.00000000000000000E+000)  0.10000000000000000E+001
         2 (-0.17793429123564437E+003, 0.00000000000000000E+000)  0.10000000000000000E+001
         2 (-0.17790847512003214E+003, 0.00000000000000000E+000)  0.10000000000000000E+001
         2 (-0.17801028820131495E+003, 0.00000000000000000E+000)  0.10000000000000000E+001
         2 (-0.17775378105548245E+003, 0.00000000000000000E+000)  0.10000000000000000E+001
         2 (-0.17832264123090704E+003, 0.00000000000000000E+000)  0.10000000000000000E+001
         2 (-0.17797452884485597E+003, 0.00000000000000000E+000)  0.10000000000000000E+001
