          41           9   8.0000000000000000                1
     0.0000000        0.29124278        0.01242586
     0.1000000        0.26094453        0.01246404
     0.2000000        0.23541252        0.01223261
     0.3000000        0.21297137        0.01184708
     0.4000000        0.19354745        0.01143069
     0.5000000        0.17617023        0.01102355
     0.6000000        0.16028626        0.01065842
     0.7000000        0.14614180        0.01025693
     0.8000000        0.13360740        0.00979051
     0.9000000        0.12253910        0.00942233
     1.0000000        0.11240763        0.00905789
     1.1000000        0.10302725        0.00849386
     1.2000000        0.09434466        0.00784828
     1.3000000        0.08632513        0.00729302
     1.4000000        0.07901082        0.00679694
     1.5000000        0.07243570        0.00633401
     1.6000000        0.06676107        0.00589855
     1.7000000        0.06185450        0.00553597
     1.8000000        0.05714354        0.00529250
     1.9000000        0.05270866        0.00518010
     2.0000000        0.04881116        0.00501138
     2.1000000        0.04537573        0.00471388
     2.2000000        0.04182159        0.00439108
     2.3000000        0.03831390        0.00413922
     2.4000000        0.03580217        0.00402516
     2.5000000        0.03400369        0.00389936
     2.6000000        0.03221410        0.00382231
     2.7000000        0.03028728        0.00378164
     2.8000000        0.02812784        0.00377645
     2.9000000        0.02643075        0.00384152
     3.0000000        0.02574976        0.00395415
     3.1000000        0.02539915        0.00411888
     3.2000000        0.02466909        0.00417933
     3.3000000        0.02348433        0.00426461
     3.4000000        0.02223663        0.00421268
     3.5000000        0.02135304        0.00406565
     3.6000000        0.02064362        0.00405822
     3.7000000        0.01995824        0.00415780
     3.8000000        0.01965005        0.00445654
     3.9000000        0.01973914        0.00486280
     4.0000000        0.01988210        0.00504742
