          41           4   8.0000000000000000                1
     0.0000000        0.28249458        0.02539662
     0.1000000        0.16559589        0.01696688
     0.2000000        0.10145898        0.01662389
     0.3000000        0.06407062        0.01794277
     0.4000000        0.03800686        0.01816022
     0.5000000        0.03032495        0.01865422
     0.6000000        0.02635698        0.01596314
     0.7000000        0.01870039        0.01314369
     0.8000000        0.00758623        0.00894952
     0.9000000        0.01116431        0.00813425
     1.0000000        0.00687771        0.01093467
     1.1000000       -0.00252340        0.00997304
     1.2000000       -0.00058315        0.01269638
     1.3000000        0.00711981        0.00973281
     1.4000000        0.00834847        0.00800227
     1.5000000        0.00600815        0.00470796
     1.6000000        0.00718378        0.00404174
     1.7000000        0.00254005        0.00768201
     1.8000000        0.00860883        0.00841934
     1.9000000        0.00801000        0.00581498
     2.0000000        0.00546794        0.00596842
     2.1000000        0.00784089        0.00267491
     2.2000000       -0.00476966        0.00391494
     2.3000000       -0.00135061        0.00322760
     2.4000000        0.00329118        0.00474294
     2.5000000        0.01208535        0.01080636
     2.6000000        0.00245803        0.00699742
     2.7000000        0.01475934        0.00984020
     2.8000000        0.00604525        0.00697309
     2.9000000        0.00015304        0.00779628
     3.0000000        0.00314907        0.00401753
     3.1000000       -0.00043556        0.00958678
     3.2000000       -0.00540081        0.00878426
     3.3000000        0.00055803        0.00709911
     3.4000000        0.00403521        0.00867820
     3.5000000       -0.00149798        0.00572120
     3.6000000       -0.00008654        0.00645405
     3.7000000        0.00176067        0.00872536
     3.8000000        0.00226123        0.00496004
     3.9000000       -0.00171186        0.00863471
     4.0000000        0.00194054        0.00651080
