          81           9   8.0000000000000000                1
     0.0000000        1.00000000        0.00000000
     0.1000000        0.79623509        0.00220597
     0.2000000        0.64964118        0.00296228
     0.3000000        0.53875731        0.00362590
     0.4000000        0.45017871        0.00351807
     0.5000000        0.38302469        0.00314176
     0.6000000        0.33026262        0.00292086
     0.7000000        0.28436394        0.00290948
     0.8000000        0.24660027        0.00309330
     0.9000000        0.21816345        0.00324014
     1.0000000        0.19498781        0.00396484
     1.1000000        0.17124980        0.00335930
     1.2000000        0.15252659        0.00359764
     1.3000000        0.13751367        0.00255475
     1.4000000        0.12331728        0.00235692
     1.5000000        0.11204107        0.00197837
     1.6000000        0.10140432        0.00209544
     1.7000000        0.09171660        0.00220342
     1.8000000        0.08372610        0.00185262
     1.9000000        0.07516247        0.00221258
     2.0000000        0.06871640        0.00244010
     2.1000000        0.06357694        0.00217796
     2.2000000        0.05997094        0.00256675
     2.3000000        0.05654279        0.00198449
     2.4000000        0.05213036        0.00265483
     2.5000000        0.04823816        0.00216805
     2.6000000        0.04237782        0.00216371
     2.7000000        0.03988766        0.00241377
     2.8000000        0.03708730        0.00199601
     2.9000000        0.03401892        0.00206542
     3.0000000        0.03168544        0.00189591
     3.1000000        0.02915933        0.00146215
     3.2000000        0.02932471        0.00212209
     3.3000000        0.02941990        0.00241318
     3.4000000        0.02883768        0.00285056
     3.5000000        0.02743871        0.00219646
     3.6000000        0.02674386        0.00173729
     3.7000000        0.02581146        0.00158070
     3.8000000        0.02611040        0.00167303
     3.9000000        0.02476326        0.00223214
     4.0000000        0.02476509        0.00233437
     4.1000000        0.02489394        0.00229757
     4.2000000        0.02522520        0.00245299
     4.3000000        0.02496554        0.00229846
     4.4000000        0.02682354        0.00271294
     4.5000000        0.02766500        0.00319178
     4.6000000        0.02999682        0.00309401
     4.7000000        0.02986939        0.00308251
     4.8000000        0.02915670        0.00277156
     4.9000000        0.03125793        0.00256475
     5.0000000        0.03393852        0.00215650
     5.1000000        0.03303894        0.00403672
     5.2000000        0.03525508        0.00334941
     5.3000000        0.03867086        0.00339745
     5.4000000        0.04200628        0.00297812
     5.5000000        0.04655049        0.00338169
     5.6000000        0.05009267        0.00334862
     5.7000000        0.05391665        0.00280886
     5.8000000        0.05894523        0.00220042
     5.9000000        0.06517256        0.00218939
     6.0000000        0.06968897        0.00311300
     6.1000000        0.07561799        0.00300982
     6.2000000        0.08311349        0.00296091
     6.3000000        0.09159957        0.00364820
     6.4000000        0.10119009        0.00271573
     6.5000000        0.11142111        0.00272498
     6.6000000        0.12497758        0.00339318
     6.7000000        0.13997630        0.00345807
     6.8000000        0.15737559        0.00375789
     6.9000000        0.17332834        0.00379453
     7.0000000        0.19457905        0.00318702
     7.1000000        0.21741433        0.00351590
     7.2000000        0.24844517        0.00380161
     7.3000000        0.28505203        0.00389398
     7.4000000        0.32964379        0.00392965
     7.5000000        0.38486000        0.00305917
     7.6000000        0.45289400        0.00251272
     7.7000000        0.53888329        0.00236762
     7.8000000        0.64947492        0.00282839
     7.9000000        0.79891585        0.00109392
     8.0000000        1.00000000        0.00000000
