          11           9   2.0000000000000000                1
     0.0000000        1.07142727        0.00612767
     0.1000000        0.74748092        0.00571629
     0.2000000        0.54500702        0.00159433
     0.3000000        0.41407143        0.00310344
     0.4000000        0.33207288        0.00492008
     0.5000000        0.27477924        0.00301863
     0.6000000        0.23131640        0.00321052
     0.7000000        0.21089850        0.00232779
     0.8000000        0.19678325        0.00354869
     0.9000000        0.18621042        0.00408582
     1.0000000        0.18453601        0.00485870
