          21           4   4.0000000000000000                1
     0.0000000        0.26945411        0.01904532
     0.1000000        0.17642158        0.02021721
     0.2000000        0.12183224        0.00881652
     0.3000000        0.07940023        0.00389939
     0.4000000        0.05366647        0.00519623
     0.5000000        0.03917380        0.00282473
     0.6000000        0.02183279        0.00759575
     0.7000000        0.01847299        0.00605733
     0.8000000        0.02656949        0.00483874
     0.9000000        0.01741529        0.00406018
     1.0000000        0.01058683        0.00826648
     1.1000000        0.01623496        0.01035764
     1.2000000        0.00944746        0.00709225
     1.3000000        0.01489722        0.00923377
     1.4000000        0.01379089        0.00549925
     1.5000000        0.01475302        0.00499380
     1.6000000        0.00203465        0.01003668
     1.7000000        0.00220292        0.00170157
     1.8000000        0.00514882        0.00507768
     1.9000000        0.00655881        0.00975720
     2.0000000        0.00662363        0.01597643
