          81           4   8.0000000000000000                1
     0.0000000        1.79883946        0.01877987
     0.1000000        1.50309119        0.01740054
     0.2000000        1.25351718        0.01385857
     0.3000000        1.06160473        0.02139282
     0.4000000        0.89604405        0.01747187
     0.5000000        0.75534467        0.01451515
     0.6000000        0.63709472        0.01894770
     0.7000000        0.55179137        0.01251199
     0.8000000        0.46871558        0.01760329
     0.9000000        0.40454287        0.02012179
     1.0000000        0.34559212        0.01287120
     1.1000000        0.30233750        0.00765703
     1.2000000        0.26007054        0.01811612
     1.3000000        0.22082201        0.02461312
     1.4000000        0.19432518        0.01846386
     1.5000000        0.17293663        0.01553260
     1.6000000        0.14158645        0.00846111
     1.7000000        0.11158531        0.01411420
     1.8000000        0.08899729        0.01155717
     1.9000000        0.06118512        0.00358278
     2.0000000        0.04456610        0.01064632
     2.1000000        0.05637524        0.00702470
     2.2000000        0.04740023        0.00703580
     2.3000000        0.03605490        0.01796111
     2.4000000        0.05011413        0.01905810
     2.5000000        0.03529347        0.01903438
     2.6000000        0.02978783        0.02181356
     2.7000000        0.01789556        0.01642231
     2.8000000        0.00849058        0.01817380
     2.9000000        0.01473714        0.02286325
     3.0000000        0.00601102        0.02230483
     3.1000000        0.00614626        0.01713712
     3.2000000        0.01025951        0.02207669
     3.3000000        0.02271976        0.01456211
     3.4000000        0.00174541        0.01304180
     3.5000000       -0.00362485        0.00824046
     3.6000000        0.00136970        0.00683901
     3.7000000        0.00075789        0.01174736
     3.8000000        0.01127608        0.00940395
     3.9000000        0.01082889        0.01856338
     4.0000000        0.00774075        0.01511723
     4.1000000        0.01161900        0.01539345
     4.2000000        0.01605830        0.02020741
     4.3000000        0.01993322        0.01655903
     4.4000000        0.01632191        0.01188414
     4.5000000        0.01432560        0.01298714
     4.6000000        0.01028317        0.01465502
     4.7000000        0.02507475        0.00943993
     4.8000000        0.01635301        0.01121583
     4.9000000        0.02078467        0.02150405
     5.0000000        0.01280726        0.02698597
     5.1000000        0.00892024        0.01290082
     5.2000000        0.01910095        0.00992964
     5.3000000        0.03006453        0.00470566
     5.4000000        0.03068065        0.01530501
     5.5000000        0.02655648        0.01415413
     5.6000000        0.01994252        0.01058590
     5.7000000        0.01083268        0.01191016
     5.8000000        0.00948959        0.01171099
     5.9000000        0.03474839        0.01718878
     6.0000000        0.03379727        0.00503401
     6.1000000        0.02647865        0.01476218
     6.2000000        0.02555248        0.02430247
     6.3000000        0.02547235        0.02918116
     6.4000000        0.02814648        0.02350629
     6.5000000        0.03407616        0.01501954
     6.6000000        0.03794983        0.02407453
     6.7000000        0.03695805        0.02401508
     6.8000000        0.02903487        0.02496622
     6.9000000        0.03505979        0.02189677
     7.0000000        0.04114152        0.02432610
     7.1000000        0.05431607        0.03155524
     7.2000000        0.06644292        0.01775547
     7.3000000        0.07301652        0.00431836
     7.4000000        0.08022772        0.01424516
     7.5000000        0.08911406        0.02077190
     7.6000000        0.08816509        0.01409399
     7.7000000        0.09520388        0.01260475
     7.8000000        0.10233567        0.01440353
     7.9000000        0.15494863        0.01513687
     8.0000000        0.20116054        0.01877987
