         101           9   10.000000000000000                1
     0.0000000        0.98911754        0.01878096
     0.1000000        0.86366648        0.01306152
     0.2000000        0.77346321        0.02010801
     0.3000000        0.68979833        0.01793437
     0.4000000        0.62605336        0.01901434
     0.5000000        0.57500619        0.01750627
     0.6000000        0.52285205        0.01596494
     0.7000000        0.48645863        0.01431226
     0.8000000        0.45713095        0.01694778
     0.9000000        0.42010314        0.01445693
     1.0000000        0.39620094        0.01036952
     1.1000000        0.36752334        0.01907047
     1.2000000        0.33676897        0.01796993
     1.3000000        0.29534705        0.01624553
     1.4000000        0.28710110        0.01764860
     1.5000000        0.25351095        0.01721281
     1.6000000        0.22987292        0.01639908
     1.7000000        0.22626814        0.02171903
     1.8000000        0.22454497        0.02617083
     1.9000000        0.21276498        0.02467737
     2.0000000        0.21051123        0.02312170
     2.1000000        0.19068947        0.01635756
     2.2000000        0.18245362        0.01670374
     2.3000000        0.17466248        0.01245230
     2.4000000        0.16312855        0.01812020
     2.5000000        0.16037382        0.01562654
     2.6000000        0.15120325        0.01544481
     2.7000000        0.14685174        0.01701860
     2.8000000        0.14345852        0.02174745
     2.9000000        0.13522904        0.02398866
     3.0000000        0.12427245        0.02469572
     3.1000000        0.11879836        0.02834215
     3.2000000        0.12636445        0.03051210
     3.3000000        0.12285587        0.02948282
     3.4000000        0.10999891        0.02232271
     3.5000000        0.11002663        0.01555276
     3.6000000        0.11081675        0.01550165
     3.7000000        0.10503432        0.01883814
     3.8000000        0.08950754        0.01239700
     3.9000000        0.08746741        0.00631671
     4.0000000        0.07209302        0.01018525
     4.1000000        0.06708623        0.00758642
     4.2000000        0.05388236        0.00448360
     4.3000000        0.06468161        0.01663685
     4.4000000        0.05958780        0.02387850
     4.5000000        0.05071742        0.02101302
     4.6000000        0.04752352        0.01929499
     4.7000000        0.04711960        0.01719236
     4.8000000        0.04829485        0.02000039
     4.9000000        0.05625562        0.01793460
     5.0000000        0.06307559        0.01664770
     5.1000000        0.04454014        0.01839611
     5.2000000        0.04782973        0.01831371
     5.3000000        0.05244735        0.01851669
     5.4000000        0.05943427        0.01464011
     5.5000000        0.05519828        0.00964011
     5.6000000        0.06421088        0.01101731
     5.7000000        0.06451412        0.01109317
     5.8000000        0.04349457        0.01264322
     5.9000000        0.06128088        0.01537130
     6.0000000        0.05941107        0.01044479
     6.1000000        0.05989606        0.01148700
     6.2000000        0.06800216        0.01117043
     6.3000000        0.06115845        0.01092922
     6.4000000        0.06131594        0.00981948
     6.5000000        0.07160943        0.00667130
     6.6000000        0.06656023        0.00860701
     6.7000000        0.07366607        0.00842243
     6.8000000        0.06887541        0.01189696
     6.9000000        0.08209558        0.01656121
     7.0000000        0.09586177        0.01512806
     7.1000000        0.10983606        0.01678329
     7.2000000        0.12455431        0.01905590
     7.3000000        0.12453996        0.02348747
     7.4000000        0.13568956        0.02408790
     7.5000000        0.14074971        0.02718844
     7.6000000        0.15635874        0.02508052
     7.7000000        0.16491942        0.02688751
     7.8000000        0.19249500        0.02303784
     7.9000000        0.20562438        0.01877840
     8.0000000        0.23229345        0.02275723
     8.1000000        0.22874155        0.01954367
     8.2000000        0.22784739        0.01585000
     8.3000000        0.24628243        0.01983551
     8.4000000        0.26339979        0.01898910
     8.5000000        0.27449449        0.01466743
     8.6000000        0.30436076        0.01400820
     8.7000000        0.32199465        0.01252961
     8.8000000        0.34029472        0.01735379
     8.9000000        0.37093651        0.02049899
     9.0000000        0.39005335        0.01792943
     9.1000000        0.42412419        0.01609331
     9.2000000        0.47012574        0.01829744
     9.3000000        0.50805209        0.02039167
     9.4000000        0.54541175        0.02170753
     9.5000000        0.60894024        0.02081054
     9.6000000        0.66242191        0.02605617
     9.7000000        0.72172087        0.02620277
     9.8000000        0.78939844        0.02471633
     9.9000000        0.88692318        0.02281352
    10.0000000        1.01088246        0.01878096
