         101           4   10.000000000000000                1
     0.0000000        0.87465903        0.01957542
     0.1000000        0.75064559        0.01689716
     0.2000000        0.64178482        0.01564753
     0.3000000        0.57310696        0.02434158
     0.4000000        0.51175303        0.01870136
     0.5000000        0.44233401        0.01425432
     0.6000000        0.38779888        0.01861986
     0.7000000        0.33625281        0.01374498
     0.8000000        0.29363189        0.01219485
     0.9000000        0.25504800        0.00065887
     1.0000000        0.21719865        0.00713088
     1.1000000        0.18180805        0.01029762
     1.2000000        0.16127204        0.01188166
     1.3000000        0.13712304        0.01013207
     1.4000000        0.12614302        0.01015763
     1.5000000        0.11142576        0.01224484
     1.6000000        0.10008993        0.01541724
     1.7000000        0.08359275        0.01280039
     1.8000000        0.07875572        0.01408926
     1.9000000        0.06870480        0.00809345
     2.0000000        0.05293348        0.00595963
     2.1000000        0.04787696        0.00558098
     2.2000000        0.04605883        0.00618750
     2.3000000        0.03531158        0.00373456
     2.4000000        0.03011883        0.00457929
     2.5000000        0.02412163        0.00484406
     2.6000000        0.02491648        0.00270624
     2.7000000        0.02051954        0.00314572
     2.8000000        0.02176890        0.00582240
     2.9000000        0.02032005        0.00892810
     3.0000000        0.01941284        0.00886117
     3.1000000        0.01720764        0.00656173
     3.2000000        0.01475166        0.00628180
     3.3000000        0.01456700        0.00608693
     3.4000000        0.01282397        0.00666433
     3.5000000        0.01233305        0.00739734
     3.6000000        0.01114961        0.00702854
     3.7000000        0.00860925        0.00499625
     3.8000000        0.00653739        0.00358850
     3.9000000        0.00722368        0.00460701
     4.0000000        0.00673532        0.00375637
     4.1000000        0.00752752        0.00441813
     4.2000000        0.00493083        0.00329385
     4.3000000        0.00325197        0.00235712
     4.4000000        0.00384801        0.00140578
     4.5000000        0.00378108        0.00109145
     4.6000000        0.00351520        0.00142011
     4.7000000        0.00388815        0.00078867
     4.8000000        0.00457871        0.00119998
     4.9000000        0.00351917        0.00079413
     5.0000000        0.00253552        0.00085844
     5.1000000        0.00302065        0.00070259
     5.2000000        0.00277020        0.00117017
     5.3000000        0.00211154        0.00027998
     5.4000000        0.00215010        0.00120373
     5.5000000        0.00161784        0.00167901
     5.6000000        0.00203764        0.00213702
     5.7000000        0.00278261        0.00328228
     5.8000000        0.00196079        0.00287732
     5.9000000        0.00234503        0.00326260
     6.0000000        0.00198035        0.00359642
     6.1000000        0.00302578        0.00211549
     6.2000000        0.00510301        0.00350392
     6.3000000       -0.00048702        0.00467891
     6.4000000        0.00049436        0.00542468
     6.5000000       -0.00021889        0.00609813
     6.6000000        0.00288655        0.00613723
     6.7000000        0.00130555        0.00497878
     6.8000000       -0.00033716        0.00550702
     6.9000000        0.00215303        0.00686858
     7.0000000        0.00354608        0.00523212
     7.1000000        0.00011274        0.00427887
     7.2000000        0.00195842        0.00421519
     7.3000000       -0.00181888        0.00423120
     7.4000000       -0.00235304        0.00638152
     7.5000000        0.00202509        0.00391593
     7.6000000        0.00240580        0.00255656
     7.7000000        0.00399021        0.00253904
     7.8000000        0.00102970        0.00122546
     7.9000000        0.00445032        0.00047925
     8.0000000        0.00054355        0.00551137
     8.1000000       -0.00115841        0.00855328
     8.2000000       -0.00578794        0.01414570
     8.3000000        0.00230511        0.01020139
     8.4000000       -0.00290684        0.01031184
     8.5000000       -0.00399938        0.01001220
     8.6000000       -0.00320319        0.01010255
     8.7000000        0.00493000        0.00368271
     8.8000000        0.00177552        0.00557335
     8.9000000        0.00764194        0.00561959
     9.0000000        0.00936710        0.00858789
     9.1000000        0.01291811        0.00790019
     9.2000000        0.01654423        0.00510564
     9.3000000        0.02274061        0.00610711
     9.4000000        0.02914539        0.00873465
     9.5000000        0.03451807        0.00957322
     9.6000000        0.04356459        0.01423840
     9.7000000        0.04900950        0.01311603
     9.8000000        0.06028915        0.01676024
     9.9000000        0.08694467        0.01966567
    10.0000000        0.12534097        0.01957542
