          11           9   2.0000000000000000                1
     0.0000000        0.11867749        0.00618630
     0.1000000        0.10267435        0.00618960
     0.2000000        0.09047636        0.00623358
     0.3000000        0.08102954        0.00626248
     0.4000000        0.07374885        0.00630039
     0.5000000        0.06806083        0.00642159
     0.6000000        0.06361605        0.00653444
     0.7000000        0.06036235        0.00657121
     0.8000000        0.05809152        0.00652441
     0.9000000        0.05670647        0.00647462
     1.0000000        0.05628625        0.00647195
