          41           4   8.0000000000000000                1
     0.0000000        2.18775215        0.46003796
     0.1000000        1.20871246        0.21046982
     0.2000000        0.57837049        0.10856963
     0.3000000        0.32462365        0.09132644
     0.4000000        0.48542189        0.29918635
     0.5000000        0.30147219        0.17683452
     0.6000000        0.14860898        0.15254830
     0.7000000        0.16124108        0.08691632
     0.8000000       -0.00389069        0.10380875
     0.9000000        0.14350384        0.06579744
     1.0000000        0.01127943        0.11772268
     1.1000000        0.04567748        0.09118318
     1.2000000        0.18962497        0.10252115
     1.3000000        0.08037162        0.05335453
     1.4000000        0.12211341        0.04125477
     1.5000000        0.17253045        0.07753262
     1.6000000        0.12570530        0.18659806
     1.7000000        0.10745102        0.06401042
     1.8000000       -0.03294084        0.06007737
     1.9000000       -0.09307048        0.14491800
     2.0000000       -0.01863234        0.06833826
     2.1000000        0.02280533        0.12504283
     2.2000000        0.13401616        0.04285782
     2.3000000        0.04530001        0.14871812
     2.4000000       -0.03689928        0.14080637
     2.5000000       -0.09310633        0.04835452
     2.6000000       -0.14730691        0.07357517
     2.7000000        0.15101157        0.06433403
     2.8000000        0.04691208        0.11107305
     2.9000000       -0.02506108        0.02350118
     3.0000000        0.04214717        0.07825502
     3.1000000        0.04623044        0.15950963
     3.2000000        0.04298892        0.07722820
     3.3000000       -0.11059532        0.11900119
     3.4000000        0.05667926        0.06059426
     3.5000000        0.03609896        0.08363347
     3.6000000        0.08099729        0.07420715
     3.7000000        0.11305837        0.08663045
     3.8000000       -0.01480931        0.02000095
     3.9000000        0.09779043        0.08211480
     4.0000000        0.11889136        0.12696540
