   -1.570796     -1.570796
  1    1        0.57617758        0.00915282        0.00000000        0.00000000
   -1.570796      0.000000
  1    1        0.43168622        0.00623994       -0.00000000        0.00000000
   -1.570796      1.570796
  1    1        0.63330553        0.03645168       -0.00000000        0.00000000
   -1.570796      3.141593
  1    1        0.79609125        0.03073253        0.00000000        0.00000000
    0.000000     -1.570796
  1    1        0.42656934        0.00457937        0.00000000        0.00000000
    0.000000      0.000000
  1    1        0.10794372        0.00705117        0.00000000        0.00000000
    0.000000      1.570796
  1    1        0.42656934        0.00457937       -0.00000000        0.00000000
    0.000000      3.141593
  1    1        0.64463430        0.02932815       -0.00000000        0.00000000
    1.570796     -1.570796
  1    1        0.63330553        0.03645168        0.00000000        0.00000000
    1.570796      0.000000
  1    1        0.43168622        0.00623994        0.00000000        0.00000000
    1.570796      1.570796
  1    1        0.57617758        0.00915282       -0.00000000        0.00000000
    1.570796      3.141593
  1    1        0.79609125        0.03073253       -0.00000000        0.00000000
    3.141593     -1.570796
  1    1        0.79167518        0.00825879       -0.00000000        0.00000000
    3.141593      0.000000
  1    1        0.58213032        0.03434306       -0.00000000        0.00000000
    3.141593      1.570796
  1    1        0.79167518        0.00825879       -0.00000000        0.00000000
    3.141593      3.141593
  1    1        3.59130031        0.01086735        0.00000000        0.00000000
