   -1.570796     -1.570796
  1    1        0.57211408        0.06233445        0.00000000        0.00000000
   -1.570796      0.000000
  1    1        0.38428394        0.04722217       -0.00000000        0.00000000
   -1.570796      1.570796
  1    1        0.62731960        0.06659227       -0.00000000        0.00000000
   -1.570796      3.141593
  1    1        0.84428354        0.03837765        0.00000000        0.00000000
    0.000000     -1.570796
  1    1        0.37888859        0.03985021       -0.00000000        0.00000000
    0.000000      0.000000
  1    1        0.04467703        0.08651563        0.00000000        0.00000000
    0.000000      1.570796
  1    1        0.37888859        0.03985021        0.00000000        0.00000000
    0.000000      3.141593
  1    1        0.63370433        0.04329865       -0.00000000        0.00000000
    1.570796     -1.570796
  1    1        0.62731960        0.06659227        0.00000000        0.00000000
    1.570796      0.000000
  1    1        0.38428394        0.04722217        0.00000000        0.00000000
    1.570796      1.570796
  1    1        0.57211408        0.06233445       -0.00000000        0.00000000
    1.570796      3.141593
  1    1        0.84428354        0.03837765       -0.00000000        0.00000000
    3.141593     -1.570796
  1    1        0.82378164        0.05645899        0.00000000        0.00000000
    3.141593      0.000000
  1    1        0.57795105        0.05723607       -0.00000000        0.00000000
    3.141593      1.570796
  1    1        0.82378164        0.05645899       -0.00000000        0.00000000
    3.141593      3.141593
  1    1        3.71959249        0.16984353        0.00000000        0.00000000
