   -1.000000     -1.000000
  1    1        0.15585874        0.01040207        0.00000000        0.00000000
   -1.000000      0.000000
  1    1       -0.27101335        0.01545600       -0.00000000        0.00000000
   -1.000000      1.000000
  1    1        0.14719725        0.00626281        0.00000000        0.00000000
   -1.000000      2.000000
  1    1       -0.16689715        0.00335402        0.00000000        0.00000000
    0.000000     -1.000000
  1    1       -0.28095390        0.01211493       -0.00000000        0.00000000
    0.000000      0.000000
  1    1        0.76482923        0.00099866        0.00000000        0.00000000
    0.000000      1.000000
  1    1       -0.28095390        0.01211493        0.00000000        0.00000000
    0.000000      2.000000
  1    1        0.15650438        0.00950439       -0.00000000        0.00000000
    1.000000     -1.000000
  1    1        0.14719725        0.00626281        0.00000000        0.00000000
    1.000000      0.000000
  1    1       -0.27101335        0.01545600        0.00000000        0.00000000
    1.000000      1.000000
  1    1        0.15585874        0.01040207       -0.00000000        0.00000000
    1.000000      2.000000
  1    1       -0.16689715        0.00335402        0.00000000        0.00000000
    2.000000     -1.000000
  1    1       -0.17059759        0.00548973        0.00000000        0.00000000
    2.000000      0.000000
  1    1        0.15030220        0.00914918       -0.00000000        0.00000000
    2.000000      1.000000
  1    1       -0.17059759        0.00548973        0.00000000        0.00000000
    2.000000      2.000000
  1    1        0.15071422        0.00990374       -0.00000000        0.00000000
