   -1.570796     -1.570796        0.78687687        0.15516761        0.09690040        0.12346320
   -1.570796      0.000000        0.57592127        0.11152400        0.00612181        0.10276035
   -1.570796      1.570796        1.01088925        0.22108635        0.14658777        0.13443230
   -1.570796      3.141593        1.21288381        0.55772648       -0.04874438        0.11421278
    0.000000     -1.570796        0.57881724        0.12811094       -0.05192094        0.03650245
    0.000000      0.000000        0.59857744        0.42530450        0.00000000        0.00000000
    0.000000      1.570796        0.57881724        0.12811094        0.05192094        0.03650245
    0.000000      3.141593        1.33457453        0.35903493        0.00000000        0.00000000
    1.570796     -1.570796        1.01088925        0.22108635       -0.14658777        0.13443230
    1.570796      0.000000        0.57592127        0.11152400       -0.00612181        0.10276035
    1.570796      1.570796        0.78687687        0.15516761       -0.09690040        0.12346320
    1.570796      3.141593        1.21288381        0.55772648        0.04874438        0.11421278
    3.141593     -1.570796        0.76363445        0.18413942        0.02708577        0.05297160
    3.141593      0.000000        0.76843906        0.23524025        0.00000000        0.00000000
    3.141593      1.570796        0.76363445        0.18413942       -0.02708577        0.05297160
    3.141593      3.141593       25.80788425        5.69649377        0.00000000        0.00000000
