         101          24   10.000000000000000                1
     0.0000000        1.00000000        0.00000000
     0.1000000        0.79714708        0.00156679
     0.2000000        0.64755260        0.00178621
     0.3000000        0.53468098        0.00189687
     0.4000000        0.44639628        0.00223067
     0.5000000        0.37704471        0.00204830
     0.6000000        0.32296334        0.00240849
     0.7000000        0.27680123        0.00271737
     0.8000000        0.23979548        0.00247809
     0.9000000        0.20805867        0.00264046
     1.0000000        0.18188504        0.00216325
     1.1000000        0.15879032        0.00252070
     1.2000000        0.14156288        0.00234401
     1.3000000        0.12642144        0.00229838
     1.4000000        0.11064082        0.00239231
     1.5000000        0.10040706        0.00222370
     1.6000000        0.09032542        0.00222535
     1.7000000        0.07866573        0.00209509
     1.8000000        0.07074209        0.00189138
     1.9000000        0.06266746        0.00173069
     2.0000000        0.05701354        0.00180784
     2.1000000        0.05127755        0.00202147
     2.2000000        0.04563988        0.00181197
     2.3000000        0.04178269        0.00173771
     2.4000000        0.03809444        0.00164126
     2.5000000        0.03563601        0.00143398
     2.6000000        0.03243791        0.00124235
     2.7000000        0.03005207        0.00137616
     2.8000000        0.02747872        0.00142890
     2.9000000        0.02444415        0.00125326
     3.0000000        0.02301646        0.00120161
     3.1000000        0.02078189        0.00105576
     3.2000000        0.01998988        0.00144474
     3.3000000        0.01912991        0.00137449
     3.4000000        0.01830989        0.00181528
     3.5000000        0.01670737        0.00147125
     3.6000000        0.01400499        0.00115814
     3.7000000        0.01359093        0.00094315
     3.8000000        0.01313045        0.00097863
     3.9000000        0.01193735        0.00099073
     4.0000000        0.01024064        0.00093480
     4.1000000        0.01022021        0.00115615
     4.2000000        0.00978215        0.00104301
     4.3000000        0.00900753        0.00111696
     4.4000000        0.00797326        0.00115992
     4.5000000        0.00752184        0.00118061
     4.6000000        0.00682889        0.00100423
     4.7000000        0.00746258        0.00104572
     4.8000000        0.00665285        0.00087163
     4.9000000        0.00729288        0.00098056
     5.0000000        0.00675768        0.00096913
     5.1000000        0.00745162        0.00105643
     5.2000000        0.00722626        0.00078631
     5.3000000        0.00739525        0.00102132
     5.4000000        0.00672461        0.00081706
     5.5000000        0.00698435        0.00075140
     5.6000000        0.00806429        0.00082730
     5.7000000        0.00814066        0.00081033
     5.8000000        0.00815267        0.00075492
     5.9000000        0.00943237        0.00087013
     6.0000000        0.01112763        0.00110925
     6.1000000        0.01249108        0.00133643
     6.2000000        0.01223227        0.00126487
     6.3000000        0.01387395        0.00147433
     6.4000000        0.01330580        0.00131938
     6.5000000        0.01545724        0.00168007
     6.6000000        0.01702160        0.00151511
     6.7000000        0.01930077        0.00210233
     6.8000000        0.01916908        0.00173426
     6.9000000        0.02018299        0.00140975
     7.0000000        0.02176436        0.00152827
     7.1000000        0.02316958        0.00179247
     7.2000000        0.02508213        0.00230840
     7.3000000        0.02696413        0.00191933
     7.4000000        0.03021813        0.00192401
     7.5000000        0.03387766        0.00211312
     7.6000000        0.03657990        0.00166050
     7.7000000        0.04140830        0.00152296
     7.8000000        0.04534961        0.00182614
     7.9000000        0.05123501        0.00213180
     8.0000000        0.05692852        0.00218255
     8.1000000        0.06401956        0.00235725
     8.2000000        0.07258880        0.00241519
     8.3000000        0.08007688        0.00248866
     8.4000000        0.08929981        0.00245586
     8.5000000        0.10069052        0.00259997
     8.6000000        0.11207954        0.00285216
     8.7000000        0.12540986        0.00300191
     8.8000000        0.14093675        0.00278451
     8.9000000        0.15880770        0.00268653
     9.0000000        0.18053692        0.00312389
     9.1000000        0.20456937        0.00272922
     9.2000000        0.23489466        0.00243265
     9.3000000        0.27455609        0.00225103
     9.4000000        0.31786973        0.00168041
     9.5000000        0.37434487        0.00157123
     9.6000000        0.44622639        0.00208827
     9.7000000        0.53365427        0.00202315
     9.8000000        0.64564427        0.00206082
     9.9000000        0.79420587        0.00152460
    10.0000000        1.00000000        0.00000000
