          41           9   8.0000000000000000                1
     0.0000000        0.27043086        0.00393984
     0.1000000        0.16044007        0.00397092
     0.2000000        0.09877008        0.00452366
     0.3000000        0.06214825        0.00519917
     0.4000000        0.03782889        0.00230679
     0.5000000        0.02026121        0.00426690
     0.6000000        0.01301171        0.00337102
     0.7000000        0.00872755        0.00267456
     0.8000000        0.00668404        0.00435507
     0.9000000        0.00364774        0.00338334
     1.0000000        0.00443773        0.00298207
     1.1000000       -0.00221216        0.00395177
     1.2000000       -0.00123508        0.00339606
     1.3000000       -0.00244254        0.00238411
     1.4000000        0.00087579        0.00380101
     1.5000000       -0.00229309        0.00309269
     1.6000000        0.00317552        0.00245661
     1.7000000        0.00042108        0.00324908
     1.8000000       -0.00100427        0.00258957
     1.9000000        0.00049958        0.00187458
     2.0000000       -0.00135175        0.00277972
     2.1000000       -0.00304090        0.00263843
     2.2000000       -0.00058949        0.00296480
     2.3000000       -0.00251790        0.00324396
     2.4000000       -0.00132965        0.00210283
     2.5000000       -0.00138093        0.00259700
     2.6000000       -0.00048080        0.00409065
     2.7000000       -0.00203026        0.00317298
     2.8000000        0.00105061        0.00158620
     2.9000000        0.00156365        0.00237880
     3.0000000       -0.00109964        0.00259123
     3.1000000       -0.00040495        0.00280251
     3.2000000        0.00290505        0.00259121
     3.3000000        0.00257237        0.00197426
     3.4000000       -0.00195676        0.00194439
     3.5000000       -0.00254835        0.00242170
     3.6000000        0.00056024        0.00378003
     3.7000000        0.00282168        0.00377350
     3.8000000        0.00663982        0.00492141
     3.9000000        0.00374180        0.00443486
     4.0000000        0.00286401        0.00447191
