          51           5   10.000000000000000                1
     0.0000000       -0.08417636        0.16214565
     0.1000000       -0.00388964        0.12051653
     0.2000000        0.05482141        0.12249899
     0.3000000        0.05030108        0.13493367
     0.4000000        0.06490988        0.14941806
     0.5000000       -0.04525674        0.03882538
     0.6000000       -0.06593789        0.06836261
     0.7000000       -0.13138194        0.12898407
     0.8000000       -0.08961892        0.07330815
     0.9000000       -0.01929813        0.13771886
     1.0000000       -0.17821567        0.25149182
     1.1000000       -0.14301240        0.27504423
     1.2000000       -0.24327783        0.36767621
     1.3000000        0.00955871        0.18161066
     1.4000000       -0.14773067        0.30497633
     1.5000000       -0.57868439        0.64794901
     1.6000000       -0.21710413        0.28902841
     1.7000000       -0.36415894        0.47445620
     1.8000000       -0.16135847        0.20324370
     1.9000000        0.07654002        0.05464840
     2.0000000        0.21089114        0.08727165
     2.1000000        0.20475615        0.20709830
     2.2000000        0.41496853        0.48269456
     2.3000000       -0.04308207        0.29211432
     2.4000000       -0.40493765        0.38193760
     2.5000000       -0.56029808        0.46563027
     2.6000000       -0.03747746        0.09993064
     2.7000000        0.00379010        0.06982101
     2.8000000        0.08520969        0.07613749
     2.9000000        0.14931643        0.09204924
     3.0000000        0.05548828        0.04540524
     3.1000000        0.01450193        0.03592912
     3.2000000       -0.08225611        0.12665343
     3.3000000        0.01790006        0.17458080
     3.4000000        0.35222369        0.26806316
     3.5000000        0.22374263        0.13259304
     3.6000000        0.09550974        0.03152753
     3.7000000        0.16325483        0.06847366
     3.8000000        0.11449502        0.05795091
     3.9000000        0.15892424        0.08235411
     4.0000000        0.06963742        0.20044519
     4.1000000       -0.05682128        0.44667619
     4.2000000       -0.54300315        0.79013993
     4.3000000        0.15007009        0.14528971
     4.4000000        0.03588227        0.03532829
     4.5000000        0.08401605        0.05089334
     4.6000000        0.05267096        0.03720737
     4.7000000        0.08717028        0.07692629
     4.8000000        0.00898919        0.02813958
     4.9000000       -0.00569826        0.03422197
     5.0000000       -0.03452065        0.04982968
