         101           9   10.000000000000000                1
     0.0000000        1.83369633        0.01406602
     0.1000000        1.48470243        0.02074944
     0.2000000        1.20525809        0.01779425
     0.3000000        0.98557450        0.01484197
     0.4000000        0.81523533        0.01394229
     0.5000000        0.67495825        0.01806936
     0.6000000        0.57309861        0.01621546
     0.7000000        0.48317713        0.01523054
     0.8000000        0.40610943        0.01506599
     0.9000000        0.33533311        0.01431596
     1.0000000        0.28428032        0.01157968
     1.1000000        0.24437883        0.00765869
     1.2000000        0.19895992        0.01002121
     1.3000000        0.17372901        0.00839422
     1.4000000        0.15259574        0.01201116
     1.5000000        0.12572581        0.00859932
     1.6000000        0.11351702        0.00829542
     1.7000000        0.09937654        0.00912732
     1.8000000        0.07573135        0.01100973
     1.9000000        0.05615121        0.00591253
     2.0000000        0.04253941        0.01033505
     2.1000000        0.03232204        0.00962866
     2.2000000        0.02494194        0.00907377
     2.3000000        0.02178953        0.01002096
     2.4000000        0.01915419        0.01032701
     2.5000000        0.02855565        0.00564720
     2.6000000        0.02531583        0.01266768
     2.7000000        0.02891433        0.01315174
     2.8000000        0.03858095        0.01063383
     2.9000000        0.03763819        0.01288001
     3.0000000        0.02564326        0.01104469
     3.1000000        0.02046730        0.00853535
     3.2000000        0.01505624        0.00999267
     3.3000000        0.01561758        0.01295302
     3.4000000        0.00477228        0.01454922
     3.5000000        0.00744076        0.00876726
     3.6000000        0.00700636        0.00764236
     3.7000000        0.00390933        0.00786830
     3.8000000       -0.00298344        0.00762299
     3.9000000       -0.00364484        0.00845574
     4.0000000       -0.01059146        0.01247946
     4.1000000       -0.01097737        0.01115561
     4.2000000       -0.01419581        0.01451480
     4.3000000       -0.01698945        0.01446235
     4.4000000       -0.01040693        0.01487637
     4.5000000       -0.01170627        0.01830172
     4.6000000       -0.01225675        0.01366938
     4.7000000       -0.00490329        0.01255713
     4.8000000       -0.00323578        0.01322119
     4.9000000       -0.01327272        0.01226139
     5.0000000       -0.01701465        0.01213000
     5.1000000       -0.01333420        0.01020869
     5.2000000       -0.00782272        0.01455132
     5.3000000        0.00620893        0.01137547
     5.4000000        0.01345262        0.01008258
     5.5000000       -0.00449008        0.00839538
     5.6000000       -0.01034838        0.01190021
     5.7000000        0.00759306        0.01112129
     5.8000000        0.01209515        0.00877484
     5.9000000        0.00806039        0.00947745
     6.0000000        0.01386637        0.01138004
     6.1000000        0.00797983        0.01141256
     6.2000000        0.01273914        0.00858380
     6.3000000        0.00980219        0.01172035
     6.4000000       -0.00992825        0.01253579
     6.5000000       -0.01242410        0.01308964
     6.6000000       -0.01198299        0.01356536
     6.7000000       -0.01254294        0.01284334
     6.8000000       -0.01151032        0.01031059
     6.9000000        0.00165889        0.00837661
     7.0000000       -0.00444526        0.01156357
     7.1000000        0.00358946        0.00827025
     7.2000000       -0.00823865        0.01051433
     7.3000000        0.00241353        0.00933165
     7.4000000        0.00351890        0.00633546
     7.5000000        0.00650571        0.00854280
     7.6000000        0.01081690        0.00767701
     7.7000000        0.00332260        0.00940989
     7.8000000        0.00319383        0.00987380
     7.9000000        0.00897716        0.00941475
     8.0000000        0.00305784        0.01015995
     8.1000000        0.00033841        0.00930152
     8.2000000       -0.00080392        0.01134096
     8.3000000       -0.00536636        0.01322877
     8.4000000        0.00288467        0.01287877
     8.5000000       -0.00710608        0.01160977
     8.6000000        0.00198875        0.01365477
     8.7000000        0.00064218        0.01104402
     8.8000000       -0.00445370        0.01109478
     8.9000000       -0.00701733        0.01468556
     9.0000000        0.00282602        0.01355577
     9.1000000        0.01184675        0.01176881
     9.2000000        0.01053073        0.01031636
     9.3000000        0.01458792        0.01203433
     9.4000000        0.02756612        0.01359518
     9.5000000        0.04093934        0.00781061
     9.6000000        0.05820719        0.01207954
     9.7000000        0.07826158        0.01127153
     9.8000000        0.08728923        0.01056980
     9.9000000        0.11690086        0.01100929
    10.0000000        0.16630367        0.01406602
