   -3.000000     -3.000000
  1    1       -0.00014936        0.00020157        0.00000000        0.00000000
   -3.000000     -2.000000
  1    1       -0.00036642        0.00022932       -0.00000000        0.00000000
   -3.000000     -1.000000
  1    1       -0.00076948        0.00032723        0.00000000        0.00000000
   -3.000000      0.000000
  1    1       -0.00032301        0.00014446       -0.00000000        0.00000000
   -3.000000      1.000000
  1    1       -0.00042851        0.00013659        0.00000000        0.00000000
   -3.000000      2.000000
  1    1       -0.00026029        0.00009939        0.00000000        0.00000000
   -3.000000      3.000000
  1    1       -0.00013329        0.00009624       -0.00000000        0.00000000
   -3.000000      4.000000
  1    1       -0.00003796        0.00022810        0.00000000        0.00000000
   -2.000000     -3.000000
  1    1       -0.00053142        0.00016424       -0.00000000        0.00000000
   -2.000000     -2.000000
  1    1       -0.00097169        0.00010856       -0.00000000        0.00000000
   -2.000000     -1.000000
  1    1       -0.00165787        0.00069720       -0.00000000        0.00000000
   -2.000000      0.000000
  1    1       -0.00198353        0.00021724        0.00000000        0.00000000
   -2.000000      1.000000
  1    1       -0.00216058        0.00009348       -0.00000000        0.00000000
   -2.000000      2.000000
  1    1       -0.00073729        0.00016040       -0.00000000        0.00000000
   -2.000000      3.000000
  1    1        0.00008485        0.00028293       -0.00000000        0.00000000
   -2.000000      4.000000
  1    1        0.00017568        0.00037245       -0.00000000        0.00000000
   -1.000000     -3.000000
  1    1       -0.00044270        0.00016910        0.00000000        0.00000000
   -1.000000     -2.000000
  1    1       -0.00210829        0.00012203       -0.00000000        0.00000000
   -1.000000     -1.000000
  1    1       -0.00641866        0.00012614        0.00000000        0.00000000
   -1.000000      0.000000
  1    1       -0.04623012        0.00044609       -0.00000000        0.00000000
   -1.000000      1.000000
  1    1       -0.00605932        0.00024259        0.00000000        0.00000000
   -1.000000      2.000000
  1    1       -0.00237787        0.00015837        0.00000000        0.00000000
   -1.000000      3.000000
  1    1       -0.00045481        0.00013759       -0.00000000        0.00000000
   -1.000000      4.000000
  1    1       -0.00042329        0.00014671        0.00000000        0.00000000
    0.000000     -3.000000
  1    1       -0.00038223        0.00017190       -0.00000000        0.00000000
    0.000000     -2.000000
  1    1       -0.00182308        0.00009652        0.00000000        0.00000000
    0.000000     -1.000000
  1    1       -0.04667169        0.00028931       -0.00000000        0.00000000
    0.000000      0.000000
  1    1        0.25505852        0.00298081        0.00000000        0.00000000
    0.000000      1.000000
  1    1       -0.04667169        0.00028931        0.00000000        0.00000000
    0.000000      2.000000
  1    1       -0.00182308        0.00009652       -0.00000000        0.00000000
    0.000000      3.000000
  1    1       -0.00038223        0.00017190        0.00000000        0.00000000
    0.000000      4.000000
  1    1       -0.00009070        0.00011335       -0.00000000        0.00000000
    1.000000     -3.000000
  1    1       -0.00045481        0.00013759        0.00000000        0.00000000
    1.000000     -2.000000
  1    1       -0.00237787        0.00015837       -0.00000000        0.00000000
    1.000000     -1.000000
  1    1       -0.00605932        0.00024259        0.00000000        0.00000000
    1.000000      0.000000
  1    1       -0.04623012        0.00044609        0.00000000        0.00000000
    1.000000      1.000000
  1    1       -0.00641866        0.00012614       -0.00000000        0.00000000
    1.000000      2.000000
  1    1       -0.00210829        0.00012203        0.00000000        0.00000000
    1.000000      3.000000
  1    1       -0.00044270        0.00016910       -0.00000000        0.00000000
    1.000000      4.000000
  1    1       -0.00042329        0.00014671        0.00000000        0.00000000
    2.000000     -3.000000
  1    1        0.00008485        0.00028293        0.00000000        0.00000000
    2.000000     -2.000000
  1    1       -0.00073729        0.00016040        0.00000000        0.00000000
    2.000000     -1.000000
  1    1       -0.00216058        0.00009348        0.00000000        0.00000000
    2.000000      0.000000
  1    1       -0.00198353        0.00021724       -0.00000000        0.00000000
    2.000000      1.000000
  1    1       -0.00165787        0.00069720        0.00000000        0.00000000
    2.000000      2.000000
  1    1       -0.00097169        0.00010856       -0.00000000        0.00000000
    2.000000      3.000000
  1    1       -0.00053142        0.00016424        0.00000000        0.00000000
    2.000000      4.000000
  1    1        0.00017568        0.00037245       -0.00000000        0.00000000
    3.000000     -3.000000
  1    1       -0.00013329        0.00009624        0.00000000        0.00000000
    3.000000     -2.000000
  1    1       -0.00026029        0.00009939       -0.00000000        0.00000000
    3.000000     -1.000000
  1    1       -0.00042851        0.00013659       -0.00000000        0.00000000
    3.000000      0.000000
  1    1       -0.00032301        0.00014446        0.00000000        0.00000000
    3.000000      1.000000
  1    1       -0.00076948        0.00032723       -0.00000000        0.00000000
    3.000000      2.000000
  1    1       -0.00036642        0.00022932        0.00000000        0.00000000
    3.000000      3.000000
  1    1       -0.00014936        0.00020157       -0.00000000        0.00000000
    3.000000      4.000000
  1    1       -0.00003796        0.00022810        0.00000000        0.00000000
    4.000000     -3.000000
  1    1       -0.00065470        0.00038492        0.00000000        0.00000000
    4.000000     -2.000000
  1    1       -0.00073444        0.00035814       -0.00000000        0.00000000
    4.000000     -1.000000
  1    1       -0.00044382        0.00006877        0.00000000        0.00000000
    4.000000      0.000000
  1    1        0.00012567        0.00024476       -0.00000000        0.00000000
    4.000000      1.000000
  1    1       -0.00044382        0.00006877        0.00000000        0.00000000
    4.000000      2.000000
  1    1       -0.00073444        0.00035814       -0.00000000        0.00000000
    4.000000      3.000000
  1    1       -0.00065470        0.00038492        0.00000000        0.00000000
    4.000000      4.000000
  1    1       -0.00031285        0.00013141       -0.00000000        0.00000000
