           9           4   2.0000000000000000                1
     0.0000000        0.65930696        0.02496015
     0.1250000        0.53355475        0.02425948
     0.2500000        0.43903719        0.02069482
     0.3750000        0.38780800        0.02738977
     0.5000000        0.32211215        0.02162931
     0.6250000        0.30103086        0.00885437
     0.7500000        0.27937878        0.01241018
     0.8750000        0.26366996        0.02052375
     1.0000000        0.24690829        0.02337817
