   -2.356194     -2.356194        0.25092864        0.13910382       -0.08036827        0.17403328
   -2.356194     -1.570796        0.25137094        0.10178300       -0.11873791        0.06530963
   -2.356194     -0.785398        0.10614590        0.06556244       -0.05296039        0.03842527
   -2.356194      0.000000        0.13262597        0.06583454       -0.07662979        0.02883780
   -2.356194      0.785398        0.13738048        0.08640280        0.00025279        0.07419400
   -2.356194      1.570796        0.18522644        0.12524187       -0.04845456        0.08180582
   -2.356194      2.356194        0.15331917        0.16262302       -0.01031854        0.19054892
   -2.356194      3.141593        0.07839621        0.22995609       -0.07113841        0.17115692
   -1.570796     -2.356194        0.30563492        0.11039558       -0.02090935        0.08449185
   -1.570796     -1.570796        0.16131953        0.09349467       -0.04452280        0.04251038
   -1.570796     -0.785398        0.12443794        0.01334446       -0.08919789        0.08086531
   -1.570796      0.000000        0.15614838        0.05569671        0.10498562        0.04535625
   -1.570796      0.785398        0.19936287        0.04806445       -0.02859232        0.03539733
   -1.570796      1.570796        0.16564965        0.04285439        0.03292299        0.10585592
   -1.570796      2.356194        0.09367154        0.03805999        0.12510779        0.09582556
   -1.570796      3.141593        0.15636011        0.17993988        0.12021976        0.12320388
   -0.785398     -2.356194        0.12265016        0.10202443        0.02606016        0.05337543
   -0.785398     -1.570796        0.11465809        0.05022791        0.05867420        0.10801141
   -0.785398     -0.785398        0.20652232        0.01746314        0.00706496        0.01002198
   -0.785398      0.000000        0.07311714        0.05000849       -0.02766799        0.04739048
   -0.785398      0.785398        0.15158254        0.06826641        0.01817044        0.04912977
   -0.785398      1.570796        0.09147276        0.06937503        0.04656349        0.09818241
   -0.785398      2.356194        0.06680073        0.10657613       -0.18973228        0.06217531
   -0.785398      3.141593        0.28536749        0.04240092       -0.04810084        0.09791090
    0.000000     -2.356194        0.08833751        0.06556858       -0.07279442        0.07912607
    0.000000     -1.570796        0.17105745        0.06987856        0.00599826        0.04491618
    0.000000     -0.785398        0.09446860        0.05731313       -0.00816391        0.03975545
    0.000000      0.000000        0.10922377        0.06994815        0.00000000        0.00000000
    0.000000      0.785398        0.09446860        0.05731313        0.00816391        0.03975545
    0.000000      1.570796        0.17105745        0.06987856       -0.00599826        0.04491618
    0.000000      2.356194        0.08833751        0.06556858        0.07279442        0.07912607
    0.000000      3.141593        0.14337048        0.07520170        0.00000000        0.00000000
    0.785398     -2.356194        0.06680073        0.10657613        0.18973228        0.06217531
    0.785398     -1.570796        0.09147276        0.06937503       -0.04656349        0.09818241
    0.785398     -0.785398        0.15158254        0.06826641       -0.01817044        0.04912977
    0.785398      0.000000        0.07311714        0.05000849        0.02766799        0.04739048
    0.785398      0.785398        0.20652232        0.01746314       -0.00706496        0.01002198
    0.785398      1.570796        0.11465809        0.05022791       -0.05867420        0.10801141
    0.785398      2.356194        0.12265016        0.10202443       -0.02606016        0.05337543
    0.785398      3.141593        0.28536749        0.04240092        0.04810084        0.09791090
    1.570796     -2.356194        0.09367154        0.03805999       -0.12510779        0.09582556
    1.570796     -1.570796        0.16564965        0.04285439       -0.03292299        0.10585592
    1.570796     -0.785398        0.19936287        0.04806445        0.02859232        0.03539733
    1.570796      0.000000        0.15614838        0.05569671       -0.10498562        0.04535625
    1.570796      0.785398        0.12443794        0.01334446        0.08919789        0.08086531
    1.570796      1.570796        0.16131953        0.09349467        0.04452280        0.04251038
    1.570796      2.356194        0.30563492        0.11039558        0.02090935        0.08449185
    1.570796      3.141593        0.15636011        0.17993988       -0.12021976        0.12320388
    2.356194     -2.356194        0.15331917        0.16262302        0.01031854        0.19054892
    2.356194     -1.570796        0.18522644        0.12524187        0.04845456        0.08180582
    2.356194     -0.785398        0.13738048        0.08640280       -0.00025279        0.07419400
    2.356194      0.000000        0.13262597        0.06583454        0.07662979        0.02883780
    2.356194      0.785398        0.10614590        0.06556244        0.05296039        0.03842527
    2.356194      1.570796        0.25137094        0.10178300        0.11873791        0.06530963
    2.356194      2.356194        0.25092864        0.13910382        0.08036827        0.17403328
    2.356194      3.141593        0.07839621        0.22995609        0.07113841        0.17115692
    3.141593     -2.356194        0.45459276        0.19489993        0.16658242        0.26871796
    3.141593     -1.570796        0.06680659        0.09311533       -0.01018657        0.09773013
    3.141593     -0.785398        0.10225565        0.12908606        0.12788336        0.11509990
    3.141593      0.000000        0.30197737        0.08865351        0.00000000        0.00000000
    3.141593      0.785398        0.10225565        0.12908606       -0.12788336        0.11509990
    3.141593      1.570796        0.06680659        0.09311533        0.01018657        0.09773013
    3.141593      2.356194        0.45459276        0.19489993       -0.16658242        0.26871796
    3.141593      3.141593        1.48920363        0.65533881        0.00000000        0.00000000
