   -2.356194     -2.356194
  1    1        0.37493617        0.00386416        0.00000000        0.00000000
   -2.356194     -1.570796
  1    1        0.31750203        0.00348570        0.00000000        0.00000000
   -2.356194     -0.785398
  1    1        0.26550818        0.00468234        0.00000000        0.00000000
   -2.356194      0.000000
  1    1        0.24731246        0.00380323        0.00000000        0.00000000
   -2.356194      0.785398
  1    1        0.26385819        0.00568426        0.00000000        0.00000000
   -2.356194      1.570796
  1    1        0.31657510        0.00343121       -0.00000000        0.00000000
   -2.356194      2.356194
  1    1        0.37274925        0.00389612        0.00000000        0.00000000
   -2.356194      3.141593
  1    1        0.40189056        0.00365687        0.00000000        0.00000000
   -1.570796     -2.356194
  1    1        0.32024659        0.00282534        0.00000000        0.00000000
   -1.570796     -1.570796
  1    1        0.25885095        0.00427728        0.00000000        0.00000000
   -1.570796     -0.785398
  1    1        0.19678304        0.00494800        0.00000000        0.00000000
   -1.570796      0.000000
  1    1        0.17240862        0.00576105        0.00000000        0.00000000
   -1.570796      0.785398
  1    1        0.19542963        0.00426442        0.00000000        0.00000000
   -1.570796      1.570796
  1    1        0.25746507        0.00389947       -0.00000000        0.00000000
   -1.570796      2.356194
  1    1        0.31946703        0.00346515       -0.00000000        0.00000000
   -1.570796      3.141593
  1    1        0.34125603        0.00418753        0.00000000        0.00000000
   -0.785398     -2.356194
  1    1        0.26753845        0.00245879        0.00000000        0.00000000
   -0.785398     -1.570796
  1    1        0.19845971        0.00425393        0.00000000        0.00000000
   -0.785398     -0.785398
  1    1        0.10940036        0.00570044        0.00000000        0.00000000
   -0.785398      0.000000
  1    1        0.06583702        0.00653715        0.00000000        0.00000000
   -0.785398      0.785398
  1    1        0.10904809        0.00528403       -0.00000000        0.00000000
   -0.785398      1.570796
  1    1        0.19389925        0.00552321       -0.00000000        0.00000000
   -0.785398      2.356194
  1    1        0.26632077        0.00638979       -0.00000000        0.00000000
   -0.785398      3.141593
  1    1        0.29358772        0.00341022       -0.00000000        0.00000000
    0.000000     -2.356194
  1    1        0.25035110        0.00320835        0.00000000        0.00000000
    0.000000     -1.570796
  1    1        0.17447269        0.00417711        0.00000000        0.00000000
    0.000000     -0.785398
  1    1        0.06967180        0.00500584        0.00000000        0.00000000
    0.000000      0.000000
  1    1       -0.00522978        0.00447954        0.00000000        0.00000000
    0.000000      0.785398
  1    1        0.06967180        0.00500584       -0.00000000        0.00000000
    0.000000      1.570796
  1    1        0.17447269        0.00417711       -0.00000000        0.00000000
    0.000000      2.356194
  1    1        0.25035110        0.00320835       -0.00000000        0.00000000
    0.000000      3.141593
  1    1        0.27263297        0.00479101       -0.00000000        0.00000000
    0.785398     -2.356194
  1    1        0.26632077        0.00638979        0.00000000        0.00000000
    0.785398     -1.570796
  1    1        0.19389925        0.00552321        0.00000000        0.00000000
    0.785398     -0.785398
  1    1        0.10904809        0.00528403        0.00000000        0.00000000
    0.785398      0.000000
  1    1        0.06583702        0.00653715       -0.00000000        0.00000000
    0.785398      0.785398
  1    1        0.10940036        0.00570044       -0.00000000        0.00000000
    0.785398      1.570796
  1    1        0.19845971        0.00425393       -0.00000000        0.00000000
    0.785398      2.356194
  1    1        0.26753845        0.00245879       -0.00000000        0.00000000
    0.785398      3.141593
  1    1        0.29358772        0.00341022        0.00000000        0.00000000
    1.570796     -2.356194
  1    1        0.31946703        0.00346515        0.00000000        0.00000000
    1.570796     -1.570796
  1    1        0.25746507        0.00389947        0.00000000        0.00000000
    1.570796     -0.785398
  1    1        0.19542963        0.00426442       -0.00000000        0.00000000
    1.570796      0.000000
  1    1        0.17240862        0.00576105       -0.00000000        0.00000000
    1.570796      0.785398
  1    1        0.19678304        0.00494800       -0.00000000        0.00000000
    1.570796      1.570796
  1    1        0.25885095        0.00427728       -0.00000000        0.00000000
    1.570796      2.356194
  1    1        0.32024659        0.00282534       -0.00000000        0.00000000
    1.570796      3.141593
  1    1        0.34125603        0.00418753       -0.00000000        0.00000000
    2.356194     -2.356194
  1    1        0.37274925        0.00389612       -0.00000000        0.00000000
    2.356194     -1.570796
  1    1        0.31657510        0.00343121        0.00000000        0.00000000
    2.356194     -0.785398
  1    1        0.26385819        0.00568426       -0.00000000        0.00000000
    2.356194      0.000000
  1    1        0.24731246        0.00380323       -0.00000000        0.00000000
    2.356194      0.785398
  1    1        0.26550818        0.00468234       -0.00000000        0.00000000
    2.356194      1.570796
  1    1        0.31750203        0.00348570       -0.00000000        0.00000000
    2.356194      2.356194
  1    1        0.37493617        0.00386416       -0.00000000        0.00000000
    2.356194      3.141593
  1    1        0.40189056        0.00365687       -0.00000000        0.00000000
    3.141593     -2.356194
  1    1        0.39575545        0.00466985        0.00000000        0.00000000
    3.141593     -1.570796
  1    1        0.33940830        0.00415374        0.00000000        0.00000000
    3.141593     -0.785398
  1    1        0.28837199        0.00528101       -0.00000000        0.00000000
    3.141593      0.000000
  1    1        0.26696055        0.00909528       -0.00000000        0.00000000
    3.141593      0.785398
  1    1        0.28837199        0.00528101        0.00000000        0.00000000
    3.141593      1.570796
  1    1        0.33940830        0.00415374       -0.00000000        0.00000000
    3.141593      2.356194
  1    1        0.39575545        0.00466985       -0.00000000        0.00000000
    3.141593      3.141593
  1    1        0.42037368        0.00269587       -0.00000000        0.00000000
