          51           4   10.000000000000000                1
     0.0000000        0.99301490        0.05707567
     0.1000000        0.66522858        0.03150812
     0.2000000        0.45508719        0.02960358
     0.3000000        0.32404937        0.01783246
     0.4000000        0.25070955        0.01344672
     0.5000000        0.21453204        0.01397609
     0.6000000        0.13341322        0.02417842
     0.7000000        0.10838638        0.01664485
     0.8000000        0.10724025        0.00287324
     0.9000000        0.07163006        0.00744589
     1.0000000        0.05968539        0.02077598
     1.1000000        0.04385574        0.02303830
     1.2000000        0.03398632        0.00989313
     1.3000000        0.02955591        0.00418158
     1.4000000        0.03416834        0.01735199
     1.5000000        0.02739972        0.01419501
     1.6000000        0.03349630        0.01513316
     1.7000000        0.02512302        0.02025779
     1.8000000        0.01115492        0.02581762
     1.9000000        0.01573997        0.01406969
     2.0000000        0.00167955        0.01322888
     2.1000000       -0.00474727        0.01392680
     2.2000000       -0.00274853        0.01384631
     2.3000000       -0.01220965        0.00944875
     2.4000000       -0.00888512        0.01338490
     2.5000000        0.00107776        0.01951218
     2.6000000        0.01136026        0.01959053
     2.7000000        0.00892831        0.01166641
     2.8000000        0.02063775        0.01960438
     2.9000000        0.02073515        0.00484674
     3.0000000        0.00125325        0.00388222
     3.1000000       -0.00186603        0.00691182
     3.2000000       -0.00474733        0.00952710
     3.3000000        0.01206164        0.01901591
     3.4000000        0.03019617        0.02167060
     3.5000000        0.02286910        0.02152101
     3.6000000        0.01540616        0.01248420
     3.7000000        0.00414946        0.01610162
     3.8000000        0.01015048        0.01094448
     3.9000000        0.02014296        0.00739592
     4.0000000        0.02331711        0.00571864
     4.1000000        0.02125916        0.01452115
     4.2000000        0.01348056        0.01369937
     4.3000000        0.00488192        0.00801903
     4.4000000        0.00836976        0.01192398
     4.5000000       -0.00614710        0.00840968
     4.6000000        0.01404026        0.01550296
     4.7000000        0.01973918        0.01361556
     4.8000000        0.00964919        0.02894063
     4.9000000        0.01465476        0.01960048
     5.0000000        0.00430052        0.02061975
