   -3.000000     -3.000000
  1    1       -0.00138690        0.00005617        0.00000000        0.00000000
   -3.000000     -2.000000
  1    1       -0.00191511        0.00026193       -0.00000000        0.00000000
   -3.000000     -1.000000
  1    1       -0.00153971        0.00014500        0.00000000        0.00000000
   -3.000000      0.000000
  1    1       -0.00112178        0.00015961       -0.00000000        0.00000000
   -3.000000      1.000000
  1    1       -0.00160991        0.00009800       -0.00000000        0.00000000
   -3.000000      2.000000
  1    1       -0.00224850        0.00011328        0.00000000        0.00000000
   -3.000000      3.000000
  1    1       -0.00126576        0.00011029       -0.00000000        0.00000000
   -3.000000      4.000000
  1    1       -0.00102872        0.00010924        0.00000000        0.00000000
   -2.000000     -3.000000
  1    1       -0.00093178        0.00013380       -0.00000000        0.00000000
   -2.000000     -2.000000
  1    1       -0.00393105        0.00016359       -0.00000000        0.00000000
   -2.000000     -1.000000
  1    1       -0.00717485        0.00009548       -0.00000000        0.00000000
   -2.000000      0.000000
  1    1       -0.00035379        0.00015744        0.00000000        0.00000000
   -2.000000      1.000000
  1    1       -0.00703683        0.00008145       -0.00000000        0.00000000
   -2.000000      2.000000
  1    1       -0.00391679        0.00018427       -0.00000000        0.00000000
   -2.000000      3.000000
  1    1       -0.00094295        0.00011966       -0.00000000        0.00000000
   -2.000000      4.000000
  1    1       -0.00041655        0.00012394        0.00000000        0.00000000
   -1.000000     -3.000000
  1    1        0.00065901        0.00015665        0.00000000        0.00000000
   -1.000000     -2.000000
  1    1       -0.00505864        0.00010429       -0.00000000        0.00000000
   -1.000000     -1.000000
  1    1       -0.03326557        0.00017453        0.00000000        0.00000000
   -1.000000      0.000000
  1    1       -0.08048530        0.00038197       -0.00000000        0.00000000
   -1.000000      1.000000
  1    1       -0.03310980        0.00024294        0.00000000        0.00000000
   -1.000000      2.000000
  1    1       -0.00487397        0.00016326        0.00000000        0.00000000
   -1.000000      3.000000
  1    1        0.00058963        0.00012301       -0.00000000        0.00000000
   -1.000000      4.000000
  1    1        0.00074548        0.00014226        0.00000000        0.00000000
    0.000000     -3.000000
  1    1        0.00105287        0.00011959       -0.00000000        0.00000000
    0.000000     -2.000000
  1    1        0.00772399        0.00009953        0.00000000        0.00000000
    0.000000     -1.000000
  1    1       -0.10403945        0.00036382       -0.00000000        0.00000000
    0.000000      0.000000
  1    1        0.89710037        0.00101071        0.00000000        0.00000000
    0.000000      1.000000
  1    1       -0.10403945        0.00036382        0.00000000        0.00000000
    0.000000      2.000000
  1    1        0.00772399        0.00009953       -0.00000000        0.00000000
    0.000000      3.000000
  1    1        0.00105287        0.00011959        0.00000000        0.00000000
    0.000000      4.000000
  1    1        0.00054762        0.00030305       -0.00000000        0.00000000
    1.000000     -3.000000
  1    1        0.00058963        0.00012301        0.00000000        0.00000000
    1.000000     -2.000000
  1    1       -0.00487397        0.00016326       -0.00000000        0.00000000
    1.000000     -1.000000
  1    1       -0.03310980        0.00024294       -0.00000000        0.00000000
    1.000000      0.000000
  1    1       -0.08102055        0.00031183        0.00000000        0.00000000
    1.000000      1.000000
  1    1       -0.03326557        0.00017453        0.00000000        0.00000000
    1.000000      2.000000
  1    1       -0.00505864        0.00010429        0.00000000        0.00000000
    1.000000      3.000000
  1    1        0.00065901        0.00015665       -0.00000000        0.00000000
    1.000000      4.000000
  1    1        0.00074548        0.00014226        0.00000000        0.00000000
    2.000000     -3.000000
  1    1       -0.00094295        0.00011966        0.00000000        0.00000000
    2.000000     -2.000000
  1    1       -0.00391679        0.00018427        0.00000000        0.00000000
    2.000000     -1.000000
  1    1       -0.00703683        0.00008145        0.00000000        0.00000000
    2.000000      0.000000
  1    1       -0.00035379        0.00015744       -0.00000000        0.00000000
    2.000000      1.000000
  1    1       -0.00717485        0.00009548        0.00000000        0.00000000
    2.000000      2.000000
  1    1       -0.00393105        0.00016359        0.00000000        0.00000000
    2.000000      3.000000
  1    1       -0.00093178        0.00013380        0.00000000        0.00000000
    2.000000      4.000000
  1    1       -0.00041655        0.00012394        0.00000000        0.00000000
    3.000000     -3.000000
  1    1       -0.00126576        0.00011029        0.00000000        0.00000000
    3.000000     -2.000000
  1    1       -0.00224850        0.00011328       -0.00000000        0.00000000
    3.000000     -1.000000
  1    1       -0.00160991        0.00009800       -0.00000000        0.00000000
    3.000000      0.000000
  1    1       -0.00112178        0.00015961        0.00000000        0.00000000
    3.000000      1.000000
  1    1       -0.00153971        0.00014500       -0.00000000        0.00000000
    3.000000      2.000000
  1    1       -0.00191511        0.00026193        0.00000000        0.00000000
    3.000000      3.000000
  1    1       -0.00138690        0.00005617       -0.00000000        0.00000000
    3.000000      4.000000
  1    1       -0.00102872        0.00010924        0.00000000        0.00000000
    4.000000     -3.000000
  1    1       -0.00123995        0.00012843        0.00000000        0.00000000
    4.000000     -2.000000
  1    1       -0.00084094        0.00011076       -0.00000000        0.00000000
    4.000000     -1.000000
  1    1       -0.00080604        0.00020080        0.00000000        0.00000000
    4.000000      0.000000
  1    1       -0.00126490        0.00022779       -0.00000000        0.00000000
    4.000000      1.000000
  1    1       -0.00080604        0.00020080        0.00000000        0.00000000
    4.000000      2.000000
  1    1       -0.00084094        0.00011076        0.00000000        0.00000000
    4.000000      3.000000
  1    1       -0.00123995        0.00012843        0.00000000        0.00000000
    4.000000      4.000000
  1    1       -0.00180755        0.00016016       -0.00000000        0.00000000
