 0.10000000000000000E+001          1         64
( 0.00000000000000000E+000, 0.00000000000000000E+000)
-0.23561944901923448E+001 -0.23561944901923448E+001
( 0.37223064078308088E+000,-0.20328790734103208E-017)
-0.23561944901923448E+001 -0.15707963267948966E+001
( 0.31607278585805876E+000,-0.10473875026135681E-017)
-0.23561944901923448E+001 -0.78539816339744828E+000
( 0.26796474275187532E+000,-0.14555414165617897E-016)
-0.23561944901923448E+001  0.00000000000000000E+000
( 0.24568196430841507E+000, 0.10521438132109473E-017)
-0.23561944901923448E+001  0.78539816339744828E+000
( 0.26408145005365002E+000, 0.65865281978494394E-017)
-0.23561944901923448E+001  0.15707963267948966E+001
( 0.31487196139948603E+000, 0.12605405489289633E-016)
-0.23561944901923448E+001  0.23561944901923448E+001
( 0.37050478238770501E+000, 0.13173056395698879E-016)
-0.23561944901923448E+001  0.31415926535897931E+001
( 0.39606237715480991E+000, 0.14396038066370232E-016)
-0.15707963267948966E+001 -0.23561944901923448E+001
( 0.31376113826529389E+000,-0.23310346708438345E-017)
-0.15707963267948966E+001 -0.15707963267948966E+001
( 0.25579595299318231E+000, 0.10897434710974475E-016)
-0.15707963267948966E+001 -0.78539816339744828E+000
( 0.19646427612113312E+000,-0.44994390158148434E-017)
-0.15707963267948966E+001  0.00000000000000000E+000
( 0.17256772833795284E+000,-0.40805259797204542E-017)
-0.15707963267948966E+001  0.78539816339744828E+000
( 0.19784904458021538E+000, 0.19895109865109006E-016)
-0.15707963267948966E+001  0.15707963267948966E+001
( 0.25501230121277024E+000, 0.30231492816942744E-016)
-0.15707963267948966E+001  0.23561944901923448E+001
( 0.31582262189997401E+000, 0.83754617824505218E-017)
-0.15707963267948966E+001  0.31415926535897931E+001
( 0.33901524599449040E+000, 0.36688715137461399E-019)
-0.78539816339744828E+000 -0.23561944901923448E+001
( 0.26364098745622733E+000, 0.13281476612947429E-017)
-0.78539816339744828E+000 -0.15707963267948966E+001
( 0.19504140298799158E+000, 0.11155167006050588E-016)
-0.78539816339744828E+000 -0.78539816339744828E+000
( 0.10907204626361190E+000, 0.43639137442541553E-017)
-0.78539816339744828E+000  0.00000000000000000E+000
( 0.69625200588165514E-001, 0.79762698842183646E-017)
-0.78539816339744828E+000  0.78539816339744828E+000
( 0.11023034627825230E+000, 0.12495430037895439E-016)
-0.78539816339744828E+000  0.15707963267948966E+001
( 0.19743698999362999E+000, 0.28528660051223259E-017)
-0.78539816339744828E+000  0.23561944901923448E+001
( 0.26422804736992350E+000, 0.10083080204115191E-016)
-0.78539816339744828E+000  0.31415926535897931E+001
( 0.29022274711029394E+000, 0.14858253269087740E-016)
 0.00000000000000000E+000 -0.23561944901923448E+001
( 0.24217364617535136E+000,-0.22741140567883456E-016)
 0.00000000000000000E+000 -0.15707963267948966E+001
( 0.17296017942271810E+000,-0.13055751307446979E-016)
 0.00000000000000000E+000 -0.78539816339744828E+000
( 0.68875528230305391E-001,-0.30357660829594124E-017)
 0.00000000000000000E+000  0.00000000000000000E+000
( 0.27030824308861834E-002, 0.00000000000000000E+000)
 0.00000000000000000E+000  0.78539816339744828E+000
( 0.68875528230305391E-001, 0.30357660829594124E-017)
 0.00000000000000000E+000  0.15707963267948966E+001
( 0.17296017942271810E+000, 0.13055751307446979E-016)
 0.00000000000000000E+000  0.23561944901923448E+001
( 0.24217364617535136E+000, 0.22741140567883456E-016)
 0.00000000000000000E+000  0.31415926535897931E+001
( 0.27141406910642374E+000,-0.12618995925524098E-018)
 0.78539816339744828E+000 -0.23561944901923448E+001
( 0.26422804736992350E+000,-0.10083080204115191E-016)
 0.78539816339744828E+000 -0.15707963267948966E+001
( 0.19743698999362999E+000,-0.28528660051223259E-017)
 0.78539816339744828E+000 -0.78539816339744828E+000
( 0.11023034627825230E+000,-0.12495430037895439E-016)
 0.78539816339744828E+000  0.00000000000000000E+000
( 0.69625200588165514E-001,-0.79762698842183646E-017)
 0.78539816339744828E+000  0.78539816339744828E+000
( 0.10907204626361190E+000,-0.43639137442541553E-017)
 0.78539816339744828E+000  0.15707963267948966E+001
( 0.19504140298799158E+000,-0.11155167006050588E-016)
 0.78539816339744828E+000  0.23561944901923448E+001
( 0.26364098745622733E+000,-0.13281476612947429E-017)
 0.78539816339744828E+000  0.31415926535897931E+001
( 0.29022274711029400E+000,-0.20078732459846470E-016)
 0.15707963267948966E+001 -0.23561944901923448E+001
( 0.31582262189997401E+000,-0.83754617824505218E-017)
 0.15707963267948966E+001 -0.15707963267948966E+001
( 0.25501230121277024E+000,-0.30231492816942744E-016)
 0.15707963267948966E+001 -0.78539816339744828E+000
( 0.19784904458021538E+000,-0.19895109865109006E-016)
 0.15707963267948966E+001  0.00000000000000000E+000
( 0.17256772833795284E+000, 0.40805259797204542E-017)
 0.15707963267948966E+001  0.78539816339744828E+000
( 0.19646427612113312E+000, 0.44994390158148434E-017)
 0.15707963267948966E+001  0.15707963267948966E+001
( 0.25579595299318231E+000,-0.10897434710974475E-016)
 0.15707963267948966E+001  0.23561944901923448E+001
( 0.31376113826529389E+000, 0.23310346708438345E-017)
 0.15707963267948966E+001  0.31415926535897931E+001
( 0.33901524599449040E+000,-0.24056247317772618E-017)
 0.23561944901923448E+001 -0.23561944901923448E+001
( 0.37050478238770501E+000,-0.13173056395698879E-016)
 0.23561944901923448E+001 -0.15707963267948966E+001
( 0.31487196139948603E+000,-0.12605405489289633E-016)
 0.23561944901923448E+001 -0.78539816339744828E+000
( 0.26408145005365002E+000,-0.65865281978494394E-017)
 0.23561944901923448E+001  0.00000000000000000E+000
( 0.24568196430841507E+000,-0.10521438132109473E-017)
 0.23561944901923448E+001  0.78539816339744828E+000
( 0.26796474275187532E+000, 0.14555414165617897E-016)
 0.23561944901923448E+001  0.15707963267948966E+001
( 0.31607278585805876E+000, 0.10473875026135681E-017)
 0.23561944901923448E+001  0.23561944901923448E+001
( 0.37223064078308088E+000, 0.20328790734103208E-017)
 0.23561944901923448E+001  0.31415926535897931E+001
( 0.39606237715480996E+000,-0.14629187263695642E-016)
 0.31415926535897931E+001 -0.23561944901923448E+001
( 0.39958328547518485E+000, 0.46891743959998067E-017)
 0.31415926535897931E+001 -0.15707963267948966E+001
( 0.34036756475457769E+000,-0.12800111442428742E-016)
 0.31415926535897931E+001 -0.78539816339744828E+000
( 0.29180544339886721E+000,-0.66949484150979899E-017)
 0.31415926535897931E+001  0.00000000000000000E+000
( 0.26909305256510696E+000,-0.83782607218877988E-018)
 0.31415926535897931E+001  0.78539816339744828E+000
( 0.29180544339886721E+000, 0.79688859677684576E-017)
 0.31415926535897931E+001  0.15707963267948966E+001
( 0.34036756475457769E+000, 0.10176905955654607E-016)
 0.31415926535897931E+001  0.23561944901923448E+001
( 0.39958328547518485E+000,-0.82941466195141089E-017)
 0.31415926535897931E+001  0.31415926535897931E+001
( 0.42396432188577637E+000,-0.49881819505016950E-018)
 0.10000000000000000E+001          1         64
( 0.00000000000000000E+000, 0.00000000000000000E+000)
-0.23561944901923448E+001 -0.23561944901923448E+001
( 0.37850390613325208E+000, 0.68033686323465403E-017)
-0.23561944901923448E+001 -0.15707963267948966E+001
( 0.32168539971700916E+000, 0.13432146477109692E-016)
-0.23561944901923448E+001 -0.78539816339744828E+000
( 0.26840244342233854E+000,-0.11926223897340549E-017)
-0.23561944901923448E+001  0.00000000000000000E+000
( 0.24939277660645184E+000,-0.28233261810186494E-016)
-0.23561944901923448E+001  0.78539816339744828E+000
( 0.26723245778707089E+000,-0.29300563711420757E-016)
-0.23561944901923448E+001  0.15707963267948966E+001
( 0.32292190834869466E+000,-0.25774204827943454E-016)
-0.23561944901923448E+001  0.23561944901923448E+001
( 0.37803511264858825E+000,-0.17320129705455933E-016)
-0.23561944901923448E+001  0.31415926535897931E+001
( 0.40583989695767386E+000,-0.83615927233453117E-017)
-0.15707963267948966E+001 -0.23561944901923448E+001
( 0.32438801678690560E+000,-0.49873299934333204E-017)
-0.15707963267948966E+001 -0.15707963267948966E+001
( 0.25929308371888815E+000,-0.68979654782151705E-018)
-0.15707963267948966E+001 -0.78539816339744828E+000
( 0.19902036206846957E+000,-0.12522535092207576E-016)
-0.15707963267948966E+001  0.00000000000000000E+000
( 0.17512983593209025E+000,-0.22034177326371096E-016)
-0.15707963267948966E+001  0.78539816339744828E+000
( 0.19930025464824835E+000,-0.21440097960900850E-016)
-0.15707963267948966E+001  0.15707963267948966E+001
( 0.26270162195860119E+000,-0.13308309087575482E-016)
-0.15707963267948966E+001  0.23561944901923448E+001
( 0.32339982267772893E+000,-0.13986208025063007E-016)
-0.15707963267948966E+001  0.31415926535897931E+001
( 0.34365889220052376E+000,-0.81825007886688155E-018)
-0.78539816339744828E+000 -0.23561944901923448E+001
( 0.26781451466068246E+000, 0.13200161450011016E-016)
-0.78539816339744828E+000 -0.15707963267948966E+001
( 0.19508748915837834E+000, 0.41562690971916330E-017)
-0.78539816339744828E+000 -0.78539816339744828E+000
( 0.11252999903847416E+000,-0.12766480581016815E-016)
-0.78539816339744828E+000  0.00000000000000000E+000
( 0.74704090753544644E-001,-0.25330789169390988E-016)
-0.78539816339744828E+000  0.78539816339744828E+000
( 0.11406970471273800E+000,-0.21196152472091612E-016)
-0.78539816339744828E+000  0.15707963267948966E+001
( 0.19973072505325090E+000,-0.82702885474695540E-017)
-0.78539816339744828E+000  0.23561944901923448E+001
( 0.26701061539216459E+000, 0.26129272356900657E-016)
-0.78539816339744828E+000  0.31415926535897931E+001
( 0.29163400605908396E+000, 0.38181404979116980E-017)
 0.00000000000000000E+000 -0.23561944901923448E+001
( 0.25023750908281639E+000,-0.23852447794681098E-017)
 0.00000000000000000E+000 -0.15707963267948966E+001
( 0.17303139497593187E+000,-0.41788976825789913E-017)
 0.00000000000000000E+000 -0.78539816339744828E+000
( 0.74688476424981262E-001, 0.81315162936412833E-019)
 0.00000000000000000E+000  0.00000000000000000E+000
( 0.73296894553653846E-004, 0.00000000000000000E+000)
 0.00000000000000000E+000  0.78539816339744828E+000
( 0.74688476424981262E-001,-0.81315162936412833E-019)
 0.00000000000000000E+000  0.15707963267948966E+001
( 0.17303139497593187E+000, 0.41788976825789913E-017)
 0.00000000000000000E+000  0.23561944901923448E+001
( 0.25023750908281639E+000, 0.23852447794681098E-017)
 0.00000000000000000E+000  0.31415926535897931E+001
( 0.27376920799311710E+000,-0.18337050562057575E-017)
 0.78539816339744828E+000 -0.23561944901923448E+001
( 0.26701061539216459E+000,-0.26129272356900657E-016)
 0.78539816339744828E+000 -0.15707963267948966E+001
( 0.19973072505325090E+000, 0.82702885474695540E-017)
 0.78539816339744828E+000 -0.78539816339744828E+000
( 0.11406970471273800E+000, 0.21196152472091612E-016)
 0.78539816339744828E+000  0.00000000000000000E+000
( 0.74704090753544644E-001, 0.25330789169390988E-016)
 0.78539816339744828E+000  0.78539816339744828E+000
( 0.11252999903847416E+000, 0.12766480581016815E-016)
 0.78539816339744828E+000  0.15707963267948966E+001
( 0.19508748915837834E+000,-0.41562690971916330E-017)
 0.78539816339744828E+000  0.23561944901923448E+001
( 0.26781451466068246E+000,-0.13200161450011016E-016)
 0.78539816339744828E+000  0.31415926535897931E+001
( 0.29163400605908396E+000,-0.80714145100094892E-017)
 0.15707963267948966E+001 -0.23561944901923448E+001
( 0.32339982267772893E+000, 0.13986208025063007E-016)
 0.15707963267948966E+001 -0.15707963267948966E+001
( 0.26270162195860119E+000, 0.13308309087575482E-016)
 0.15707963267948966E+001 -0.78539816339744828E+000
( 0.19930025464824835E+000, 0.21440097960900850E-016)
 0.15707963267948966E+001  0.00000000000000000E+000
( 0.17512983593209025E+000, 0.22034177326371096E-016)
 0.15707963267948966E+001  0.78539816339744828E+000
( 0.19902036206846957E+000, 0.12522535092207576E-016)
 0.15707963267948966E+001  0.15707963267948966E+001
( 0.25929308371888815E+000, 0.68979654782151705E-018)
 0.15707963267948966E+001  0.23561944901923448E+001
( 0.32438801678690560E+000, 0.49873299934333204E-017)
 0.15707963267948966E+001  0.31415926535897931E+001
( 0.34365889220052376E+000,-0.78316764045705268E-018)
 0.23561944901923448E+001 -0.23561944901923448E+001
( 0.37803511264858825E+000, 0.17320129705455933E-016)
 0.23561944901923448E+001 -0.15707963267948966E+001
( 0.32292190834869466E+000, 0.25774204827943454E-016)
 0.23561944901923448E+001 -0.78539816339744828E+000
( 0.26723245778707089E+000, 0.29300563711420757E-016)
 0.23561944901923448E+001  0.00000000000000000E+000
( 0.24939277660645184E+000, 0.28233261810186494E-016)
 0.23561944901923448E+001  0.78539816339744828E+000
( 0.26840244342233854E+000, 0.11926223897340549E-017)
 0.23561944901923448E+001  0.15707963267948966E+001
( 0.32168539971700916E+000,-0.13432146477109692E-016)
 0.23561944901923448E+001  0.23561944901923448E+001
( 0.37850390613325208E+000,-0.68033686323465403E-017)
 0.23561944901923448E+001  0.31415926535897931E+001
( 0.40583989695767386E+000, 0.12619305765258732E-016)
 0.31415926535897931E+001 -0.23561944901923448E+001
( 0.40655262038465612E+000, 0.24719809532669501E-016)
 0.31415926535897931E+001 -0.15707963267948966E+001
( 0.34459372434600710E+000, 0.41742748925725730E-016)
 0.31415926535897931E+001 -0.78539816339744828E+000
( 0.29025094363056025E+000, 0.25234805564600116E-016)
 0.31415926535897931E+001  0.00000000000000000E+000
( 0.26857236632402032E+000,-0.17933972433946452E-017)
 0.31415926535897931E+001  0.78539816339744828E+000
( 0.29025094363056025E+000,-0.22388774861825667E-016)
 0.31415926535897931E+001  0.15707963267948966E+001
( 0.34459372434600710E+000,-0.37707405666861378E-016)
 0.31415926535897931E+001  0.23561944901923448E+001
( 0.40655262038465612E+000,-0.15151725360484924E-016)
 0.31415926535897931E+001  0.31415926535897931E+001
( 0.47161712022895769E+000, 0.45021759962007642E-017)
 0.10000000000000000E+001          1         64
( 0.00000000000000000E+000, 0.00000000000000000E+000)
-0.23561944901923448E+001 -0.23561944901923448E+001
( 0.37865503752434920E+000, 0.21684043449710089E-017)
-0.23561944901923448E+001 -0.15707963267948966E+001
( 0.32110176311565286E+000, 0.54196151938730927E-018)
-0.23561944901923448E+001 -0.78539816339744828E+000
( 0.26552824364927774E+000, 0.46620693416876691E-017)
-0.23561944901923448E+001  0.00000000000000000E+000
( 0.24750853683592838E+000, 0.31135448817588658E-016)
-0.23561944901923448E+001  0.78539816339744828E+000
( 0.26685092342099331E+000, 0.26454533008646308E-016)
-0.23561944901923448E+001  0.15707963267948966E+001
( 0.31867274689232289E+000, 0.16064512756559874E-016)
-0.23561944901923448E+001  0.23561944901923448E+001
( 0.38061537609916518E+000, 0.85651971626354850E-017)
-0.23561944901923448E+001  0.31415926535897931E+001
( 0.40581255733929616E+000,-0.12552953660740470E-016)
-0.15707963267948966E+001 -0.23561944901923448E+001
( 0.32180177455637338E+000,-0.13877787807814457E-016)
-0.15707963267948966E+001 -0.15707963267948966E+001
( 0.26114077927472418E+000,-0.10802711912763591E-016)
-0.15707963267948966E+001 -0.78539816339744828E+000
( 0.20196126273714968E+000,-0.37947076036992655E-017)
-0.15707963267948966E+001  0.00000000000000000E+000
( 0.17518866130890315E+000, 0.16684149144773650E-016)
-0.15707963267948966E+001  0.78539816339744828E+000
( 0.19596862368151988E+000, 0.63967928176644762E-017)
-0.15707963267948966E+001  0.15707963267948966E+001
( 0.25973162028942104E+000, 0.29185888081321672E-016)
-0.15707963267948966E+001  0.23561944901923448E+001
( 0.32312673616830229E+000, 0.19515639104739080E-017)
-0.15707963267948966E+001  0.31415926535897931E+001
( 0.34575327835890241E+000, 0.31275288295477351E-016)
-0.78539816339744828E+000 -0.23561944901923448E+001
( 0.27026153670725545E+000, 0.13877787807814457E-016)
-0.78539816339744828E+000 -0.15707963267948966E+001
( 0.20066005628202613E+000, 0.16562434186493420E-017)
-0.78539816339744828E+000 -0.78539816339744828E+000
( 0.11333719973458929E+000,-0.70473141211557788E-017)
-0.78539816339744828E+000  0.00000000000000000E+000
( 0.72420489030679297E-001,-0.66073510964100177E-017)
-0.78539816339744828E+000  0.78539816339744828E+000
( 0.11375590769954309E+000, 0.21900883884207190E-016)
-0.78539816339744828E+000  0.15707963267948966E+001
( 0.19789317388222799E+000, 0.56320415188512846E-017)
-0.78539816339744828E+000  0.23561944901923448E+001
( 0.26781445452929409E+000, 0.33176586478056436E-016)
-0.78539816339744828E+000  0.31415926535897931E+001
( 0.29423343664077878E+000, 0.92517438616062872E-019)
 0.00000000000000000E+000 -0.23561944901923448E+001
( 0.25075069084593843E+000, 0.58546917314217239E-017)
 0.00000000000000000E+000 -0.15707963267948966E+001
( 0.17548212341058056E+000,-0.68982371398129040E-017)
 0.00000000000000000E+000 -0.78539816339744828E+000
( 0.72940068614895964E-001, 0.28189256484623115E-017)
 0.00000000000000000E+000  0.00000000000000000E+000
( 0.92800329858598596E-002, 0.00000000000000000E+000)
 0.00000000000000000E+000  0.78539816339744828E+000
( 0.72940068614895964E-001,-0.28189256484623115E-017)
 0.00000000000000000E+000  0.15707963267948966E+001
( 0.17548212341058056E+000, 0.68982371398129040E-017)
 0.00000000000000000E+000  0.23561944901923448E+001
( 0.25075069084593843E+000,-0.58546917314217239E-017)
 0.00000000000000000E+000  0.31415926535897931E+001
( 0.27518546931147736E+000,-0.73183483167995487E-018)
 0.78539816339744828E+000 -0.23561944901923448E+001
( 0.26781445452929409E+000,-0.33176586478056436E-016)
 0.78539816339744828E+000 -0.15707963267948966E+001
( 0.19789317388222799E+000,-0.56320415188512846E-017)
 0.78539816339744828E+000 -0.78539816339744828E+000
( 0.11375590769954309E+000,-0.21900883884207190E-016)
 0.78539816339744828E+000  0.00000000000000000E+000
( 0.72420489030679297E-001, 0.66073510964100177E-017)
 0.78539816339744828E+000  0.78539816339744828E+000
( 0.11333719973458929E+000, 0.70473141211557788E-017)
 0.78539816339744828E+000  0.15707963267948966E+001
( 0.20066005628202613E+000,-0.16562434186493420E-017)
 0.78539816339744828E+000  0.23561944901923448E+001
( 0.27026153670725545E+000,-0.13877787807814457E-016)
 0.78539816339744828E+000  0.31415926535897931E+001
( 0.29423343664077872E+000, 0.16791263786204492E-017)
 0.15707963267948966E+001 -0.23561944901923448E+001
( 0.32312673616830229E+000,-0.19515639104739080E-017)
 0.15707963267948966E+001 -0.15707963267948966E+001
( 0.25973162028942104E+000,-0.29185888081321672E-016)
 0.15707963267948966E+001 -0.78539816339744828E+000
( 0.19596862368151988E+000,-0.63967928176644762E-017)
 0.15707963267948966E+001  0.00000000000000000E+000
( 0.17518866130890315E+000,-0.16684149144773650E-016)
 0.15707963267948966E+001  0.78539816339744828E+000
( 0.20196126273714968E+000, 0.37947076036992655E-017)
 0.15707963267948966E+001  0.15707963267948966E+001
( 0.26114077927472418E+000, 0.10802711912763591E-016)
 0.15707963267948966E+001  0.23561944901923448E+001
( 0.32180177455637338E+000, 0.13877787807814457E-016)
 0.15707963267948966E+001  0.31415926535897931E+001
( 0.34575327835890241E+000,-0.23722793429338528E-016)
 0.23561944901923448E+001 -0.23561944901923448E+001
( 0.38061537609916518E+000,-0.85651971626354850E-017)
 0.23561944901923448E+001 -0.15707963267948966E+001
( 0.31867274689232289E+000,-0.16064512756559874E-016)
 0.23561944901923448E+001 -0.78539816339744828E+000
( 0.26685092342099331E+000,-0.26454533008646308E-016)
 0.23561944901923448E+001  0.00000000000000000E+000
( 0.24750853683592838E+000,-0.31135448817588658E-016)
 0.23561944901923448E+001  0.78539816339744828E+000
( 0.26552824364927774E+000,-0.46620693416876691E-017)
 0.23561944901923448E+001  0.15707963267948966E+001
( 0.32110176311565286E+000,-0.54196151938730927E-018)
 0.23561944901923448E+001  0.23561944901923448E+001
( 0.37865503752434920E+000,-0.21684043449710089E-017)
 0.23561944901923448E+001  0.31415926535897931E+001
( 0.40581255733929616E+000, 0.10855150526023367E-016)
 0.31415926535897931E+001 -0.23561944901923448E+001
( 0.40081644633789648E+000,-0.35778671692021646E-017)
 0.31415926535897931E+001 -0.15707963267948966E+001
( 0.34453201179939480E+000,-0.48438487169384382E-017)
 0.31415926535897931E+001 -0.78539816339744828E+000
( 0.29230059256440555E+000,-0.28189256484623115E-017)
 0.31415926535897931E+001  0.00000000000000000E+000
( 0.27352853161203433E+000,-0.40855224598796850E-018)
 0.31415926535897931E+001  0.78539816339744828E+000
( 0.29230059256440555E+000, 0.13010426069826053E-017)
 0.31415926535897931E+001  0.15707963267948966E+001
( 0.34453201179939480E+000, 0.27719658993584122E-017)
 0.31415926535897931E+001  0.23561944901923448E+001
( 0.40081644633789648E+000, 0.72641545556528797E-017)
 0.31415926535897931E+001  0.31415926535897931E+001
( 0.49489811840374248E+000, 0.81288841227388051E-017)
 0.10000000000000000E+001          1         64
( 0.00000000000000000E+000, 0.00000000000000000E+000)
-0.23561944901923448E+001 -0.23561944901923448E+001
( 0.37705062945351886E+000,-0.56012594736032373E-016)
-0.23561944901923448E+001 -0.15707963267948966E+001
( 0.31892298918571027E+000,-0.54314218006695794E-016)
-0.23561944901923448E+001 -0.78539816339744828E+000
( 0.26378498313458998E+000,-0.24502969098172400E-016)
-0.23561944901923448E+001  0.00000000000000000E+000
( 0.24428069089961818E+000, 0.23318765825003224E-016)
-0.23561944901923448E+001  0.78539816339744828E+000
( 0.26681689474973025E+000, 0.58262314243939795E-016)
-0.23561944901923448E+001  0.15707963267948966E+001
( 0.31931640352195045E+000, 0.47090625527842297E-016)
-0.23561944901923448E+001  0.23561944901923448E+001
( 0.37750085782982512E+000, 0.22903770893756281E-017)
-0.23561944901923448E+001  0.31415926535897931E+001
( 0.40402988184062921E+000,-0.15113605457080881E-016)
-0.15707963267948966E+001 -0.23561944901923448E+001
( 0.31495541566436780E+000,-0.17970651008947236E-016)
-0.15707963267948966E+001 -0.15707963267948966E+001
( 0.25953027530185252E+000,-0.49202259083328557E-016)
-0.15707963267948966E+001 -0.78539816339744828E+000
( 0.19830821870044626E+000,-0.35792224219177715E-016)
-0.15707963267948966E+001  0.00000000000000000E+000
( 0.17416061307165820E+000, 0.66080205077849923E-017)
-0.15707963267948966E+001  0.78539816339744828E+000
( 0.19597171894758436E+000, 0.40251005653524352E-016)
-0.15707963267948966E+001  0.15707963267948966E+001
( 0.25638170289459800E+000, 0.47097163534865086E-016)
-0.15707963267948966E+001  0.23561944901923448E+001
( 0.31869270522331966E+000, 0.13213713977167085E-016)
-0.15707963267948966E+001  0.31415926535897931E+001
( 0.34116167431297917E+000,-0.11944213932449626E-016)
-0.78539816339744828E+000 -0.23561944901923448E+001
( 0.26430625448253142E+000,-0.17008421580866351E-016)
-0.78539816339744828E+000 -0.15707963267948966E+001
( 0.19672403110660522E+000,-0.57995956049204880E-016)
-0.78539816339744828E+000 -0.78539816339744828E+000
( 0.11214947703274689E+000,-0.36429192995512949E-016)
-0.78539816339744828E+000  0.00000000000000000E+000
( 0.71835880118633122E-001, 0.10140096684927759E-016)
-0.78539816339744828E+000  0.78539816339744828E+000
( 0.11247756830435721E+000, 0.40982842119952068E-016)
-0.78539816339744828E+000  0.15707963267948966E+001
( 0.19648291393575310E+000, 0.51811454322095870E-016)
-0.78539816339744828E+000  0.23561944901923448E+001
( 0.26343311274070741E+000, 0.13498317047444530E-016)
-0.78539816339744828E+000  0.31415926535897931E+001
( 0.29159939653464040E+000, 0.11083827380478397E-016)
 0.00000000000000000E+000 -0.23561944901923448E+001
( 0.24559736701410478E+000,-0.46918849014310204E-016)
 0.00000000000000000E+000 -0.15707963267948966E+001
( 0.16954480420095491E+000,-0.48053781784233272E-016)
 0.00000000000000000E+000 -0.78539816339744828E+000
( 0.70173902542186903E-001,-0.34951967535501449E-016)
 0.00000000000000000E+000  0.00000000000000000E+000
( 0.24587934971672387E-002, 0.00000000000000000E+000)
 0.00000000000000000E+000  0.78539816339744828E+000
( 0.70173902542186903E-001, 0.34951967535501449E-016)
 0.00000000000000000E+000  0.15707963267948966E+001
( 0.16954480420095491E+000, 0.48053781784233272E-016)
 0.00000000000000000E+000  0.23561944901923448E+001
( 0.24559736701410478E+000, 0.46918849014310204E-016)
 0.00000000000000000E+000  0.31415926535897931E+001
( 0.26420625823359489E+000,-0.15790521724773948E-017)
 0.78539816339744828E+000 -0.23561944901923448E+001
( 0.26343311274070741E+000,-0.13498317047444530E-016)
 0.78539816339744828E+000 -0.15707963267948966E+001
( 0.19648291393575310E+000,-0.51811454322095870E-016)
 0.78539816339744828E+000 -0.78539816339744828E+000
( 0.11247756830435721E+000,-0.40982842119952068E-016)
 0.78539816339744828E+000  0.00000000000000000E+000
( 0.71835880118633122E-001,-0.10140096684927759E-016)
 0.78539816339744828E+000  0.78539816339744828E+000
( 0.11214947703274689E+000, 0.36429192995512949E-016)
 0.78539816339744828E+000  0.15707963267948966E+001
( 0.19672403110660522E+000, 0.57995956049204880E-016)
 0.78539816339744828E+000  0.23561944901923448E+001
( 0.26430625448253142E+000, 0.17008421580866351E-016)
 0.78539816339744828E+000  0.31415926535897931E+001
( 0.29159939653464040E+000,-0.92852230902147371E-017)
 0.15707963267948966E+001 -0.23561944901923448E+001
( 0.31869270522331966E+000,-0.13213713977167085E-016)
 0.15707963267948966E+001 -0.15707963267948966E+001
( 0.25638170289459800E+000,-0.47097163534865086E-016)
 0.15707963267948966E+001 -0.78539816339744828E+000
( 0.19597171894758436E+000,-0.40251005653524352E-016)
 0.15707963267948966E+001  0.00000000000000000E+000
( 0.17416061307165820E+000,-0.66080205077849923E-017)
 0.15707963267948966E+001  0.78539816339744828E+000
( 0.19830821870044626E+000, 0.35792224219177715E-016)
 0.15707963267948966E+001  0.15707963267948966E+001
( 0.25953027530185252E+000, 0.49202259083328557E-016)
 0.15707963267948966E+001  0.23561944901923448E+001
( 0.31495541566436780E+000, 0.17970651008947236E-016)
 0.15707963267948966E+001  0.31415926535897931E+001
( 0.34116167431297917E+000, 0.18277125935827249E-016)
 0.23561944901923448E+001 -0.23561944901923448E+001
( 0.37750085782982512E+000,-0.22903770893756281E-017)
 0.23561944901923448E+001 -0.15707963267948966E+001
( 0.31931640352195045E+000,-0.47090625527842297E-016)
 0.23561944901923448E+001 -0.78539816339744828E+000
( 0.26681689474973025E+000,-0.58262314243939795E-016)
 0.23561944901923448E+001  0.00000000000000000E+000
( 0.24428069089961818E+000,-0.23318765825003224E-016)
 0.23561944901923448E+001  0.78539816339744828E+000
( 0.26378498313458998E+000, 0.24502969098172400E-016)
 0.23561944901923448E+001  0.15707963267948966E+001
( 0.31892298918571027E+000, 0.54314218006695794E-016)
 0.23561944901923448E+001  0.23561944901923448E+001
( 0.37705062945351886E+000, 0.56012594736032373E-016)
 0.23561944901923448E+001  0.31415926535897931E+001
( 0.40402988184062921E+000, 0.15611167140361939E-016)
 0.31415926535897931E+001 -0.23561944901923448E+001
( 0.39937422831727581E+000,-0.25356778309004735E-016)
 0.31415926535897931E+001 -0.15707963267948966E+001
( 0.34407032598438042E+000,-0.33883917514293875E-016)
 0.31415926535897931E+001 -0.78539816339744828E+000
( 0.29270669737535138E+000,-0.21900883884207190E-016)
 0.31415926535897931E+001  0.00000000000000000E+000
( 0.26747135639081127E+000,-0.85613624923524137E-018)
 0.31415926535897931E+001  0.78539816339744828E+000
( 0.29270669737535138E+000, 0.24055735702022130E-016)
 0.31415926535897931E+001  0.15707963267948966E+001
( 0.34407032598438042E+000, 0.37552007524978064E-016)
 0.31415926535897931E+001  0.23561944901923448E+001
( 0.39937422831727581E+000, 0.19962872500889350E-016)
 0.31415926535897931E+001  0.31415926535897931E+001
( 0.42656693097535242E+000,-0.12335212613255438E-017)
 0.10000000000000000E+001          1         64
( 0.00000000000000000E+000, 0.00000000000000000E+000)
-0.23561944901923448E+001 -0.23561944901923448E+001
( 0.37745362067790406E+000,-0.21412992906588713E-016)
-0.23561944901923448E+001 -0.15707963267948966E+001
( 0.31424807461121290E+000,-0.10128039042046634E-016)
-0.23561944901923448E+001 -0.78539816339744828E+000
( 0.26337485357377433E+000, 0.47704895589362195E-017)
-0.23561944901923448E+001  0.00000000000000000E+000
( 0.24170442293829303E+000,-0.48755677391996164E-017)
-0.23561944901923448E+001  0.78539816339744828E+000
( 0.26365875681715539E+000, 0.95138740635603014E-017)
-0.23561944901923448E+001  0.15707963267948966E+001
( 0.31353983856250789E+000,-0.10033146239356832E-016)
-0.23561944901923448E+001  0.23561944901923448E+001
( 0.37504323456800537E+000,-0.22903770893756281E-016)
-0.23561944901923448E+001  0.31415926535897931E+001
( 0.40043284731463630E+000,-0.31132699729163369E-016)
-0.15707963267948966E+001 -0.23561944901923448E+001
( 0.31502783918451199E+000,-0.13498317047444530E-016)
-0.15707963267948966E+001 -0.15707963267948966E+001
( 0.25517987081491006E+000,-0.17662847458193976E-016)
-0.15707963267948966E+001 -0.78539816339744828E+000
( 0.19403502152371679E+000, 0.78604657505199071E-018)
-0.15707963267948966E+001  0.00000000000000000E+000
( 0.16954407633764956E+000,-0.82602345717546934E-017)
-0.15707963267948966E+001  0.78539816339744828E+000
( 0.19363020730718533E+000, 0.12956215961201778E-016)
-0.15707963267948966E+001  0.15707963267948966E+001
( 0.25873108635091746E+000, 0.18129351648386419E-016)
-0.15707963267948966E+001  0.23561944901923448E+001
( 0.31787344367840148E+000, 0.40251005653524352E-017)
-0.15707963267948966E+001  0.31415926535897931E+001
( 0.34037232224684799E+000,-0.11856773064643765E-016)
-0.78539816339744828E+000 -0.23561944901923448E+001
( 0.26569750873589493E+000, 0.75352050987742558E-017)
-0.78539816339744828E+000 -0.15707963267948966E+001
( 0.19855415894918832E+000, 0.66121911291413911E-017)
-0.78539816339744828E+000 -0.78539816339744828E+000
( 0.10787848097148621E+000,-0.50550926292136644E-017)
-0.78539816339744828E+000  0.00000000000000000E+000
( 0.69120634830071068E-001,-0.10154246336619173E-016)
-0.78539816339744828E+000  0.78539816339744828E+000
( 0.10792097708569309E+000,-0.15016200088924236E-016)
-0.78539816339744828E+000  0.15707963267948966E+001
( 0.19475042099662321E+000, 0.59616949382474088E-017)
-0.78539816339744828E+000  0.23561944901923448E+001
( 0.26510058556391919E+000, 0.13864235280658388E-016)
-0.78539816339744828E+000  0.31415926535897931E+001
( 0.29058892533006953E+000,-0.23454187401594621E-017)
 0.00000000000000000E+000 -0.23561944901923448E+001
( 0.24629813799413089E+000, 0.31577388273640317E-017)
 0.00000000000000000E+000 -0.15707963267948966E+001
( 0.17451911106549031E+000, 0.31491874460912827E-017)
 0.00000000000000000E+000 -0.78539816339744828E+000
( 0.67107938887878527E-001, 0.18133281334820062E-016)
 0.00000000000000000E+000  0.00000000000000000E+000
( 0.20180127914505019E-002, 0.00000000000000000E+000)
 0.00000000000000000E+000  0.78539816339744828E+000
( 0.67107938887878527E-001,-0.18133281334820062E-016)
 0.00000000000000000E+000  0.15707963267948966E+001
( 0.17451911106549031E+000,-0.31491874460912827E-017)
 0.00000000000000000E+000  0.23561944901923448E+001
( 0.24629813799413089E+000,-0.31577388273640317E-017)
 0.00000000000000000E+000  0.31415926535897931E+001
( 0.26939534120552611E+000,-0.38947305213656672E-018)
 0.78539816339744828E+000 -0.23561944901923448E+001
( 0.26510058556391919E+000,-0.13864235280658388E-016)
 0.78539816339744828E+000 -0.15707963267948966E+001
( 0.19475042099662321E+000,-0.59616949382474088E-017)
 0.78539816339744828E+000 -0.78539816339744828E+000
( 0.10792097708569309E+000, 0.15016200088924236E-016)
 0.78539816339744828E+000  0.00000000000000000E+000
( 0.69120634830071068E-001, 0.10154246336619173E-016)
 0.78539816339744828E+000  0.78539816339744828E+000
( 0.10787848097148621E+000, 0.50550926292136644E-017)
 0.78539816339744828E+000  0.15707963267948966E+001
( 0.19855415894918832E+000,-0.66121911291413911E-017)
 0.78539816339744828E+000  0.23561944901923448E+001
( 0.26569750873589493E+000,-0.75352050987742558E-017)
 0.78539816339744828E+000  0.31415926535897931E+001
( 0.29058892533006953E+000, 0.14510021730535646E-017)
 0.15707963267948966E+001 -0.23561944901923448E+001
( 0.31787344367840148E+000,-0.40251005653524352E-017)
 0.15707963267948966E+001 -0.15707963267948966E+001
( 0.25873108635091746E+000,-0.18129351648386419E-016)
 0.15707963267948966E+001 -0.78539816339744828E+000
( 0.19363020730718533E+000,-0.12956215961201778E-016)
 0.15707963267948966E+001  0.00000000000000000E+000
( 0.16954407633764956E+000, 0.82602345717546934E-017)
 0.15707963267948966E+001  0.78539816339744828E+000
( 0.19403502152371679E+000,-0.78604657505199071E-018)
 0.15707963267948966E+001  0.15707963267948966E+001
( 0.25517987081491006E+000, 0.17662847458193976E-016)
 0.15707963267948966E+001  0.23561944901923448E+001
( 0.31502783918451199E+000, 0.13498317047444530E-016)
 0.15707963267948966E+001  0.31415926535897931E+001
( 0.34037232224684799E+000, 0.18714301580419939E-016)
 0.23561944901923448E+001 -0.23561944901923448E+001
( 0.37504323456800537E+000, 0.22903770893756281E-016)
 0.23561944901923448E+001 -0.15707963267948966E+001
( 0.31353983856250789E+000, 0.10033146239356832E-016)
 0.23561944901923448E+001 -0.78539816339744828E+000
( 0.26365875681715539E+000,-0.95138740635603014E-017)
 0.23561944901923448E+001  0.00000000000000000E+000
( 0.24170442293829303E+000, 0.48755677391996164E-017)
 0.23561944901923448E+001  0.78539816339744828E+000
( 0.26337485357377433E+000,-0.47704895589362195E-017)
 0.23561944901923448E+001  0.15707963267948966E+001
( 0.31424807461121290E+000, 0.10128039042046634E-016)
 0.23561944901923448E+001  0.23561944901923448E+001
( 0.37745362067790406E+000, 0.21412992906588713E-016)
 0.23561944901923448E+001  0.31415926535897931E+001
( 0.40043284731463630E+000, 0.33870360439883908E-016)
 0.31415926535897931E+001 -0.23561944901923448E+001
( 0.39972271926109582E+000, 0.14081075715155489E-016)
 0.31415926535897931E+001 -0.15707963267948966E+001
( 0.33920892544780534E+000, 0.12581575813168153E-016)
 0.31415926535897931E+001 -0.78539816339744828E+000
( 0.28866054410681841E+000,-0.30899761915836876E-017)
 0.31415926535897931E+001  0.00000000000000000E+000
( 0.26527120638325485E+000,-0.93518583350723257E-018)
 0.31415926535897931E+001  0.78539816339744828E+000
( 0.28866054410681841E+000,-0.19244588561617704E-017)
 0.31415926535897931E+001  0.15707963267948966E+001
( 0.33920892544780534E+000,-0.14490366148789985E-016)
 0.31415926535897931E+001  0.23561944901923448E+001
( 0.39972271926109582E+000,-0.11424780392566003E-016)
 0.31415926535897931E+001  0.31415926535897931E+001
( 0.42122377954301016E+000,-0.13797770930791976E-017)
 0.10000000000000000E+001          1         64
( 0.00000000000000000E+000, 0.00000000000000000E+000)
-0.23561944901923448E+001 -0.23561944901923448E+001
( 0.37406632819337932E+000,-0.14772254600114998E-016)
-0.23561944901923448E+001 -0.15707963267948966E+001
( 0.31957102768122397E+000,-0.78043539297951042E-017)
-0.23561944901923448E+001 -0.78539816339744828E+000
( 0.26760316541296580E+000, 0.16696713456276768E-016)
-0.23561944901923448E+001  0.00000000000000000E+000
( 0.24970185222918120E+000, 0.23321705835094315E-016)
-0.23561944901923448E+001  0.78539816339744828E+000
( 0.26772840230675204E+000,-0.77791505875834943E-017)
-0.23561944901923448E+001  0.15707963267948966E+001
( 0.31986229432120128E+000,-0.42485206419719213E-017)
-0.23561944901923448E+001  0.23561944901923448E+001
( 0.37561581590713067E+000,-0.11384122811097797E-016)
-0.23561944901923448E+001  0.31415926535897931E+001
( 0.39145753204699418E+000,-0.68612476604566239E-017)
-0.15707963267948966E+001 -0.23561944901923448E+001
( 0.32067633068433787E+000,-0.48246996675604947E-017)
-0.15707963267948966E+001 -0.15707963267948966E+001
( 0.25604512906613625E+000,-0.10891422941156861E-017)
-0.15707963267948966E+001 -0.78539816339744828E+000
( 0.19817857663233340E+000, 0.11926223897340549E-016)
-0.15707963267948966E+001  0.00000000000000000E+000
( 0.17211441908467423E+000, 0.10680853665982285E-016)
-0.15707963267948966E+001  0.78539816339744828E+000
( 0.19735704038300905E+000, 0.92970336290632005E-017)
-0.15707963267948966E+001  0.15707963267948966E+001
( 0.25783379654888344E+000,-0.43739250388174936E-017)
-0.15707963267948966E+001  0.23561944901923448E+001
( 0.31617187849665773E+000, 0.14040418133687282E-016)
-0.15707963267948966E+001  0.31415926535897931E+001
( 0.34348840106992612E+000,-0.55557805786420556E-017)
-0.78539816339744828E+000 -0.23561944901923448E+001
( 0.26455454620698815E+000, 0.11004652050727870E-016)
-0.78539816339744828E+000 -0.15707963267948966E+001
( 0.19558055172781463E+000,-0.79066973279843453E-017)
-0.78539816339744828E+000 -0.78539816339744828E+000
( 0.11098767958603666E+000, 0.24394548880923850E-017)
-0.78539816339744828E+000  0.00000000000000000E+000
( 0.68423465226014279E-001, 0.16790850012869217E-016)
-0.78539816339744828E+000  0.78539816339744828E+000
( 0.10999029832285431E+000, 0.67762635780344027E-017)
-0.78539816339744828E+000  0.15707963267948966E+001
( 0.19539408973579456E+000, 0.18832984516304880E-017)
-0.78539816339744828E+000  0.23561944901923448E+001
( 0.26545106003873781E+000,-0.72912596099650173E-017)
-0.78539816339744828E+000  0.31415926535897931E+001
( 0.29060959400229996E+000, 0.40950210099262806E-017)
 0.00000000000000000E+000 -0.23561944901923448E+001
( 0.24850427967069982E+000,-0.30086610286472748E-017)
 0.00000000000000000E+000 -0.15707963267948966E+001
( 0.17603840975162086E+000, 0.96812635190476879E-018)
 0.00000000000000000E+000 -0.78539816339744828E+000
( 0.71398240517007383E-001,-0.84567769453869346E-017)
 0.00000000000000000E+000  0.00000000000000000E+000
( 0.35712310328123165E-002, 0.00000000000000000E+000)
 0.00000000000000000E+000  0.78539816339744828E+000
( 0.71398240517007383E-001, 0.84567769453869346E-017)
 0.00000000000000000E+000  0.15707963267948966E+001
( 0.17603840975162086E+000,-0.96812635190476879E-018)
 0.00000000000000000E+000  0.23561944901923448E+001
( 0.24850427967069982E+000, 0.30086610286472748E-017)
 0.00000000000000000E+000  0.31415926535897931E+001
( 0.27378322170851355E+000,-0.63521009682693312E-018)
 0.78539816339744828E+000 -0.23561944901923448E+001
( 0.26545106003873781E+000, 0.72912596099650173E-017)
 0.78539816339744828E+000 -0.15707963267948966E+001
( 0.19539408973579456E+000,-0.18832984516304880E-017)
 0.78539816339744828E+000 -0.78539816339744828E+000
( 0.10999029832285431E+000,-0.67762635780344027E-017)
 0.78539816339744828E+000  0.00000000000000000E+000
( 0.68423465226014279E-001,-0.16790850012869217E-016)
 0.78539816339744828E+000  0.78539816339744828E+000
( 0.11098767958603666E+000,-0.24394548880923850E-017)
 0.78539816339744828E+000  0.15707963267948966E+001
( 0.19558055172781463E+000, 0.79066973279843453E-017)
 0.78539816339744828E+000  0.23561944901923448E+001
( 0.26455454620698815E+000,-0.11004652050727870E-016)
 0.78539816339744828E+000  0.31415926535897931E+001
( 0.29060959400229996E+000,-0.33259371433201158E-017)
 0.15707963267948966E+001 -0.23561944901923448E+001
( 0.31617187849665773E+000,-0.14040418133687282E-016)
 0.15707963267948966E+001 -0.15707963267948966E+001
( 0.25783379654888344E+000, 0.43739250388174936E-017)
 0.15707963267948966E+001 -0.78539816339744828E+000
( 0.19735704038300905E+000,-0.92970336290632005E-017)
 0.15707963267948966E+001  0.00000000000000000E+000
( 0.17211441908467423E+000,-0.10680853665982285E-016)
 0.15707963267948966E+001  0.78539816339744828E+000
( 0.19817857663233340E+000,-0.11926223897340549E-016)
 0.15707963267948966E+001  0.15707963267948966E+001
( 0.25604512906613625E+000, 0.10891422941156861E-017)
 0.15707963267948966E+001  0.23561944901923448E+001
( 0.32067633068433787E+000, 0.48246996675604947E-017)
 0.15707963267948966E+001  0.31415926535897931E+001
( 0.34348840106992612E+000, 0.12403216973746559E-016)
 0.23561944901923448E+001 -0.23561944901923448E+001
( 0.37561581590713067E+000, 0.11384122811097797E-016)
 0.23561944901923448E+001 -0.15707963267948966E+001
( 0.31986229432120128E+000, 0.42485206419719213E-017)
 0.23561944901923448E+001 -0.78539816339744828E+000
( 0.26772840230675204E+000, 0.77791505875834943E-017)
 0.23561944901923448E+001  0.00000000000000000E+000
( 0.24970185222918120E+000,-0.23321705835094315E-016)
 0.23561944901923448E+001  0.78539816339744828E+000
( 0.26760316541296580E+000,-0.16696713456276768E-016)
 0.23561944901923448E+001  0.15707963267948966E+001
( 0.31957102768122397E+000, 0.78043539297951042E-017)
 0.23561944901923448E+001  0.23561944901923448E+001
( 0.37406632819337932E+000, 0.14772254600114998E-016)
 0.23561944901923448E+001  0.31415926535897931E+001
( 0.39145753204699418E+000, 0.16943246327046512E-017)
 0.31415926535897931E+001 -0.23561944901923448E+001
( 0.40308597074575730E+000,-0.10842021724855044E-017)
 0.31415926535897931E+001 -0.15707963267948966E+001
( 0.34029214412626668E+000, 0.29332651637365547E-017)
 0.31415926535897931E+001 -0.78539816339744828E+000
( 0.29081989068327074E+000,-0.17808020683074410E-016)
 0.31415926535897931E+001  0.00000000000000000E+000
( 0.27335239403527978E+000,-0.92449638061281545E-018)
 0.31415926535897931E+001  0.78539816339744828E+000
( 0.29081989068327074E+000, 0.20030635136669694E-016)
 0.31415926535897931E+001  0.15707963267948966E+001
( 0.34029214412626668E+000, 0.11081857068468533E-017)
 0.31415926535897931E+001  0.23561944901923448E+001
( 0.40308597074575730E+000,-0.17618285302889447E-017)
 0.31415926535897931E+001  0.31415926535897931E+001
( 0.42797282412243298E+000, 0.11448230608868169E-017)
 0.10000000000000000E+001          1         64
( 0.00000000000000000E+000, 0.00000000000000000E+000)
-0.23561944901923448E+001 -0.23561944901923448E+001
( 0.36306242689748319E+000, 0.11099519740820352E-016)
-0.23561944901923448E+001 -0.15707963267948966E+001
( 0.30949579468449023E+000, 0.18631589513510405E-016)
-0.23561944901923448E+001 -0.78539816339744828E+000
( 0.26024993746329150E+000, 0.18438213195831610E-016)
-0.23561944901923448E+001  0.00000000000000000E+000
( 0.24201708336373995E+000, 0.51791605124093099E-017)
-0.23561944901923448E+001  0.78539816339744828E+000
( 0.26018203993706734E+000,-0.13450883202398289E-016)
-0.23561944901923448E+001  0.15707963267948966E+001
( 0.31018009750046505E+000, 0.84609523935131463E-018)
-0.23561944901923448E+001  0.23561944901923448E+001
( 0.37033389121847471E+000,-0.33745792618611326E-017)
-0.23561944901923448E+001  0.31415926535897931E+001
( 0.39393202532010263E+000, 0.45602197773224553E-017)
-0.15707963267948966E+001 -0.23561944901923448E+001
( 0.30824567601204067E+000, 0.74877712537280150E-017)
-0.15707963267948966E+001 -0.15707963267948966E+001
( 0.25250408074953523E+000, 0.93345008113027152E-017)
-0.15707963267948966E+001 -0.78539816339744828E+000
( 0.19451192933867925E+000,-0.37947076036992655E-017)
-0.15707963267948966E+001  0.00000000000000000E+000
( 0.16633101781585319E+000, 0.14328141953822731E-016)
-0.15707963267948966E+001  0.78539816339744828E+000
( 0.19490080364242501E+000,-0.10001765041178778E-016)
-0.15707963267948966E+001  0.15707963267948966E+001
( 0.25106611291739001E+000,-0.52705448175426381E-017)
-0.15707963267948966E+001  0.23561944901923448E+001
( 0.30983465968713791E+000, 0.77249404789592191E-018)
-0.15707963267948966E+001  0.31415926535897931E+001
( 0.33562179268351705E+000, 0.24102574081471096E-016)
-0.78539816339744828E+000 -0.23561944901923448E+001
( 0.25542266901430694E+000, 0.72031681834505701E-017)
-0.78539816339744828E+000 -0.15707963267948966E+001
( 0.18998967431138269E+000,-0.30219200004799819E-018)
-0.78539816339744828E+000 -0.78539816339744828E+000
( 0.10530711951449791E+000, 0.10903008097057354E-016)
-0.78539816339744828E+000  0.00000000000000000E+000
( 0.61625887847327865E-001, 0.23302010069931308E-016)
-0.78539816339744828E+000  0.78539816339744828E+000
( 0.10663782226250433E+000, 0.11546753136970622E-016)
-0.78539816339744828E+000  0.15707963267948966E+001
( 0.19185791130807989E+000,-0.16891284153638340E-017)
-0.78539816339744828E+000  0.23561944901923448E+001
( 0.26050794249043607E+000,-0.29883322379131716E-017)
-0.78539816339744828E+000  0.31415926535897931E+001
( 0.28519320807372589E+000, 0.22424052721605083E-016)
 0.00000000000000000E+000 -0.23561944901923448E+001
( 0.24046358036876175E+000, 0.12766480581016815E-016)
 0.00000000000000000E+000 -0.15707963267948966E+001
( 0.16974109554668118E+000, 0.29017164910353113E-019)
 0.00000000000000000E+000 -0.78539816339744828E+000
( 0.64010640813498568E-001,-0.64238978719766138E-017)
 0.00000000000000000E+000  0.00000000000000000E+000
(-0.67367783702896589E-002, 0.00000000000000000E+000)
 0.00000000000000000E+000  0.78539816339744828E+000
( 0.64010640813498568E-001, 0.64238978719766138E-017)
 0.00000000000000000E+000  0.15707963267948966E+001
( 0.16974109554668118E+000,-0.29017164910353113E-019)
 0.00000000000000000E+000  0.23561944901923448E+001
( 0.24046358036876175E+000,-0.12766480581016815E-016)
 0.00000000000000000E+000  0.31415926535897931E+001
( 0.26463143799877464E+000,-0.70855563331201418E-018)
 0.78539816339744828E+000 -0.23561944901923448E+001
( 0.26050794249043607E+000, 0.29883322379131716E-017)
 0.78539816339744828E+000 -0.15707963267948966E+001
( 0.19185791130807989E+000, 0.16891284153638340E-017)
 0.78539816339744828E+000 -0.78539816339744828E+000
( 0.10663782226250433E+000,-0.11546753136970622E-016)
 0.78539816339744828E+000  0.00000000000000000E+000
( 0.61625887847327865E-001,-0.23302010069931308E-016)
 0.78539816339744828E+000  0.78539816339744828E+000
( 0.10530711951449791E+000,-0.10903008097057354E-016)
 0.78539816339744828E+000  0.15707963267948966E+001
( 0.18998967431138269E+000, 0.30219200004799819E-018)
 0.78539816339744828E+000  0.23561944901923448E+001
( 0.25542266901430694E+000,-0.72031681834505701E-017)
 0.78539816339744828E+000  0.31415926535897931E+001
( 0.28519320807372589E+000,-0.21457428057161764E-016)
 0.15707963267948966E+001 -0.23561944901923448E+001
( 0.30983465968713791E+000,-0.77249404789592191E-018)
 0.15707963267948966E+001 -0.15707963267948966E+001
( 0.25106611291739001E+000, 0.52705448175426381E-017)
 0.15707963267948966E+001 -0.78539816339744828E+000
( 0.19490080364242501E+000, 0.10001765041178778E-016)
 0.15707963267948966E+001  0.00000000000000000E+000
( 0.16633101781585319E+000,-0.14328141953822731E-016)
 0.15707963267948966E+001  0.78539816339744828E+000
( 0.19451192933867925E+000, 0.37947076036992655E-017)
 0.15707963267948966E+001  0.15707963267948966E+001
( 0.25250408074953523E+000,-0.93345008113027152E-017)
 0.15707963267948966E+001  0.23561944901923448E+001
( 0.30824567601204067E+000,-0.74877712537280150E-017)
 0.15707963267948966E+001  0.31415926535897931E+001
( 0.33562179268351705E+000,-0.24852358311417314E-016)
 0.23561944901923448E+001 -0.23561944901923448E+001
( 0.37033389121847471E+000, 0.33745792618611326E-017)
 0.23561944901923448E+001 -0.15707963267948966E+001
( 0.31018009750046505E+000,-0.84609523935131463E-018)
 0.23561944901923448E+001 -0.78539816339744828E+000
( 0.26018203993706734E+000, 0.13450883202398289E-016)
 0.23561944901923448E+001  0.00000000000000000E+000
( 0.24201708336373995E+000,-0.51791605124093099E-017)
 0.23561944901923448E+001  0.78539816339744828E+000
( 0.26024993746329150E+000,-0.18438213195831610E-016)
 0.23561944901923448E+001  0.15707963267948966E+001
( 0.30949579468449023E+000,-0.18631589513510405E-016)
 0.23561944901923448E+001  0.23561944901923448E+001
( 0.36306242689748319E+000,-0.11099519740820352E-016)
 0.23561944901923448E+001  0.31415926535897931E+001
( 0.39393202532010263E+000,-0.20215019627751551E-017)
 0.31415926535897931E+001 -0.23561944901923448E+001
( 0.39342957372528903E+000, 0.70473141211557788E-017)
 0.31415926535897931E+001 -0.15707963267948966E+001
( 0.33488150692858776E+000, 0.27945951286626761E-016)
 0.31415926535897931E+001 -0.78539816339744828E+000
( 0.28547735722497364E+000, 0.13742262536253769E-016)
 0.31415926535897931E+001  0.00000000000000000E+000
( 0.26665100245638940E+000,-0.90070829201655179E-018)
 0.31415926535897931E+001  0.78539816339744828E+000
( 0.28547735722497364E+000,-0.19048076917854706E-016)
 0.31415926535897931E+001  0.15707963267948966E+001
( 0.33488150692858776E+000,-0.22955016987072318E-016)
 0.31415926535897931E+001  0.23561944901923448E+001
( 0.39342957372528903E+000,-0.56785088783928295E-017)
 0.31415926535897931E+001  0.31415926535897931E+001
( 0.40727270273899341E+000,-0.17898141652736162E-017)
 0.10000000000000000E+001          1         64
( 0.00000000000000000E+000, 0.00000000000000000E+000)
-0.23561944901923448E+001 -0.23561944901923448E+001
( 0.37920576038925041E+000, 0.24015078120553923E-016)
-0.23561944901923448E+001 -0.15707963267948966E+001
( 0.31867853238941984E+000, 0.82200579590009162E-017)
-0.23561944901923448E+001 -0.78539816339744828E+000
( 0.26200499070222205E+000, 0.14175943405247970E-016)
-0.23561944901923448E+001  0.00000000000000000E+000
( 0.24419758749234011E+000, 0.13779805423808698E-016)
-0.23561944901923448E+001  0.78539816339744828E+000
( 0.26421812767286729E+000,-0.38082601308553343E-017)
-0.23561944901923448E+001  0.15707963267948966E+001
( 0.31866756178972450E+000,-0.52040970006514834E-017)
-0.23561944901923448E+001  0.23561944901923448E+001
( 0.37686833708302375E+000,-0.55836411883003478E-017)
-0.23561944901923448E+001  0.31415926535897931E+001
( 0.39547740399570541E+000, 0.23846322023666007E-016)
-0.15707963267948966E+001 -0.23561944901923448E+001
( 0.31810295596855581E+000, 0.12461548720005267E-016)
-0.15707963267948966E+001 -0.15707963267948966E+001
( 0.25763290914424025E+000, 0.55911838679835560E-017)
-0.15707963267948966E+001 -0.78539816339744828E+000
( 0.19853653125965837E+000,-0.50144350477454580E-017)
-0.15707963267948966E+001  0.00000000000000000E+000
( 0.17287036560893204E+000, 0.14774331062723852E-016)
-0.15707963267948966E+001  0.78539816339744828E+000
( 0.19919596179621252E+000, 0.41538495733350889E-017)
-0.15707963267948966E+001  0.15707963267948966E+001
( 0.25573614513856779E+000, 0.18310607415520378E-016)
-0.15707963267948966E+001  0.23561944901923448E+001
( 0.31721004484694248E+000, 0.26752688606079822E-016)
-0.15707963267948966E+001  0.31415926535897931E+001
( 0.33986552469655823E+000, 0.19928683125145965E-016)
-0.78539816339744828E+000 -0.23561944901923448E+001
( 0.26472823652442523E+000, 0.51702891100402493E-017)
-0.78539816339744828E+000 -0.15707963267948966E+001
( 0.19554717104109337E+000,-0.95361859253499393E-017)
-0.78539816339744828E+000 -0.78539816339744828E+000
( 0.11133023207151913E+000, 0.49602249391211828E-017)
-0.78539816339744828E+000  0.00000000000000000E+000
( 0.65903064444520251E-001, 0.17549484435804675E-016)
-0.78539816339744828E+000  0.78539816339744828E+000
( 0.11119195872787958E+000, 0.23513634615779377E-017)
-0.78539816339744828E+000  0.15707963267948966E+001
( 0.19683681142293402E+000,-0.65888880804712211E-017)
-0.78539816339744828E+000  0.23561944901923448E+001
( 0.26678631874745484E+000, 0.19481757786848908E-016)
-0.78539816339744828E+000  0.31415926535897931E+001
( 0.29351909685906130E+000, 0.17828315096951997E-016)
 0.00000000000000000E+000 -0.23561944901923448E+001
( 0.24857523474941226E+000,-0.57598240413292423E-017)
 0.00000000000000000E+000 -0.15707963267948966E+001
( 0.17529801282521443E+000,-0.13113864819630905E-016)
 0.00000000000000000E+000 -0.78539816339744828E+000
( 0.67980410003826014E-001,-0.17414997395548415E-017)
 0.00000000000000000E+000  0.00000000000000000E+000
( 0.28246075178684216E-002, 0.00000000000000000E+000)
 0.00000000000000000E+000  0.78539816339744828E+000
( 0.67980410003826014E-001, 0.17414997395548415E-017)
 0.00000000000000000E+000  0.15707963267948966E+001
( 0.17529801282521443E+000, 0.13113864819630905E-016)
 0.00000000000000000E+000  0.23561944901923448E+001
( 0.24857523474941226E+000, 0.57598240413292423E-017)
 0.00000000000000000E+000  0.31415926535897931E+001
( 0.26890413015220405E+000,-0.66048423837869889E-018)
 0.78539816339744828E+000 -0.23561944901923448E+001
( 0.26678631874745484E+000,-0.19481757786848908E-016)
 0.78539816339744828E+000 -0.15707963267948966E+001
( 0.19683681142293402E+000, 0.65888880804712211E-017)
 0.78539816339744828E+000 -0.78539816339744828E+000
( 0.11119195872787958E+000,-0.23513634615779377E-017)
 0.78539816339744828E+000  0.00000000000000000E+000
( 0.65903064444520251E-001,-0.17549484435804675E-016)
 0.78539816339744828E+000  0.78539816339744828E+000
( 0.11133023207151913E+000,-0.49602249391211828E-017)
 0.78539816339744828E+000  0.15707963267948966E+001
( 0.19554717104109337E+000, 0.95361859253499393E-017)
 0.78539816339744828E+000  0.23561944901923448E+001
( 0.26472823652442523E+000,-0.51702891100402493E-017)
 0.78539816339744828E+000  0.31415926535897931E+001
( 0.29351909685906130E+000,-0.18167881898986213E-016)
 0.15707963267948966E+001 -0.23561944901923448E+001
( 0.31721004484694248E+000,-0.26752688606079822E-016)
 0.15707963267948966E+001 -0.15707963267948966E+001
( 0.25573614513856779E+000,-0.18310607415520378E-016)
 0.15707963267948966E+001 -0.78539816339744828E+000
( 0.19919596179621252E+000,-0.41538495733350889E-017)
 0.15707963267948966E+001  0.00000000000000000E+000
( 0.17287036560893204E+000,-0.14774331062723852E-016)
 0.15707963267948966E+001  0.78539816339744828E+000
( 0.19853653125965837E+000, 0.50144350477454580E-017)
 0.15707963267948966E+001  0.15707963267948966E+001
( 0.25763290914424025E+000,-0.55911838679835560E-017)
 0.15707963267948966E+001  0.23561944901923448E+001
( 0.31810295596855581E+000,-0.12461548720005267E-016)
 0.15707963267948966E+001  0.31415926535897931E+001
( 0.33986552469655823E+000,-0.13354953831320095E-016)
 0.23561944901923448E+001 -0.23561944901923448E+001
( 0.37686833708302375E+000, 0.55836411883003478E-017)
 0.23561944901923448E+001 -0.15707963267948966E+001
( 0.31866756178972450E+000, 0.52040970006514834E-017)
 0.23561944901923448E+001 -0.78539816339744828E+000
( 0.26421812767286729E+000, 0.38082601308553343E-017)
 0.23561944901923448E+001  0.00000000000000000E+000
( 0.24419758749234011E+000,-0.13779805423808698E-016)
 0.23561944901923448E+001  0.78539816339744828E+000
( 0.26200499070222205E+000,-0.14175943405247970E-016)
 0.23561944901923448E+001  0.15707963267948966E+001
( 0.31867853238941984E+000,-0.82200579590009162E-017)
 0.23561944901923448E+001  0.23561944901923448E+001
( 0.37920576038925041E+000,-0.24015078120553923E-016)
 0.23561944901923448E+001  0.31415926535897931E+001
( 0.39547740399570541E+000,-0.28576907624266518E-016)
 0.31415926535897931E+001 -0.23561944901923448E+001
( 0.39901475236808359E+000, 0.58140341499535175E-017)
 0.31415926535897931E+001 -0.15707963267948966E+001
( 0.34379844224588491E+000, 0.64569445002972170E-017)
 0.31415926535897931E+001 -0.78539816339744828E+000
( 0.29217679851432243E+000,-0.22022856628611809E-017)
 0.31415926535897931E+001  0.00000000000000000E+000
( 0.27068282446293612E+000,-0.58363033841982198E-019)
 0.31415926535897931E+001  0.78539816339744828E+000
( 0.29217679851432243E+000,-0.26427427954334171E-018)
 0.31415926535897931E+001  0.15707963267948966E+001
( 0.34379844224588491E+000,-0.15683014845095723E-017)
 0.31415926535897931E+001  0.23561944901923448E+001
( 0.39901475236808359E+000,-0.31848438816761693E-017)
 0.31415926535897931E+001  0.31415926535897931E+001
( 0.43823337429010045E+000, 0.14086826546560163E-017)
 0.10000000000000000E+001          1         64
( 0.00000000000000000E+000, 0.00000000000000000E+000)
-0.23561944901923448E+001 -0.23561944901923448E+001
( 0.37409415890944975E+000,-0.28853330315270487E-016)
-0.23561944901923448E+001 -0.15707963267948966E+001
( 0.31680771208827008E+000,-0.49336152836408642E-016)
-0.23561944901923448E+001 -0.78539816339744828E+000
( 0.26027811083199431E+000,-0.51228552649940085E-016)
-0.23561944901923448E+001  0.00000000000000000E+000
( 0.24173065271337957E+000,-0.28932878087997064E-016)
-0.23561944901923448E+001  0.78539816339744828E+000
( 0.26331884741803041E+000,-0.38218126580114031E-017)
-0.23561944901923448E+001  0.15707963267948966E+001
( 0.31359628343207918E+000,-0.10092391984112010E-016)
-0.23561944901923448E+001  0.23561944901923448E+001
( 0.37412897026678821E+000, 0.16940658945086007E-017)
-0.23561944901923448E+001  0.31415926535897931E+001
( 0.39158514815574119E+000,-0.11157036676244903E-016)
-0.15707963267948966E+001 -0.23561944901923448E+001
( 0.31756360098028197E+000,-0.46566483308252415E-016)
-0.15707963267948966E+001 -0.15707963267948966E+001
( 0.25622894001336965E+000,-0.62411328702483180E-016)
-0.15707963267948966E+001 -0.78539816339744828E+000
( 0.19556885989738618E+000,-0.27037291676357267E-016)
-0.15707963267948966E+001  0.00000000000000000E+000
( 0.16690411973166677E+000,-0.16219035756902227E-016)
-0.15707963267948966E+001  0.78539816339744828E+000
( 0.19481111890185018E+000,-0.21372335325120506E-016)
-0.15707963267948966E+001  0.15707963267948966E+001
( 0.25580944046577631E+000,-0.18605203142390176E-016)
-0.15707963267948966E+001  0.23561944901923448E+001
( 0.31733161611782490E+000,-0.15639616338103401E-016)
-0.15707963267948966E+001  0.31415926535897931E+001
( 0.33788737991288842E+000,-0.19737857408913835E-016)
-0.78539816339744828E+000 -0.23561944901923448E+001
( 0.26227265242283065E+000,-0.23337451762750483E-016)
-0.78539816339744828E+000 -0.15707963267948966E+001
( 0.19590520784501125E+000,-0.51029980983864268E-016)
-0.78539816339744828E+000 -0.78539816339744828E+000
( 0.10505823105252017E+000,-0.30493186101154812E-016)
-0.78539816339744828E+000  0.00000000000000000E+000
( 0.67617662037773696E-001,-0.16583186599906252E-016)
-0.78539816339744828E+000  0.78539816339744828E+000
( 0.10624675051278933E+000, 0.22768245622195593E-017)
-0.78539816339744828E+000  0.15707963267948966E+001
( 0.19653010858198802E+000, 0.46526441751857088E-018)
-0.78539816339744828E+000  0.23561944901923448E+001
( 0.26394157583411926E+000,-0.63967928176644762E-017)
-0.78539816339744828E+000  0.31415926535897931E+001
( 0.28657922686845816E+000,-0.30031890138848958E-016)
 0.00000000000000000E+000 -0.23561944901923448E+001
( 0.24352324391445701E+000,-0.32160146941351275E-016)
 0.00000000000000000E+000 -0.15707963267948966E+001
( 0.17019990379899408E+000,-0.10934255830064579E-016)
 0.00000000000000000E+000 -0.78539816339744828E+000
( 0.69783014629444737E-001,-0.16113954788565810E-016)
 0.00000000000000000E+000  0.00000000000000000E+000
( 0.72472781345545023E-003, 0.00000000000000000E+000)
 0.00000000000000000E+000  0.78539816339744828E+000
( 0.69783014629444737E-001, 0.16113954788565810E-016)
 0.00000000000000000E+000  0.15707963267948966E+001
( 0.17019990379899408E+000, 0.10934255830064579E-016)
 0.00000000000000000E+000  0.23561944901923448E+001
( 0.24352324391445701E+000, 0.32160146941351275E-016)
 0.00000000000000000E+000  0.31415926535897931E+001
( 0.26548230143181961E+000,-0.12249946138120761E-017)
 0.78539816339744828E+000 -0.23561944901923448E+001
( 0.26394157583411926E+000, 0.63967928176644762E-017)
 0.78539816339744828E+000 -0.15707963267948966E+001
( 0.19653010858198802E+000,-0.46526441751857088E-018)
 0.78539816339744828E+000 -0.78539816339744828E+000
( 0.10624675051278933E+000,-0.22768245622195593E-017)
 0.78539816339744828E+000  0.00000000000000000E+000
( 0.67617662037773696E-001, 0.16583186599906252E-016)
 0.78539816339744828E+000  0.78539816339744828E+000
( 0.10505823105252017E+000, 0.30493186101154812E-016)
 0.78539816339744828E+000  0.15707963267948966E+001
( 0.19590520784501125E+000, 0.51029980983864268E-016)
 0.78539816339744828E+000  0.23561944901923448E+001
( 0.26227265242283065E+000, 0.23337451762750483E-016)
 0.78539816339744828E+000  0.31415926535897931E+001
( 0.28657922686845816E+000, 0.29372653252000406E-016)
 0.15707963267948966E+001 -0.23561944901923448E+001
( 0.31733161611782490E+000, 0.15639616338103401E-016)
 0.15707963267948966E+001 -0.15707963267948966E+001
( 0.25580944046577631E+000, 0.18605203142390176E-016)
 0.15707963267948966E+001 -0.78539816339744828E+000
( 0.19481111890185018E+000, 0.21372335325120506E-016)
 0.15707963267948966E+001  0.00000000000000000E+000
( 0.16690411973166677E+000, 0.16219035756902227E-016)
 0.15707963267948966E+001  0.78539816339744828E+000
( 0.19556885989738618E+000, 0.27037291676357267E-016)
 0.15707963267948966E+001  0.15707963267948966E+001
( 0.25622894001336965E+000, 0.62411328702483180E-016)
 0.15707963267948966E+001  0.23561944901923448E+001
( 0.31756360098028197E+000, 0.46566483308252415E-016)
 0.15707963267948966E+001  0.31415926535897931E+001
( 0.33788737991288842E+000, 0.19638152775022537E-016)
 0.23561944901923448E+001 -0.23561944901923448E+001
( 0.37412897026678821E+000,-0.16940658945086007E-017)
 0.23561944901923448E+001 -0.15707963267948966E+001
( 0.31359628343207918E+000, 0.10092391984112010E-016)
 0.23561944901923448E+001 -0.78539816339744828E+000
( 0.26331884741803041E+000, 0.38218126580114031E-017)
 0.23561944901923448E+001  0.00000000000000000E+000
( 0.24173065271337957E+000, 0.28932878087997064E-016)
 0.23561944901923448E+001  0.78539816339744828E+000
( 0.26027811083199431E+000, 0.51228552649940085E-016)
 0.23561944901923448E+001  0.15707963267948966E+001
( 0.31680771208827008E+000, 0.49336152836408642E-016)
 0.23561944901923448E+001  0.23561944901923448E+001
( 0.37409415890944975E+000, 0.28853330315270487E-016)
 0.23561944901923448E+001  0.31415926535897931E+001
( 0.39158514815574119E+000, 0.76788741409340332E-017)
 0.31415926535897931E+001 -0.23561944901923448E+001
( 0.39647824523128600E+000, 0.78604657505199071E-018)
 0.31415926535897931E+001 -0.15707963267948966E+001
( 0.33926528487219443E+000,-0.23625420595002553E-016)
 0.31415926535897931E+001 -0.78539816339744828E+000
( 0.28537942876089112E+000,-0.16723818510588906E-016)
 0.31415926535897931E+001  0.00000000000000000E+000
( 0.26679088802256717E+000,-0.10637756159976290E-017)
 0.31415926535897931E+001  0.78539816339744828E+000
( 0.28537942876089112E+000, 0.19840899756484731E-016)
 0.31415926535897931E+001  0.15707963267948966E+001
( 0.33926528487219443E+000, 0.19992392328964204E-016)
 0.31415926535897931E+001  0.23561944901923448E+001
( 0.39647824523128600E+000, 0.70473141211557788E-018)
 0.31415926535897931E+001  0.31415926535897931E+001
( 0.40122458747365203E+000,-0.18992069977118669E-017)
 0.10000000000000000E+001          1         64
( 0.00000000000000000E+000, 0.00000000000000000E+000)
-0.23561944901923448E+001 -0.23561944901923448E+001
( 0.37192974267131379E+000,-0.35507621148900270E-016)
-0.23561944901923448E+001 -0.15707963267948966E+001
( 0.32043939417803868E+000,-0.24312804615597850E-016)
-0.23561944901923448E+001 -0.78539816339744828E+000
( 0.26238253792449162E+000,-0.35995512126518747E-016)
-0.23561944901923448E+001  0.00000000000000000E+000
( 0.24542832080024479E+000,-0.47322672055165363E-016)
-0.23561944901923448E+001  0.78539816339744828E+000
( 0.26561090299375645E+000,-0.28677147462241592E-016)
-0.23561944901923448E+001  0.15707963267948966E+001
( 0.31634676713131404E+000,-0.44185112837591997E-016)
-0.23561944901923448E+001  0.23561944901923448E+001
( 0.37567860065776126E+000,-0.38489177123235407E-016)
-0.23561944901923448E+001  0.31415926535897931E+001
( 0.40077080845171265E+000,-0.44793717146871148E-016)
-0.15707963267948966E+001 -0.23561944901923448E+001
( 0.31667906340993934E+000,-0.63371616981777734E-016)
-0.15707963267948966E+001 -0.15707963267948966E+001
( 0.25680535066600885E+000,-0.75208494001537094E-016)
-0.15707963267948966E+001 -0.78539816339744828E+000
( 0.19803388792684826E+000,-0.73075226425522999E-016)
-0.15707963267948966E+001  0.00000000000000000E+000
( 0.17025700005296251E+000,-0.63536082490201826E-016)
-0.15707963267948966E+001  0.78539816339744828E+000
( 0.19419575111005360E+000,-0.53993268189778121E-016)
-0.15707963267948966E+001  0.15707963267948966E+001
( 0.25602176342925953E+000,-0.52517260131080642E-016)
-0.15707963267948966E+001  0.23561944901923448E+001
( 0.31602978312972652E+000,-0.63371616981777734E-016)
-0.15707963267948966E+001  0.31415926535897931E+001
( 0.34057785125185369E+000,-0.71436710414249100E-016)
-0.78539816339744828E+000 -0.23561944901923448E+001
( 0.26266276825608037E+000,-0.46403852982379590E-016)
-0.78539816339744828E+000 -0.15707963267948966E+001
( 0.19492868344007133E+000,-0.29561001731909135E-016)
-0.78539816339744828E+000 -0.78539816339744828E+000
( 0.10865758080008035E+000,-0.59143228509084267E-016)
-0.78539816339744828E+000  0.00000000000000000E+000
( 0.70581713760225984E-001,-0.46402935391103957E-016)
-0.78539816339744828E+000  0.78539816339744828E+000
( 0.10758586458088382E+000,-0.35887091909270197E-016)
-0.78539816339744828E+000  0.15707963267948966E+001
( 0.19749696816271733E+000,-0.61928739991798714E-016)
-0.78539816339744828E+000  0.23561944901923448E+001
( 0.26289317940652485E+000,-0.53451167103535369E-016)
-0.78539816339744828E+000  0.31415926535897931E+001
( 0.28911781729969965E+000,-0.57470973223603198E-016)
 0.00000000000000000E+000 -0.23561944901923448E+001
( 0.24453665444409556E+000,-0.28189256484623115E-017)
 0.00000000000000000E+000 -0.15707963267948966E+001
( 0.16986322240342133E+000, 0.14919320168905156E-016)
 0.00000000000000000E+000 -0.78539816339744828E+000
( 0.69780599161009385E-001,-0.24936649967166602E-017)
 0.00000000000000000E+000  0.00000000000000000E+000
( 0.10748945666151366E-002, 0.00000000000000000E+000)
 0.00000000000000000E+000  0.78539816339744828E+000
( 0.69780599161009385E-001, 0.24936649967166602E-017)
 0.00000000000000000E+000  0.15707963267948966E+001
( 0.16986322240342133E+000,-0.14919320168905156E-016)
 0.00000000000000000E+000  0.23561944901923448E+001
( 0.24453665444409556E+000, 0.28189256484623115E-017)
 0.00000000000000000E+000  0.31415926535897931E+001
( 0.27152050445672560E+000,-0.99886254969589447E-018)
 0.78539816339744828E+000 -0.23561944901923448E+001
( 0.26289317940652485E+000, 0.53451167103535369E-016)
 0.78539816339744828E+000 -0.15707963267948966E+001
( 0.19749696816271733E+000, 0.61928739991798714E-016)
 0.78539816339744828E+000 -0.78539816339744828E+000
( 0.10758586458088382E+000, 0.35887091909270197E-016)
 0.78539816339744828E+000  0.00000000000000000E+000
( 0.70581713760225984E-001, 0.46402935391103957E-016)
 0.78539816339744828E+000  0.78539816339744828E+000
( 0.10865758080008035E+000, 0.59143228509084267E-016)
 0.78539816339744828E+000  0.15707963267948966E+001
( 0.19492868344007133E+000, 0.29561001731909135E-016)
 0.78539816339744828E+000  0.23561944901923448E+001
( 0.26266276825608037E+000, 0.46403852982379590E-016)
 0.78539816339744828E+000  0.31415926535897931E+001
( 0.28911781729969965E+000, 0.63154427806757529E-016)
 0.15707963267948966E+001 -0.23561944901923448E+001
( 0.31602978312972652E+000, 0.63371616981777734E-016)
 0.15707963267948966E+001 -0.15707963267948966E+001
( 0.25602176342925953E+000, 0.52517260131080642E-016)
 0.15707963267948966E+001 -0.78539816339744828E+000
( 0.19419575111005360E+000, 0.53993268189778121E-016)
 0.15707963267948966E+001  0.00000000000000000E+000
( 0.17025700005296251E+000, 0.63536082490201826E-016)
 0.15707963267948966E+001  0.78539816339744828E+000
( 0.19803388792684826E+000, 0.73075226425522999E-016)
 0.15707963267948966E+001  0.15707963267948966E+001
( 0.25680535066600885E+000, 0.75208494001537094E-016)
 0.15707963267948966E+001  0.23561944901923448E+001
( 0.31667906340993934E+000, 0.63371616981777734E-016)
 0.15707963267948966E+001  0.31415926535897931E+001
( 0.34057785125185369E+000, 0.70577955498655252E-016)
 0.23561944901923448E+001 -0.23561944901923448E+001
( 0.37567860065776126E+000, 0.38489177123235407E-016)
 0.23561944901923448E+001 -0.15707963267948966E+001
( 0.31634676713131404E+000, 0.44185112837591997E-016)
 0.23561944901923448E+001 -0.78539816339744828E+000
( 0.26561090299375645E+000, 0.28677147462241592E-016)
 0.23561944901923448E+001  0.00000000000000000E+000
( 0.24542832080024479E+000, 0.47322672055165363E-016)
 0.23561944901923448E+001  0.78539816339744828E+000
( 0.26238253792449162E+000, 0.35995512126518747E-016)
 0.23561944901923448E+001  0.15707963267948966E+001
( 0.32043939417803868E+000, 0.24312804615597850E-016)
 0.23561944901923448E+001  0.23561944901923448E+001
( 0.37192974267131379E+000, 0.35507621148900270E-016)
 0.23561944901923448E+001  0.31415926535897931E+001
( 0.40077080845171265E+000, 0.47983506733308825E-016)
 0.31415926535897931E+001 -0.23561944901923448E+001
( 0.40221171793944860E+000,-0.54210108624275222E-019)
 0.31415926535897931E+001 -0.15707963267948966E+001
( 0.33999163285145290E+000, 0.11735780505706323E-017)
 0.31415926535897931E+001 -0.78539816339744828E+000
( 0.29204183265534500E+000, 0.67220534694101275E-017)
 0.31415926535897931E+001  0.00000000000000000E+000
( 0.27278475087328979E+000,-0.10805318073829522E-017)
 0.31415926535897931E+001  0.78539816339744828E+000
( 0.29204183265534500E+000,-0.24936649967166602E-017)
 0.31415926535897931E+001  0.15707963267948966E+001
( 0.33999163285145290E+000,-0.47379687921221617E-017)
 0.31415926535897931E+001  0.23561944901923448E+001
( 0.40221171793944860E+000, 0.81315162936412833E-018)
 0.31415926535897931E+001  0.31415926535897931E+001
( 0.46225543622124998E+000, 0.37762439183557668E-017)
