          51           9   10.000000000000000                1
     0.0000000        0.34028484        0.00625209
     0.1000000        0.18702990        0.00606694
     0.2000000        0.10452415        0.00370431
     0.3000000        0.05917310        0.00439946
     0.4000000        0.03526542        0.00349377
     0.5000000        0.01878448        0.00379885
     0.6000000        0.01120229        0.00400219
     0.7000000        0.00755664        0.00419475
     0.8000000        0.00468697        0.00391370
     0.9000000        0.00408361        0.00279991
     1.0000000        0.00043398        0.00314825
     1.1000000        0.00137539        0.00260315
     1.2000000        0.00107733        0.00363342
     1.3000000        0.00141397        0.00326746
     1.4000000        0.00067668        0.00280229
     1.5000000        0.00005556        0.00267277
     1.6000000       -0.00198628        0.00416333
     1.7000000       -0.00037888        0.00240549
     1.8000000        0.00135351        0.00221423
     1.9000000        0.00093458        0.00260618
     2.0000000       -0.00039556        0.00256505
     2.1000000       -0.00142924        0.00207294
     2.2000000       -0.00025863        0.00159262
     2.3000000       -0.00367427        0.00340261
     2.4000000       -0.00147174        0.00342079
     2.5000000       -0.00287418        0.00334462
     2.6000000       -0.00143689        0.00255714
     2.7000000       -0.00169218        0.00199014
     2.8000000       -0.00083507        0.00176974
     2.9000000        0.00144997        0.00307726
     3.0000000        0.00201665        0.00255412
     3.1000000       -0.00137882        0.00329015
     3.2000000        0.00005156        0.00213076
     3.3000000        0.00012827        0.00123373
     3.4000000        0.00270370        0.00176098
     3.5000000        0.00217851        0.00211549
     3.6000000        0.00166374        0.00326625
     3.7000000        0.00061038        0.00200293
     3.8000000        0.00170681        0.00145165
     3.9000000        0.00158417        0.00210430
     4.0000000        0.00021423        0.00207701
     4.1000000       -0.00161093        0.00298015
     4.2000000       -0.00312205        0.00276588
     4.3000000        0.00069834        0.00183768
     4.4000000        0.00414352        0.00291039
     4.5000000        0.00312441        0.00229884
     4.6000000        0.00356259        0.00250999
     4.7000000        0.00395035        0.00418791
     4.8000000        0.00411431        0.00561332
     4.9000000        0.00323076        0.00409702
     5.0000000        0.00901363        0.00656359
