          51           4   10.000000000000000                1
     0.0000000        0.63790745        0.00664551
     0.1000000        0.51980044        0.00714476
     0.2000000        0.42617583        0.00807867
     0.3000000        0.35048149        0.00851416
     0.4000000        0.29047682        0.00939598
     0.5000000        0.24404748        0.00978620
     0.6000000        0.20857510        0.01042756
     0.7000000        0.17887427        0.01139515
     0.8000000        0.15196152        0.01184667
     0.9000000        0.12926051        0.01248571
     1.0000000        0.11051356        0.01156581
     1.1000000        0.09646191        0.00922245
     1.2000000        0.08668348        0.00762592
     1.3000000        0.07906041        0.00589262
     1.4000000        0.07090528        0.00509819
     1.5000000        0.06229003        0.00547826
     1.6000000        0.05541211        0.00548398
     1.7000000        0.04978081        0.00613995
     1.8000000        0.04546049        0.00738093
     1.9000000        0.04152861        0.00904592
     2.0000000        0.03779257        0.00991203
     2.1000000        0.03473311        0.00974555
     2.2000000        0.03050930        0.00809686
     2.3000000        0.02597819        0.00578739
     2.4000000        0.02303027        0.00349414
     2.5000000        0.02058030        0.00267384
     2.6000000        0.01924662        0.00274834
     2.7000000        0.01969312        0.00250915
     2.8000000        0.02025586        0.00359730
     2.9000000        0.02221366        0.00492459
     3.0000000        0.02306782        0.00557459
     3.1000000        0.02135498        0.00508508
     3.2000000        0.02000797        0.00428825
     3.3000000        0.01891085        0.00484318
     3.4000000        0.01882733        0.00523584
     3.5000000        0.01957664        0.00505637
     3.6000000        0.01908730        0.00504288
     3.7000000        0.01920188        0.00515863
     3.8000000        0.02013721        0.00534729
     3.9000000        0.01915999        0.00520063
     4.0000000        0.01597841        0.00505926
     4.1000000        0.01306875        0.00380809
     4.2000000        0.01160352        0.00258302
     4.3000000        0.00980203        0.00435498
     4.4000000        0.01098654        0.00614306
     4.5000000        0.01388896        0.00872113
     4.6000000        0.01467025        0.01106746
     4.7000000        0.01745394        0.01230469
     4.8000000        0.02204065        0.01287408
     4.9000000        0.02498956        0.01293794
     5.0000000        0.02609512        0.01283917
