          51           4   5.0000000000000000                1
     0.0000000        0.07545886        0.00854003
     0.1000000        0.02435033        0.01476151
     0.2000000        0.00853768        0.02176091
     0.3000000       -0.00169459        0.01166113
     0.4000000        0.00120254        0.00729120
     0.5000000       -0.00156534        0.00732985
     0.6000000        0.00559495        0.00667317
     0.7000000        0.00221182        0.00296601
     0.8000000        0.00424326        0.00364755
     0.9000000       -0.00174486        0.00340350
     1.0000000        0.00206071        0.00165058
     1.1000000        0.00081982        0.00324104
     1.2000000        0.00108295        0.00142772
     1.3000000        0.00171656        0.00117550
     1.4000000        0.00495502        0.00219863
     1.5000000        0.00537694        0.00032166
     1.6000000        0.00783495        0.00145767
     1.7000000        0.01017028        0.00146992
     1.8000000        0.01183655        0.00132775
     1.9000000        0.01389678        0.00235846
     2.0000000        0.01561578        0.00167236
     2.1000000        0.01857482        0.00191964
     2.2000000        0.02439306        0.00356871
     2.3000000        0.02971326        0.00406004
     2.4000000        0.03624110        0.00480310
     2.5000000        0.04281474        0.00727482
     2.6000000        0.05211770        0.00895645
     2.7000000        0.05895591        0.01054147
     2.8000000        0.07232169        0.01426436
     2.9000000        0.08144259        0.01334304
     3.0000000        0.09452691        0.01640522
     3.1000000        0.10642108        0.01595181
     3.2000000        0.12511578        0.01433331
     3.3000000        0.15093939        0.01756056
     3.4000000        0.17426168        0.02428903
     3.5000000        0.20452322        0.02361433
     3.6000000        0.22918330        0.02027516
     3.7000000        0.25663092        0.02108051
     3.8000000        0.29061232        0.01730597
     3.9000000        0.33989353        0.02116069
     4.0000000        0.38745363        0.01435546
     4.1000000        0.45332145        0.00979303
     4.2000000        0.53452992        0.01721339
     4.3000000        0.61056192        0.01323649
     4.4000000        0.72319536        0.01827520
     4.5000000        0.85613072        0.01577071
     4.6000000        0.99088263        0.02104906
     4.7000000        1.18448612        0.02009478
     4.8000000        1.38792127        0.02815992
     4.9000000        1.63586625        0.02430476
     5.0000000        1.92454114        0.00854003
