          41           4   8.0000000000000000                1
     0.0000000        0.83255631        0.03793529
     0.1000000        0.58431329        0.03063813
     0.2000000        0.42264192        0.02455683
     0.3000000        0.30661091        0.01456438
     0.4000000        0.22501044        0.00807278
     0.5000000        0.16310087        0.00587563
     0.6000000        0.11341491        0.00686527
     0.7000000        0.08481857        0.00876326
     0.8000000        0.07320380        0.00957883
     0.9000000        0.06085736        0.01341301
     1.0000000        0.05017240        0.00931708
     1.1000000        0.03007019        0.01471317
     1.2000000        0.03400725        0.01675886
     1.3000000        0.02413979        0.02060187
     1.4000000        0.01299227        0.01628970
     1.5000000        0.01516811        0.00998001
     1.6000000        0.02607023        0.01064512
     1.7000000        0.01339322        0.01950211
     1.8000000        0.00175868        0.01929742
     1.9000000       -0.00368011        0.02763193
     2.0000000       -0.00780359        0.02435232
     2.1000000       -0.01083911        0.01521717
     2.2000000        0.00197240        0.01446719
     2.3000000       -0.00879368        0.01541260
     2.4000000       -0.01319597        0.00903399
     2.5000000       -0.01467800        0.01336349
     2.6000000       -0.01522244        0.01452114
     2.7000000       -0.00468880        0.00364077
     2.8000000       -0.00640496        0.00649918
     2.9000000       -0.00191346        0.00620126
     3.0000000        0.00106956        0.00464110
     3.1000000        0.00912119        0.00827910
     3.2000000        0.00619249        0.01226122
     3.3000000       -0.01102839        0.00696149
     3.4000000        0.00564655        0.00943344
     3.5000000        0.00438441        0.02003751
     3.6000000        0.00535972        0.02132553
     3.7000000       -0.00219402        0.01322798
     3.8000000       -0.00078589        0.02090302
     3.9000000        0.00695181        0.01860995
     4.0000000        0.02130800        0.02279840
