          11           4   2.0000000000000000                1
     0.0000000        0.23376911        0.00979304
     0.1000000        0.17521661        0.00854012
     0.2000000        0.12392206        0.00806668
     0.3000000        0.09946989        0.00576647
     0.4000000        0.07369409        0.00784316
     0.5000000        0.06340140        0.00591651
     0.6000000        0.05221440        0.00611094
     0.7000000        0.04643779        0.00919748
     0.8000000        0.03673515        0.00661803
     0.9000000        0.03649606        0.00398117
     1.0000000        0.02736122        0.00488836
