          51           4   10.000000000000000                1
     0.0000000        1.74473559        0.25774364
     0.1000000        1.43172907        0.25316702
     0.2000000        1.18876608        0.24027504
     0.3000000        1.03777977        0.23584523
     0.4000000        0.95401045        0.24932907
     0.5000000        0.89296399        0.25748752
     0.6000000        0.84300483        0.26195308
     0.7000000        0.76948061        0.26082391
     0.8000000        0.68754191        0.24603116
     0.9000000        0.62884813        0.23905711
     1.0000000        0.57176885        0.23588012
     1.1000000        0.50511042        0.21440462
     1.2000000        0.43860525        0.19004236
     1.3000000        0.40756197        0.17810823
     1.4000000        0.38632281        0.16398036
     1.5000000        0.34723596        0.13724580
     1.6000000        0.31580403        0.11083186
     1.7000000        0.30711516        0.11481025
     1.8000000        0.32707567        0.14139381
     1.9000000        0.34637516        0.16326459
     2.0000000        0.35236170        0.17217913
     2.1000000        0.35525800        0.16300843
     2.2000000        0.34134147        0.14493528
     2.3000000        0.33373734        0.13846684
     2.4000000        0.31035226        0.13937679
     2.5000000        0.27272063        0.12971269
     2.6000000        0.26232431        0.11284300
     2.7000000        0.26425762        0.11830027
     2.8000000        0.26842501        0.13348563
     2.9000000        0.24523785        0.13885224
     3.0000000        0.21343687        0.15358913
     3.1000000        0.20250531        0.16298838
     3.2000000        0.20712144        0.18920957
     3.3000000        0.19206030        0.22787338
     3.4000000        0.19210971        0.24524788
     3.5000000        0.21424763        0.24044261
     3.6000000        0.23515231        0.24526480
     3.7000000        0.25632457        0.25328015
     3.8000000        0.26296666        0.24168768
     3.9000000        0.26303754        0.23656706
     4.0000000        0.25111394        0.24194605
     4.1000000        0.25612624        0.25030449
     4.2000000        0.28777618        0.25678876
     4.3000000        0.30383465        0.25045095
     4.4000000        0.25387414        0.22235869
     4.5000000        0.16516416        0.18366685
     4.6000000        0.10776203        0.15466386
     4.7000000        0.08321879        0.12672337
     4.8000000        0.03241802        0.09310315
     4.9000000       -0.01421557        0.08473112
     5.0000000       -0.01965465        0.09333288
