          31           9   6.0000000000000000                1
     0.0000000        1.15127811        0.04438550
     0.1000000        0.77618883        0.02971448
     0.2000000        0.53564425        0.01410979
     0.3000000        0.38486265        0.01230548
     0.4000000        0.30488087        0.01654562
     0.5000000        0.22757708        0.00798815
     0.6000000        0.14781077        0.02136503
     0.7000000        0.11450256        0.01970749
     0.8000000        0.12663254        0.00861038
     0.9000000        0.10027636        0.00925859
     1.0000000        0.08368120        0.00899518
     1.1000000        0.04319941        0.02767715
     1.2000000        0.05007235        0.01129904
     1.3000000        0.06423063        0.02186771
     1.4000000        0.04386658        0.01300059
     1.5000000        0.07928390        0.02966726
     1.6000000        0.08725164        0.04700293
     1.7000000        0.06967553        0.03056260
     1.8000000        0.04934950        0.01581251
     1.9000000        0.02779096        0.01006386
     2.0000000        0.02329543        0.00652601
     2.1000000        0.02115473        0.00594523
     2.2000000        0.01978538        0.00922920
     2.3000000        0.01906079        0.00988137
     2.4000000        0.03034557        0.01882527
     2.5000000        0.02325160        0.00964328
     2.6000000        0.00286170        0.01414124
     2.7000000        0.00393449        0.02027642
     2.8000000        0.03024657        0.01193645
     2.9000000       -0.00710559        0.02510645
     3.0000000        0.00201919        0.01740634
