          21           4   4.0000000000000000                1
     0.0000000        0.15149579        0.03219015
     0.1000000        0.11943864        0.00832088
     0.2000000        0.07181370        0.01125080
     0.3000000        0.05006664        0.00831424
     0.4000000        0.05001598        0.01055337
     0.5000000        0.04223325        0.00922779
     0.6000000        0.03055428        0.00890400
     0.7000000        0.03002104        0.00614926
     0.8000000        0.02773588        0.00939307
     0.9000000        0.03144923        0.01224341
     1.0000000        0.02290152        0.00273113
     1.1000000        0.01682561        0.00420647
     1.2000000        0.01092233        0.00192116
     1.3000000        0.00359843        0.00363030
     1.4000000        0.00808036        0.00730284
     1.5000000        0.00488561        0.00073514
     1.6000000        0.00157303        0.00647111
     1.7000000        0.00733668        0.00511139
     1.8000000        0.00042079        0.01242878
     1.9000000       -0.00063997        0.01179931
     2.0000000        0.00862442        0.01434373
