          41           4   8.0000000000000000                1
     0.0000000        0.95347272        0.04979993
     0.1000000        0.58952755        0.03369636
     0.2000000        0.39117277        0.01792295
     0.3000000        0.27001633        0.01880636
     0.4000000        0.21755405        0.01665497
     0.5000000        0.15655789        0.00885632
     0.6000000        0.14061368        0.00892842
     0.7000000        0.10255365        0.01610507
     0.8000000        0.07566431        0.00106557
     0.9000000        0.06725448        0.02010283
     1.0000000        0.04860976        0.01272378
     1.1000000        0.05179240        0.02511645
     1.2000000        0.05472226        0.01867042
     1.3000000        0.04535808        0.01652533
     1.4000000        0.03969320        0.01851424
     1.5000000        0.05088347        0.01604275
     1.6000000        0.04089792        0.01017185
     1.7000000        0.02638545        0.00739696
     1.8000000        0.01799278        0.00565837
     1.9000000        0.00854390        0.01799510
     2.0000000        0.01847978        0.00906563
     2.1000000        0.02149557        0.00492247
     2.2000000        0.00341064        0.00650478
     2.3000000       -0.00979727        0.00855494
     2.4000000       -0.00550855        0.01291900
     2.5000000        0.00596746        0.01536389
     2.6000000       -0.00015308        0.01142099
     2.7000000       -0.00421227        0.00774525
     2.8000000        0.00738053        0.00641341
     2.9000000       -0.00730237        0.01283519
     3.0000000       -0.00033842        0.00782114
     3.1000000        0.00055345        0.01002701
     3.2000000        0.00670290        0.01572085
     3.3000000        0.01265248        0.02235369
     3.4000000       -0.00676260        0.01544986
     3.5000000        0.00436828        0.01653539
     3.6000000        0.01894535        0.02156983
     3.7000000        0.00329594        0.02239416
     3.8000000       -0.01340518        0.01279594
     3.9000000       -0.01372620        0.02557461
     4.0000000       -0.00294784        0.01781988
