          61           9   12.000000000000000                1
     0.0000000        0.42221036        0.01881283
     0.1000000        0.24740435        0.01863096
     0.2000000        0.15635531        0.01656247
     0.3000000        0.10918129        0.01349191
     0.4000000        0.08165766        0.01174176
     0.5000000        0.06514490        0.01119232
     0.6000000        0.05606071        0.01107716
     0.7000000        0.04961345        0.01120366
     0.8000000        0.04299175        0.01197064
     0.9000000        0.03773745        0.01155132
     1.0000000        0.03459516        0.01035114
     1.1000000        0.03167821        0.00964461
     1.2000000        0.02989482        0.00890974
     1.3000000        0.02722806        0.00820907
     1.4000000        0.02276304        0.00788533
     1.5000000        0.01963209        0.00853252
     1.6000000        0.01758161        0.00968527
     1.7000000        0.01598489        0.00985320
     1.8000000        0.01637158        0.00892892
     1.9000000        0.01630915        0.00828008
     2.0000000        0.01436393        0.00825101
     2.1000000        0.01202460        0.00766336
     2.2000000        0.01008895        0.00672571
     2.3000000        0.00721182        0.00646170
     2.4000000        0.00509538        0.00697750
     2.5000000        0.00349712        0.00758666
     2.6000000        0.00055204        0.00855045
     2.7000000        0.00059558        0.00960590
     2.8000000        0.00319590        0.01006454
     2.9000000        0.00296493        0.01032996
     3.0000000        0.00084754        0.01036294
     3.1000000        0.00079285        0.00926128
     3.2000000        0.00139424        0.00778749
     3.3000000        0.00040787        0.00677902
     3.4000000       -0.00147288        0.00604147
     3.5000000       -0.00205451        0.00524987
     3.6000000       -0.00115500        0.00490995
     3.7000000       -0.00086264        0.00542570
     3.8000000       -0.00092258        0.00595103
     3.9000000       -0.00127197        0.00552662
     4.0000000       -0.00370208        0.00474617
     4.1000000       -0.00741321        0.00472271
     4.2000000       -0.00972979        0.00442178
     4.3000000       -0.01146576        0.00400556
     4.4000000       -0.01210259        0.00399265
     4.5000000       -0.00931374        0.00446415
     4.6000000       -0.00693154        0.00361145
     4.7000000       -0.00594608        0.00299948
     4.8000000       -0.00554585        0.00336707
     4.9000000       -0.00770791        0.00454547
     5.0000000       -0.00885735        0.00565612
     5.1000000       -0.00741296        0.00592523
     5.2000000       -0.00676244        0.00612709
     5.3000000       -0.00774128        0.00710080
     5.4000000       -0.00698229        0.00824437
     5.5000000       -0.00616382        0.00816846
     5.6000000       -0.00572805        0.00712940
     5.7000000       -0.00454846        0.00592637
     5.8000000       -0.00370356        0.00571925
     5.9000000       -0.00137315        0.00645691
     6.0000000        0.00043222        0.00723809
