          21           4   4.0000000000000000                1
     0.0000000        0.33536279        0.05168343
     0.1000000        0.19875981        0.05145488
     0.2000000        0.12111646        0.04738933
     0.3000000        0.07410461        0.04298237
     0.4000000        0.04205027        0.04333508
     0.5000000        0.02846692        0.04416121
     0.6000000        0.02793596        0.04479545
     0.7000000        0.03130707        0.04605268
     0.8000000        0.03736953        0.04843389
     0.9000000        0.03418949        0.05093649
     1.0000000        0.02565550        0.04851008
     1.1000000        0.02094878        0.04423010
     1.2000000        0.02290445        0.04362471
     1.3000000        0.03097716        0.04278524
     1.4000000        0.04035136        0.04016841
     1.5000000        0.04928772        0.03651302
     1.6000000        0.05927528        0.03098982
     1.7000000        0.06916033        0.02908208
     1.8000000        0.07322090        0.02755727
     1.9000000        0.07142985        0.02701528
     2.0000000        0.07036494        0.02945708
