          81           4   8.0000000000000000                1
     0.0000000        1.89117957        0.03266543
     0.1000000        1.38888486        0.02966177
     0.2000000        1.03875135        0.01777411
     0.3000000        0.79174181        0.01917246
     0.4000000        0.59971827        0.01243715
     0.5000000        0.45953638        0.00685266
     0.6000000        0.35063809        0.01297560
     0.7000000        0.27012730        0.00498589
     0.8000000        0.21529303        0.00814797
     0.9000000        0.17275546        0.01194569
     1.0000000        0.11720897        0.01812971
     1.1000000        0.10267283        0.02077244
     1.2000000        0.06969223        0.02521372
     1.3000000        0.04746945        0.02916279
     1.4000000        0.04658809        0.01865769
     1.5000000        0.03835588        0.02060977
     1.6000000        0.01782099        0.01930096
     1.7000000        0.01896813        0.01969051
     1.8000000        0.03307767        0.02162258
     1.9000000        0.03965662        0.01300306
     2.0000000        0.03452325        0.02202541
     2.1000000        0.04697015        0.02215508
     2.2000000        0.04354321        0.00692990
     2.3000000        0.04954860        0.00921633
     2.4000000        0.04352888        0.00453290
     2.5000000        0.02576867        0.01237409
     2.6000000        0.00801478        0.00775261
     2.7000000        0.01164116        0.01662739
     2.8000000        0.00846134        0.01968165
     2.9000000        0.00852956        0.00892026
     3.0000000        0.00836579        0.01322574
     3.1000000        0.02597211        0.01928662
     3.2000000        0.02786568        0.01838547
     3.3000000        0.00247338        0.01753974
     3.4000000        0.00041677        0.00604870
     3.5000000       -0.01231523        0.02101788
     3.6000000       -0.02152019        0.02309517
     3.7000000       -0.01431473        0.01335077
     3.8000000       -0.01286673        0.00681977
     3.9000000       -0.00292101        0.00413590
     4.0000000       -0.02498373        0.01229809
     4.1000000       -0.01609691        0.01266648
     4.2000000       -0.00393605        0.01714171
     4.3000000        0.00026606        0.03624099
     4.4000000       -0.01336908        0.03931365
     4.5000000       -0.00199869        0.02952936
     4.6000000        0.00468474        0.03104655
     4.7000000        0.00264250        0.03436167
     4.8000000        0.00983915        0.02170637
     4.9000000        0.00536036        0.02418902
     5.0000000        0.00238013        0.02096676
     5.1000000       -0.01525621        0.01703683
     5.2000000       -0.01650798        0.01473458
     5.3000000       -0.00589883        0.00440485
     5.4000000        0.00642336        0.00997450
     5.5000000        0.00632671        0.01101208
     5.6000000        0.00880576        0.02190975
     5.7000000        0.01386240        0.02397762
     5.8000000        0.02805304        0.01017170
     5.9000000        0.00617359        0.00460188
     6.0000000       -0.00690968        0.02694853
     6.1000000       -0.00994082        0.02423300
     6.2000000       -0.02307971        0.02402848
     6.3000000       -0.03327552        0.01796101
     6.4000000       -0.01262603        0.00925253
     6.5000000       -0.00201581        0.01706330
     6.6000000        0.01253106        0.01379000
     6.7000000        0.01377254        0.01786120
     6.8000000        0.01027475        0.01923091
     6.9000000        0.02301466        0.01058483
     7.0000000        0.00981275        0.01433220
     7.1000000       -0.00718249        0.01250370
     7.2000000       -0.00763764        0.01022897
     7.3000000       -0.00197187        0.01559443
     7.4000000        0.00569712        0.01131805
     7.5000000        0.01987014        0.01043093
     7.6000000        0.02043066        0.01509671
     7.7000000        0.04162572        0.02332412
     7.8000000        0.05093400        0.02470687
     7.9000000        0.06931455        0.03408812
     8.0000000        0.10882043        0.03266543
