          41           4   10.000000000000000                1
     0.0000000        0.56031984        0.09390493
     0.1250000        0.46027459        0.09108466
     0.2500000        0.37929661        0.08030545
     0.3750000        0.31476745        0.06793715
     0.5000000        0.26386047        0.06029294
     0.6250000        0.22182078        0.05183632
     0.7500000        0.18683636        0.04544298
     0.8750000        0.16049901        0.04398718
     1.0000000        0.14101386        0.04158701
     1.1250000        0.12584566        0.03804262
     1.2500000        0.11550753        0.03628123
     1.3750000        0.10435728        0.03050524
     1.5000000        0.08858735        0.01897358
     1.6250000        0.07382641        0.01056691
     1.7500000        0.06796232        0.00716935
     1.8750000        0.06626730        0.00839176
     2.0000000        0.05883426        0.01002468
     2.1250000        0.05038397        0.01364856
     2.2500000        0.04669351        0.02082268
     2.3750000        0.04763941        0.02700712
     2.5000000        0.04757808        0.02838631
     2.6250000        0.04828160        0.02580481
     2.7500000        0.04712366        0.02335992
     2.8750000        0.03908071        0.02167874
     3.0000000        0.03310191        0.02512129
     3.1250000        0.03291298        0.03016581
     3.2500000        0.03506962        0.03418216
     3.3750000        0.04119457        0.04396078
     3.5000000        0.05207989        0.05440827
     3.6250000        0.05903664        0.05732116
     3.7500000        0.06254375        0.05381270
     3.8750000        0.06651361        0.04638101
     4.0000000        0.06360088        0.03834453
     4.1250000        0.05028755        0.03406501
     4.2500000        0.03790024        0.03687544
     4.3750000        0.03248099        0.04250040
     4.5000000        0.02816604        0.04300695
     4.6250000        0.02025735        0.03821947
     4.7500000        0.01626059        0.03531839
     4.8750000        0.01819081        0.03527648
     5.0000000        0.01858073        0.03438355
