          41           9   8.0000000000000000                1
     0.0000000        0.36791523        0.03499122
     0.1000000        0.17458312        0.03318551
     0.2000000        0.06896400        0.03468178
     0.3000000        0.02139509        0.03182843
     0.4000000       -0.00466277        0.03059914
     0.5000000       -0.01642861        0.03095110
     0.6000000       -0.02622888        0.03028014
     0.7000000       -0.03412435        0.03069430
     0.8000000       -0.03745415        0.03339797
     0.9000000       -0.03916257        0.03338428
     1.0000000       -0.03388461        0.03389307
     1.1000000       -0.03296535        0.03333187
     1.2000000       -0.03318287        0.03524448
     1.3000000       -0.03595106        0.03825699
     1.4000000       -0.03666872        0.03504218
     1.5000000       -0.03363102        0.03553978
     1.6000000       -0.02780668        0.03574830
     1.7000000       -0.02586285        0.03474938
     1.8000000       -0.02626012        0.03500269
     1.9000000       -0.03157786        0.03528054
     2.0000000       -0.03005594        0.03683383
     2.1000000       -0.03115618        0.03638420
     2.2000000       -0.03563052        0.03770574
     2.3000000       -0.03942027        0.03422003
     2.4000000       -0.03434143        0.03093169
     2.5000000       -0.03204892        0.03187933
     2.6000000       -0.03245956        0.02995842
     2.7000000       -0.03206915        0.02977504
     2.8000000       -0.03126921        0.03036391
     2.9000000       -0.03552838        0.03047330
     3.0000000       -0.03232837        0.03059006
     3.1000000       -0.03318910        0.02984201
     3.2000000       -0.03473911        0.03153583
     3.3000000       -0.03428867        0.03051630
     3.4000000       -0.03391993        0.03013643
     3.5000000       -0.03748182        0.03029463
     3.6000000       -0.03678717        0.02932789
     3.7000000       -0.03849991        0.02665710
     3.8000000       -0.04367766        0.02644889
     3.9000000       -0.03651655        0.02589241
     4.0000000       -0.03543544        0.02860883
