          31           4   6.0000000000000000                1
     0.0000000        0.62543238        0.02585745
     0.1000000        0.51350858        0.02414585
     0.2000000        0.43328343        0.02367711
     0.3000000        0.37486438        0.02496923
     0.4000000        0.32987676        0.02697951
     0.5000000        0.29118805        0.02809907
     0.6000000        0.25814064        0.02897410
     0.7000000        0.23076058        0.02976973
     0.8000000        0.20804731        0.02965174
     0.9000000        0.19010778        0.02972440
     1.0000000        0.17617570        0.02949134
     1.1000000        0.16650023        0.02830942
     1.2000000        0.15923615        0.02644638
     1.3000000        0.15265428        0.02518529
     1.4000000        0.14616880        0.02396148
     1.5000000        0.13642450        0.02183876
     1.6000000        0.12571521        0.01893104
     1.7000000        0.11513466        0.01562841
     1.8000000        0.10499995        0.01274047
     1.9000000        0.09725270        0.01084996
     2.0000000        0.09159068        0.01050556
     2.1000000        0.08736396        0.01143030
     2.2000000        0.08299327        0.01307252
     2.3000000        0.08022743        0.01410214
     2.4000000        0.07800554        0.01500054
     2.5000000        0.07470132        0.01627773
     2.6000000        0.07206511        0.01668248
     2.7000000        0.07114055        0.01705555
     2.8000000        0.07114979        0.01784375
     2.9000000        0.07105546        0.01822671
     3.0000000        0.07092387        0.01847414
