          41           9   4.0000000000000000                1
     0.0000000        1.92757085        0.00187485
     0.1000000        1.25989610        0.00326423
     0.2000000        0.82136494        0.00215647
     0.3000000        0.54940828        0.00273471
     0.4000000        0.36770396        0.00352268
     0.5000000        0.25296861        0.00344765
     0.6000000        0.17612189        0.00377586
     0.7000000        0.12573945        0.00274552
     0.8000000        0.09078306        0.00154925
     0.9000000        0.06435022        0.00229642
     1.0000000        0.04619202        0.00328272
     1.1000000        0.03409806        0.00190255
     1.2000000        0.02966009        0.00333028
     1.3000000        0.02344742        0.00312517
     1.4000000        0.01675900        0.00371260
     1.5000000        0.01468216        0.00205932
     1.6000000        0.01278526        0.00199424
     1.7000000        0.01311075        0.00214887
     1.8000000        0.01081404        0.00230690
     1.9000000        0.00794772        0.00344651
     2.0000000        0.01108267        0.00280105
     2.1000000        0.00947378        0.00416693
     2.2000000        0.01081160        0.00199502
     2.3000000        0.00881117        0.00345387
     2.4000000        0.00347287        0.00319699
     2.5000000        0.00490610        0.00352439
     2.6000000        0.00672436        0.00407536
     2.7000000        0.00372540        0.00221269
     2.8000000        0.00375008        0.00211532
     2.9000000        0.00485214        0.00165906
     3.0000000        0.00686435        0.00240735
     3.1000000        0.00605406        0.00299609
     3.2000000        0.00743867        0.00368572
     3.3000000        0.00397963        0.00220934
     3.4000000        0.00827523        0.00294197
     3.5000000        0.01142324        0.00267157
     3.6000000        0.01548737        0.00287305
     3.7000000        0.02292980        0.00258296
     3.8000000        0.03254372        0.00302726
     3.9000000        0.04569363        0.00364015
     4.0000000        0.07242915        0.00187485
