          21           4   4.0000000000000000                1
     0.0000000        0.27854413        0.00621271
     0.1000000        0.18078782        0.00726099
     0.2000000        0.12269701        0.00847946
     0.3000000        0.08609033        0.00897146
     0.4000000        0.05865497        0.00727915
     0.5000000        0.04322441        0.00813110
     0.6000000        0.03446195        0.00841168
     0.7000000        0.02704451        0.00805753
     0.8000000        0.01992247        0.00939064
     0.9000000        0.01618298        0.00865728
     1.0000000        0.01353231        0.00783492
     1.1000000        0.01257992        0.00858049
     1.2000000        0.01043165        0.00788615
     1.3000000        0.00781828        0.00586451
     1.4000000        0.00633797        0.00649507
     1.5000000        0.00362949        0.00580935
     1.6000000        0.00562149        0.00648793
     1.7000000        0.00751790        0.00522187
     1.8000000        0.01014311        0.00618881
     1.9000000        0.01087926        0.00679716
     2.0000000        0.01318301        0.00591763
