          51           4   10.000000000000000                1
     0.0000000        0.87823714        0.04043362
     0.1000000        0.55065559        0.02885645
     0.2000000        0.37719701        0.02094884
     0.3000000        0.26308617        0.01511094
     0.4000000        0.18783518        0.02368525
     0.5000000        0.14424124        0.00838161
     0.6000000        0.10508393        0.02137765
     0.7000000        0.08553331        0.01426521
     0.8000000        0.06777608        0.01168067
     0.9000000        0.04616314        0.02458890
     1.0000000        0.05775410        0.01261404
     1.1000000        0.04708548        0.01546765
     1.2000000        0.04669788        0.01677544
     1.3000000        0.02348817        0.02663097
     1.4000000       -0.00019836        0.02100468
     1.5000000       -0.01501117        0.01020897
     1.6000000        0.00164081        0.01894929
     1.7000000        0.02216349        0.00834836
     1.8000000        0.00860303        0.01631754
     1.9000000        0.00824052        0.03056158
     2.0000000       -0.00223740        0.02114336
     2.1000000        0.00040147        0.02508897
     2.2000000        0.01717812        0.02949176
     2.3000000        0.02263482        0.02914592
     2.4000000        0.00443872        0.03209367
     2.5000000        0.00536831        0.02658907
     2.6000000        0.01312856        0.01296605
     2.7000000        0.00278754        0.01956903
     2.8000000        0.00427737        0.01001806
     2.9000000        0.00478551        0.03145043
     3.0000000       -0.01071618        0.01968015
     3.1000000       -0.02310907        0.01294065
     3.2000000       -0.03069442        0.01238756
     3.3000000       -0.03427339        0.02483059
     3.4000000       -0.02230795        0.01483345
     3.5000000       -0.03510980        0.02275755
     3.6000000       -0.00832808        0.01478303
     3.7000000       -0.00272371        0.01116344
     3.8000000       -0.00703389        0.00891488
     3.9000000       -0.01179331        0.01309569
     4.0000000        0.00022168        0.02635066
     4.1000000        0.00973890        0.01325757
     4.2000000        0.02100344        0.00908369
     4.3000000       -0.01333550        0.02812002
     4.4000000        0.01307890        0.01351400
     4.5000000        0.01469286        0.01067532
     4.6000000        0.01969091        0.01079089
     4.7000000        0.00953145        0.01132396
     4.8000000        0.03757601        0.01701342
     4.9000000        0.04006582        0.02011243
     5.0000000        0.03276406        0.03241274
