          51           4   10.000000000000000                1
     0.0000000        0.33745419        0.03119046
     0.1000000        0.18995714        0.01735146
     0.2000000        0.11841927        0.01252559
     0.3000000        0.06563975        0.00979028
     0.4000000        0.03845348        0.00872676
     0.5000000        0.01841715        0.01623723
     0.6000000        0.01053973        0.00902271
     0.7000000        0.00431534        0.00343482
     0.8000000        0.00804880        0.00845643
     0.9000000       -0.00206935        0.00722302
     1.0000000        0.00297432        0.00481086
     1.1000000        0.00735744        0.00776874
     1.2000000        0.01665107        0.01488569
     1.3000000        0.00866902        0.00515944
     1.4000000        0.00545573        0.00822234
     1.5000000        0.00959006        0.00809066
     1.6000000        0.00146651        0.00919909
     1.7000000       -0.01080430        0.01541989
     1.8000000        0.00639908        0.01498869
     1.9000000        0.00167594        0.01746798
     2.0000000        0.01063970        0.00301984
     2.1000000       -0.00532182        0.00532670
     2.2000000        0.00952076        0.00624471
     2.3000000       -0.00198849        0.00530241
     2.4000000       -0.00440017        0.00782992
     2.5000000        0.00562187        0.01085324
     2.6000000        0.00199340        0.00594607
     2.7000000        0.00418753        0.00795265
     2.8000000        0.00544513        0.00491539
     2.9000000        0.00694767        0.00186467
     3.0000000        0.00243484        0.00122707
     3.1000000        0.01316295        0.00657766
     3.2000000        0.00778321        0.00399918
     3.3000000        0.01534726        0.01730822
     3.4000000        0.01939445        0.01548267
     3.5000000        0.01138992        0.01150644
     3.6000000        0.00584485        0.00693178
     3.7000000       -0.00337595        0.00776276
     3.8000000       -0.00275617        0.00912299
     3.9000000       -0.00351681        0.00533157
     4.0000000       -0.00197801        0.00956461
     4.1000000        0.00413975        0.01553112
     4.2000000        0.00287594        0.01066714
     4.3000000        0.00543261        0.01127672
     4.4000000        0.00420202        0.00708981
     4.5000000        0.00506646        0.00624293
     4.6000000       -0.00731647        0.00656426
     4.7000000       -0.00778866        0.00978721
     4.8000000       -0.01074688        0.01424989
     4.9000000       -0.00992603        0.01376204
     5.0000000       -0.00007599        0.00895652
