   -2.000000     -2.000000
  1    1       -0.00000000        0.00000000       -0.00000000        0.00000000
   -2.000000     -1.000000
  1    1       -0.00000000        0.00000000        0.00000000        0.00000000
   -2.000000      0.000000
  1    1       -0.01013549        0.00009574       -0.00000000        0.00000000
   -2.000000      1.000000
  1    1       -0.00000000        0.00000000       -0.00000000        0.00000000
   -2.000000      2.000000
  1    1       -0.00000000        0.00000000       -0.00000000        0.00000000
   -2.000000      3.000000
  1    1       -0.00000000        0.00000000        0.00000000        0.00000000
   -1.000000     -2.000000
  1    1       -0.00000000        0.00000000       -0.00000000        0.00000000
   -1.000000     -1.000000
  1    1       -0.00000000        0.00000000        0.00000000        0.00000000
   -1.000000      0.000000
  1    1       -0.09696394        0.00071543       -0.00000000        0.00000000
   -1.000000      1.000000
  1    1       -0.00000000        0.00000000        0.00000000        0.00000000
   -1.000000      2.000000
  1    1       -0.00000000        0.00000000       -0.00000000        0.00000000
   -1.000000      3.000000
  1    1       -0.00000000        0.00000000        0.00000000        0.00000000
    0.000000     -2.000000
  1    1       -0.00000000        0.00000000       -0.00000000        0.00000000
    0.000000     -1.000000
  1    1       -0.00000000        0.00000000       -0.00000000        0.00000000
    0.000000      0.000000
  1    1        0.22623564        0.00151303       -0.00000000        0.00000000
    0.000000      1.000000
  1    1       -0.00000000        0.00000000       -0.00000000        0.00000000
    0.000000      2.000000
  1    1       -0.00000000        0.00000000       -0.00000000        0.00000000
    0.000000      3.000000
  1    1       -0.00000000        0.00000000        0.00000000        0.00000000
    1.000000     -2.000000
  1    1       -0.00000000        0.00000000        0.00000000        0.00000000
    1.000000     -1.000000
  1    1       -0.00000000        0.00000000        0.00000000        0.00000000
    1.000000      0.000000
  1    1       -0.09696394        0.00071543        0.00000000        0.00000000
    1.000000      1.000000
  1    1       -0.00000000        0.00000000        0.00000000        0.00000000
    1.000000      2.000000
  1    1       -0.00000000        0.00000000        0.00000000        0.00000000
    1.000000      3.000000
  1    1       -0.00000000        0.00000000        0.00000000        0.00000000
    2.000000     -2.000000
  1    1       -0.00000000        0.00000000       -0.00000000        0.00000000
    2.000000     -1.000000
  1    1       -0.00000000        0.00000000       -0.00000000        0.00000000
    2.000000      0.000000
  1    1       -0.01013549        0.00009574       -0.00000000        0.00000000
    2.000000      1.000000
  1    1       -0.00000000        0.00000000       -0.00000000        0.00000000
    2.000000      2.000000
  1    1       -0.00000000        0.00000000       -0.00000000        0.00000000
    2.000000      3.000000
  1    1       -0.00000000        0.00000000        0.00000000        0.00000000
    3.000000     -2.000000
  1    1       -0.00000000        0.00000000        0.00000000        0.00000000
    3.000000     -1.000000
  1    1       -0.00000000        0.00000000        0.00000000        0.00000000
    3.000000      0.000000
  1    1       -0.01049797        0.00010917        0.00000000        0.00000000
    3.000000      1.000000
  1    1       -0.00000000        0.00000000        0.00000000        0.00000000
    3.000000      2.000000
  1    1       -0.00000000        0.00000000        0.00000000        0.00000000
    3.000000      3.000000
  1    1       -0.00000000        0.00000000        0.00000000        0.00000000
