   -2.094395     -2.094395        1.33500782        0.05607579        0.02390901        0.04398415
   -2.094395     -1.047198        1.33500782        0.05607579        0.02390901        0.04398415
   -2.094395      0.000000        1.33500782        0.05607579        0.02390901        0.04398415
   -2.094395      1.047198        1.33500782        0.05607579        0.02390901        0.04398415
   -2.094395      2.094395        1.33500782        0.05607579        0.02390901        0.04398415
   -2.094395      3.141593        1.33500782        0.05607579        0.02390901        0.04398415
   -1.047198     -2.094395        1.28930630        0.04392855        0.00606750        0.02417118
   -1.047198     -1.047198        1.28930630        0.04392855        0.00606750        0.02417118
   -1.047198      0.000000        1.28930630        0.04392855        0.00606750        0.02417118
   -1.047198      1.047198        1.28930630        0.04392855        0.00606750        0.02417118
   -1.047198      2.094395        1.28930630        0.04392855        0.00606750        0.02417118
   -1.047198      3.141593        1.28930630        0.04392855        0.00606750        0.02417118
    0.000000     -2.094395        0.80412079        0.01465902       -0.00000000        0.00000000
    0.000000     -1.047198        0.80412079        0.01465902       -0.00000000        0.00000000
    0.000000      0.000000        0.80412079        0.01465902        0.00000000        0.00000000
    0.000000      1.047198        0.80412079        0.01465902        0.00000000        0.00000000
    0.000000      2.094395        0.80412079        0.01465902        0.00000000        0.00000000
    0.000000      3.141593        0.80412079        0.01465902        0.00000000        0.00000000
    1.047198     -2.094395        1.28930630        0.04392855       -0.00606750        0.02417118
    1.047198     -1.047198        1.28930630        0.04392855       -0.00606750        0.02417118
    1.047198      0.000000        1.28930630        0.04392855       -0.00606750        0.02417118
    1.047198      1.047198        1.28930630        0.04392855       -0.00606750        0.02417118
    1.047198      2.094395        1.28930630        0.04392855       -0.00606750        0.02417118
    1.047198      3.141593        1.28930630        0.04392855       -0.00606750        0.02417118
    2.094395     -2.094395        1.33500782        0.05607579       -0.02390901        0.04398415
    2.094395     -1.047198        1.33500782        0.05607579       -0.02390901        0.04398415
    2.094395      0.000000        1.33500782        0.05607579       -0.02390901        0.04398415
    2.094395      1.047198        1.33500782        0.05607579       -0.02390901        0.04398415
    2.094395      2.094395        1.33500782        0.05607579       -0.02390901        0.04398415
    2.094395      3.141593        1.33500782        0.05607579       -0.02390901        0.04398415
    3.141593     -2.094395        0.82273714        0.04010251        0.00000000        0.00000000
    3.141593     -1.047198        0.82273714        0.04010251        0.00000000        0.00000000
    3.141593      0.000000        0.82273714        0.04010251       -0.00000000        0.00000000
    3.141593      1.047198        0.82273714        0.04010251       -0.00000000        0.00000000
    3.141593      2.094395        0.82273714        0.04010251       -0.00000000        0.00000000
    3.141593      3.141593        0.82273714        0.04010251       -0.00000000        0.00000000
