          51           4   10.000000000000000                1
     0.0000000        0.23599044        0.00337151
     0.1000000        0.13513405        0.00214234
     0.2000000        0.07938499        0.00130982
     0.3000000        0.04783932        0.00089612
     0.4000000        0.02931313        0.00072570
     0.5000000        0.01816678        0.00063089
     0.6000000        0.01152029        0.00046954
     0.7000000        0.00747259        0.00024528
     0.8000000        0.00483469        0.00016637
     0.9000000        0.00312198        0.00015995
     1.0000000        0.00203039        0.00013987
     1.1000000        0.00138394        0.00012831
     1.2000000        0.00097068        0.00013963
     1.3000000        0.00073776        0.00018750
     1.4000000        0.00064584        0.00025593
     1.5000000        0.00053391        0.00024013
     1.6000000        0.00038247        0.00016682
     1.7000000        0.00024368        0.00009073
     1.8000000        0.00016631        0.00006029
     1.9000000        0.00013160        0.00006179
     2.0000000        0.00012106        0.00006822
     2.1000000        0.00010786        0.00005149
     2.2000000        0.00009463        0.00003050
     2.3000000        0.00008462        0.00001590
     2.4000000        0.00007389        0.00001535
     2.5000000        0.00006195        0.00002187
     2.6000000        0.00005179        0.00003069
     2.7000000        0.00005068        0.00003836
     2.8000000        0.00005276        0.00003149
     2.9000000        0.00005431        0.00002933
     3.0000000        0.00005927        0.00003200
     3.1000000        0.00005784        0.00002977
     3.2000000        0.00004978        0.00001853
     3.3000000        0.00003723        0.00000877
     3.4000000        0.00002349        0.00000458
     3.5000000        0.00001964        0.00000358
     3.6000000        0.00001872        0.00000703
     3.7000000        0.00001715        0.00001147
     3.8000000        0.00000991        0.00001365
     3.9000000        0.00000096        0.00001498
     4.0000000        0.00000239        0.00001432
     4.1000000        0.00000691        0.00000871
     4.2000000        0.00000770        0.00000937
     4.3000000        0.00000719        0.00000999
     4.4000000        0.00001109        0.00000691
     4.5000000        0.00001580        0.00000640
     4.6000000        0.00001710        0.00000791
     4.7000000        0.00001405        0.00000778
     4.8000000        0.00000912        0.00000609
     4.9000000        0.00001011        0.00001029
     5.0000000        0.00001225        0.00001450
