 0.10000000000000000E+001          1         64
( 0.00000000000000000E+000, 0.00000000000000000E+000)
-0.23561944901923448E+001 -0.23561944901923448E+001
( 0.11332282777717229E+000,-0.89694044686347259E-003)
-0.23561944901923448E+001 -0.15707963267948966E+001
( 0.25885281150150857E+000,-0.13647105392266521E-002)
-0.23561944901923448E+001 -0.78539816339744828E+000
( 0.80236096236514398E+000, 0.23500474697083591E-002)
-0.23561944901923448E+001  0.00000000000000000E+000
( 0.11531960287662573E+001, 0.67416683110022944E-002)
-0.23561944901923448E+001  0.78539816339744828E+000
( 0.80112505202589768E+000, 0.38454153518212996E-002)
-0.23561944901923448E+001  0.15707963267948966E+001
( 0.26022010403470019E+000, 0.14929627293338707E-002)
-0.23561944901923448E+001  0.23561944901923448E+001
( 0.11423370331632515E+000, 0.19569460156749086E-003)
-0.23561944901923448E+001  0.31415926535897931E+001
( 0.88533271675724001E-001,-0.27113056238743400E-003)
-0.15707963267948966E+001 -0.23561944901923448E+001
( 0.26078280836851953E+000,-0.36838331705051552E-002)
-0.15707963267948966E+001 -0.15707963267948966E+001
( 0.80917901408524473E+000,-0.19020476691416846E-002)
-0.15707963267948966E+001 -0.78539816339744828E+000
( 0.15651239876160394E+001, 0.43096833068739784E-002)
-0.15707963267948966E+001  0.00000000000000000E+000
( 0.17176598151980123E+001, 0.31210240962821485E-002)
-0.15707963267948966E+001  0.78539816339744828E+000
( 0.15618314524370625E+001, 0.28395697678037738E-002)
-0.15707963267948966E+001  0.15707963267948966E+001
( 0.80943653119580450E+000, 0.17641506049240533E-002)
-0.15707963267948966E+001  0.23561944901923448E+001
( 0.26323485861706064E+000,-0.23143533307429607E-002)
-0.15707963267948966E+001  0.31415926535897931E+001
( 0.17963641577247036E+000,-0.31858068602186318E-002)
-0.78539816339744828E+000 -0.23561944901923448E+001
( 0.81084616652311259E+000,-0.21381968291478860E-002)
-0.78539816339744828E+000 -0.15707963267948966E+001
( 0.15659963135169483E+001,-0.74955607707567111E-003)
-0.78539816339744828E+000 -0.78539816339744828E+000
( 0.18366457158849505E+001,-0.11738126887505798E-002)
-0.78539816339744828E+000  0.00000000000000000E+000
( 0.18784205312969569E+001,-0.96139954525311386E-003)
-0.78539816339744828E+000  0.78539816339744828E+000
( 0.18369530081995675E+001, 0.44112189339967373E-003)
-0.78539816339744828E+000  0.15707963267948966E+001
( 0.15674468274299047E+001, 0.12140105738847101E-002)
-0.78539816339744828E+000  0.23561944901923448E+001
( 0.82023193451959076E+000,-0.44721423067381368E-002)
-0.78539816339744828E+000  0.31415926535897931E+001
( 0.51955924226702610E+000,-0.57221187672699698E-002)
 0.00000000000000000E+000 -0.23561944901923448E+001
( 0.11676559390971317E+001, 0.17773745994232042E-002)
 0.00000000000000000E+000 -0.15707963267948966E+001
( 0.17230720653182081E+001, 0.14999140504363935E-002)
 0.00000000000000000E+000 -0.78539816339744828E+000
( 0.18789406774986832E+001, 0.44889831482889699E-004)
 0.00000000000000000E+000  0.00000000000000000E+000
( 0.19056174498803840E+001, 0.00000000000000000E+000)
 0.00000000000000000E+000  0.78539816339744828E+000
( 0.18789406774986832E+001,-0.44889831482889699E-004)
 0.00000000000000000E+000  0.15707963267948966E+001
( 0.17230720653182081E+001,-0.14999140504363935E-002)
 0.00000000000000000E+000  0.23561944901923448E+001
( 0.11676559390971317E+001,-0.17773745994232042E-002)
 0.00000000000000000E+000  0.31415926535897931E+001
( 0.82266840990386558E+000, 0.46302348532047292E-017)
 0.78539816339744828E+000 -0.23561944901923448E+001
( 0.82023193451959076E+000, 0.44721423067381368E-002)
 0.78539816339744828E+000 -0.15707963267948966E+001
( 0.15674468274299047E+001,-0.12140105738847101E-002)
 0.78539816339744828E+000 -0.78539816339744828E+000
( 0.18369530081995675E+001,-0.44112189339967373E-003)
 0.78539816339744828E+000  0.00000000000000000E+000
( 0.18784205312969569E+001, 0.96139954525311386E-003)
 0.78539816339744828E+000  0.78539816339744828E+000
( 0.18366457158849505E+001, 0.11738126887505798E-002)
 0.78539816339744828E+000  0.15707963267948966E+001
( 0.15659963135169483E+001, 0.74955607707567111E-003)
 0.78539816339744828E+000  0.23561944901923448E+001
( 0.81084616652311259E+000, 0.21381968291478860E-002)
 0.78539816339744828E+000  0.31415926535897931E+001
( 0.51955924226702588E+000, 0.57221187672699507E-002)
 0.15707963267948966E+001 -0.23561944901923448E+001
( 0.26323485861706064E+000, 0.23143533307429607E-002)
 0.15707963267948966E+001 -0.15707963267948966E+001
( 0.80943653119580450E+000,-0.17641506049240533E-002)
 0.15707963267948966E+001 -0.78539816339744828E+000
( 0.15618314524370625E+001,-0.28395697678037738E-002)
 0.15707963267948966E+001  0.00000000000000000E+000
( 0.17176598151980123E+001,-0.31210240962821485E-002)
 0.15707963267948966E+001  0.78539816339744828E+000
( 0.15651239876160394E+001,-0.43096833068739784E-002)
 0.15707963267948966E+001  0.15707963267948966E+001
( 0.80917901408524473E+000, 0.19020476691416846E-002)
 0.15707963267948966E+001  0.23561944901923448E+001
( 0.26078280836851953E+000, 0.36838331705051552E-002)
 0.15707963267948966E+001  0.31415926535897931E+001
( 0.17963641577247036E+000, 0.31858068602186218E-002)
 0.23561944901923448E+001 -0.23561944901923448E+001
( 0.11423370331632515E+000,-0.19569460156749086E-003)
 0.23561944901923448E+001 -0.15707963267948966E+001
( 0.26022010403470019E+000,-0.14929627293338707E-002)
 0.23561944901923448E+001 -0.78539816339744828E+000
( 0.80112505202589768E+000,-0.38454153518212996E-002)
 0.23561944901923448E+001  0.00000000000000000E+000
( 0.11531960287662573E+001,-0.67416683110022944E-002)
 0.23561944901923448E+001  0.78539816339744828E+000
( 0.80236096236514398E+000,-0.23500474697083591E-002)
 0.23561944901923448E+001  0.15707963267948966E+001
( 0.25885281150150857E+000, 0.13647105392266521E-002)
 0.23561944901923448E+001  0.23561944901923448E+001
( 0.11332282777717229E+000, 0.89694044686347259E-003)
 0.23561944901923448E+001  0.31415926535897931E+001
( 0.88533271675724112E-001, 0.27113056238745612E-003)
 0.31415926535897931E+001 -0.23561944901923448E+001
( 0.88382977115371575E-001,-0.74184815512488280E-003)
 0.31415926535897931E+001 -0.15707963267948966E+001
( 0.17618922327315417E+000,-0.16211630998733760E-002)
 0.31415926535897931E+001 -0.78539816339744828E+000
( 0.50397567324787163E+000,-0.33806264123584710E-002)
 0.31415926535897931E+001  0.00000000000000000E+000
( 0.79277662275740313E+000, 0.27534607416841014E-017)
 0.31415926535897931E+001  0.78539816339744828E+000
( 0.50397567324787174E+000, 0.33806264123585148E-002)
 0.31415926535897931E+001  0.15707963267948966E+001
( 0.17618922327315417E+000, 0.16211630998733630E-002)
 0.31415926535897931E+001  0.23561944901923448E+001
( 0.88382977115371575E-001, 0.74184815512488671E-003)
 0.31415926535897931E+001  0.31415926535897931E+001
( 0.71061721270373190E-001, 0.43557955495924814E-017)
 0.10000000000000000E+001          1         64
( 0.00000000000000000E+000, 0.00000000000000000E+000)
-0.23561944901923448E+001 -0.23561944901923448E+001
( 0.11261351615553611E+000,-0.60540494100748453E-003)
-0.23561944901923448E+001 -0.15707963267948966E+001
( 0.26041302119697979E+000,-0.16354922001447338E-002)
-0.23561944901923448E+001 -0.78539816339744828E+000
( 0.80913013053549232E+000,-0.51360417537925345E-002)
-0.23561944901923448E+001  0.00000000000000000E+000
( 0.11537751879774611E+001,-0.43980610065037888E-002)
-0.23561944901923448E+001  0.78539816339744828E+000
( 0.81309176205815437E+000, 0.95473466224749040E-003)
-0.23561944901923448E+001  0.15707963267948966E+001
( 0.26085291756449713E+000, 0.12801234955929610E-002)
-0.23561944901923448E+001  0.23561944901923448E+001
( 0.11186599615681003E+000,-0.60216111819780043E-003)
-0.23561944901923448E+001  0.31415926535897931E+001
( 0.87737364525993011E-001,-0.47382192221456267E-003)
-0.15707963267948966E+001 -0.23561944901923448E+001
( 0.26079386877835653E+000, 0.66365195717701031E-003)
-0.15707963267948966E+001 -0.15707963267948966E+001
( 0.80882579455736725E+000, 0.84106463005139960E-003)
-0.15707963267948966E+001 -0.78539816339744828E+000
( 0.15644161605401239E+001, 0.32537777124824665E-003)
-0.15707963267948966E+001  0.00000000000000000E+000
( 0.17230056556613844E+001,-0.15014624300677647E-002)
-0.15707963267948966E+001  0.78539816339744828E+000
( 0.15667809396344601E+001,-0.10632370160940049E-002)
-0.15707963267948966E+001  0.15707963267948966E+001
( 0.80965593571775674E+000, 0.12982473588634559E-002)
-0.15707963267948966E+001  0.23561944901923448E+001
( 0.26159977401286871E+000, 0.16047589060466704E-003)
-0.15707963267948966E+001  0.31415926535897931E+001
( 0.17599859328085987E+000, 0.16244723388078399E-002)
-0.78539816339744828E+000 -0.23561944901923448E+001
( 0.81033521522502450E+000, 0.56695527879031260E-002)
-0.78539816339744828E+000 -0.15707963267948966E+001
( 0.15654354125234162E+001, 0.26903391987106655E-002)
-0.78539816339744828E+000 -0.78539816339744828E+000
( 0.18380925896334519E+001,-0.50683359543030179E-003)
-0.78539816339744828E+000  0.00000000000000000E+000
( 0.18795258740997629E+001, 0.70730045934789838E-003)
-0.78539816339744828E+000  0.78539816339744828E+000
( 0.18396061276042555E+001, 0.10843950971736382E-002)
-0.78539816339744828E+000  0.15707963267948966E+001
( 0.15651929031357221E+001,-0.46812607279102096E-003)
-0.78539816339744828E+000  0.23561944901923448E+001
( 0.81097678054523403E+000,-0.25581418119249031E-003)
-0.78539816339744828E+000  0.31415926535897931E+001
( 0.52070610144859553E+000, 0.48951008937878522E-002)
 0.00000000000000000E+000 -0.23561944901923448E+001
( 0.11664891323025122E+001, 0.32432657550500446E-002)
 0.00000000000000000E+000 -0.15707963267948966E+001
( 0.17256676396395305E+001, 0.17986434925020909E-002)
 0.00000000000000000E+000 -0.78539816339744828E+000
( 0.18795282921549932E+001,-0.58936690337843631E-003)
 0.00000000000000000E+000  0.00000000000000000E+000
( 0.19047859262232523E+001, 0.00000000000000000E+000)
 0.00000000000000000E+000  0.78539816339744828E+000
( 0.18795282921549932E+001, 0.58936690337843631E-003)
 0.00000000000000000E+000  0.15707963267948966E+001
( 0.17256676396395305E+001,-0.17986434925020909E-002)
 0.00000000000000000E+000  0.23561944901923448E+001
( 0.11664891323025122E+001,-0.32432657550500446E-002)
 0.00000000000000000E+000  0.31415926535897931E+001
( 0.82069643932504288E+000, 0.44827251930374330E-017)
 0.78539816339744828E+000 -0.23561944901923448E+001
( 0.81097678054523403E+000, 0.25581418119249031E-003)
 0.78539816339744828E+000 -0.15707963267948966E+001
( 0.15651929031357221E+001, 0.46812607279102096E-003)
 0.78539816339744828E+000 -0.78539816339744828E+000
( 0.18396061276042555E+001,-0.10843950971736382E-002)
 0.78539816339744828E+000  0.00000000000000000E+000
( 0.18795258740997629E+001,-0.70730045934789838E-003)
 0.78539816339744828E+000  0.78539816339744828E+000
( 0.18380925896334519E+001, 0.50683359543030179E-003)
 0.78539816339744828E+000  0.15707963267948966E+001
( 0.15654354125234162E+001,-0.26903391987106655E-002)
 0.78539816339744828E+000  0.23561944901923448E+001
( 0.81033521522502450E+000,-0.56695527879031260E-002)
 0.78539816339744828E+000  0.31415926535897931E+001
( 0.52070610144859553E+000,-0.48951008937878297E-002)
 0.15707963267948966E+001 -0.23561944901923448E+001
( 0.26159977401286871E+000,-0.16047589060466704E-003)
 0.15707963267948966E+001 -0.15707963267948966E+001
( 0.80965593571775674E+000,-0.12982473588634559E-002)
 0.15707963267948966E+001 -0.78539816339744828E+000
( 0.15667809396344601E+001, 0.10632370160940049E-002)
 0.15707963267948966E+001  0.00000000000000000E+000
( 0.17230056556613844E+001, 0.15014624300677647E-002)
 0.15707963267948966E+001  0.78539816339744828E+000
( 0.15644161605401239E+001,-0.32537777124824665E-003)
 0.15707963267948966E+001  0.15707963267948966E+001
( 0.80882579455736725E+000,-0.84106463005139960E-003)
 0.15707963267948966E+001  0.23561944901923448E+001
( 0.26079386877835653E+000,-0.66365195717701031E-003)
 0.15707963267948966E+001  0.31415926535897931E+001
( 0.17599859328085987E+000,-0.16244723388078519E-002)
 0.23561944901923448E+001 -0.23561944901923448E+001
( 0.11186599615681003E+000, 0.60216111819780043E-003)
 0.23561944901923448E+001 -0.15707963267948966E+001
( 0.26085291756449713E+000,-0.12801234955929610E-002)
 0.23561944901923448E+001 -0.78539816339744828E+000
( 0.81309176205815437E+000,-0.95473466224749040E-003)
 0.23561944901923448E+001  0.00000000000000000E+000
( 0.11537751879774611E+001, 0.43980610065037888E-002)
 0.23561944901923448E+001  0.78539816339744828E+000
( 0.80913013053549232E+000, 0.51360417537925345E-002)
 0.23561944901923448E+001  0.15707963267948966E+001
( 0.26041302119697979E+000, 0.16354922001447338E-002)
 0.23561944901923448E+001  0.23561944901923448E+001
( 0.11261351615553611E+000, 0.60540494100748453E-003)
 0.23561944901923448E+001  0.31415926535897931E+001
( 0.87737364525992900E-001, 0.47382192221455009E-003)
 0.31415926535897931E+001 -0.23561944901923448E+001
( 0.87994263367317554E-001,-0.61127002715117510E-003)
 0.31415926535897931E+001 -0.15707963267948966E+001
( 0.17498813757951454E+000,-0.22963664211236357E-002)
 0.31415926535897931E+001 -0.78539816339744828E+000
( 0.51037649482610203E+000,-0.27043475796593480E-002)
 0.31415926535897931E+001  0.00000000000000000E+000
( 0.80464722274988132E+000, 0.65205817606676442E-017)
 0.31415926535897931E+001  0.78539816339744828E+000
( 0.51037649482610203E+000, 0.27043475796593927E-002)
 0.31415926535897931E+001  0.15707963267948966E+001
( 0.17498813757951456E+000, 0.22963664211236214E-002)
 0.31415926535897931E+001  0.23561944901923448E+001
( 0.87994263367317527E-001, 0.61127002715117684E-003)
 0.31415926535897931E+001  0.31415926535897931E+001
( 0.71595408138568406E-001, 0.36102655915538692E-017)
 0.10000000000000000E+001          1         64
( 0.00000000000000000E+000, 0.00000000000000000E+000)
-0.23561944901923448E+001 -0.23561944901923448E+001
( 0.11267632447137771E+000, 0.50715132143460675E-003)
-0.23561944901923448E+001 -0.15707963267948966E+001
( 0.26183795812507965E+000,-0.15959383284077880E-002)
-0.23561944901923448E+001 -0.78539816339744828E+000
( 0.81418264479299141E+000,-0.79506165681350952E-002)
-0.23561944901923448E+001  0.00000000000000000E+000
( 0.11759032385800288E+001,-0.74615262541535424E-002)
-0.23561944901923448E+001  0.78539816339744828E+000
( 0.82855943600187265E+000,-0.40396160133180942E-002)
-0.23561944901923448E+001  0.15707963267948966E+001
( 0.26596377778392200E+000, 0.28022542550806056E-002)
-0.23561944901923448E+001  0.23561944901923448E+001
( 0.11150425038518708E+000, 0.23007215320593579E-002)
-0.23561944901923448E+001  0.31415926535897931E+001
( 0.87092870237664100E-001, 0.22780364117853192E-002)
-0.15707963267948966E+001 -0.23561944901923448E+001
( 0.26372880730840653E+000, 0.47333765007845389E-002)
-0.15707963267948966E+001 -0.15707963267948966E+001
( 0.80697471521438369E+000,-0.73295384896172975E-003)
-0.15707963267948966E+001 -0.78539816339744828E+000
( 0.15649529050668063E+001,-0.63395848148965492E-002)
-0.15707963267948966E+001  0.00000000000000000E+000
( 0.17237618570700433E+001,-0.11103558674097905E-001)
-0.15707963267948966E+001  0.78539816339744828E+000
( 0.15674131011803649E+001,-0.10830332123027954E-001)
-0.15707963267948966E+001  0.15707963267948966E+001
( 0.80918884278572945E+000,-0.40450355149633120E-003)
-0.15707963267948966E+001  0.23561944901923448E+001
( 0.25875825637866956E+000, 0.66262716518864784E-002)
-0.15707963267948966E+001  0.31415926535897931E+001
( 0.17425487881410029E+000, 0.68580663834558429E-002)
-0.78539816339744828E+000 -0.23561944901923448E+001
( 0.80895796438778123E+000, 0.59377359063505879E-002)
-0.78539816339744828E+000 -0.15707963267948966E+001
( 0.15639504256849444E+001, 0.11360595712581428E-002)
-0.78539816339744828E+000 -0.78539816339744828E+000
( 0.18361962675780550E+001,-0.44448384216244771E-003)
-0.78539816339744828E+000  0.00000000000000000E+000
( 0.18783551536928824E+001,-0.29368829225463727E-002)
-0.78539816339744828E+000  0.78539816339744828E+000
( 0.18357025645888390E+001,-0.31944483870152375E-002)
-0.78539816339744828E+000  0.15707963267948966E+001
( 0.15564267959347713E+001,-0.54919150680495729E-002)
-0.78539816339744828E+000  0.23561944901923448E+001
( 0.79009169921378009E+000, 0.54229472400930132E-003)
-0.78539816339744828E+000  0.31415926535897931E+001
( 0.50128577853468148E+000, 0.61047550629715636E-002)
 0.00000000000000000E+000 -0.23561944901923448E+001
( 0.11471243123092796E+001, 0.38177955237665442E-002)
 0.00000000000000000E+000 -0.15707963267948966E+001
( 0.17179017647932664E+001, 0.21060919540960643E-002)
 0.00000000000000000E+000 -0.78539816339744828E+000
( 0.18763247483338512E+001, 0.13557213899103421E-002)
 0.00000000000000000E+000  0.00000000000000000E+000
( 0.19040306735215320E+001, 0.00000000000000000E+000)
 0.00000000000000000E+000  0.78539816339744828E+000
( 0.18763247483338512E+001,-0.13557213899103421E-002)
 0.00000000000000000E+000  0.15707963267948966E+001
( 0.17179017647932664E+001,-0.21060919540960643E-002)
 0.00000000000000000E+000  0.23561944901923448E+001
( 0.11471243123092796E+001,-0.38177955237665442E-002)
 0.00000000000000000E+000  0.31415926535897931E+001
( 0.79359498845157905E+000, 0.43588970074679157E-017)
 0.78539816339744828E+000 -0.23561944901923448E+001
( 0.79009169921378009E+000,-0.54229472400930132E-003)
 0.78539816339744828E+000 -0.15707963267948966E+001
( 0.15564267959347713E+001, 0.54919150680495729E-002)
 0.78539816339744828E+000 -0.78539816339744828E+000
( 0.18357025645888390E+001, 0.31944483870152375E-002)
 0.78539816339744828E+000  0.00000000000000000E+000
( 0.18783551536928824E+001, 0.29368829225463727E-002)
 0.78539816339744828E+000  0.78539816339744828E+000
( 0.18361962675780550E+001, 0.44448384216244771E-003)
 0.78539816339744828E+000  0.15707963267948966E+001
( 0.15639504256849444E+001,-0.11360595712581428E-002)
 0.78539816339744828E+000  0.23561944901923448E+001
( 0.80895796438778123E+000,-0.59377359063505879E-002)
 0.78539816339744828E+000  0.31415926535897931E+001
( 0.50128577853468137E+000,-0.61047550629715272E-002)
 0.15707963267948966E+001 -0.23561944901923448E+001
( 0.25875825637866956E+000,-0.66262716518864784E-002)
 0.15707963267948966E+001 -0.15707963267948966E+001
( 0.80918884278572945E+000, 0.40450355149633120E-003)
 0.15707963267948966E+001 -0.78539816339744828E+000
( 0.15674131011803649E+001, 0.10830332123027954E-001)
 0.15707963267948966E+001  0.00000000000000000E+000
( 0.17237618570700433E+001, 0.11103558674097905E-001)
 0.15707963267948966E+001  0.78539816339744828E+000
( 0.15649529050668063E+001, 0.63395848148965492E-002)
 0.15707963267948966E+001  0.15707963267948966E+001
( 0.80697471521438369E+000, 0.73295384896172975E-003)
 0.15707963267948966E+001  0.23561944901923448E+001
( 0.26372880730840653E+000,-0.47333765007845389E-002)
 0.15707963267948966E+001  0.31415926535897931E+001
( 0.17425487881410029E+000,-0.68580663834558585E-002)
 0.23561944901923448E+001 -0.23561944901923448E+001
( 0.11150425038518708E+000,-0.23007215320593579E-002)
 0.23561944901923448E+001 -0.15707963267948966E+001
( 0.26596377778392200E+000,-0.28022542550806056E-002)
 0.23561944901923448E+001 -0.78539816339744828E+000
( 0.82855943600187265E+000, 0.40396160133180942E-002)
 0.23561944901923448E+001  0.00000000000000000E+000
( 0.11759032385800288E+001, 0.74615262541535424E-002)
 0.23561944901923448E+001  0.78539816339744828E+000
( 0.81418264479299141E+000, 0.79506165681350952E-002)
 0.23561944901923448E+001  0.15707963267948966E+001
( 0.26183795812507965E+000, 0.15959383284077880E-002)
 0.23561944901923448E+001  0.23561944901923448E+001
( 0.11267632447137771E+000,-0.50715132143460675E-003)
 0.23561944901923448E+001  0.31415926535897931E+001
( 0.87092870237664100E-001,-0.22780364117853135E-002)
 0.31415926535897931E+001 -0.23561944901923448E+001
( 0.88632528365016922E-001, 0.74585931543389578E-004)
 0.31415926535897931E+001 -0.15707963267948966E+001
( 0.17917126647026316E+000,-0.13412563045525877E-002)
 0.31415926535897931E+001 -0.78539816339744828E+000
( 0.52547906378385534E+000,-0.22978416248652950E-002)
 0.31415926535897931E+001  0.00000000000000000E+000
( 0.82530150892340948E+000, 0.51797920595206693E-017)
 0.31415926535897931E+001  0.78539816339744828E+000
( 0.52547906378385534E+000, 0.22978416248653271E-002)
 0.31415926535897931E+001  0.15707963267948966E+001
( 0.17917126647026316E+000, 0.13412563045525623E-002)
 0.31415926535897931E+001  0.23561944901923448E+001
( 0.88632528365016922E-001,-0.74585931543400853E-004)
 0.31415926535897931E+001  0.31415926535897931E+001
( 0.70786052367324326E-001, 0.36041854405690173E-017)
 0.10000000000000000E+001          1         64
( 0.00000000000000000E+000, 0.00000000000000000E+000)
-0.23561944901923448E+001 -0.23561944901923448E+001
( 0.11036551000847028E+000,-0.12732387948219954E-002)
-0.23561944901923448E+001 -0.15707963267948966E+001
( 0.25798008284105717E+000,-0.42035233986081359E-002)
-0.23561944901923448E+001 -0.78539816339744828E+000
( 0.81403389492591982E+000, 0.41380554385585721E-002)
-0.23561944901923448E+001  0.00000000000000000E+000
( 0.11713996437157248E+001, 0.33150309553738795E-002)
-0.23561944901923448E+001  0.78539816339744828E+000
( 0.81496528807948365E+000,-0.52954804256114939E-003)
-0.23561944901923448E+001  0.15707963267948966E+001
( 0.25978660714525165E+000,-0.69289620445435549E-003)
-0.23561944901923448E+001  0.23561944901923448E+001
( 0.11339282849583893E+000,-0.11480000914511207E-002)
-0.23561944901923448E+001  0.31415926535897931E+001
( 0.88689331839089891E-001,-0.10168643109671617E-002)
-0.15707963267948966E+001 -0.23561944901923448E+001
( 0.25672752457017134E+000,-0.23809544330563055E-002)
-0.15707963267948966E+001 -0.15707963267948966E+001
( 0.81095535887096748E+000, 0.21389434969970654E-003)
-0.15707963267948966E+001 -0.78539816339744828E+000
( 0.15724444737566809E+001, 0.34932052173755547E-002)
-0.15707963267948966E+001  0.00000000000000000E+000
( 0.17299383104759465E+001, 0.36149353429454968E-002)
-0.15707963267948966E+001  0.78539816339744828E+000
( 0.15653673740203304E+001, 0.43327944780451044E-002)
-0.15707963267948966E+001  0.15707963267948966E+001
( 0.80483483039448522E+000, 0.82136574991358946E-003)
-0.15707963267948966E+001  0.23561944901923448E+001
( 0.25913659383626142E+000,-0.27207242275746678E-002)
-0.15707963267948966E+001  0.31415926535897931E+001
( 0.17272708476445364E+000,-0.24894444270694544E-002)
-0.78539816339744828E+000 -0.23561944901923448E+001
( 0.80528377666915341E+000,-0.76135432186913632E-002)
-0.78539816339744828E+000 -0.15707963267948966E+001
( 0.15672233708658914E+001, 0.16939653946171480E-002)
-0.78539816339744828E+000 -0.78539816339744828E+000
( 0.18420905950833055E+001, 0.27282325527084156E-002)
-0.78539816339744828E+000  0.00000000000000000E+000
( 0.18803373318962082E+001, 0.26830803936176697E-002)
-0.78539816339744828E+000  0.78539816339744828E+000
( 0.18387786236251897E+001, 0.28157461953996913E-002)
-0.78539816339744828E+000  0.15707963267948966E+001
( 0.15624111585139724E+001, 0.19164415401842663E-002)
-0.78539816339744828E+000  0.23561944901923448E+001
( 0.79624451918756434E+000,-0.25452825176436097E-002)
-0.78539816339744828E+000  0.31415926535897931E+001
( 0.50241630449094121E+000,-0.62134946646499253E-002)
 0.00000000000000000E+000 -0.23561944901923448E+001
( 0.11566009095226295E+001,-0.17314617788088990E-002)
 0.00000000000000000E+000 -0.15707963267948966E+001
( 0.17244372083524617E+001,-0.20590751870848986E-003)
 0.00000000000000000E+000 -0.78539816339744828E+000
( 0.18793681563314826E+001,-0.50163904111704761E-003)
 0.00000000000000000E+000  0.00000000000000000E+000
( 0.19051192280039921E+001, 0.00000000000000000E+000)
 0.00000000000000000E+000  0.78539816339744828E+000
( 0.18793681563314826E+001, 0.50163904111704761E-003)
 0.00000000000000000E+000  0.15707963267948966E+001
( 0.17244372083524617E+001, 0.20590751870848986E-003)
 0.00000000000000000E+000  0.23561944901923448E+001
( 0.11566009095226295E+001, 0.17314617788088990E-002)
 0.00000000000000000E+000  0.31415926535897931E+001
( 0.79511862694882218E+000, 0.52377000586986441E-017)
 0.78539816339744828E+000 -0.23561944901923448E+001
( 0.79624451918756434E+000, 0.25452825176436097E-002)
 0.78539816339744828E+000 -0.15707963267948966E+001
( 0.15624111585139724E+001,-0.19164415401842663E-002)
 0.78539816339744828E+000 -0.78539816339744828E+000
( 0.18387786236251897E+001,-0.28157461953996913E-002)
 0.78539816339744828E+000  0.00000000000000000E+000
( 0.18803373318962082E+001,-0.26830803936176697E-002)
 0.78539816339744828E+000  0.78539816339744828E+000
( 0.18420905950833055E+001,-0.27282325527084156E-002)
 0.78539816339744828E+000  0.15707963267948966E+001
( 0.15672233708658914E+001,-0.16939653946171480E-002)
 0.78539816339744828E+000  0.23561944901923448E+001
( 0.80528377666915341E+000, 0.76135432186913632E-002)
 0.78539816339744828E+000  0.31415926535897931E+001
( 0.50241630449094121E+000, 0.62134946646499488E-002)
 0.15707963267948966E+001 -0.23561944901923448E+001
( 0.25913659383626142E+000, 0.27207242275746678E-002)
 0.15707963267948966E+001 -0.15707963267948966E+001
( 0.80483483039448522E+000,-0.82136574991358946E-003)
 0.15707963267948966E+001 -0.78539816339744828E+000
( 0.15653673740203304E+001,-0.43327944780451044E-002)
 0.15707963267948966E+001  0.00000000000000000E+000
( 0.17299383104759465E+001,-0.36149353429454968E-002)
 0.15707963267948966E+001  0.78539816339744828E+000
( 0.15724444737566809E+001,-0.34932052173755547E-002)
 0.15707963267948966E+001  0.15707963267948966E+001
( 0.81095535887096748E+000,-0.21389434969970654E-003)
 0.15707963267948966E+001  0.23561944901923448E+001
( 0.25672752457017134E+000, 0.23809544330563055E-002)
 0.15707963267948966E+001  0.31415926535897931E+001
( 0.17272708476445353E+000, 0.24894444270694266E-002)
 0.23561944901923448E+001 -0.23561944901923448E+001
( 0.11339282849583893E+000, 0.11480000914511207E-002)
 0.23561944901923448E+001 -0.15707963267948966E+001
( 0.25978660714525165E+000, 0.69289620445435549E-003)
 0.23561944901923448E+001 -0.78539816339744828E+000
( 0.81496528807948365E+000, 0.52954804256114939E-003)
 0.23561944901923448E+001  0.00000000000000000E+000
( 0.11713996437157248E+001,-0.33150309553738795E-002)
 0.23561944901923448E+001  0.78539816339744828E+000
( 0.81403389492591982E+000,-0.41380554385585721E-002)
 0.23561944901923448E+001  0.15707963267948966E+001
( 0.25798008284105717E+000, 0.42035233986081359E-002)
 0.23561944901923448E+001  0.23561944901923448E+001
( 0.11036551000847028E+000, 0.12732387948219954E-002)
 0.23561944901923448E+001  0.31415926535897931E+001
( 0.88689331839089891E-001, 0.10168643109671391E-002)
 0.31415926535897931E+001 -0.23561944901923448E+001
( 0.88619952261755036E-001, 0.39514313500763716E-003)
 0.31415926535897931E+001 -0.15707963267948966E+001
( 0.17329986874533448E+000,-0.19034279382651887E-002)
 0.31415926535897931E+001 -0.78539816339744828E+000
( 0.51379626031670167E+000,-0.77713359537239478E-003)
 0.31415926535897931E+001  0.00000000000000000E+000
( 0.81905134361919929E+000, 0.42601782125769603E-017)
 0.31415926535897931E+001  0.78539816339744828E+000
( 0.51379626031670167E+000, 0.77713359537241603E-003)
 0.31415926535897931E+001  0.15707963267948966E+001
( 0.17329986874533448E+000, 0.19034279382651770E-002)
 0.31415926535897931E+001  0.23561944901923448E+001
( 0.88619952261755119E-001,-0.39514313500761331E-003)
 0.31415926535897931E+001  0.31415926535897931E+001
( 0.72621153652802806E-001, 0.39451937732211538E-017)
 0.10000000000000000E+001          1         64
( 0.00000000000000000E+000, 0.00000000000000000E+000)
-0.23561944901923448E+001 -0.23561944901923448E+001
( 0.10704025151450841E+000, 0.14642085421632655E-003)
-0.23561944901923448E+001 -0.15707963267948966E+001
( 0.25181270111624365E+000, 0.26195489903002101E-003)
-0.23561944901923448E+001 -0.78539816339744828E+000
( 0.80754393060834095E+000, 0.98891076812983574E-003)
-0.23561944901923448E+001  0.00000000000000000E+000
( 0.11699640682265582E+001, 0.30596696484728710E-002)
-0.23561944901923448E+001  0.78539816339744828E+000
( 0.80888627302853755E+000, 0.14670488300437155E-003)
-0.23561944901923448E+001  0.15707963267948966E+001
( 0.25217499771440810E+000,-0.15292773140187303E-003)
-0.23561944901923448E+001  0.23561944901923448E+001
( 0.10614195060921272E+000,-0.12263132345070758E-002)
-0.23561944901923448E+001  0.31415926535897931E+001
( 0.84401935249288296E-001,-0.80091720934855884E-003)
-0.15707963267948966E+001 -0.23561944901923448E+001
( 0.25603600676511140E+000, 0.63618929647505425E-003)
-0.15707963267948966E+001 -0.15707963267948966E+001
( 0.80869469855195841E+000, 0.13461099165114404E-002)
-0.15707963267948966E+001 -0.78539816339744828E+000
( 0.15742474626116141E+001,-0.10235013373613121E-002)
-0.15707963267948966E+001  0.00000000000000000E+000
( 0.17340626702458473E+001, 0.15301102289472532E-002)
-0.15707963267948966E+001  0.78539816339744828E+000
( 0.15755076286793293E+001, 0.31939442718445068E-002)
-0.15707963267948966E+001  0.15707963267948966E+001
( 0.81010297740844439E+000, 0.20870584564725196E-002)
-0.15707963267948966E+001  0.23561944901923448E+001
( 0.25476368437023134E+000,-0.19486012406156770E-002)
-0.15707963267948966E+001  0.31415926535897931E+001
( 0.16877430975411034E+000,-0.16469357138694421E-002)
-0.78539816339744828E+000 -0.23561944901923448E+001
( 0.80964326585364554E+000,-0.34681656426860811E-002)
-0.78539816339744828E+000 -0.15707963267948966E+001
( 0.15780717868616423E+001,-0.11365973895457984E-002)
-0.78539816339744828E+000 -0.78539816339744828E+000
( 0.18467482590310851E+001, 0.60366389562276903E-003)
-0.78539816339744828E+000  0.00000000000000000E+000
( 0.18858675638908287E+001, 0.14175038619008810E-002)
-0.78539816339744828E+000  0.78539816339744828E+000
( 0.18481865742887396E+001, 0.20811096582472269E-002)
-0.78539816339744828E+000  0.15707963267948966E+001
( 0.15770181885105934E+001, 0.13793028206291154E-002)
-0.78539816339744828E+000  0.23561944901923448E+001
( 0.80984711979139323E+000,-0.26107800704525640E-002)
-0.78539816339744828E+000  0.31415926535897931E+001
( 0.50308408946738026E+000,-0.53040845888627629E-002)
 0.00000000000000000E+000 -0.23561944901923448E+001
( 0.11678997767852826E+001,-0.29919973084261008E-002)
 0.00000000000000000E+000 -0.15707963267948966E+001
( 0.17326918113252987E+001,-0.27333976399812974E-002)
 0.00000000000000000E+000 -0.78539816339744828E+000
( 0.18860844745054373E+001, 0.72226718046937378E-003)
 0.00000000000000000E+000  0.00000000000000000E+000
( 0.19101157968498654E+001, 0.00000000000000000E+000)
 0.00000000000000000E+000  0.78539816339744828E+000
( 0.18860844745054373E+001,-0.72226718046937378E-003)
 0.00000000000000000E+000  0.15707963267948966E+001
( 0.17326918113252987E+001, 0.27333976399812974E-002)
 0.00000000000000000E+000  0.23561944901923448E+001
( 0.11678997767852826E+001, 0.29919973084261008E-002)
 0.00000000000000000E+000  0.31415926535897931E+001
( 0.80187650143718114E+000, 0.47631974911065854E-017)
 0.78539816339744828E+000 -0.23561944901923448E+001
( 0.80984711979139323E+000, 0.26107800704525640E-002)
 0.78539816339744828E+000 -0.15707963267948966E+001
( 0.15770181885105934E+001,-0.13793028206291154E-002)
 0.78539816339744828E+000 -0.78539816339744828E+000
( 0.18481865742887396E+001,-0.20811096582472269E-002)
 0.78539816339744828E+000  0.00000000000000000E+000
( 0.18858675638908287E+001,-0.14175038619008810E-002)
 0.78539816339744828E+000  0.78539816339744828E+000
( 0.18467482590310851E+001,-0.60366389562276903E-003)
 0.78539816339744828E+000  0.15707963267948966E+001
( 0.15780717868616423E+001, 0.11365973895457984E-002)
 0.78539816339744828E+000  0.23561944901923448E+001
( 0.80964326585364554E+000, 0.34681656426860811E-002)
 0.78539816339744828E+000  0.31415926535897931E+001
( 0.50308408946738026E+000, 0.53040845888627742E-002)
 0.15707963267948966E+001 -0.23561944901923448E+001
( 0.25476368437023134E+000, 0.19486012406156770E-002)
 0.15707963267948966E+001 -0.15707963267948966E+001
( 0.81010297740844439E+000,-0.20870584564725196E-002)
 0.15707963267948966E+001 -0.78539816339744828E+000
( 0.15755076286793293E+001,-0.31939442718445068E-002)
 0.15707963267948966E+001  0.00000000000000000E+000
( 0.17340626702458473E+001,-0.15301102289472532E-002)
 0.15707963267948966E+001  0.78539816339744828E+000
( 0.15742474626116141E+001, 0.10235013373613121E-002)
 0.15707963267948966E+001  0.15707963267948966E+001
( 0.80869469855195841E+000,-0.13461099165114404E-002)
 0.15707963267948966E+001  0.23561944901923448E+001
( 0.25603600676511140E+000,-0.63618929647505425E-003)
 0.15707963267948966E+001  0.31415926535897931E+001
( 0.16877430975411034E+000, 0.16469357138694293E-002)
 0.23561944901923448E+001 -0.23561944901923448E+001
( 0.10614195060921272E+000, 0.12263132345070758E-002)
 0.23561944901923448E+001 -0.15707963267948966E+001
( 0.25217499771440810E+000, 0.15292773140187303E-003)
 0.23561944901923448E+001 -0.78539816339744828E+000
( 0.80888627302853755E+000,-0.14670488300437155E-003)
 0.23561944901923448E+001  0.00000000000000000E+000
( 0.11699640682265582E+001,-0.30596696484728710E-002)
 0.23561944901923448E+001  0.78539816339744828E+000
( 0.80754393060834095E+000,-0.98891076812983574E-003)
 0.23561944901923448E+001  0.15707963267948966E+001
( 0.25181270111624365E+000,-0.26195489903002101E-003)
 0.23561944901923448E+001  0.23561944901923448E+001
( 0.10704025151450841E+000,-0.14642085421632655E-003)
 0.23561944901923448E+001  0.31415926535897931E+001
( 0.84401935249288185E-001, 0.80091720934855016E-003)
 0.31415926535897931E+001 -0.23561944901923448E+001
( 0.83444981793008133E-001,-0.17211384985734227E-003)
 0.31415926535897931E+001 -0.15707963267948966E+001
( 0.16871240976725571E+000, 0.62508855342756798E-003)
 0.31415926535897931E+001 -0.78539816339744828E+000
( 0.50447768915267988E+000, 0.24514594018804408E-002)
 0.31415926535897931E+001  0.00000000000000000E+000
( 0.81189995024713402E+000, 0.40162508074993054E-017)
 0.31415926535897931E+001  0.78539816339744828E+000
( 0.50447768915267988E+000,-0.24514594018804287E-002)
 0.31415926535897931E+001  0.15707963267948966E+001
( 0.16871240976725571E+000,-0.62508855342758283E-003)
 0.31415926535897931E+001  0.23561944901923448E+001
( 0.83444981793008244E-001, 0.17211384985735918E-003)
 0.31415926535897931E+001  0.31415926535897931E+001
( 0.68855448655338047E-001, 0.49390681435003595E-017)
 0.10000000000000000E+001          1         64
( 0.00000000000000000E+000, 0.00000000000000000E+000)
-0.23561944901923448E+001 -0.23561944901923448E+001
( 0.10717261454282306E+000,-0.55210134081261786E-003)
-0.23561944901923448E+001 -0.15707963267948966E+001
( 0.25219215073278073E+000,-0.50985961792614015E-003)
-0.23561944901923448E+001 -0.78539816339744828E+000
( 0.81560881102350069E+000, 0.33929150520832134E-002)
-0.23561944901923448E+001  0.00000000000000000E+000
( 0.11752451689638841E+001, 0.98345479245034451E-002)
-0.23561944901923448E+001  0.78539816339744828E+000
( 0.81226277474476394E+000, 0.80707597220037036E-002)
-0.23561944901923448E+001  0.15707963267948966E+001
( 0.24906955105903025E+000,-0.12963703768477761E-002)
-0.23561944901923448E+001  0.23561944901923448E+001
( 0.10422501411856122E+000,-0.15171415442192058E-002)
-0.23561944901923448E+001  0.31415926535897931E+001
( 0.82840428741282612E-001,-0.65373057885765706E-003)
-0.15707963267948966E+001 -0.23561944901923448E+001
( 0.25163508534768120E+000,-0.25838398751769787E-002)
-0.15707963267948966E+001 -0.15707963267948966E+001
( 0.80992765354740071E+000, 0.36833511476533977E-003)
-0.15707963267948966E+001 -0.78539816339744828E+000
( 0.15782098176617247E+001, 0.65745254439981025E-002)
-0.15707963267948966E+001  0.00000000000000000E+000
( 0.17327287747888958E+001, 0.68653213474052848E-002)
-0.15707963267948966E+001  0.78539816339744828E+000
( 0.15788838470168698E+001, 0.68354381733997192E-002)
-0.15707963267948966E+001  0.15707963267948966E+001
( 0.81034264985099802E+000, 0.56866033287028268E-003)
-0.15707963267948966E+001  0.23561944901923448E+001
( 0.25134920254643067E+000,-0.40793800598927822E-002)
-0.15707963267948966E+001  0.31415926535897931E+001
( 0.16855478290269255E+000,-0.43861067644403737E-002)
-0.78539816339744828E+000 -0.23561944901923448E+001
( 0.79693403160139398E+000,-0.26123323663527348E-002)
-0.78539816339744828E+000 -0.15707963267948966E+001
( 0.15788338515353539E+001, 0.87989221587158922E-003)
-0.78539816339744828E+000 -0.78539816339744828E+000
( 0.18456438807093758E+001, 0.16947471081313796E-002)
-0.78539816339744828E+000  0.00000000000000000E+000
( 0.18858034343546626E+001, 0.91635190995587729E-003)
-0.78539816339744828E+000  0.78539816339744828E+000
( 0.18506555194872183E+001, 0.15767074867341834E-002)
-0.78539816339744828E+000  0.15707963267948966E+001
( 0.15822933680446296E+001, 0.27938242369631282E-002)
-0.78539816339744828E+000  0.23561944901923448E+001
( 0.80722344590812189E+000,-0.51481663950576689E-002)
-0.78539816339744828E+000  0.31415926535897931E+001
( 0.49752731221218371E+000,-0.69617206067759084E-002)
 0.00000000000000000E+000 -0.23561944901923448E+001
( 0.11562919037779706E+001,-0.34412516956724153E-002)
 0.00000000000000000E+000 -0.15707963267948966E+001
( 0.17340519383754989E+001,-0.87069998666428831E-003)
 0.00000000000000000E+000 -0.78539816339744828E+000
( 0.18857385646969120E+001,-0.10038281849179013E-002)
 0.00000000000000000E+000  0.00000000000000000E+000
( 0.19118291742513582E+001, 0.00000000000000000E+000)
 0.00000000000000000E+000  0.78539816339744828E+000
( 0.18857385646969120E+001, 0.10038281849179013E-002)
 0.00000000000000000E+000  0.15707963267948966E+001
( 0.17340519383754989E+001, 0.87069998666428831E-003)
 0.00000000000000000E+000  0.23561944901923448E+001
( 0.11562919037779706E+001, 0.34412516956724153E-002)
 0.00000000000000000E+000  0.31415926535897931E+001
( 0.79220155717216867E+000, 0.63546740412301104E-017)
 0.78539816339744828E+000 -0.23561944901923448E+001
( 0.80722344590812189E+000, 0.51481663950576689E-002)
 0.78539816339744828E+000 -0.15707963267948966E+001
( 0.15822933680446296E+001,-0.27938242369631282E-002)
 0.78539816339744828E+000 -0.78539816339744828E+000
( 0.18506555194872183E+001,-0.15767074867341834E-002)
 0.78539816339744828E+000  0.00000000000000000E+000
( 0.18858034343546626E+001,-0.91635190995587729E-003)
 0.78539816339744828E+000  0.78539816339744828E+000
( 0.18456438807093758E+001,-0.16947471081313796E-002)
 0.78539816339744828E+000  0.15707963267948966E+001
( 0.15788338515353539E+001,-0.87989221587158922E-003)
 0.78539816339744828E+000  0.23561944901923448E+001
( 0.79693403160139398E+000, 0.26123323663527348E-002)
 0.78539816339744828E+000  0.31415926535897931E+001
( 0.49752731221218394E+000, 0.69617206067758850E-002)
 0.15707963267948966E+001 -0.23561944901923448E+001
( 0.25134920254643067E+000, 0.40793800598927822E-002)
 0.15707963267948966E+001 -0.15707963267948966E+001
( 0.81034264985099802E+000,-0.56866033287028268E-003)
 0.15707963267948966E+001 -0.78539816339744828E+000
( 0.15788838470168698E+001,-0.68354381733997192E-002)
 0.15707963267948966E+001  0.00000000000000000E+000
( 0.17327287747888958E+001,-0.68653213474052848E-002)
 0.15707963267948966E+001  0.78539816339744828E+000
( 0.15782098176617247E+001,-0.65745254439981025E-002)
 0.15707963267948966E+001  0.15707963267948966E+001
( 0.80992765354740071E+000,-0.36833511476533977E-003)
 0.15707963267948966E+001  0.23561944901923448E+001
( 0.25163508534768120E+000, 0.25838398751769787E-002)
 0.15707963267948966E+001  0.31415926535897931E+001
( 0.16855478290269255E+000, 0.43861067644403832E-002)
 0.23561944901923448E+001 -0.23561944901923448E+001
( 0.10422501411856122E+000, 0.15171415442192058E-002)
 0.23561944901923448E+001 -0.15707963267948966E+001
( 0.24906955105903025E+000, 0.12963703768477761E-002)
 0.23561944901923448E+001 -0.78539816339744828E+000
( 0.81226277474476394E+000,-0.80707597220037036E-002)
 0.23561944901923448E+001  0.00000000000000000E+000
( 0.11752451689638841E+001,-0.98345479245034451E-002)
 0.23561944901923448E+001  0.78539816339744828E+000
( 0.81560881102350069E+000,-0.33929150520832134E-002)
 0.23561944901923448E+001  0.15707963267948966E+001
( 0.25219215073278073E+000, 0.50985961792614015E-003)
 0.23561944901923448E+001  0.23561944901923448E+001
( 0.10717261454282306E+000, 0.55210134081261786E-003)
 0.23561944901923448E+001  0.31415926535897931E+001
( 0.82840428741282723E-001, 0.65373057885766920E-003)
 0.31415926535897931E+001 -0.23561944901923448E+001
( 0.83249161683636691E-001, 0.80321305336973495E-003)
 0.31415926535897931E+001 -0.15707963267948966E+001
( 0.16772975768762532E+000, 0.10291354670305790E-002)
 0.31415926535897931E+001 -0.78539816339744828E+000
( 0.51279405410046741E+000, 0.17908517324991945E-003)
 0.31415926535897931E+001  0.00000000000000000E+000
( 0.82234404561445174E+000, 0.26341954725311658E-017)
 0.31415926535897931E+001  0.78539816339744828E+000
( 0.51279405410046741E+000,-0.17908517324989777E-003)
 0.31415926535897931E+001  0.15707963267948966E+001
( 0.16772975768762532E+000,-0.10291354670305748E-002)
 0.31415926535897931E+001  0.23561944901923448E+001
( 0.83249161683636747E-001,-0.80321305336972584E-003)
 0.31415926535897931E+001  0.31415926535897931E+001
( 0.66347683358819520E-001, 0.39905941699380563E-017)
 0.10000000000000000E+001          1         64
( 0.00000000000000000E+000, 0.00000000000000000E+000)
-0.23561944901923448E+001 -0.23561944901923448E+001
( 0.11381471140681920E+000,-0.95582557331167417E-003)
-0.23561944901923448E+001 -0.15707963267948966E+001
( 0.26431823570958346E+000, 0.19232616902262907E-002)
-0.23561944901923448E+001 -0.78539816339744828E+000
( 0.80748470262792316E+000, 0.52199829963979691E-002)
-0.23561944901923448E+001  0.00000000000000000E+000
( 0.11567762590111448E+001, 0.50715487741559715E-002)
-0.23561944901923448E+001  0.78539816339744828E+000
( 0.81765062848108117E+000, 0.46176289745154635E-002)
-0.23561944901923448E+001  0.15707963267948966E+001
( 0.26758723371492382E+000,-0.93497700656393443E-003)
-0.23561944901923448E+001  0.23561944901923448E+001
( 0.11187763886804214E+000,-0.13345852251711292E-002)
-0.23561944901923448E+001  0.31415926535897931E+001
( 0.88823396708946567E-001,-0.21704040991051194E-002)
-0.15707963267948966E+001 -0.23561944901923448E+001
( 0.26207305725551877E+000,-0.10497540351214591E-002)
-0.15707963267948966E+001 -0.15707963267948966E+001
( 0.80706418584298123E+000,-0.20090977310356574E-003)
-0.15707963267948966E+001 -0.78539816339744828E+000
( 0.15597976486864673E+001, 0.23894199901126974E-002)
-0.15707963267948966E+001  0.00000000000000000E+000
( 0.17166518342229611E+001, 0.57952229324232957E-003)
-0.15707963267948966E+001  0.78539816339744828E+000
( 0.15584529652415724E+001, 0.36664409841587389E-002)
-0.15707963267948966E+001  0.15707963267948966E+001
( 0.80859002369200017E+000, 0.24886078557812925E-002)
-0.15707963267948966E+001  0.23561944901923448E+001
( 0.26347050581296527E+000,-0.52834606841294139E-003)
-0.15707963267948966E+001  0.31415926535897931E+001
( 0.18006902298005578E+000,-0.84089284449790139E-004)
-0.78539816339744828E+000 -0.23561944901923448E+001
( 0.80555014075412157E+000,-0.27285649769757613E-002)
-0.78539816339744828E+000 -0.15707963267948966E+001
( 0.15607186675987101E+001,-0.21341361193797652E-002)
-0.78539816339744828E+000 -0.78539816339744828E+000
( 0.18369464983921533E+001, 0.17191205097894318E-002)
-0.78539816339744828E+000  0.00000000000000000E+000
( 0.18772924343314559E+001, 0.29328389296927847E-002)
-0.78539816339744828E+000  0.78539816339744828E+000
( 0.18364797020580041E+001, 0.30414134810381995E-002)
-0.78539816339744828E+000  0.15707963267948966E+001
( 0.15549897864377813E+001, 0.22499322968451293E-002)
-0.78539816339744828E+000  0.23561944901923448E+001
( 0.79914326246568812E+000,-0.46453952236018706E-002)
-0.78539816339744828E+000  0.31415926535897931E+001
( 0.51197609233741825E+000,-0.23228728853410346E-002)
 0.00000000000000000E+000 -0.23561944901923448E+001
( 0.11515047676524426E+001,-0.18007436235313312E-002)
 0.00000000000000000E+000 -0.15707963267948966E+001
( 0.17173701017394762E+001,-0.34581841878280435E-002)
 0.00000000000000000E+000 -0.78539816339744828E+000
( 0.18779014230240345E+001,-0.11192616579982998E-002)
 0.00000000000000000E+000  0.00000000000000000E+000
( 0.19040254944504114E+001, 0.00000000000000000E+000)
 0.00000000000000000E+000  0.78539816339744828E+000
( 0.18779014230240345E+001, 0.11192616579982998E-002)
 0.00000000000000000E+000  0.15707963267948966E+001
( 0.17173701017394762E+001, 0.34581841878280435E-002)
 0.00000000000000000E+000  0.23561944901923448E+001
( 0.11515047676524426E+001, 0.18007436235313312E-002)
 0.00000000000000000E+000  0.31415926535897931E+001
( 0.80724702368846146E+000, 0.55051521821808534E-017)
 0.78539816339744828E+000 -0.23561944901923448E+001
( 0.79914326246568812E+000, 0.46453952236018706E-002)
 0.78539816339744828E+000 -0.15707963267948966E+001
( 0.15549897864377813E+001,-0.22499322968451293E-002)
 0.78539816339744828E+000 -0.78539816339744828E+000
( 0.18364797020580041E+001,-0.30414134810381995E-002)
 0.78539816339744828E+000  0.00000000000000000E+000
( 0.18772924343314559E+001,-0.29328389296927847E-002)
 0.78539816339744828E+000  0.78539816339744828E+000
( 0.18369464983921533E+001,-0.17191205097894318E-002)
 0.78539816339744828E+000  0.15707963267948966E+001
( 0.15607186675987101E+001, 0.21341361193797652E-002)
 0.78539816339744828E+000  0.23561944901923448E+001
( 0.80555014075412157E+000, 0.27285649769757613E-002)
 0.78539816339744828E+000  0.31415926535897931E+001
( 0.51197609233741848E+000, 0.23228728853410463E-002)
 0.15707963267948966E+001 -0.23561944901923448E+001
( 0.26347050581296527E+000, 0.52834606841294139E-003)
 0.15707963267948966E+001 -0.15707963267948966E+001
( 0.80859002369200017E+000,-0.24886078557812925E-002)
 0.15707963267948966E+001 -0.78539816339744828E+000
( 0.15584529652415724E+001,-0.36664409841587389E-002)
 0.15707963267948966E+001  0.00000000000000000E+000
( 0.17166518342229611E+001,-0.57952229324232957E-003)
 0.15707963267948966E+001  0.78539816339744828E+000
( 0.15597976486864673E+001,-0.23894199901126974E-002)
 0.15707963267948966E+001  0.15707963267948966E+001
( 0.80706418584298123E+000, 0.20090977310356574E-003)
 0.15707963267948966E+001  0.23561944901923448E+001
( 0.26207305725551877E+000, 0.10497540351214591E-002)
 0.15707963267948966E+001  0.31415926535897931E+001
( 0.18006902298005578E+000, 0.84089284449736579E-004)
 0.23561944901923448E+001 -0.23561944901923448E+001
( 0.11187763886804214E+000, 0.13345852251711292E-002)
 0.23561944901923448E+001 -0.15707963267948966E+001
( 0.26758723371492382E+000, 0.93497700656393443E-003)
 0.23561944901923448E+001 -0.78539816339744828E+000
( 0.81765062848108117E+000,-0.46176289745154635E-002)
 0.23561944901923448E+001  0.00000000000000000E+000
( 0.11567762590111448E+001,-0.50715487741559715E-002)
 0.23561944901923448E+001  0.78539816339744828E+000
( 0.80748470262792316E+000,-0.52199829963979691E-002)
 0.23561944901923448E+001  0.15707963267948966E+001
( 0.26431823570958346E+000,-0.19232616902262907E-002)
 0.23561944901923448E+001  0.23561944901923448E+001
( 0.11381471140681920E+000, 0.95582557331167417E-003)
 0.23561944901923448E+001  0.31415926535897931E+001
( 0.88823396708946567E-001, 0.21704040991050982E-002)
 0.31415926535897931E+001 -0.23561944901923448E+001
( 0.88772595394175091E-001, 0.27977145682519296E-003)
 0.31415926535897931E+001 -0.15707963267948966E+001
( 0.17912033955537796E+000, 0.13663731983425628E-002)
 0.31415926535897931E+001 -0.78539816339744828E+000
( 0.51714246210711745E+000,-0.16222878061842778E-002)
 0.31415926535897931E+001  0.00000000000000000E+000
( 0.81107384849807795E+000, 0.33376170129766695E-017)
 0.31415926535897931E+001  0.78539816339744828E+000
( 0.51714246210711745E+000, 0.16222878061843216E-002)
 0.31415926535897931E+001  0.15707963267948966E+001
( 0.17912033955537796E+000,-0.13663731983425188E-002)
 0.31415926535897931E+001  0.23561944901923448E+001
( 0.88772595394175091E-001,-0.27977145682520034E-003)
 0.31415926535897931E+001  0.31415926535897931E+001
( 0.71380573401392533E-001, 0.49594079850451046E-017)
 0.10000000000000000E+001          1         64
( 0.00000000000000000E+000, 0.00000000000000000E+000)
-0.23561944901923448E+001 -0.23561944901923448E+001
( 0.11220938997414681E+000, 0.71081830173580583E-003)
-0.23561944901923448E+001 -0.15707963267948966E+001
( 0.25639313470964137E+000, 0.11523351178447439E-002)
-0.23561944901923448E+001 -0.78539816339744828E+000
( 0.80323267159772505E+000,-0.69259369457436619E-002)
-0.23561944901923448E+001  0.00000000000000000E+000
( 0.11639460468791281E+001,-0.93691718000002578E-002)
-0.23561944901923448E+001  0.78539816339744828E+000
( 0.81430428614621353E+000,-0.62099258371502344E-002)
-0.23561944901923448E+001  0.15707963267948966E+001
( 0.26024676324219226E+000,-0.18470818404886090E-003)
-0.23561944901923448E+001  0.23561944901923448E+001
( 0.11116426799412188E+000, 0.70040520116622070E-003)
-0.23561944901923448E+001  0.31415926535897931E+001
( 0.89784276857554635E-001,-0.42658861425888192E-005)
-0.15707963267948966E+001 -0.23561944901923448E+001
( 0.26143947114141353E+000, 0.39341762839760017E-002)
-0.15707963267948966E+001 -0.15707963267948966E+001
( 0.80686600689608312E+000, 0.84230670702515730E-003)
-0.15707963267948966E+001 -0.78539816339744828E+000
( 0.15654953602518242E+001,-0.40152431302580326E-002)
-0.15707963267948966E+001  0.00000000000000000E+000
( 0.17247741687396596E+001,-0.42480386478501815E-002)
-0.15707963267948966E+001  0.78539816339744828E+000
( 0.15689965277442579E+001,-0.48696608079581323E-002)
-0.15707963267948966E+001  0.15707963267948966E+001
( 0.80603627430894209E+000, 0.14929512473335477E-002)
-0.15707963267948966E+001  0.23561944901923448E+001
( 0.25683511489922572E+000, 0.40769026658592404E-002)
-0.15707963267948966E+001  0.31415926535897931E+001
( 0.17505015758568410E+000, 0.46667774071524025E-002)
-0.78539816339744828E+000 -0.23561944901923448E+001
( 0.81087448720445987E+000, 0.83555462422460220E-002)
-0.78539816339744828E+000 -0.15707963267948966E+001
( 0.15691685649978029E+001, 0.74707058136859938E-003)
-0.78539816339744828E+000 -0.78539816339744828E+000
( 0.18399423169600175E+001,-0.11823434435179496E-002)
-0.78539816339744828E+000  0.00000000000000000E+000
( 0.18783869475305159E+001, 0.29176207002457565E-003)
-0.78539816339744828E+000  0.78539816339744828E+000
( 0.18384389030106403E+001, 0.17752072750284661E-003)
-0.78539816339744828E+000  0.15707963267948966E+001
( 0.15642858269026405E+001,-0.19740455674853468E-003)
-0.78539816339744828E+000  0.23561944901923448E+001
( 0.80043450308483977E+000, 0.74768872362074804E-002)
-0.78539816339744828E+000  0.31415926535897931E+001
( 0.50665626519661244E+000, 0.81050175508124746E-002)
 0.00000000000000000E+000 -0.23561944901923448E+001
( 0.11589224281702171E+001, 0.21050577872716281E-002)
 0.00000000000000000E+000 -0.15707963267948966E+001
( 0.17273314399671669E+001, 0.21286408990292419E-002)
 0.00000000000000000E+000 -0.78539816339744828E+000
( 0.18792004595519500E+001,-0.26993261648970441E-003)
 0.00000000000000000E+000  0.00000000000000000E+000
( 0.19040486252787243E+001, 0.00000000000000000E+000)
 0.00000000000000000E+000  0.78539816339744828E+000
( 0.18792004595519500E+001, 0.26993261648970441E-003)
 0.00000000000000000E+000  0.15707963267948966E+001
( 0.17273314399671669E+001,-0.21286408990292419E-002)
 0.00000000000000000E+000  0.23561944901923448E+001
( 0.11589224281702171E+001,-0.21050577872716281E-002)
 0.00000000000000000E+000  0.31415926535897931E+001
( 0.80456740479604638E+000, 0.49812458188634199E-017)
 0.78539816339744828E+000 -0.23561944901923448E+001
( 0.80043450308483977E+000,-0.74768872362074804E-002)
 0.78539816339744828E+000 -0.15707963267948966E+001
( 0.15642858269026405E+001, 0.19740455674853468E-003)
 0.78539816339744828E+000 -0.78539816339744828E+000
( 0.18384389030106403E+001,-0.17752072750284661E-003)
 0.78539816339744828E+000  0.00000000000000000E+000
( 0.18783869475305159E+001,-0.29176207002457565E-003)
 0.78539816339744828E+000  0.78539816339744828E+000
( 0.18399423169600175E+001, 0.11823434435179496E-002)
 0.78539816339744828E+000  0.15707963267948966E+001
( 0.15691685649978029E+001,-0.74707058136859938E-003)
 0.78539816339744828E+000  0.23561944901923448E+001
( 0.81087448720445987E+000,-0.83555462422460220E-002)
 0.78539816339744828E+000  0.31415926535897931E+001
( 0.50665626519661244E+000,-0.81050175508124468E-002)
 0.15707963267948966E+001 -0.23561944901923448E+001
( 0.25683511489922572E+000,-0.40769026658592404E-002)
 0.15707963267948966E+001 -0.15707963267948966E+001
( 0.80603627430894209E+000,-0.14929512473335477E-002)
 0.15707963267948966E+001 -0.78539816339744828E+000
( 0.15689965277442579E+001, 0.48696608079581323E-002)
 0.15707963267948966E+001  0.00000000000000000E+000
( 0.17247741687396596E+001, 0.42480386478501815E-002)
 0.15707963267948966E+001  0.78539816339744828E+000
( 0.15654953602518242E+001, 0.40152431302580326E-002)
 0.15707963267948966E+001  0.15707963267948966E+001
( 0.80686600689608312E+000,-0.84230670702515730E-003)
 0.15707963267948966E+001  0.23561944901923448E+001
( 0.26143947114141353E+000,-0.39341762839760017E-002)
 0.15707963267948966E+001  0.31415926535897931E+001
( 0.17505015758568410E+000,-0.46667774071523730E-002)
 0.23561944901923448E+001 -0.23561944901923448E+001
( 0.11116426799412188E+000,-0.70040520116622070E-003)
 0.23561944901923448E+001 -0.15707963267948966E+001
( 0.26024676324219226E+000, 0.18470818404886090E-003)
 0.23561944901923448E+001 -0.78539816339744828E+000
( 0.81430428614621353E+000, 0.62099258371502344E-002)
 0.23561944901923448E+001  0.00000000000000000E+000
( 0.11639460468791281E+001, 0.93691718000002578E-002)
 0.23561944901923448E+001  0.78539816339744828E+000
( 0.80323267159772505E+000, 0.69259369457436619E-002)
 0.23561944901923448E+001  0.15707963267948966E+001
( 0.25639313470964137E+000,-0.11523351178447439E-002)
 0.23561944901923448E+001  0.23561944901923448E+001
( 0.11220938997414681E+000,-0.71081830173580583E-003)
 0.23561944901923448E+001  0.31415926535897931E+001
( 0.89784276857554524E-001, 0.42658861425948907E-005)
 0.31415926535897931E+001 -0.23561944901923448E+001
( 0.88971926792467015E-001,-0.68382588103495234E-004)
 0.31415926535897931E+001 -0.15707963267948966E+001
( 0.17278850215801467E+000,-0.96373751825402833E-003)
 0.31415926535897931E+001 -0.78539816339744828E+000
( 0.50892826660555479E+000,-0.15467023449075470E-002)
 0.31415926535897931E+001  0.00000000000000000E+000
( 0.81234982368556063E+000, 0.72120294990544039E-017)
 0.31415926535897931E+001  0.78539816339744828E+000
( 0.50892826660555479E+000, 0.15467023449075518E-002)
 0.31415926535897931E+001  0.15707963267948966E+001
( 0.17278850215801467E+000, 0.96373751825408092E-003)
 0.31415926535897931E+001  0.23561944901923448E+001
( 0.88971926792467015E-001, 0.68382588103461841E-004)
 0.31415926535897931E+001  0.31415926535897931E+001
( 0.72802996844167966E-001, 0.43991053361861000E-017)
 0.10000000000000000E+001          1         64
( 0.00000000000000000E+000, 0.00000000000000000E+000)
-0.23561944901923448E+001 -0.23561944901923448E+001
( 0.11739653230523756E+000, 0.89134882404959519E-003)
-0.23561944901923448E+001 -0.15707963267948966E+001
( 0.26440329223933506E+000,-0.41036767515299291E-002)
-0.23561944901923448E+001 -0.78539816339744828E+000
( 0.79735241343026053E+000,-0.54276843325548685E-002)
-0.23561944901923448E+001  0.00000000000000000E+000
( 0.11407985452084777E+001,-0.79616555393632847E-002)
-0.23561944901923448E+001  0.78539816339744828E+000
( 0.80359390103900719E+000,-0.54179277490608866E-002)
-0.23561944901923448E+001  0.15707963267948966E+001
( 0.26481482890502678E+000,-0.20032974217950921E-002)
-0.23561944901923448E+001  0.23561944901923448E+001
( 0.11671749419424804E+000,-0.14850472895393003E-003)
-0.23561944901923448E+001  0.31415926535897931E+001
( 0.92379324099608806E-001, 0.35361713547722587E-003)
-0.15707963267948966E+001 -0.23561944901923448E+001
( 0.26829258801796907E+000, 0.95250873983694639E-003)
-0.15707963267948966E+001 -0.15707963267948966E+001
( 0.80783393260369718E+000, 0.10024018849855124E-002)
-0.15707963267948966E+001 -0.78539816339744828E+000
( 0.15533049051884082E+001,-0.26251806689089807E-002)
-0.15707963267948966E+001  0.00000000000000000E+000
( 0.17151174821616160E+001,-0.21876888945592267E-002)
-0.15707963267948966E+001  0.78539816339744828E+000
( 0.15581215937018984E+001,-0.30635472048094678E-002)
-0.15707963267948966E+001  0.15707963267948966E+001
( 0.80814807224267171E+000,-0.21607493753426710E-002)
-0.15707963267948966E+001  0.23561944901923448E+001
( 0.26675714989664223E+000,-0.15010976858571001E-002)
-0.15707963267948966E+001  0.31415926535897931E+001
( 0.18298651600197324E+000, 0.40421936480366833E-003)
-0.78539816339744828E+000 -0.23561944901923448E+001
( 0.81989143835429168E+000, 0.49191630081090029E-002)
-0.78539816339744828E+000 -0.15707963267948966E+001
( 0.15580813849255362E+001, 0.64858948302641030E-002)
-0.78539816339744828E+000 -0.78539816339744828E+000
( 0.18328621862283723E+001,-0.64066262418410605E-003)
-0.78539816339744828E+000  0.00000000000000000E+000
( 0.18759097354168870E+001,-0.17787780449140622E-003)
-0.78539816339744828E+000  0.78539816339744828E+000
( 0.18351513915421780E+001,-0.10868918338006184E-002)
-0.78539816339744828E+000  0.15707963267948966E+001
( 0.15593959176837895E+001,-0.11214389042706269E-003)
-0.78539816339744828E+000  0.23561944901923448E+001
( 0.81766886656639226E+000,-0.99068092725274146E-003)
-0.78539816339744828E+000  0.31415926535897931E+001
( 0.53035663486215501E+000, 0.14342015995657206E-002)
 0.00000000000000000E+000 -0.23561944901923448E+001
( 0.11641903111763483E+001, 0.47632614315664488E-002)
 0.00000000000000000E+000 -0.15707963267948966E+001
( 0.17184045319761005E+001, 0.13143115998978821E-002)
 0.00000000000000000E+000 -0.78539816339744828E+000
( 0.18756677062666876E+001, 0.33970054921276258E-003)
 0.00000000000000000E+000  0.00000000000000000E+000
( 0.19020103151926240E+001, 0.00000000000000000E+000)
 0.00000000000000000E+000  0.78539816339744828E+000
( 0.18756677062666876E+001,-0.33970054921276258E-003)
 0.00000000000000000E+000  0.15707963267948966E+001
( 0.17184045319761005E+001,-0.13143115998978821E-002)
 0.00000000000000000E+000  0.23561944901923448E+001
( 0.11641903111763483E+001,-0.47632614315664488E-002)
 0.00000000000000000E+000  0.31415926535897931E+001
( 0.83243749953143209E+000, 0.43406986823948113E-017)
 0.78539816339744828E+000 -0.23561944901923448E+001
( 0.81766886656639226E+000, 0.99068092725274146E-003)
 0.78539816339744828E+000 -0.15707963267948966E+001
( 0.15593959176837895E+001, 0.11214389042706269E-003)
 0.78539816339744828E+000 -0.78539816339744828E+000
( 0.18351513915421780E+001, 0.10868918338006184E-002)
 0.78539816339744828E+000  0.00000000000000000E+000
( 0.18759097354168870E+001, 0.17787780449140622E-003)
 0.78539816339744828E+000  0.78539816339744828E+000
( 0.18328621862283723E+001, 0.64066262418410605E-003)
 0.78539816339744828E+000  0.15707963267948966E+001
( 0.15580813849255362E+001,-0.64858948302641030E-002)
 0.78539816339744828E+000  0.23561944901923448E+001
( 0.81989143835429168E+000,-0.49191630081090029E-002)
 0.78539816339744828E+000  0.31415926535897931E+001
( 0.53035663486215479E+000,-0.14342015995657195E-002)
 0.15707963267948966E+001 -0.23561944901923448E+001
( 0.26675714989664223E+000, 0.15010976858571001E-002)
 0.15707963267948966E+001 -0.15707963267948966E+001
( 0.80814807224267171E+000, 0.21607493753426710E-002)
 0.15707963267948966E+001 -0.78539816339744828E+000
( 0.15581215937018984E+001, 0.30635472048094678E-002)
 0.15707963267948966E+001  0.00000000000000000E+000
( 0.17151174821616160E+001, 0.21876888945592267E-002)
 0.15707963267948966E+001  0.78539816339744828E+000
( 0.15533049051884082E+001, 0.26251806689089807E-002)
 0.15707963267948966E+001  0.15707963267948966E+001
( 0.80783393260369718E+000,-0.10024018849855124E-002)
 0.15707963267948966E+001  0.23561944901923448E+001
( 0.26829258801796907E+000,-0.95250873983694639E-003)
 0.15707963267948966E+001  0.31415926535897931E+001
( 0.18298651600197324E+000,-0.40421936480366941E-003)
 0.23561944901923448E+001 -0.23561944901923448E+001
( 0.11671749419424804E+000, 0.14850472895393003E-003)
 0.23561944901923448E+001 -0.15707963267948966E+001
( 0.26481482890502672E+000, 0.20032974217950921E-002)
 0.23561944901923448E+001 -0.78539816339744828E+000
( 0.80359390103900719E+000, 0.54179277490608866E-002)
 0.23561944901923448E+001  0.00000000000000000E+000
( 0.11407985452084777E+001, 0.79616555393632847E-002)
 0.23561944901923448E+001  0.78539816339744828E+000
( 0.79735241343026053E+000, 0.54276843325548685E-002)
 0.23561944901923448E+001  0.15707963267948966E+001
( 0.26440329223933506E+000, 0.41036767515299291E-002)
 0.23561944901923448E+001  0.23561944901923448E+001
( 0.11739653230523756E+000,-0.89134882404959519E-003)
 0.23561944901923448E+001  0.31415926535897931E+001
( 0.92379324099608806E-001,-0.35361713547722674E-003)
 0.31415926535897931E+001 -0.23561944901923448E+001
( 0.92408455136820639E-001,-0.17041901017656900E-003)
 0.31415926535897931E+001 -0.15707963267948966E+001
( 0.17971020301316629E+000,-0.13871524676898275E-003)
 0.31415926535897931E+001 -0.78539816339744828E+000
( 0.50928556983089246E+000,-0.23947707914317249E-002)
 0.31415926535897931E+001  0.00000000000000000E+000
( 0.79366926713086783E+000, 0.77588869545507725E-017)
 0.31415926535897931E+001  0.78539816339744828E+000
( 0.50928556983089246E+000, 0.23947707914317570E-002)
 0.31415926535897931E+001  0.15707963267948966E+001
( 0.17971020301316631E+000, 0.13871524676896957E-003)
 0.31415926535897931E+001  0.23561944901923448E+001
( 0.92408455136820528E-001, 0.17041901017657551E-003)
 0.31415926535897931E+001  0.31415926535897931E+001
( 0.76049077257729913E-001, 0.33788374028508469E-017)
 0.10000000000000000E+001          1         64
( 0.00000000000000000E+000, 0.00000000000000000E+000)
-0.23561944901923448E+001 -0.23561944901923448E+001
( 0.11506847702890399E+000, 0.94982485841626704E-003)
-0.23561944901923448E+001 -0.15707963267948966E+001
( 0.26519801926407310E+000, 0.19916296279929397E-002)
-0.23561944901923448E+001 -0.78539816339744828E+000
( 0.82047386314212156E+000, 0.34159740641484040E-002)
-0.23561944901923448E+001  0.00000000000000000E+000
( 0.11694683415785949E+001,-0.42083743305613526E-002)
-0.23561944901923448E+001  0.78539816339744828E+000
( 0.81156852676037827E+000,-0.53164319032790817E-002)
-0.23561944901923448E+001  0.15707963267948966E+001
( 0.26546536784628805E+000, 0.16056760465660888E-002)
-0.23561944901923448E+001  0.23561944901923448E+001
( 0.11585868912607233E+000, 0.15569178721651844E-002)
-0.23561944901923448E+001  0.31415926535897931E+001
( 0.90436523733080310E-001, 0.13012084330873569E-002)
-0.15707963267948966E+001 -0.23561944901923448E+001
( 0.26056882841276985E+000, 0.33427033579816346E-002)
-0.15707963267948966E+001 -0.15707963267948966E+001
( 0.80680170531496198E+000,-0.49083981293939383E-003)
-0.15707963267948966E+001 -0.78539816339744828E+000
( 0.15634381895881582E+001,-0.54473869623344919E-002)
-0.15707963267948966E+001  0.00000000000000000E+000
( 0.17210659177651526E+001,-0.52011565460078181E-002)
-0.15707963267948966E+001  0.78539816339744828E+000
( 0.15597245854257713E+001,-0.43524939108828455E-002)
-0.15707963267948966E+001  0.15707963267948966E+001
( 0.80835655463805511E+000, 0.10514500703029332E-002)
-0.15707963267948966E+001  0.23561944901923448E+001
( 0.26674781548625059E+000, 0.53710713328996773E-002)
-0.15707963267948966E+001  0.31415926535897931E+001
( 0.17851072536555945E+000, 0.46893031874094574E-002)
-0.78539816339744828E+000 -0.23561944901923448E+001
( 0.79743407599586702E+000,-0.36021771399600954E-002)
-0.78539816339744828E+000 -0.15707963267948966E+001
( 0.15582462975398148E+001,-0.35144412222928890E-002)
-0.78539816339744828E+000 -0.78539816339744828E+000
( 0.18333519660190771E+001, 0.16708310942792782E-003)
-0.78539816339744828E+000  0.00000000000000000E+000
( 0.18756131175395838E+001,-0.52563230678098804E-003)
-0.78539816339744828E+000  0.78539816339744828E+000
( 0.18360365385994672E+001,-0.62094130740501016E-003)
-0.78539816339744828E+000  0.15707963267948966E+001
( 0.15588459131608814E+001, 0.73942683842853933E-003)
-0.78539816339744828E+000  0.23561944901923448E+001
( 0.80995910385771563E+000, 0.82010143695430381E-002)
-0.78539816339744828E+000  0.31415926535897931E+001
( 0.50816188678667940E+000, 0.46214664871082507E-002)
 0.00000000000000000E+000 -0.23561944901923448E+001
( 0.11469494218290230E+001,-0.28604009961400913E-002)
 0.00000000000000000E+000 -0.15707963267948966E+001
( 0.17172093773225352E+001, 0.12146787534059293E-002)
 0.00000000000000000E+000 -0.78539816339744828E+000
( 0.18750529511337763E+001, 0.71169479502653128E-003)
 0.00000000000000000E+000  0.00000000000000000E+000
( 0.19010784126348184E+001, 0.00000000000000000E+000)
 0.00000000000000000E+000  0.78539816339744828E+000
( 0.18750529511337763E+001,-0.71169479502653128E-003)
 0.00000000000000000E+000  0.15707963267948966E+001
( 0.17172093773225352E+001,-0.12146787534059293E-002)
 0.00000000000000000E+000  0.23561944901923448E+001
( 0.11469494218290230E+001, 0.28604009961400913E-002)
 0.00000000000000000E+000  0.31415926535897931E+001
( 0.79362815791998320E+000, 0.61704800895003459E-017)
 0.78539816339744828E+000 -0.23561944901923448E+001
( 0.80995910385771563E+000,-0.82010143695430381E-002)
 0.78539816339744828E+000 -0.15707963267948966E+001
( 0.15588459131608814E+001,-0.73942683842853933E-003)
 0.78539816339744828E+000 -0.78539816339744828E+000
( 0.18360365385994672E+001, 0.62094130740501016E-003)
 0.78539816339744828E+000  0.00000000000000000E+000
( 0.18756131175395838E+001, 0.52563230678098804E-003)
 0.78539816339744828E+000  0.78539816339744828E+000
( 0.18333519660190771E+001,-0.16708310942792782E-003)
 0.78539816339744828E+000  0.15707963267948966E+001
( 0.15582462975398148E+001, 0.35144412222928890E-002)
 0.78539816339744828E+000  0.23561944901923448E+001
( 0.79743407599586702E+000, 0.36021771399600954E-002)
 0.78539816339744828E+000  0.31415926535897931E+001
( 0.50816188678667917E+000,-0.46214664871081891E-002)
 0.15707963267948966E+001 -0.23561944901923448E+001
( 0.26674781548625059E+000,-0.53710713328996773E-002)
 0.15707963267948966E+001 -0.15707963267948966E+001
( 0.80835655463805511E+000,-0.10514500703029332E-002)
 0.15707963267948966E+001 -0.78539816339744828E+000
( 0.15597245854257713E+001, 0.43524939108828455E-002)
 0.15707963267948966E+001  0.00000000000000000E+000
( 0.17210659177651526E+001, 0.52011565460078181E-002)
 0.15707963267948966E+001  0.78539816339744828E+000
( 0.15634381895881582E+001, 0.54473869623344919E-002)
 0.15707963267948966E+001  0.15707963267948966E+001
( 0.80680170531496198E+000, 0.49083981293939383E-003)
 0.15707963267948966E+001  0.23561944901923448E+001
( 0.26056882841276985E+000,-0.33427033579816346E-002)
 0.15707963267948966E+001  0.31415926535897931E+001
( 0.17851072536555945E+000,-0.46893031874094947E-002)
 0.23561944901923448E+001 -0.23561944901923448E+001
( 0.11585868912607233E+000,-0.15569178721651844E-002)
 0.23561944901923448E+001 -0.15707963267948966E+001
( 0.26546536784628805E+000,-0.16056760465660888E-002)
 0.23561944901923448E+001 -0.78539816339744828E+000
( 0.81156852676037827E+000, 0.53164319032790817E-002)
 0.23561944901923448E+001  0.00000000000000000E+000
( 0.11694683415785949E+001, 0.42083743305613526E-002)
 0.23561944901923448E+001  0.78539816339744828E+000
( 0.82047386314212156E+000,-0.34159740641484040E-002)
 0.23561944901923448E+001  0.15707963267948966E+001
( 0.26519801926407310E+000,-0.19916296279929397E-002)
 0.23561944901923448E+001  0.23561944901923448E+001
( 0.11506847702890399E+000,-0.94982485841626704E-003)
 0.23561944901923448E+001  0.31415926535897931E+001
( 0.90436523733080199E-001,-0.13012084330873974E-002)
 0.31415926535897931E+001 -0.23561944901923448E+001
( 0.91487316649808303E-001,-0.23009174644027393E-003)
 0.31415926535897931E+001 -0.15707963267948966E+001
( 0.18046515069319088E+000,-0.18523000643797910E-003)
 0.31415926535897931E+001 -0.78539816339744828E+000
( 0.52624664603598303E+000, 0.16315318669612932E-002)
 0.31415926535897931E+001  0.00000000000000000E+000
( 0.82628568128487423E+000, 0.54916821076059262E-017)
 0.31415926535897931E+001  0.78539816339744828E+000
( 0.52624664603598292E+000,-0.16315318669612724E-002)
 0.31415926535897931E+001  0.15707963267948966E+001
( 0.18046515069319088E+000, 0.18523000643800509E-003)
 0.31415926535897931E+001  0.23561944901923448E+001
( 0.91487316649808192E-001, 0.23009174644027480E-003)
 0.31415926535897931E+001  0.31415926535897931E+001
( 0.74809635481588865E-001, 0.32744789766879832E-017)
