 0.10000000000000000E+001          1         16
( 0.99999999999999989E+000, 0.00000000000000000E+000)
-0.15707963267948966E+001 -0.15707963267948966E+001
( 0.62802748269241060E+000,-0.22426335865165410E-015)
-0.15707963267948966E+001  0.00000000000000000E+000
( 0.42491873850507411E+000,-0.18194007341201959E-015)
-0.15707963267948966E+001  0.15707963267948966E+001
( 0.62353388168751844E+000, 0.14265953025896412E-017)
-0.15707963267948966E+001  0.31415926535897931E+001
( 0.80032256363966270E+000, 0.18259810323425462E-016)
 0.00000000000000000E+000 -0.15707963267948966E+001
( 0.43022492665782885E+000, 0.48579422626312337E-015)
 0.00000000000000000E+000  0.00000000000000000E+000
( 0.16068518809680047E+002, 0.00000000000000000E+000)
 0.00000000000000000E+000  0.15707963267948966E+001
( 0.43022492665782885E+000,-0.48579422626312337E-015)
 0.00000000000000000E+000  0.31415926535897931E+001
( 0.65917461464244198E+000, 0.97158845252624674E-015)
 0.15707963267948966E+001 -0.15707963267948966E+001
( 0.62353388168751844E+000,-0.14265953025896412E-017)
 0.15707963267948966E+001  0.00000000000000000E+000
( 0.42491873850507411E+000, 0.18194007341201959E-015)
 0.15707963267948966E+001  0.15707963267948966E+001
( 0.62802748269241060E+000, 0.22426335865165410E-015)
 0.15707963267948966E+001  0.31415926535897931E+001
( 0.80032256363966270E+000, 0.85471794080665331E-016)
 0.31415926535897931E+001 -0.15707963267948966E+001
( 0.80839950889356660E+000, 0.18522648914787799E-015)
 0.31415926535897931E+001  0.00000000000000000E+000
( 0.59628643436918116E+000, 0.96838748272614868E-015)
 0.31415926535897931E+001  0.15707963267948966E+001
( 0.80839950889356660E+000, 0.35233798929087204E-016)
 0.31415926535897931E+001  0.31415926535897931E+001
( 0.34700791086107103E+001, 0.30482531138658226E-015)
 0.10000000000000000E+001          1         16
( 0.10000000000000009E+001, 0.00000000000000000E+000)
-0.15707963267948966E+001 -0.15707963267948966E+001
( 0.61252856079847251E+000,-0.44674598040738478E-015)
-0.15707963267948966E+001  0.00000000000000000E+000
( 0.40530147070524092E+000, 0.48601211040360628E-015)
-0.15707963267948966E+001  0.15707963267948966E+001
( 0.61333963815126968E+000,-0.22001415912630508E-015)
-0.15707963267948966E+001  0.31415926535897931E+001
( 0.82149910840075013E+000, 0.46173835212522923E-015)
 0.00000000000000000E+000 -0.15707963267948966E+001
( 0.43879135428999355E+000, 0.26273182750079142E-015)
 0.00000000000000000E+000  0.00000000000000000E+000
( 0.16081243647377246E+002, 0.00000000000000000E+000)
 0.00000000000000000E+000  0.15707963267948966E+001
( 0.43879135428999355E+000,-0.26273182750079142E-015)
 0.00000000000000000E+000  0.31415926535897931E+001
( 0.63033896267124234E+000, 0.96955286485164546E-015)
 0.15707963267948966E+001 -0.15707963267948966E+001
( 0.61333963815126968E+000, 0.22001415912630508E-015)
 0.15707963267948966E+001  0.00000000000000000E+000
( 0.40530147070524092E+000,-0.48601211040360628E-015)
 0.15707963267948966E+001  0.15707963267948966E+001
( 0.61252856079847251E+000, 0.44674598040738478E-015)
 0.15707963267948966E+001  0.31415926535897931E+001
( 0.82149910840075013E+000,-0.36009048237481035E-015)
 0.31415926535897931E+001 -0.15707963267948966E+001
( 0.77684818511428666E+000, 0.41220718704650034E-015)
 0.31415926535897931E+001  0.00000000000000000E+000
( 0.60371950113905037E+000, 0.97202422080721257E-015)
 0.31415926535897931E+001  0.15707963267948966E+001
( 0.77684818511428666E+000,-0.19141523163866078E-015)
 0.31415926535897931E+001  0.31415926535897931E+001
( 0.35553518873588192E+001, 0.31522822856004424E-015)
 0.10000000000000000E+001          1         16
( 0.10000000000000007E+001, 0.00000000000000000E+000)
-0.15707963267948966E+001 -0.15707963267948966E+001
( 0.61483569758086509E+000,-0.55698080727995660E-015)
-0.15707963267948966E+001  0.00000000000000000E+000
( 0.43704864852469649E+000, 0.11505449864466276E-014)
-0.15707963267948966E+001  0.15707963267948966E+001
( 0.62518353393065929E+000, 0.11232361625783599E-015)
-0.15707963267948966E+001  0.31415926535897931E+001
( 0.79402526618452729E+000, 0.23983642192545882E-015)
 0.00000000000000000E+000 -0.15707963267948966E+001
( 0.42238684358897122E+000, 0.48486606048668877E-015)
 0.00000000000000000E+000  0.00000000000000000E+000
( 0.16075717205057913E+002, 0.00000000000000000E+000)
 0.00000000000000000E+000  0.15707963267948966E+001
( 0.42238684358897122E+000,-0.48486606048668877E-015)
 0.00000000000000000E+000  0.31415926535897931E+001
( 0.60598385821806211E+000, 0.96973212097337754E-015)
 0.15707963267948966E+001 -0.15707963267948966E+001
( 0.62518353393065929E+000,-0.11232361625783599E-015)
 0.15707963267948966E+001  0.00000000000000000E+000
( 0.43704864852469649E+000,-0.11505449864466276E-014)
 0.15707963267948966E+001  0.15707963267948966E+001
( 0.61483569758086509E+000, 0.55698080727995660E-015)
 0.15707963267948966E+001  0.31415926535897931E+001
( 0.79402526618452729E+000,-0.13515533698834044E-015)
 0.31415926535897931E+001 -0.15707963267948966E+001
( 0.80835655145356466E+000, 0.18649324796227965E-015)
 0.31415926535897931E+001  0.00000000000000000E+000
( 0.62044967185072997E+000, 0.96882234334306690E-015)
 0.31415926535897931E+001  0.15707963267948966E+001
( 0.80835655145356466E+000, 0.34415394618635627E-016)
 0.31415926535897931E+001  0.31415926535897931E+001
( 0.34798832543315923E+001, 0.30502500733241213E-015)
 0.10000000000000000E+001          1         16
( 0.99999999999999989E+000, 0.00000000000000000E+000)
-0.15707963267948966E+001 -0.15707963267948966E+001
( 0.62657172717256815E+000,-0.22520170554483436E-015)
-0.15707963267948966E+001  0.00000000000000000E+000
( 0.43336562345664142E+000, 0.70655673342719159E-015)
-0.15707963267948966E+001  0.15707963267948966E+001
( 0.61968271093773231E+000,-0.22076024684983168E-015)
-0.15707963267948966E+001  0.31415926535897931E+001
( 0.78573004201840413E+000, 0.46174615857962198E-015)
 0.00000000000000000E+000 -0.15707963267948966E+001
( 0.41797950607436291E+000, 0.37402950304418650E-015)
 0.00000000000000000E+000  0.00000000000000000E+000
( 0.16077073164667116E+002, 0.00000000000000000E+000)
 0.00000000000000000E+000  0.15707963267948966E+001
( 0.41797950607436291E+000,-0.37402950304418650E-015)
 0.00000000000000000E+000  0.31415926535897931E+001
( 0.60188011634064864E+000, 0.97010361101340431E-015)
 0.15707963267948966E+001 -0.15707963267948966E+001
( 0.61968271093773231E+000, 0.22076024684983168E-015)
 0.15707963267948966E+001  0.00000000000000000E+000
( 0.43336562345664142E+000,-0.70655673342719159E-015)
 0.15707963267948966E+001  0.15707963267948966E+001
( 0.62657172717256815E+000, 0.22520170554483436E-015)
 0.15707963267948966E+001  0.31415926535897931E+001
( 0.78573004201840413E+000,-0.13756216858208047E-015)
 0.31415926535897931E+001 -0.15707963267948966E+001
( 0.79769072529310692E+000, 0.75406886452451249E-016)
 0.31415926535897931E+001  0.00000000000000000E+000
( 0.61502516243602923E+000, 0.96902425700432057E-015)
 0.31415926535897931E+001  0.15707963267948966E+001
( 0.79769072529310692E+000, 0.14289223338337323E-015)
 0.31415926535897931E+001  0.31415926535897931E+001
( 0.35045005247042580E+001, 0.30977837530574925E-015)
 0.10000000000000000E+001          1         16
( 0.10000000000000000E+001, 0.00000000000000000E+000)
-0.15707963267948966E+001 -0.15707963267948966E+001
( 0.61230126216464753E+000,-0.33402930653587190E-015)
-0.15707963267948966E+001  0.00000000000000000E+000
( 0.43309037972130771E+000, 0.48519074938551558E-015)
-0.15707963267948966E+001  0.15707963267948966E+001
( 0.60861158390502657E+000, 0.11172387193600736E-015)
-0.15707963267948966E+001  0.31415926535897931E+001
( 0.77790465045434898E+000, 0.23785735556781963E-015)
 0.00000000000000000E+000 -0.15707963267948966E+001
( 0.41237146846126033E+000, 0.15265477110588246E-015)
 0.00000000000000000E+000  0.00000000000000000E+000
( 0.16083593018056469E+002, 0.00000000000000000E+000)
 0.00000000000000000E+000  0.15707963267948966E+001
( 0.41237146846126033E+000,-0.15265477110588246E-015)
 0.00000000000000000E+000  0.31415926535897931E+001
( 0.60602389989006156E+000, 0.97144335698685885E-015)
 0.15707963267948966E+001 -0.15707963267948966E+001
( 0.60861158390502657E+000,-0.11172387193600736E-015)
 0.15707963267948966E+001  0.00000000000000000E+000
( 0.43309037972130771E+000,-0.48519074938551558E-015)
 0.15707963267948966E+001  0.15707963267948966E+001
( 0.61230126216464753E+000, 0.33402930653587190E-015)
 0.15707963267948966E+001  0.31415926535897931E+001
( 0.77790465045434898E+000, 0.91881614576094037E-016)
 0.31415926535897931E+001 -0.15707963267948966E+001
( 0.80428170575829705E+000, 0.29389425523852299E-015)
 0.31415926535897931E+001  0.00000000000000000E+000
( 0.63012026172831170E+000, 0.97038149877103116E-015)
 0.31415926535897931E+001  0.15707963267948966E+001
( 0.80428170575829705E+000,-0.72371309663158148E-016)
 0.31415926535897931E+001  0.31415926535897931E+001
( 0.33337501669145606E+001, 0.29019670096837539E-015)
