   -1.000000     -1.000000
  1    1       -0.00566734        0.00106698        0.00000000        0.00000000
   -1.000000      0.000000
  1    1       -0.04593103        0.00280692       -0.00000000        0.00000000
   -1.000000      1.000000
  1    1       -0.00734499        0.00170925       -0.00000000        0.00000000
   -1.000000      2.000000
  1    1       -0.00598913        0.00059662        0.00000000        0.00000000
    0.000000     -1.000000
  1    1       -0.04658831        0.00058762       -0.00000000        0.00000000
    0.000000      0.000000
  1    1        0.24212333        0.00427583       -0.00000000        0.00000000
    0.000000      1.000000
  1    1       -0.04658831        0.00058762        0.00000000        0.00000000
    0.000000      2.000000
  1    1       -0.00496242        0.00158393       -0.00000000        0.00000000
    1.000000     -1.000000
  1    1       -0.00734499        0.00170925        0.00000000        0.00000000
    1.000000      0.000000
  1    1       -0.04593103        0.00280692        0.00000000        0.00000000
    1.000000      1.000000
  1    1       -0.00566734        0.00106698       -0.00000000        0.00000000
    1.000000      2.000000
  1    1       -0.00598913        0.00059662        0.00000000        0.00000000
    2.000000     -1.000000
  1    1       -0.00446224        0.00069560        0.00000000        0.00000000
    2.000000      0.000000
  1    1       -0.00555269        0.00224257       -0.00000000        0.00000000
    2.000000      1.000000
  1    1       -0.00446224        0.00069560        0.00000000        0.00000000
    2.000000      2.000000
  1    1       -0.00796806        0.00196282       -0.00000000        0.00000000
