          31           4   6.0000000000000000                1
     0.0000000        0.76207581        0.01392851
     0.1000000        0.50511210        0.01342026
     0.2000000        0.34703107        0.01143681
     0.3000000        0.24989781        0.02005489
     0.4000000        0.18496974        0.01558585
     0.5000000        0.14709478        0.01699190
     0.6000000        0.11993728        0.01329793
     0.7000000        0.09526955        0.00973154
     0.8000000        0.07951244        0.00821601
     0.9000000        0.06998801        0.00729098
     1.0000000        0.06957403        0.00376745
     1.1000000        0.05491205        0.00555714
     1.2000000        0.04471476        0.00746645
     1.3000000        0.03314945        0.00866763
     1.4000000        0.02892538        0.00168285
     1.5000000        0.02774914        0.00400518
     1.6000000        0.02575909        0.00786888
     1.7000000        0.02032178        0.01305019
     1.8000000        0.02363908        0.01172058
     1.9000000        0.02812102        0.01526068
     2.0000000        0.03239156        0.01166898
     2.1000000        0.02592685        0.00759026
     2.2000000        0.02439457        0.00681061
     2.3000000        0.01464788        0.00719018
     2.4000000        0.00526386        0.00601481
     2.5000000        0.00857121        0.00524808
     2.6000000        0.01427627        0.01031731
     2.7000000        0.02226474        0.00870125
     2.8000000        0.01585006        0.00956020
     2.9000000        0.01539639        0.01031984
     3.0000000        0.02354396        0.01098588
