          21           4   4.0000000000000000                1
     0.0000000        0.02761662        0.00793057
     0.1000000        0.02761662        0.00793057
     0.2000000        0.02761662        0.00793057
     0.3000000        0.02761662        0.00793057
     0.4000000        0.02761662        0.00793057
     0.5000000        0.02761662        0.00793057
     0.6000000        0.02761662        0.00793057
     0.7000000        0.02761662        0.00793057
     0.8000000        0.02761662        0.00793057
     0.9000000        0.02761662        0.00793057
     1.0000000        0.02761662        0.00793057
     1.1000000        0.02761662        0.00793057
     1.2000000        0.02761662        0.00793057
     1.3000000        0.02761662        0.00793057
     1.4000000        0.02761662        0.00793057
     1.5000000        0.02761662        0.00793057
     1.6000000        0.02761662        0.00793057
     1.7000000        0.02761662        0.00793057
     1.8000000        0.02761662        0.00793057
     1.9000000        0.02761662        0.00793057
     2.0000000        0.02761662        0.00793057
