   -2.692794      0.000000
  1    1        1.92727133        0.00344381        0.00004955        0.00171874
   -2.692794      3.141593
  1    1        0.03529743        0.00141929        0.00012780        0.00023889
   -2.243995      0.000000
  1    1        1.93682851        0.00261101       -0.00004501        0.00210600
   -2.243995      3.141593
  1    1        0.03880328        0.00152276        0.00023244        0.00057766
   -1.795196      0.000000
  1    1        1.94683057        0.00196881       -0.00028248        0.00158414
   -1.795196      3.141593
  1    1        0.04479760        0.00169008        0.00032909        0.00103498
   -1.346397      0.000000
  1    1        1.95520240        0.00169008       -0.00032909        0.00103498
   -1.346397      3.141593
  1    1        0.05316943        0.00196881        0.00028248        0.00158414
   -0.897598      0.000000
  1    1        1.96119672        0.00152276       -0.00023244        0.00057766
   -0.897598      3.141593
  1    1        0.06317149        0.00261101        0.00004501        0.00210600
   -0.448799      0.000000
  1    1        1.96470257        0.00141929       -0.00012780        0.00023889
   -0.448799      3.141593
  1    1        0.07272867        0.00344381       -0.00004955        0.00171874
    0.000000      0.000000
  1    1        1.96584741        0.00139316        0.00000000        0.00000000
    0.000000      3.141593
  1    1        0.07738797        0.00377150        0.00000000        0.00000000
    0.448799      0.000000
  1    1        1.96470257        0.00141929        0.00012780        0.00023889
    0.448799      3.141593
  1    1        0.07272867        0.00344381        0.00004955        0.00171874
    0.897598      0.000000
  1    1        1.96119672        0.00152276        0.00023244        0.00057766
    0.897598      3.141593
  1    1        0.06317149        0.00261101       -0.00004501        0.00210600
    1.346397      0.000000
  1    1        1.95520240        0.00169008        0.00032909        0.00103498
    1.346397      3.141593
  1    1        0.05316943        0.00196881       -0.00028248        0.00158414
    1.795196      0.000000
  1    1        1.94683057        0.00196881        0.00028248        0.00158414
    1.795196      3.141593
  1    1        0.04479760        0.00169008       -0.00032909        0.00103498
    2.243995      0.000000
  1    1        1.93682851        0.00261101        0.00004501        0.00210600
    2.243995      3.141593
  1    1        0.03880328        0.00152276       -0.00023244        0.00057766
    2.692794      0.000000
  1    1        1.92727133        0.00344381       -0.00004955        0.00171874
    2.692794      3.141593
  1    1        0.03529743        0.00141929       -0.00012780        0.00023889
    3.141593      0.000000
  1    1        1.92261203        0.00377150        0.00000000        0.00000000
    3.141593      3.141593
  1    1        0.03415259        0.00139316        0.00000000        0.00000000
