   -2.692794      0.000000        0.00110113        0.00035659       -0.00000859        0.00005384
   -2.692794      3.141593        0.58197107        0.23209485       -0.11690554        0.07264275
   -2.243995      0.000000        0.00106402        0.00029832       -0.00000285        0.00006501
   -2.243995      3.141593        0.75620191        0.19540352       -0.33452436        0.12591671
   -1.795196      0.000000        0.00094852        0.00020531        0.00007992        0.00001368
   -1.795196      3.141593        0.71430644        0.15606426       -0.01488936        0.14776784
   -1.346397      0.000000        0.00091270        0.00014871        0.00000507        0.00002622
   -1.346397      3.141593        0.67684548        0.20836599        0.15897471        0.12074730
   -0.897598      0.000000        0.00093218        0.00009011        0.00000142        0.00003823
   -0.897598      3.141593        0.61121163        0.09831133       -0.02004771        0.08883864
   -0.448799      0.000000        0.00106714        0.00028649       -0.00001240        0.00000553
   -0.448799      3.141593        0.61763732        0.13410783        0.08890546        0.11598346
    0.000000      0.000000        0.00112819        0.00037454        0.00000000        0.00000000
    0.000000      3.141593        0.81898191        0.29109301       -0.00000000        0.00000000
    0.448799      0.000000        0.00106714        0.00028649        0.00001240        0.00000553
    0.448799      3.141593        0.61763732        0.13410783       -0.08890546        0.11598346
    0.897598      0.000000        0.00093218        0.00009011       -0.00000142        0.00003823
    0.897598      3.141593        0.61121163        0.09831133        0.02004771        0.08883864
    1.346397      0.000000        0.00091270        0.00014871       -0.00000507        0.00002622
    1.346397      3.141593        0.67684548        0.20836599       -0.15897471        0.12074730
    1.795196      0.000000        0.00094852        0.00020531       -0.00007992        0.00001368
    1.795196      3.141593        0.71430644        0.15606426        0.01488936        0.14776784
    2.243995      0.000000        0.00106402        0.00029832        0.00000285        0.00006501
    2.243995      3.141593        0.75620191        0.19540352        0.33452436        0.12591671
    2.692794      0.000000        0.00110113        0.00035659        0.00000859        0.00005384
    2.692794      3.141593        0.58197107        0.23209485        0.11690554        0.07264275
    3.141593      0.000000        0.00134295        0.00023705       -0.00000000        0.00000000
    3.141593      3.141593        0.73271643        0.30300378       -0.00000000        0.00000000
