          11           4   2.0000000000000000                1
     0.0000000        0.42985399        0.01070584
     0.1000000        0.39744848        0.01050970
     0.2000000        0.37190296        0.00992068
     0.3000000        0.35156488        0.00909258
     0.4000000        0.33555969        0.00853233
     0.5000000        0.32296817        0.00818849
     0.6000000        0.31317225        0.00790534
     0.7000000        0.30594609        0.00774359
     0.8000000        0.30109290        0.00780049
     0.9000000        0.29859695        0.00789263
     1.0000000        0.29793987        0.00790237
