          26           4   5.0000000000000000                1
     0.0000000        0.28844107        0.05839088
     0.1000000        0.15674966        0.02976103
     0.2000000        0.07506018        0.03475610
     0.3000000        0.05693569        0.01298029
     0.4000000        0.04630116        0.00890883
     0.5000000        0.01410401        0.01890522
     0.6000000        0.00852956        0.00275430
     0.7000000        0.00106703        0.00880816
     0.8000000       -0.00400466        0.01303898
     0.9000000        0.02279322        0.02164846
     1.0000000       -0.00112788        0.02476356
     1.1000000        0.00275800        0.00606280
     1.2000000        0.02616486        0.02544430
     1.3000000        0.01117050        0.02315458
     1.4000000        0.01098511        0.01468682
     1.5000000       -0.02269830        0.02881882
     1.6000000       -0.01406678        0.01047097
     1.7000000        0.00889700        0.01072123
     1.8000000        0.00708061        0.01891302
     1.9000000        0.00889409        0.02518721
     2.0000000        0.02654706        0.02213308
     2.1000000        0.01464911        0.01580051
     2.2000000        0.00718789        0.00399829
     2.3000000       -0.00418675        0.01307254
     2.4000000       -0.02064968        0.02336736
     2.5000000       -0.03038936        0.03698223
