 0.10000000000000000E+001          1         16
( 0.99999999999999989E+000, 0.00000000000000000E+000)
-0.15707963267948966E+001 -0.15707963267948966E+001
( 0.62813577144509014E+000,-0.16766084475226966E-015)
-0.15707963267948966E+001  0.00000000000000000E+000
( 0.42194275234887524E+000, 0.43780526256901717E-016)
-0.15707963267948966E+001  0.15707963267948966E+001
( 0.63043130777341239E+000,-0.12212453270876722E-014)
-0.15707963267948966E+001  0.31415926535897931E+001
( 0.79794347394488985E+000, 0.34353610139779794E-015)
 0.00000000000000000E+000 -0.15707963267948966E+001
( 0.42368046794833103E+000,-0.19372533378015430E-015)
 0.00000000000000000E+000  0.00000000000000000E+000
( 0.16156172812942639E+002, 0.00000000000000000E+000)
 0.00000000000000000E+000  0.15707963267948966E+001
( 0.42368046794833103E+000, 0.19372533378015430E-015)
 0.00000000000000000E+000  0.31415926535897931E+001
( 0.63526372884904503E+000, 0.97629305780613697E-015)
 0.15707963267948966E+001 -0.15707963267948966E+001
( 0.63043130777341239E+000, 0.12212453270876722E-014)
 0.15707963267948966E+001  0.00000000000000000E+000
( 0.42194275234887524E+000,-0.43780526256901717E-016)
 0.15707963267948966E+001  0.15707963267948966E+001
( 0.62813577144509014E+000, 0.16766084475226966E-015)
 0.15707963267948966E+001  0.31415926535897931E+001
( 0.79794347394488985E+000,-0.45681318597730601E-015)
 0.31415926535897931E+001 -0.15707963267948966E+001
( 0.79587418704688684E+000, 0.82703031317638649E-016)
 0.31415926535897931E+001  0.00000000000000000E+000
( 0.62274755884130095E+000, 0.97573947221392872E-015)
 0.31415926535897931E+001  0.15707963267948966E+001
( 0.79587418704688706E+000,-0.19598011589714662E-015)
 0.31415926535897931E+001  0.31415926535897931E+001
( 0.31525282269737342E+001, 0.26791796538075737E-015)
 0.10000000000000000E+001          1         16
( 0.10000000000000000E+001, 0.00000000000000000E+000)
-0.15707963267948966E+001 -0.15707963267948966E+001
( 0.63330007416197542E+000,-0.38879828009717286E-015)
-0.15707963267948966E+001  0.00000000000000000E+000
( 0.42349514619222828E+000, 0.59955071017532396E-015)
-0.15707963267948966E+001  0.15707963267948966E+001
( 0.62814964974092991E+000,-0.11102230246251565E-015)
-0.15707963267948966E+001  0.31415926535897931E+001
( 0.79510254064407970E+000,-0.54643291058020646E-015)
 0.00000000000000000E+000 -0.15707963267948966E+001
( 0.42294880270793445E+000, 0.47195489620487559E-015)
 0.00000000000000000E+000  0.00000000000000000E+000
( 0.16168285969808736E+002, 0.00000000000000000E+000)
 0.00000000000000000E+000  0.15707963267948966E+001
( 0.42294880270793445E+000,-0.47195489620487559E-015)
 0.00000000000000000E+000  0.31415926535897931E+001
( 0.63178137421845881E+000, 0.97691114517219643E-015)
 0.15707963267948966E+001 -0.15707963267948966E+001
( 0.62814964974092991E+000, 0.11102230246251565E-015)
 0.15707963267948966E+001  0.00000000000000000E+000
( 0.42349514619222828E+000,-0.59955071017532396E-015)
 0.15707963267948966E+001  0.15707963267948966E+001
( 0.63330007416197542E+000, 0.38879828009717286E-015)
 0.15707963267948966E+001  0.31415926535897931E+001
( 0.79510254064407970E+000, 0.43497016516095471E-015)
 0.31415926535897931E+001 -0.15707963267948966E+001
( 0.79581803309485899E+000,-0.13888798881732860E-015)
 0.31415926535897931E+001  0.00000000000000000E+000
( 0.63525303696229196E+000, 0.97705681542561642E-015)
 0.31415926535897931E+001  0.15707963267948966E+001
( 0.79581803309485921E+000, 0.27425243398076876E-016)
 0.31415926535897931E+001  0.31415926535897931E+001
( 0.30622131257606222E+001, 0.25776485324737263E-015)
 0.10000000000000000E+001          1         16
( 0.10000000000000000E+001, 0.00000000000000000E+000)
-0.15707963267948966E+001 -0.15707963267948966E+001
( 0.62800827660039160E+000,-0.55867000191486032E-016)
-0.15707963267948966E+001  0.00000000000000000E+000
( 0.42086620273264908E+000, 0.11544215678703186E-014)
-0.15707963267948966E+001  0.15707963267948966E+001
( 0.63204925908744525E+000, 0.00000000000000000E+000)
-0.15707963267948966E+001  0.31415926535897931E+001
( 0.79664285342008778E+000, 0.12035413542202344E-015)
 0.00000000000000000E+000 -0.15707963267948966E+001
( 0.42548908816184539E+000, 0.58304501240832134E-015)
 0.00000000000000000E+000  0.00000000000000000E+000
( 0.16160950522323734E+002, 0.00000000000000000E+000)
 0.00000000000000000E+000  0.15707963267948966E+001
( 0.42548908816184539E+000,-0.58304501240832134E-015)
 0.00000000000000000E+000  0.31415926535897931E+001
( 0.64208743118231981E+000, 0.97678194729668107E-015)
 0.15707963267948966E+001 -0.15707963267948966E+001
( 0.63204925908744525E+000, 0.00000000000000000E+000)
 0.15707963267948966E+001  0.00000000000000000E+000
( 0.42086620273264908E+000,-0.11544215678703186E-014)
 0.15707963267948966E+001  0.15707963267948966E+001
( 0.62800827660039160E+000, 0.55867000191486032E-016)
 0.15707963267948966E+001  0.31415926535897931E+001
( 0.79664285342008778E+000,-0.23208813580499551E-015)
 0.31415926535897931E+001 -0.15707963267948966E+001
( 0.79640848191887970E+000,-0.47202270994580568E-015)
 0.31415926535897931E+001  0.00000000000000000E+000
( 0.62947022120571761E+000, 0.97657550619044929E-015)
 0.31415926535897931E+001  0.15707963267948966E+001
( 0.79640848191887970E+000, 0.36028870956283362E-015)
 0.31415926535897931E+001  0.31415926535897931E+001
( 0.30807537751337137E+001, 0.26005145354425121E-015)
 0.10000000000000000E+001          1         16
( 0.99999999999999989E+000, 0.00000000000000000E+000)
-0.15707963267948966E+001 -0.15707963267948966E+001
( 0.63611754892967443E+000, 0.27730879256814366E-015)
-0.15707963267948966E+001  0.00000000000000000E+000
( 0.42547025804908412E+000, 0.37719092154517400E-015)
-0.15707963267948966E+001  0.15707963267948966E+001
( 0.63181413386017005E+000,-0.33306690738754696E-015)
-0.15707963267948966E+001  0.31415926535897931E+001
( 0.80071966464575794E+000,-0.87863881897671155E-015)
 0.00000000000000000E+000 -0.15707963267948966E+001
( 0.42497626790775156E+000, 0.27879057409701650E-016)
 0.00000000000000000E+000  0.00000000000000000E+000
( 0.16157645182165027E+002, 0.00000000000000000E+000)
 0.00000000000000000E+000  0.15707963267948966E+001
( 0.42497626790775156E+000,-0.27879057409701650E-016)
 0.00000000000000000E+000  0.31415926535897931E+001
( 0.62763766531509868E+000, 0.97575756297679379E-015)
 0.15707963267948966E+001 -0.15707963267948966E+001
( 0.63181413386017005E+000, 0.33306690738754696E-015)
 0.15707963267948966E+001  0.00000000000000000E+000
( 0.42547025804908412E+000,-0.37719092154517400E-015)
 0.15707963267948966E+001  0.15707963267948966E+001
( 0.63611754892967443E+000,-0.27730879256814366E-015)
 0.15707963267948966E+001  0.31415926535897931E+001
( 0.80071966464575794E+000, 0.76712258933790476E-015)
 0.31415926535897931E+001 -0.15707963267948966E+001
( 0.80874963506344155E+000, 0.11933662696779706E-014)
 0.31415926535897931E+001  0.00000000000000000E+000
( 0.63954936726267819E+000, 0.97642644801537922E-015)
 0.31415926535897931E+001  0.15707963267948966E+001
( 0.80874963506344177E+000,-0.13048824993167772E-014)
 0.31415926535897931E+001  0.31415926535897931E+001
( 0.31065869074696386E+001, 0.26093685579746662E-015)
 0.10000000000000000E+001          1         16
( 0.10000000000000000E+001, 0.00000000000000000E+000)
-0.15707963267948966E+001 -0.15707963267948966E+001
( 0.64854833185161431E+000, 0.51864007220971898E-016)
-0.15707963267948966E+001  0.00000000000000000E+000
( 0.42212486659920390E+000, 0.15536206660391547E-015)
-0.15707963267948966E+001  0.15707963267948966E+001
( 0.64552821453225462E+000,-0.33306690738754696E-015)
-0.15707963267948966E+001  0.31415926535897931E+001
( 0.80627068376642241E+000,-0.10019993044931451E-015)
 0.00000000000000000E+000 -0.15707963267948966E+001
( 0.42952911418417927E+000, 0.69571296239586580E-015)
 0.00000000000000000E+000  0.00000000000000000E+000
( 0.16166991477531472E+002, 0.00000000000000000E+000)
 0.00000000000000000E+000  0.15707963267948966E+001
( 0.42952911418417927E+000,-0.69571296239586580E-015)
 0.00000000000000000E+000  0.31415926535897931E+001
( 0.64650092561137806E+000, 0.97692733721723652E-015)
 0.15707963267948966E+001 -0.15707963267948966E+001
( 0.64552821453225462E+000, 0.33306690738754696E-015)
 0.15707963267948966E+001  0.00000000000000000E+000
( 0.42212486659920390E+000,-0.15536206660391547E-015)
 0.15707963267948966E+001  0.15707963267948966E+001
( 0.64854833185161431E+000,-0.51864007220971898E-016)
 0.15707963267948966E+001  0.31415926535897931E+001
( 0.80627068376642241E+000,-0.18116660033773055E-016)
 0.31415926535897931E+001 -0.15707963267948966E+001
( 0.79928520165738082E+000,-0.58469065993335015E-015)
 0.31415926535897931E+001  0.00000000000000000E+000
( 0.63055921824734906E+000, 0.97685794798292471E-015)
 0.31415926535897931E+001  0.15707963267948966E+001
( 0.79928520165738104E+000, 0.46637406945026264E-015)
 0.31415926535897931E+001  0.31415926535897931E+001
( 0.32517824959885893E+001, 0.27980199580469859E-015)
