          11           9   2.0000000000000000                1
     0.0000000        0.23240235        0.01016291
     0.1000000        0.16059798        0.00824552
     0.2000000        0.11234816        0.00732906
     0.3000000        0.08445006        0.00813899
     0.4000000        0.06525497        0.00627111
     0.5000000        0.05467608        0.00598640
     0.6000000        0.04234399        0.00648287
     0.7000000        0.03692277        0.00735398
     0.8000000        0.03297931        0.00802330
     0.9000000        0.03062531        0.00789484
     1.0000000        0.02731827        0.00785842
