          21           4   2.0000000000000000                1
     0.0000000        1.74410542        0.00900061
     0.1000000        1.40235238        0.00756284
     0.2000000        1.14551993        0.00822179
     0.3000000        0.95058668        0.00659459
     0.4000000        0.79917169        0.00310708
     0.5000000        0.66632109        0.00865041
     0.6000000        0.57484178        0.00977191
     0.7000000        0.48062463        0.01107275
     0.8000000        0.41569171        0.00603326
     0.9000000        0.36658733        0.00371821
     1.0000000        0.31841649        0.00555154
     1.1000000        0.28159156        0.00550723
     1.2000000        0.25813825        0.00611839
     1.3000000        0.23465622        0.00445900
     1.4000000        0.22579566        0.00151708
     1.5000000        0.21208582        0.00263861
     1.6000000        0.20876343        0.00329728
     1.7000000        0.21383114        0.00429387
     1.8000000        0.21218982        0.00134423
     1.9000000        0.22704549        0.00752423
     2.0000000        0.25589458        0.00900061
