          51           9   10.000000000000000                1
     0.0000000        0.24115183        0.00439897
     0.1000000        0.13826275        0.00311737
     0.2000000        0.08062568        0.00220680
     0.3000000        0.04726235        0.00207388
     0.4000000        0.02757771        0.00230519
     0.5000000        0.01728913        0.00130560
     0.6000000        0.01121988        0.00126579
     0.7000000        0.00680974        0.00112972
     0.8000000        0.00446469        0.00092977
     0.9000000        0.00312638        0.00083904
     1.0000000        0.00231762        0.00081044
     1.1000000        0.00168528        0.00074314
     1.2000000        0.00098067        0.00057923
     1.3000000        0.00050207        0.00035298
     1.4000000        0.00039832        0.00022586
     1.5000000        0.00038028        0.00020667
     1.6000000        0.00045652        0.00025879
     1.7000000        0.00056899        0.00036785
     1.8000000        0.00054862        0.00033604
     1.9000000        0.00054947        0.00029630
     2.0000000        0.00054715        0.00024485
     2.1000000        0.00046156        0.00018929
     2.2000000        0.00036649        0.00013475
     2.3000000        0.00029932        0.00013298
     2.4000000        0.00023925        0.00012519
     2.5000000        0.00015707        0.00009885
     2.6000000        0.00009401        0.00007900
     2.7000000        0.00010506        0.00006448
     2.8000000        0.00012802        0.00005917
     2.9000000        0.00011764        0.00006283
     3.0000000        0.00010489        0.00005523
     3.1000000        0.00009146        0.00004094
     3.2000000        0.00006754        0.00004635
     3.3000000        0.00004516        0.00005842
     3.4000000        0.00002214        0.00004839
     3.5000000        0.00000326        0.00003844
     3.6000000        0.00001224        0.00004429
     3.7000000        0.00002875        0.00004582
     3.8000000        0.00002422        0.00003775
     3.9000000        0.00002317        0.00003414
     4.0000000        0.00001707        0.00002712
     4.1000000        0.00001167        0.00002789
     4.2000000        0.00000474        0.00003256
     4.3000000       -0.00002038        0.00003918
     4.4000000       -0.00002485        0.00004621
     4.5000000       -0.00000516        0.00003907
     4.6000000        0.00000667        0.00003045
     4.7000000        0.00001418        0.00002168
     4.8000000        0.00001973        0.00001804
     4.9000000        0.00002073        0.00002227
     5.0000000        0.00002261        0.00002715
