   -2.356194     -2.356194        0.62058385        0.01629131        0.00341056        0.01203259
   -2.356194     -1.570796        1.00982889        0.03320253       -0.02222379        0.03899887
   -2.356194     -0.785398        2.19900015        0.12100596       -0.11728681        0.07182035
   -2.356194      0.000000        2.26317250        0.05002936        0.09745156        0.07836840
   -2.356194      0.785398        2.20072941        0.07110673        0.00171129        0.09852957
   -2.356194      1.570796        1.01643946        0.03617138       -0.03805051        0.02415541
   -2.356194      2.356194        0.60664605        0.01599537        0.00177982        0.01466214
   -2.356194      3.141593        0.51801395        0.00611238        0.01303888        0.01287053
   -1.570796     -2.356194        1.04780976        0.04190567        0.04022286        0.03289808
   -1.570796     -1.570796        2.10064911        0.13335472        0.08175041        0.11678693
   -1.570796     -0.785398        1.41258443        0.05164038        0.02459895        0.05586319
   -1.570796      0.000000        1.03065961        0.04985890       -0.00160454        0.05311997
   -1.570796      0.785398        1.48378067        0.05523083       -0.01940337        0.04806116
   -1.570796      1.570796        2.25185728        0.08436981        0.03228512        0.14566599
   -1.570796      2.356194        1.05204182        0.02133067       -0.05532865        0.02488887
   -1.570796      3.141593        0.78861474        0.01895082       -0.01519794        0.03307777
   -0.785398     -2.356194        1.99419308        0.10182501        0.04310308        0.14250638
   -0.785398     -1.570796        1.47966627        0.02726343        0.06794451        0.03578445
   -0.785398     -0.785398        0.75884967        0.03026233        0.01365345        0.02616167
   -0.785398      0.000000        0.62033542        0.01520558        0.01876070        0.00757883
   -0.785398      0.785398        0.74460288        0.02475658       -0.03571210        0.02991713
   -0.785398      1.570796        1.55124564        0.03155205        0.00106440        0.05927669
   -0.785398      2.356194        2.03284523        0.11620033        0.06260432        0.10829333
   -0.785398      3.141593        1.53529517        0.04549019        0.06723024        0.04395554
    0.000000     -2.356194        2.16851518        0.14308762        0.04276981        0.12590481
    0.000000     -1.570796        1.05898645        0.03428730        0.02484793        0.02627442
    0.000000     -0.785398        0.62811715        0.01879310       -0.00865782        0.01925844
    0.000000      0.000000        0.49758795        0.01278280        0.00000000        0.00000000
    0.000000      0.785398        0.62811715        0.01879310        0.00865782        0.01925844
    0.000000      1.570796        1.05898645        0.03428730       -0.02484793        0.02627442
    0.000000      2.356194        2.16851518        0.14308762       -0.04276981        0.12590481
    0.000000      3.141593        2.19547307        0.10267826       -0.00000000        0.00000000
    0.785398     -2.356194        2.03284523        0.11620033       -0.06260432        0.10829333
    0.785398     -1.570796        1.55124564        0.03155205       -0.00106440        0.05927669
    0.785398     -0.785398        0.74460288        0.02475658        0.03571210        0.02991713
    0.785398      0.000000        0.62033542        0.01520558       -0.01876070        0.00757883
    0.785398      0.785398        0.75884967        0.03026233       -0.01365345        0.02616167
    0.785398      1.570796        1.47966627        0.02726343       -0.06794451        0.03578445
    0.785398      2.356194        1.99419308        0.10182501       -0.04310308        0.14250638
    0.785398      3.141593        1.53529517        0.04549019       -0.06723024        0.04395554
    1.570796     -2.356194        1.05204182        0.02133067        0.05532865        0.02488887
    1.570796     -1.570796        2.25185728        0.08436981       -0.03228512        0.14566599
    1.570796     -0.785398        1.48378067        0.05523083        0.01940337        0.04806116
    1.570796      0.000000        1.03065961        0.04985890        0.00160454        0.05311997
    1.570796      0.785398        1.41258443        0.05164038       -0.02459895        0.05586319
    1.570796      1.570796        2.10064911        0.13335472       -0.08175041        0.11678693
    1.570796      2.356194        1.04780976        0.04190567       -0.04022286        0.03289808
    1.570796      3.141593        0.78861474        0.01895082        0.01519794        0.03307777
    2.356194     -2.356194        0.60664605        0.01599537       -0.00177982        0.01466214
    2.356194     -1.570796        1.01643946        0.03617138        0.03805051        0.02415541
    2.356194     -0.785398        2.20072941        0.07110673       -0.00171129        0.09852957
    2.356194      0.000000        2.26317250        0.05002936       -0.09745156        0.07836840
    2.356194      0.785398        2.19900015        0.12100596        0.11728681        0.07182035
    2.356194      1.570796        1.00982889        0.03320253        0.02222379        0.03899887
    2.356194      2.356194        0.62058385        0.01629131       -0.00341056        0.01203259
    2.356194      3.141593        0.51801395        0.00611238       -0.01303888        0.01287053
    3.141593     -2.356194        0.53136951        0.01000497        0.00506034        0.00993169
    3.141593     -1.570796        0.77548273        0.02468227        0.01333286        0.01242889
    3.141593     -0.785398        1.66583489        0.04543887        0.02830289        0.05903010
    3.141593      0.000000        2.17993607        0.17039257       -0.00000000        0.00000000
    3.141593      0.785398        1.66583489        0.04543887       -0.02830289        0.05903010
    3.141593      1.570796        0.77548273        0.02468227       -0.01333286        0.01242889
    3.141593      2.356194        0.53136951        0.01000497       -0.00506034        0.00993169
    3.141593      3.141593        0.42825870        0.01833654       -0.00000000        0.00000000
