         2 (-0.67709140688849678E+000, 0.00000000000000000E+000)  0.10000000000000000E+001
         2 (-0.68258106879810998E+000, 0.00000000000000000E+000)  0.10000000000000000E+001
         2 (-0.67917890565642469E+000, 0.00000000000000000E+000)  0.10000000000000000E+001
         2 (-0.68018757126950014E+000, 0.00000000000000000E+000)  0.10000000000000000E+001
         2 (-0.67695212917884773E+000, 0.00000000000000000E+000)  0.10000000000000000E+001
         2 (-0.67440511391604796E+000, 0.00000000000000000E+000)  0.10000000000000000E+001
         2 (-0.67888647476706832E+000, 0.00000000000000000E+000)  0.10000000000000000E+001
         2 (-0.67489139251622798E+000, 0.00000000000000000E+000)  0.10000000000000000E+001
         2 (-0.67789397475706492E+000, 0.00000000000000000E+000)  0.10000000000000000E+001
         2 (-0.68060932159797483E+000, 0.00000000000000000E+000)  0.10000000000000000E+001
