 0.10000000000000000E+001          1         64
( 0.00000000000000000E+000, 0.00000000000000000E+000)
-0.23561944901923448E+001 -0.23561944901923448E+001
( 0.38867399203751191E+000,-0.43910187985662930E-016)
-0.23561944901923448E+001 -0.15707963267948966E+001
( 0.32168840303524893E+000,-0.25702203604286169E-016)
-0.23561944901923448E+001 -0.78539816339744828E+000
( 0.26935730562338678E+000,-0.41606258369131233E-016)
-0.23561944901923448E+001  0.00000000000000000E+000
( 0.25036817542662632E+000,-0.29143578135964008E-016)
-0.23561944901923448E+001  0.78539816339744828E+000
( 0.25994746480706066E+000,-0.15612511283791264E-016)
-0.23561944901923448E+001  0.15707963267948966E+001
( 0.30990505202738217E+000,-0.52994251997706695E-016)
-0.23561944901923448E+001  0.23561944901923448E+001
( 0.37991279747211082E+000,-0.29842664797663510E-016)
-0.23561944901923448E+001  0.31415926535897931E+001
( 0.40336254398451649E+000,-0.20126567209217429E-016)
-0.15707963267948966E+001 -0.23561944901923448E+001
( 0.31894906268302919E+000,-0.53017486234541167E-016)
-0.15707963267948966E+001 -0.15707963267948966E+001
( 0.25122214552996269E+000,-0.50613823967180174E-016)
-0.15707963267948966E+001 -0.78539816339744828E+000
( 0.19360710332212250E+000,-0.59820854866887707E-016)
-0.15707963267948966E+001  0.00000000000000000E+000
( 0.17130117493993907E+000,-0.55814578679851336E-016)
-0.15707963267948966E+001  0.78539816339744828E+000
( 0.19929334897550965E+000,-0.53342746886286818E-016)
-0.15707963267948966E+001  0.15707963267948966E+001
( 0.25683599263125989E+000,-0.44734768480348354E-016)
-0.15707963267948966E+001  0.23561944901923448E+001
( 0.32689758505525812E+000,-0.32227909577131619E-016)
-0.15707963267948966E+001  0.31415926535897931E+001
( 0.33616188228061433E+000,-0.40675855682411691E-016)
-0.78539816339744828E+000 -0.23561944901923448E+001
( 0.27178966903849960E+000,-0.55944832100252029E-016)
-0.78539816339744828E+000 -0.15707963267948966E+001
( 0.20671879562235704E+000,-0.47626698231519697E-016)
-0.78539816339744828E+000 -0.78539816339744828E+000
( 0.10998040521758544E+000,-0.38706017557732508E-016)
-0.78539816339744828E+000  0.00000000000000000E+000
( 0.72725583352848303E-001,-0.42457431654383570E-016)
-0.78539816339744828E+000  0.78539816339744828E+000
( 0.10963093421220202E+000,-0.38163916471489756E-016)
-0.78539816339744828E+000  0.15707963267948966E+001
( 0.20006475878925689E+000,-0.23310723214630218E-016)
-0.78539816339744828E+000  0.23561944901923448E+001
( 0.26893392423009405E+000,-0.17374339814080209E-016)
-0.78539816339744828E+000  0.31415926535897931E+001
( 0.29720661502624618E+000,-0.18651322137353084E-016)
 0.00000000000000000E+000 -0.23561944901923448E+001
( 0.24629288283150702E+000,-0.10923336887791457E-016)
 0.00000000000000000E+000 -0.15707963267948966E+001
( 0.17826656457016271E+000,-0.10250469970317317E-016)
 0.00000000000000000E+000 -0.78539816339744828E+000
( 0.74393330924630102E-001,-0.16805133673525319E-016)
 0.00000000000000000E+000  0.00000000000000000E+000
( 0.73098672387042485E-003, 0.00000000000000000E+000)
 0.00000000000000000E+000  0.78539816339744828E+000
( 0.74393330924630102E-001, 0.16805133673525319E-016)
 0.00000000000000000E+000  0.15707963267948966E+001
( 0.17826656457016271E+000, 0.10250469970317317E-016)
 0.00000000000000000E+000  0.23561944901923448E+001
( 0.24629288283150702E+000, 0.10923336887791457E-016)
 0.00000000000000000E+000  0.31415926535897931E+001
( 0.27186931113620816E+000,-0.74942264008125459E-018)
 0.78539816339744828E+000 -0.23561944901923448E+001
( 0.26893392423009405E+000, 0.17374339814080209E-016)
 0.78539816339744828E+000 -0.15707963267948966E+001
( 0.20006475878925689E+000, 0.23310723214630218E-016)
 0.78539816339744828E+000 -0.78539816339744828E+000
( 0.10963093421220202E+000, 0.38163916471489756E-016)
 0.78539816339744828E+000  0.00000000000000000E+000
( 0.72725583352848303E-001, 0.42457431654383570E-016)
 0.78539816339744828E+000  0.78539816339744828E+000
( 0.10998040521758544E+000, 0.38706017557732508E-016)
 0.78539816339744828E+000  0.15707963267948966E+001
( 0.20671879562235704E+000, 0.47626698231519697E-016)
 0.78539816339744828E+000  0.23561944901923448E+001
( 0.27178966903849960E+000, 0.55944832100252029E-016)
 0.78539816339744828E+000  0.31415926535897931E+001
( 0.29720661502624618E+000, 0.35190887865561113E-016)
 0.15707963267948966E+001 -0.23561944901923448E+001
( 0.32689758505525812E+000, 0.32227909577131619E-016)
 0.15707963267948966E+001 -0.15707963267948966E+001
( 0.25683599263125989E+000, 0.44734768480348354E-016)
 0.15707963267948966E+001 -0.78539816339744828E+000
( 0.19929334897550965E+000, 0.53342746886286818E-016)
 0.15707963267948966E+001  0.00000000000000000E+000
( 0.17130117493993907E+000, 0.55814578679851336E-016)
 0.15707963267948966E+001  0.78539816339744828E+000
( 0.19360710332212250E+000, 0.59820854866887707E-016)
 0.15707963267948966E+001  0.15707963267948966E+001
( 0.25122214552996269E+000, 0.50613823967180174E-016)
 0.15707963267948966E+001  0.23561944901923448E+001
( 0.31894906268302919E+000, 0.53017486234541167E-016)
 0.15707963267948966E+001  0.31415926535897931E+001
( 0.33616188228061433E+000, 0.31834125378850734E-016)
 0.23561944901923448E+001 -0.23561944901923448E+001
( 0.37991279747211082E+000, 0.29842664797663510E-016)
 0.23561944901923448E+001 -0.15707963267948966E+001
( 0.30990505202738217E+000, 0.52994251997706695E-016)
 0.23561944901923448E+001 -0.78539816339744828E+000
( 0.25994746480706066E+000, 0.15612511283791264E-016)
 0.23561944901923448E+001  0.00000000000000000E+000
( 0.25036817542662632E+000, 0.29143578135964008E-016)
 0.23561944901923448E+001  0.78539816339744828E+000
( 0.26935730562338678E+000, 0.41606258369131233E-016)
 0.23561944901923448E+001  0.15707963267948966E+001
( 0.32168840303524893E+000, 0.25702203604286169E-016)
 0.23561944901923448E+001  0.23561944901923448E+001
( 0.38867399203751191E+000, 0.43910187985662930E-016)
 0.23561944901923448E+001  0.31415926535897931E+001
( 0.40336254398451654E+000, 0.25065169691830563E-016)
 0.31415926535897931E+001 -0.23561944901923448E+001
( 0.40139538347352383E+000, 0.16967763999398144E-016)
 0.31415926535897931E+001 -0.15707963267948966E+001
( 0.34219967302253057E+000, 0.63761500747323779E-017)
 0.31415926535897931E+001 -0.78539816339744828E+000
( 0.29160527754459475E+000,-0.24665599424045226E-017)
 0.31415926535897931E+001  0.00000000000000000E+000
( 0.27026959708714438E+000,-0.19952303167781856E-017)
 0.31415926535897931E+001  0.78539816339744828E+000
( 0.29160527754459475E+000,-0.62341624917916505E-018)
 0.31415926535897931E+001  0.15707963267948966E+001
( 0.34219967302253057E+000,-0.10835356227066108E-016)
 0.31415926535897931E+001  0.23561944901923448E+001
( 0.40139538347352388E+000,-0.11167282376600696E-016)
 0.31415926535897931E+001  0.31415926535897931E+001
( 0.45833790409873409E+000, 0.17388874386800168E-017)
 0.10000000000000000E+001          1         64
( 0.00000000000000000E+000, 0.00000000000000000E+000)
-0.23561944901923448E+001 -0.23561944901923448E+001
( 0.36551269429927669E+000,-0.14565578560984949E-016)
-0.23561944901923448E+001 -0.15707963267948966E+001
( 0.32054783350773924E+000, 0.14530445770334672E-016)
-0.23561944901923448E+001 -0.78539816339744828E+000
( 0.26695287793706879E+000, 0.12370069161701802E-016)
-0.23561944901923448E+001  0.00000000000000000E+000
( 0.25107976336909116E+000, 0.11878875069812380E-016)
-0.23561944901923448E+001  0.78539816339744828E+000
( 0.24856691573196943E+000, 0.75961914709765654E-017)
-0.23561944901923448E+001  0.15707963267948966E+001
( 0.30983724619960090E+000, 0.11416233186839962E-016)
-0.23561944901923448E+001  0.23561944901923448E+001
( 0.35330499519482117E+000,-0.14772254600114998E-017)
-0.23561944901923448E+001  0.31415926535897931E+001
( 0.39016317083493696E+000,-0.35733649147423588E-016)
-0.15707963267948966E+001 -0.23561944901923448E+001
( 0.30962052866605527E+000,-0.32688695500437959E-016)
-0.15707963267948966E+001 -0.15707963267948966E+001
( 0.25295523349021876E+000,-0.28063194502586625E-017)
-0.15707963267948966E+001 -0.78539816339744828E+000
( 0.19794377643003580E+000,-0.12315859053077527E-016)
-0.15707963267948966E+001  0.00000000000000000E+000
( 0.17585013243045966E+000,-0.23342025950147890E-016)
-0.15707963267948966E+001  0.78539816339744828E+000
( 0.19276464106877317E+000,-0.21216481262825715E-016)
-0.15707963267948966E+001  0.15707963267948966E+001
( 0.25872199841416765E+000,-0.54925884895614063E-017)
-0.15707963267948966E+001  0.23561944901923448E+001
( 0.31107571014393198E+000,-0.10282979979667206E-016)
-0.15707963267948966E+001  0.31415926535897931E+001
( 0.33397769683409329E+000,-0.28762328821398282E-016)
-0.78539816339744828E+000 -0.23561944901923448E+001
( 0.26581291654005207E+000, 0.50483163656356300E-017)
-0.78539816339744828E+000 -0.15707963267948966E+001
( 0.19403630510493972E+000,-0.64783519817249598E-017)
-0.78539816339744828E+000 -0.78539816339744828E+000
( 0.10471315180802927E+000,-0.17597956512155344E-016)
-0.78539816339744828E+000  0.00000000000000000E+000
( 0.72487183555462478E-001,-0.13008138976127350E-016)
-0.78539816339744828E+000  0.78539816339744828E+000
( 0.11126141208725852E+000,-0.22680154195681146E-016)
-0.78539816339744828E+000  0.15707963267948966E+001
( 0.19586935061847749E+000,-0.12899381191300453E-016)
-0.78539816339744828E+000  0.23561944901923448E+001
( 0.26512627189211302E+000,-0.40112092250174647E-016)
-0.78539816339744828E+000  0.31415926535897931E+001
( 0.28438167014684501E+000,-0.26573138323740232E-016)
 0.00000000000000000E+000 -0.23561944901923448E+001
( 0.24827986182632553E+000, 0.13135786946019690E-016)
 0.00000000000000000E+000 -0.15707963267948966E+001
( 0.16948569990316323E+000, 0.35197163108771372E-016)
 0.00000000000000000E+000 -0.78539816339744828E+000
( 0.67285430183997255E-001,-0.23716922523120409E-018)
 0.00000000000000000E+000  0.00000000000000000E+000
( 0.46013985609710817E-003, 0.00000000000000000E+000)
 0.00000000000000000E+000  0.78539816339744828E+000
( 0.67285430183997255E-001, 0.23716922523120409E-018)
 0.00000000000000000E+000  0.15707963267948966E+001
( 0.16948569990316323E+000,-0.35197163108771372E-016)
 0.00000000000000000E+000  0.23561944901923448E+001
( 0.24827986182632553E+000,-0.13135786946019690E-016)
 0.00000000000000000E+000  0.31415926535897931E+001
( 0.27350918918537581E+000,-0.11138073957190078E-017)
 0.78539816339744828E+000 -0.23561944901923448E+001
( 0.26512627189211302E+000, 0.40112092250174647E-016)
 0.78539816339744828E+000 -0.15707963267948966E+001
( 0.19586935061847749E+000, 0.12899381191300453E-016)
 0.78539816339744828E+000 -0.78539816339744828E+000
( 0.11126141208725852E+000, 0.22680154195681146E-016)
 0.78539816339744828E+000  0.00000000000000000E+000
( 0.72487183555462478E-001, 0.13008138976127350E-016)
 0.78539816339744828E+000  0.78539816339744828E+000
( 0.10471315180802927E+000, 0.17597956512155344E-016)
 0.78539816339744828E+000  0.15707963267948966E+001
( 0.19403630510493972E+000, 0.64783519817249598E-017)
 0.78539816339744828E+000  0.23561944901923448E+001
( 0.26581291654005207E+000,-0.50483163656356300E-017)
 0.78539816339744828E+000  0.31415926535897931E+001
( 0.28438167014684501E+000, 0.24125868233294010E-016)
 0.15707963267948966E+001 -0.23561944901923448E+001
( 0.31107571014393198E+000, 0.10282979979667206E-016)
 0.15707963267948966E+001 -0.15707963267948966E+001
( 0.25872199841416765E+000, 0.54925884895614063E-017)
 0.15707963267948966E+001 -0.78539816339744828E+000
( 0.19276464106877317E+000, 0.21216481262825715E-016)
 0.15707963267948966E+001  0.00000000000000000E+000
( 0.17585013243045966E+000, 0.23342025950147890E-016)
 0.15707963267948966E+001  0.78539816339744828E+000
( 0.19794377643003580E+000, 0.12315859053077527E-016)
 0.15707963267948966E+001  0.15707963267948966E+001
( 0.25295523349021876E+000, 0.28063194502586625E-017)
 0.15707963267948966E+001  0.23561944901923448E+001
( 0.30962052866605527E+000, 0.32688695500437959E-016)
 0.15707963267948966E+001  0.31415926535897931E+001
( 0.33397769683409329E+000, 0.28377120736226120E-016)
 0.23561944901923448E+001 -0.23561944901923448E+001
( 0.35330499519482117E+000, 0.14772254600114998E-017)
 0.23561944901923448E+001 -0.15707963267948966E+001
( 0.30983724619960090E+000,-0.11416233186839962E-016)
 0.23561944901923448E+001 -0.78539816339744828E+000
( 0.24856691573196943E+000,-0.75961914709765654E-017)
 0.23561944901923448E+001  0.00000000000000000E+000
( 0.25107976336909116E+000,-0.11878875069812380E-016)
 0.23561944901923448E+001  0.78539816339744828E+000
( 0.26695287793706879E+000,-0.12370069161701802E-016)
 0.23561944901923448E+001  0.15707963267948966E+001
( 0.32054783350773924E+000,-0.14530445770334672E-016)
 0.23561944901923448E+001  0.23561944901923448E+001
( 0.36551269429927669E+000, 0.14565578560984949E-016)
 0.23561944901923448E+001  0.31415926535897931E+001
( 0.39016317083493696E+000, 0.25114205181867873E-016)
 0.31415926535897931E+001 -0.23561944901923448E+001
( 0.39014521472050590E+000,-0.18946432964184190E-016)
 0.31415926535897931E+001 -0.15707963267948966E+001
( 0.34009088014406713E+000,-0.28652246145876563E-019)
 0.31415926535897931E+001 -0.78539816339744828E+000
( 0.29193708511297811E+000, 0.62748200732598569E-017)
 0.31415926535897931E+001  0.00000000000000000E+000
( 0.28715502909680607E+000,-0.47874260282366732E-018)
 0.31415926535897931E+001  0.78539816339744828E+000
( 0.29193708511297811E+000,-0.56378512969246231E-017)
 0.31415926535897931E+001  0.15707963267948966E+001
( 0.34009088014406713E+000,-0.20218092409646672E-017)
 0.31415926535897931E+001  0.23561944901923448E+001
( 0.39014521472050590E+000, 0.17553910798898120E-016)
 0.31415926535897931E+001  0.31415926535897931E+001
( 0.41562554537088076E+000, 0.16409153506459842E-017)
 0.10000000000000000E+001          1         64
( 0.00000000000000000E+000, 0.00000000000000000E+000)
-0.23561944901923448E+001 -0.23561944901923448E+001
( 0.38936012209386756E+000, 0.60715321659188248E-017)
-0.23561944901923448E+001 -0.15707963267948966E+001
( 0.31641900306273518E+000,-0.31583976736744656E-016)
-0.23561944901923448E+001 -0.78539816339744828E+000
( 0.27230808114094174E+000,-0.28514517136368767E-016)
-0.23561944901923448E+001  0.00000000000000000E+000
( 0.25413476488850828E+000,-0.26210961595159792E-016)
-0.23561944901923448E+001  0.78539816339744828E+000
( 0.26281369385511244E+000, 0.16263032587282567E-017)
-0.23561944901923448E+001  0.15707963267948966E+001
( 0.32624775738446010E+000,-0.14256682936180542E-016)
-0.23561944901923448E+001  0.23561944901923448E+001
( 0.37228758394686012E+000,-0.10842021724855044E-018)
-0.23561944901923448E+001  0.31415926535897931E+001
( 0.39119598499954544E+000, 0.29509381821110870E-016)
-0.15707963267948966E+001 -0.23561944901923448E+001
( 0.31396585229345997E+000,-0.11167282376600696E-016)
-0.15707963267948966E+001 -0.15707963267948966E+001
( 0.26415819978799315E+000,-0.39472925281040838E-016)
-0.15707963267948966E+001 -0.78539816339744828E+000
( 0.20021076054989967E+000,-0.28297676701871666E-016)
-0.15707963267948966E+001  0.00000000000000000E+000
( 0.18030508648589225E+000,-0.17834876353838065E-016)
-0.15707963267948966E+001  0.78539816339744828E+000
( 0.19760828658368634E+000,-0.67220534694101275E-017)
-0.15707963267948966E+001  0.15707963267948966E+001
( 0.25769388199209553E+000,-0.44332541505550901E-017)
-0.15707963267948966E+001  0.23561944901923448E+001
( 0.32619061202461774E+000, 0.94325589006238886E-017)
-0.15707963267948966E+001  0.31415926535897931E+001
( 0.33868434496478550E+000, 0.43849439652975117E-017)
-0.78539816339744828E+000 -0.23561944901923448E+001
( 0.26477803444531423E+000, 0.17347234759768071E-017)
-0.78539816339744828E+000 -0.15707963267948966E+001
( 0.20165160051045797E+000,-0.27597529475826928E-016)
-0.78539816339744828E+000 -0.78539816339744828E+000
( 0.11518603308339484E+000,-0.22876665839444144E-016)
-0.78539816339744828E+000  0.00000000000000000E+000
( 0.75599028688111344E-001,-0.33069413178550294E-017)
-0.78539816339744828E+000  0.78539816339744828E+000
( 0.11239948557552829E+000,-0.30574501264091225E-016)
-0.78539816339744828E+000  0.15707963267948966E+001
( 0.19783932667002208E+000,-0.35477936185550792E-016)
-0.78539816339744828E+000  0.23561944901923448E+001
( 0.26605143836520528E+000,-0.12576745200831851E-016)
-0.78539816339744828E+000  0.31415926535897931E+001
( 0.29633883680703232E+000,-0.81926594652331481E-017)
 0.00000000000000000E+000 -0.23561944901923448E+001
( 0.25085596997616810E+000,-0.17347234759768071E-017)
 0.00000000000000000E+000 -0.15707963267948966E+001
( 0.18251870880384793E+000, 0.71601127367054694E-017)
 0.00000000000000000E+000 -0.78539816339744828E+000
( 0.74359654040755271E-001, 0.13335686721571705E-016)
 0.00000000000000000E+000  0.00000000000000000E+000
( 0.73153807660084058E-003, 0.00000000000000000E+000)
 0.00000000000000000E+000  0.78539816339744828E+000
( 0.74359654040755271E-001,-0.13335686721571705E-016)
 0.00000000000000000E+000  0.15707963267948966E+001
( 0.18251870880384793E+000,-0.71601127367054694E-017)
 0.00000000000000000E+000  0.23561944901923448E+001
( 0.25085596997616810E+000, 0.17347234759768071E-017)
 0.00000000000000000E+000  0.31415926535897931E+001
( 0.28097800997104794E+000,-0.22559723109937474E-018)
 0.78539816339744828E+000 -0.23561944901923448E+001
( 0.26605143836520528E+000, 0.12576745200831851E-016)
 0.78539816339744828E+000 -0.15707963267948966E+001
( 0.19783932667002208E+000, 0.35477936185550792E-016)
 0.78539816339744828E+000 -0.78539816339744828E+000
( 0.11239948557552829E+000, 0.30574501264091225E-016)
 0.78539816339744828E+000  0.00000000000000000E+000
( 0.75599028688111344E-001, 0.33069413178550294E-017)
 0.78539816339744828E+000  0.78539816339744828E+000
( 0.11518603308339484E+000, 0.22876665839444144E-016)
 0.78539816339744828E+000  0.15707963267948966E+001
( 0.20165160051045797E+000, 0.27597529475826928E-016)
 0.78539816339744828E+000  0.23561944901923448E+001
( 0.26477803444531423E+000,-0.17347234759768071E-017)
 0.78539816339744828E+000  0.31415926535897931E+001
( 0.29633883680703238E+000, 0.18372998920971658E-017)
 0.15707963267948966E+001 -0.23561944901923448E+001
( 0.32619061202461774E+000,-0.94325589006238886E-017)
 0.15707963267948966E+001 -0.15707963267948966E+001
( 0.25769388199209553E+000, 0.44332541505550901E-017)
 0.15707963267948966E+001 -0.78539816339744828E+000
( 0.19760828658368634E+000, 0.67220534694101275E-017)
 0.15707963267948966E+001  0.00000000000000000E+000
( 0.18030508648589225E+000, 0.17834876353838065E-016)
 0.15707963267948966E+001  0.78539816339744828E+000
( 0.20021076054989967E+000, 0.28297676701871666E-016)
 0.15707963267948966E+001  0.15707963267948966E+001
( 0.26415819978799315E+000, 0.39472925281040838E-016)
 0.15707963267948966E+001  0.23561944901923448E+001
( 0.31396585229345997E+000, 0.11167282376600696E-016)
 0.15707963267948966E+001  0.31415926535897931E+001
( 0.33868434496478550E+000,-0.37487508520225660E-017)
 0.23561944901923448E+001 -0.23561944901923448E+001
( 0.37228758394686012E+000, 0.10842021724855044E-018)
 0.23561944901923448E+001 -0.15707963267948966E+001
( 0.32624775738446010E+000, 0.14256682936180542E-016)
 0.23561944901923448E+001 -0.78539816339744828E+000
( 0.26281369385511244E+000,-0.16263032587282567E-017)
 0.23561944901923448E+001  0.00000000000000000E+000
( 0.25413476488850828E+000, 0.26210961595159792E-016)
 0.23561944901923448E+001  0.78539816339744828E+000
( 0.27230808114094174E+000, 0.28514517136368767E-016)
 0.23561944901923448E+001  0.15707963267948966E+001
( 0.31641900306273518E+000, 0.31583976736744656E-016)
 0.23561944901923448E+001  0.23561944901923448E+001
( 0.38936012209386756E+000,-0.60715321659188248E-017)
 0.23561944901923448E+001  0.31415926535897931E+001
( 0.39119598499954544E+000,-0.23559046736536379E-016)
 0.31415926535897931E+001 -0.23561944901923448E+001
( 0.40112226878288448E+000, 0.10191500421363742E-016)
 0.31415926535897931E+001 -0.15707963267948966E+001
( 0.33860675064711626E+000,-0.27006399770445915E-016)
 0.31415926535897931E+001 -0.78539816339744828E+000
( 0.29877694127252830E+000,-0.62883726004159257E-017)
 0.31415926535897931E+001  0.00000000000000000E+000
( 0.27687009239667398E+000,-0.13015413740795617E-017)
 0.31415926535897931E+001  0.78539816339744828E+000
( 0.29877694127252830E+000, 0.83483567281383841E-017)
 0.31415926535897931E+001  0.15707963267948966E+001
( 0.33860675064711626E+000, 0.25046818751838022E-016)
 0.31415926535897931E+001  0.23561944901923448E+001
( 0.40112226878288448E+000,-0.60715321659188248E-017)
 0.31415926535897931E+001  0.31415926535897931E+001
( 0.49016878124327951E+000, 0.72192801663295210E-017)
 0.10000000000000000E+001          1         64
( 0.00000000000000000E+000, 0.00000000000000000E+000)
-0.23561944901923448E+001 -0.23561944901923448E+001
( 0.36877453562162538E+000, 0.51770653736182837E-017)
-0.23561944901923448E+001 -0.15707963267948966E+001
( 0.31550589621465985E+000, 0.15448797523570459E-016)
-0.23561944901923448E+001 -0.78539816339744828E+000
( 0.26755346616054476E+000,-0.38963515573697816E-017)
-0.23561944901923448E+001  0.00000000000000000E+000
( 0.24559478475742727E+000, 0.28057388149518853E-016)
-0.23561944901923448E+001  0.78539816339744828E+000
( 0.26892208997677475E+000, 0.14284363622496521E-016)
-0.23561944901923448E+001  0.15707963267948966E+001
( 0.31217965044416646E+000,-0.12070110803972066E-017)
-0.23561944901923448E+001  0.23561944901923448E+001
( 0.37130907350777453E+000,-0.94190063734678198E-018)
-0.23561944901923448E+001  0.31415926535897931E+001
( 0.37575393371111365E+000,-0.83866863186826258E-017)
-0.15707963267948966E+001 -0.23561944901923448E+001
( 0.31672946380880529E+000, 0.16927106417929938E-016)
-0.15707963267948966E+001 -0.15707963267948966E+001
( 0.25530288040443749E+000,-0.66557860867836578E-017)
-0.15707963267948966E+001 -0.78539816339744828E+000
( 0.19689161970162120E+000, 0.48436732055789911E-016)
-0.15707963267948966E+001  0.00000000000000000E+000
( 0.17088863110131658E+000, 0.40239532677782685E-016)
-0.15707963267948966E+001  0.78539816339744828E+000
( 0.19736687833793454E+000, 0.23859224058259132E-016)
-0.15707963267948966E+001  0.15707963267948966E+001
( 0.25607140687161090E+000,-0.11589153242433602E-016)
-0.15707963267948966E+001  0.23561944901923448E+001
( 0.31149429231948894E+000,-0.64374503991326826E-017)
-0.15707963267948966E+001  0.31415926535897931E+001
( 0.34258721553357796E+000, 0.63906408910495088E-017)
-0.78539816339744828E+000 -0.23561944901923448E+001
( 0.26074816002357210E+000, 0.35778671692021646E-017)
-0.78539816339744828E+000 -0.15707963267948966E+001
( 0.19825458925435060E+000, 0.25591245211313635E-016)
-0.78539816339744828E+000 -0.78539816339744828E+000
( 0.11066181390497362E+000, 0.35236570605778894E-017)
-0.78539816339744828E+000  0.00000000000000000E+000
( 0.70042988515732874E-001, 0.36784713471654782E-017)
-0.78539816339744828E+000  0.78539816339744828E+000
( 0.11092819171157253E+000,-0.28819448997380315E-016)
-0.78539816339744828E+000  0.15707963267948966E+001
( 0.19043539051800823E+000,-0.39665692452315316E-017)
-0.78539816339744828E+000  0.23561944901923448E+001
( 0.26939107141567720E+000, 0.27166040684339920E-016)
-0.78539816339744828E+000  0.31415926535897931E+001
( 0.29203484380736267E+000, 0.53632240889531443E-017)
 0.00000000000000000E+000 -0.23561944901923448E+001
( 0.24272755554493325E+000,-0.13281476612947429E-017)
 0.00000000000000000E+000 -0.15707963267948966E+001
( 0.17391622801537041E+000,-0.35485639048873954E-017)
 0.00000000000000000E+000 -0.78539816339744828E+000
( 0.74202651922902721E-001,-0.13627066055427184E-016)
 0.00000000000000000E+000  0.00000000000000000E+000
(-0.30864422444526474E-003, 0.00000000000000000E+000)
 0.00000000000000000E+000  0.78539816339744828E+000
( 0.74202651922902721E-001, 0.13627066055427184E-016)
 0.00000000000000000E+000  0.15707963267948966E+001
( 0.17391622801537041E+000, 0.35485639048873954E-017)
 0.00000000000000000E+000  0.23561944901923448E+001
( 0.24272755554493325E+000, 0.13281476612947429E-017)
 0.00000000000000000E+000  0.31415926535897931E+001
( 0.26236121114071792E+000,-0.14680693528606965E-017)
 0.78539816339744828E+000 -0.23561944901923448E+001
( 0.26939107141567720E+000,-0.27166040684339920E-016)
 0.78539816339744828E+000 -0.15707963267948966E+001
( 0.19043539051800823E+000, 0.39665692452315316E-017)
 0.78539816339744828E+000 -0.78539816339744828E+000
( 0.11092819171157253E+000, 0.28819448997380315E-016)
 0.78539816339744828E+000  0.00000000000000000E+000
( 0.70042988515732874E-001,-0.36784713471654782E-017)
 0.78539816339744828E+000  0.78539816339744828E+000
( 0.11066181390497362E+000,-0.35236570605778894E-017)
 0.78539816339744828E+000  0.15707963267948966E+001
( 0.19825458925435060E+000,-0.25591245211313635E-016)
 0.78539816339744828E+000  0.23561944901923448E+001
( 0.26074816002357210E+000,-0.35778671692021646E-017)
 0.78539816339744828E+000  0.31415926535897931E+001
( 0.29203484380736267E+000,-0.12545568939987814E-016)
 0.15707963267948966E+001 -0.23561944901923448E+001
( 0.31149429231948894E+000, 0.64374503991326826E-017)
 0.15707963267948966E+001 -0.15707963267948966E+001
( 0.25607140687161090E+000, 0.11589153242433602E-016)
 0.15707963267948966E+001 -0.78539816339744828E+000
( 0.19736687833793454E+000,-0.23859224058259132E-016)
 0.15707963267948966E+001  0.00000000000000000E+000
( 0.17088863110131658E+000,-0.40239532677782685E-016)
 0.15707963267948966E+001  0.78539816339744828E+000
( 0.19689161970162120E+000,-0.48436732055789911E-016)
 0.15707963267948966E+001  0.15707963267948966E+001
( 0.25530288040443749E+000, 0.66557860867836578E-017)
 0.15707963267948966E+001  0.23561944901923448E+001
( 0.31672946380880529E+000,-0.16927106417929938E-016)
 0.15707963267948966E+001  0.31415926535897931E+001
( 0.34258721553357796E+000,-0.47377271196909159E-017)
 0.23561944901923448E+001 -0.23561944901923448E+001
( 0.37130907350777453E+000, 0.94190063734678198E-018)
 0.23561944901923448E+001 -0.15707963267948966E+001
( 0.31217965044416646E+000, 0.12070110803972066E-017)
 0.23561944901923448E+001 -0.78539816339744828E+000
( 0.26892208997677475E+000,-0.14284363622496521E-016)
 0.23561944901923448E+001  0.00000000000000000E+000
( 0.24559478475742727E+000,-0.28057388149518853E-016)
 0.23561944901923448E+001  0.78539816339744828E+000
( 0.26755346616054476E+000, 0.38963515573697816E-017)
 0.23561944901923448E+001  0.15707963267948966E+001
( 0.31550589621465985E+000,-0.15448797523570459E-016)
 0.23561944901923448E+001  0.23561944901923448E+001
( 0.36877453562162538E+000,-0.51770653736182837E-017)
 0.23561944901923448E+001  0.31415926535897931E+001
( 0.37575393371111365E+000, 0.10528480151023295E-016)
 0.31415926535897931E+001 -0.23561944901923448E+001
( 0.40412689121812795E+000,-0.82331602473117993E-017)
 0.31415926535897931E+001 -0.15707963267948966E+001
( 0.33799910456297294E+000, 0.10578473717597452E-016)
 0.31415926535897931E+001 -0.78539816339744828E+000
( 0.29616835584043583E+000, 0.36056498498721057E-016)
 0.31415926535897931E+001  0.00000000000000000E+000
( 0.27513125398579541E+000,-0.89862589512935299E-018)
 0.31415926535897931E+001  0.78539816339744828E+000
( 0.29616835584043583E+000,-0.41863756385096540E-016)
 0.31415926535897931E+001  0.15707963267948966E+001
( 0.33799910456297294E+000,-0.13146978322953238E-016)
 0.31415926535897931E+001  0.23561944901923448E+001
( 0.40412689121812795E+000, 0.41741783640691921E-017)
 0.31415926535897931E+001  0.31415926535897931E+001
( 0.41346634391278181E+000,-0.64724150937343717E-018)
 0.10000000000000000E+001          1         64
( 0.00000000000000000E+000, 0.00000000000000000E+000)
-0.23561944901923448E+001 -0.23561944901923448E+001
( 0.37285568361650989E+000, 0.33013956152183610E-016)
-0.23561944901923448E+001 -0.15707963267948966E+001
( 0.32582733113723511E+000, 0.44043242934285029E-016)
-0.23561944901923448E+001 -0.78539816339744828E+000
( 0.26834250923414787E+000, 0.55063917835107556E-016)
-0.23561944901923448E+001  0.00000000000000000E+000
( 0.24415804057189414E+000, 0.17838093036795991E-016)
-0.23561944901923448E+001  0.78539816339744828E+000
( 0.27121681571689538E+000,-0.14467322739103450E-016)
-0.23561944901923448E+001  0.15707963267948966E+001
( 0.32278186742765891E+000, 0.22499912646369498E-016)
-0.23561944901923448E+001  0.23561944901923448E+001
( 0.37826581380147895E+000, 0.29212472284906310E-016)
-0.23561944901923448E+001  0.31415926535897931E+001
( 0.39433648725552539E+000, 0.18309384542144621E-016)
-0.15707963267948966E+001 -0.23561944901923448E+001
( 0.32378780151510445E+000, 0.37567605276622729E-016)
-0.15707963267948966E+001 -0.15707963267948966E+001
( 0.26077989277461866E+000, 0.47192411087762952E-016)
-0.15707963267948966E+001 -0.78539816339744828E+000
( 0.19705526642164550E+000, 0.30499962364732847E-016)
-0.15707963267948966E+001  0.00000000000000000E+000
( 0.17677291296246317E+000, 0.12104946059815172E-016)
-0.15707963267948966E+001  0.78539816339744828E+000
( 0.20078771003493476E+000, 0.56514038240806919E-017)
-0.15707963267948966E+001  0.15707963267948966E+001
( 0.25345572123597848E+000, 0.32143918054292709E-016)
-0.15707963267948966E+001  0.23561944901923448E+001
( 0.31937810372830489E+000, 0.26339336527819723E-016)
-0.15707963267948966E+001  0.31415926535897931E+001
( 0.34263571670361787E+000, 0.23254460400205669E-016)
-0.78539816339744828E+000 -0.23561944901923448E+001
( 0.27459736470204443E+000, 0.37411751214327937E-016)
-0.78539816339744828E+000 -0.15707963267948966E+001
( 0.19757583619705205E+000, 0.23389109133650603E-016)
-0.78539816339744828E+000 -0.78539816339744828E+000
( 0.11403842933355024E+000, 0.14440217684791312E-016)
-0.78539816339744828E+000  0.00000000000000000E+000
( 0.73071489012750221E-001, 0.88642087399964250E-018)
-0.78539816339744828E+000  0.78539816339744828E+000
( 0.11273291980768969E+000,-0.22836008257975937E-017)
-0.78539816339744828E+000  0.15707963267948966E+001
( 0.19863757102812848E+000,-0.11164647224090979E-016)
-0.78539816339744828E+000  0.23561944901923448E+001
( 0.26231137266255794E+000,-0.41741783640691921E-017)
-0.78539816339744828E+000  0.31415926535897931E+001
( 0.29509222926324907E+000, 0.12268469121163402E-016)
 0.00000000000000000E+000 -0.23561944901923448E+001
( 0.24887359588990041E+000, 0.84500006818089002E-017)
 0.00000000000000000E+000 -0.15707963267948966E+001
( 0.17378969642353712E+000, 0.11695343184924869E-016)
 0.00000000000000000E+000 -0.78539816339744828E+000
( 0.70567988388571090E-001, 0.13471211993132393E-016)
 0.00000000000000000E+000  0.00000000000000000E+000
(-0.19178860945121001E-003, 0.00000000000000000E+000)
 0.00000000000000000E+000  0.78539816339744828E+000
( 0.70567988388571090E-001,-0.13471211993132393E-016)
 0.00000000000000000E+000  0.15707963267948966E+001
( 0.17378969642353712E+000,-0.11695343184924869E-016)
 0.00000000000000000E+000  0.23561944901923448E+001
( 0.24887359588990041E+000,-0.84500006818089002E-017)
 0.00000000000000000E+000  0.31415926535897931E+001
( 0.26982119811522343E+000,-0.13271721597697222E-017)
 0.78539816339744828E+000 -0.23561944901923448E+001
( 0.26231137266255794E+000, 0.41741783640691921E-017)
 0.78539816339744828E+000 -0.15707963267948966E+001
( 0.19863757102812848E+000, 0.11164647224090979E-016)
 0.78539816339744828E+000 -0.78539816339744828E+000
( 0.11273291980768969E+000, 0.22836008257975937E-017)
 0.78539816339744828E+000  0.00000000000000000E+000
( 0.73071489012750221E-001,-0.88642087399964250E-018)
 0.78539816339744828E+000  0.78539816339744828E+000
( 0.11403842933355024E+000,-0.14440217684791312E-016)
 0.78539816339744828E+000  0.15707963267948966E+001
( 0.19757583619705205E+000,-0.23389109133650603E-016)
 0.78539816339744828E+000  0.23561944901923448E+001
( 0.27459736470204443E+000,-0.37411751214327937E-016)
 0.78539816339744828E+000  0.31415926535897931E+001
( 0.29509222926324907E+000,-0.20985920829203977E-016)
 0.15707963267948966E+001 -0.23561944901923448E+001
( 0.31937810372830489E+000,-0.26339336527819723E-016)
 0.15707963267948966E+001 -0.15707963267948966E+001
( 0.25345572123597848E+000,-0.32143918054292709E-016)
 0.15707963267948966E+001 -0.78539816339744828E+000
( 0.20078771003493476E+000,-0.56514038240806919E-017)
 0.15707963267948966E+001  0.00000000000000000E+000
( 0.17677291296246317E+000,-0.12104946059815172E-016)
 0.15707963267948966E+001  0.78539816339744828E+000
( 0.19705526642164550E+000,-0.30499962364732847E-016)
 0.15707963267948966E+001  0.15707963267948966E+001
( 0.26077989277461866E+000,-0.47192411087762952E-016)
 0.15707963267948966E+001  0.23561944901923448E+001
( 0.32378780151510445E+000,-0.37567605276622729E-016)
 0.15707963267948966E+001  0.31415926535897931E+001
( 0.34263571670361787E+000,-0.23210626072049133E-016)
 0.23561944901923448E+001 -0.23561944901923448E+001
( 0.37826581380147895E+000,-0.29212472284906310E-016)
 0.23561944901923448E+001 -0.15707963267948966E+001
( 0.32278186742765891E+000,-0.22499912646369498E-016)
 0.23561944901923448E+001 -0.78539816339744828E+000
( 0.27121681571689538E+000, 0.14467322739103450E-016)
 0.23561944901923448E+001  0.00000000000000000E+000
( 0.24415804057189414E+000,-0.17838093036795991E-016)
 0.23561944901923448E+001  0.78539816339744828E+000
( 0.26834250923414787E+000,-0.55063917835107556E-016)
 0.23561944901923448E+001  0.15707963267948966E+001
( 0.32582733113723511E+000,-0.44043242934285029E-016)
 0.23561944901923448E+001  0.23561944901923448E+001
( 0.37285568361650989E+000,-0.33013956152183610E-016)
 0.23561944901923448E+001  0.31415926535897931E+001
( 0.39433648725552539E+000,-0.30821543853884470E-016)
 0.31415926535897931E+001 -0.23561944901923448E+001
( 0.39946391951249621E+000, 0.91411795667684093E-017)
 0.31415926535897931E+001 -0.15707963267948966E+001
( 0.34617616811544982E+000, 0.14139586590088312E-016)
 0.31415926535897931E+001 -0.78539816339744828E+000
( 0.30199316927246861E+000, 0.18045189908305614E-016)
 0.31415926535897931E+001  0.00000000000000000E+000
( 0.27526751302762598E+000,-0.35744432494925050E-018)
 0.31415926535897931E+001  0.78539816339744828E+000
( 0.30199316927246861E+000,-0.14643505592132344E-016)
 0.31415926535897931E+001  0.15707963267948966E+001
( 0.34617616811544982E+000,-0.17906859480333197E-016)
 0.31415926535897931E+001  0.23561944901923448E+001
( 0.39946391951249621E+000,-0.88498002329129299E-017)
 0.31415926535897931E+001  0.31415926535897931E+001
( 0.41214096362383723E+000,-0.21294894910725288E-017)
 0.10000000000000000E+001          1         64
( 0.00000000000000000E+000, 0.00000000000000000E+000)
-0.23561944901923448E+001 -0.23561944901923448E+001
( 0.38012885653799328E+000, 0.67220534694101275E-017)
-0.23561944901923448E+001 -0.15707963267948966E+001
( 0.32736714113976417E+000, 0.55071600903091313E-017)
-0.23561944901923448E+001 -0.78539816339744828E+000
( 0.27832760329021894E+000, 0.75894152073985310E-017)
-0.23561944901923448E+001  0.00000000000000000E+000
( 0.25133006034964828E+000,-0.12938540928125693E-017)
-0.23561944901923448E+001  0.78539816339744828E+000
( 0.27293454100650688E+000, 0.32959746043559335E-016)
-0.23561944901923448E+001  0.15707963267948966E+001
( 0.33687792936810479E+000, 0.27355483636983736E-016)
-0.23561944901923448E+001  0.23561944901923448E+001
( 0.38431307438306389E+000, 0.28839777788114418E-016)
-0.23561944901923448E+001  0.31415926535897931E+001
( 0.40057314673701555E+000, 0.34953506703602620E-017)
-0.15707963267948966E+001 -0.23561944901923448E+001
( 0.32006427596322534E+000, 0.30357660829594124E-016)
-0.15707963267948966E+001 -0.15707963267948966E+001
( 0.26591005952099178E+000,-0.89566506892243070E-017)
-0.15707963267948966E+001 -0.78539816339744828E+000
( 0.19573531357533630E+000, 0.16696713456276768E-016)
-0.15707963267948966E+001  0.00000000000000000E+000
( 0.17563187263076849E+000, 0.26630441027947206E-016)
-0.15707963267948966E+001  0.78539816339744828E+000
( 0.20201605199679487E+000, 0.23418766925686896E-016)
-0.15707963267948966E+001  0.15707963267948966E+001
( 0.26686906691882883E+000, 0.15490458529232127E-016)
-0.15707963267948966E+001  0.23561944901923448E+001
( 0.32617217831362255E+000, 0.39031278209478160E-016)
-0.15707963267948966E+001  0.31415926535897931E+001
( 0.34497222025921043E+000, 0.11962614936663161E-016)
-0.78539816339744828E+000 -0.23561944901923448E+001
( 0.26931611850942638E+000, 0.26020852139652106E-017)
-0.78539816339744828E+000 -0.15707963267948966E+001
( 0.20281272973448383E+000,-0.13506290634264073E-016)
-0.78539816339744828E+000 -0.78539816339744828E+000
( 0.11444243732040013E+000,-0.11926223897340549E-016)
-0.78539816339744828E+000  0.00000000000000000E+000
( 0.73727468830541557E-001,-0.30152998753613094E-017)
-0.78539816339744828E+000  0.78539816339744828E+000
( 0.11186805766635065E+000, 0.52475385148298415E-016)
-0.78539816339744828E+000  0.15707963267948966E+001
( 0.20207857484603978E+000, 0.34688145703808287E-016)
-0.78539816339744828E+000  0.23561944901923448E+001
( 0.26809898499599355E+000, 0.34694469519536142E-016)
-0.78539816339744828E+000  0.31415926535897931E+001
( 0.29286549619384833E+000, 0.17519599505837571E-016)
 0.00000000000000000E+000 -0.23561944901923448E+001
( 0.25480807855205756E+000,-0.11709383462843448E-016)
 0.00000000000000000E+000 -0.15707963267948966E+001
( 0.17657204592830714E+000,-0.19620960098133201E-016)
 0.00000000000000000E+000 -0.78539816339744828E+000
( 0.73007366306684529E-001,-0.16479873021779667E-016)
 0.00000000000000000E+000  0.00000000000000000E+000
( 0.10808367999476376E-002, 0.00000000000000000E+000)
 0.00000000000000000E+000  0.78539816339744828E+000
( 0.73007366306684529E-001, 0.16479873021779667E-016)
 0.00000000000000000E+000  0.15707963267948966E+001
( 0.17657204592830714E+000, 0.19620960098133201E-016)
 0.00000000000000000E+000  0.23561944901923448E+001
( 0.25480807855205756E+000, 0.11709383462843448E-016)
 0.00000000000000000E+000  0.31415926535897931E+001
( 0.28005709450443228E+000,-0.13072410546914622E-017)
 0.78539816339744828E+000 -0.23561944901923448E+001
( 0.26809898499599355E+000,-0.34694469519536142E-016)
 0.78539816339744828E+000 -0.15707963267948966E+001
( 0.20207857484603978E+000,-0.34688145703808287E-016)
 0.78539816339744828E+000 -0.78539816339744828E+000
( 0.11186805766635065E+000,-0.52475385148298415E-016)
 0.78539816339744828E+000  0.00000000000000000E+000
( 0.73727468830541557E-001, 0.30152998753613094E-017)
 0.78539816339744828E+000  0.78539816339744828E+000
( 0.11444243732040013E+000, 0.11926223897340549E-016)
 0.78539816339744828E+000  0.15707963267948966E+001
( 0.20281272973448383E+000, 0.13506290634264073E-016)
 0.78539816339744828E+000  0.23561944901923448E+001
( 0.26931611850942638E+000,-0.26020852139652106E-017)
 0.78539816339744828E+000  0.31415926535897931E+001
( 0.29286549619384833E+000,-0.15700261324740975E-016)
 0.15707963267948966E+001 -0.23561944901923448E+001
( 0.32617217831362255E+000,-0.39031278209478160E-016)
 0.15707963267948966E+001 -0.15707963267948966E+001
( 0.26686906691882883E+000,-0.15490458529232127E-016)
 0.15707963267948966E+001 -0.78539816339744828E+000
( 0.20201605199679487E+000,-0.23418766925686896E-016)
 0.15707963267948966E+001  0.00000000000000000E+000
( 0.17563187263076849E+000,-0.26630441027947206E-016)
 0.15707963267948966E+001  0.78539816339744828E+000
( 0.19573531357533630E+000,-0.16696713456276768E-016)
 0.15707963267948966E+001  0.15707963267948966E+001
( 0.26591005952099178E+000, 0.89566506892243070E-017)
 0.15707963267948966E+001  0.23561944901923448E+001
( 0.32006427596322534E+000,-0.30357660829594124E-016)
 0.15707963267948966E+001  0.31415926535897931E+001
( 0.34497222025921037E+000,-0.11694863935725163E-016)
 0.23561944901923448E+001 -0.23561944901923448E+001
( 0.38431307438306389E+000,-0.28839777788114418E-016)
 0.23561944901923448E+001 -0.15707963267948966E+001
( 0.33687792936810479E+000,-0.27355483636983736E-016)
 0.23561944901923448E+001 -0.78539816339744828E+000
( 0.27293454100650688E+000,-0.32959746043559335E-016)
 0.23561944901923448E+001  0.00000000000000000E+000
( 0.25133006034964828E+000, 0.12938540928125693E-017)
 0.23561944901923448E+001  0.78539816339744828E+000
( 0.27832760329021894E+000,-0.75894152073985310E-017)
 0.23561944901923448E+001  0.15707963267948966E+001
( 0.32736714113976417E+000,-0.55071600903091313E-017)
 0.23561944901923448E+001  0.23561944901923448E+001
( 0.38012885653799328E+000,-0.67220534694101275E-017)
 0.23561944901923448E+001  0.31415926535897931E+001
( 0.40057314673701555E+000,-0.46846735179109397E-017)
 0.31415926535897931E+001 -0.23561944901923448E+001
( 0.41115166401196529E+000,-0.22334564753201391E-016)
 0.31415926535897931E+001 -0.15707963267948966E+001
( 0.34692375848372325E+000,-0.13615366119046329E-017)
 0.31415926535897931E+001 -0.78539816339744828E+000
( 0.29881870587803733E+000, 0.10842021724855044E-017)
 0.31415926535897931E+001  0.00000000000000000E+000
( 0.27963042873391536E+000,-0.11107575593416383E-017)
 0.31415926535897931E+001  0.78539816339744828E+000
( 0.29881870587803733E+000, 0.17347234759768071E-017)
 0.31415926535897931E+001  0.15707963267948966E+001
( 0.34692375848372325E+000, 0.41232726501773454E-017)
 0.31415926535897931E+001  0.23561944901923448E+001
( 0.41115166401196523E+000, 0.32526065174565133E-016)
 0.31415926535897931E+001  0.31415926535897931E+001
( 0.47229361227431205E+000, 0.49750467722591819E-017)
 0.10000000000000000E+001          1         64
( 0.00000000000000000E+000, 0.00000000000000000E+000)
-0.23561944901923448E+001 -0.23561944901923448E+001
( 0.37193566841992393E+000,-0.59902170029824120E-017)
-0.23561944901923448E+001 -0.15707963267948966E+001
( 0.31964243313853724E+000,-0.15103943282840319E-016)
-0.23561944901923448E+001 -0.78539816339744828E+000
( 0.26629261753439315E+000,-0.10110185258427329E-016)
-0.23561944901923448E+001  0.00000000000000000E+000
( 0.24876554234416196E+000,-0.87783087514650276E-017)
-0.23561944901923448E+001  0.78539816339744828E+000
( 0.27366351783318943E+000,-0.28704252516553730E-016)
-0.23561944901923448E+001  0.15707963267948966E+001
( 0.31805702493410226E+000,-0.44298300296338882E-017)
-0.23561944901923448E+001  0.23561944901923448E+001
( 0.37574735022373962E+000, 0.94596639549360262E-017)
-0.23561944901923448E+001  0.31415926535897931E+001
( 0.39666895562465365E+000,-0.61459397819491733E-017)
-0.15707963267948966E+001 -0.23561944901923448E+001
( 0.31886488391627732E+000, 0.28731357570865868E-016)
-0.15707963267948966E+001 -0.15707963267948966E+001
( 0.25472967522331919E+000,-0.12660143805946310E-017)
-0.15707963267948966E+001 -0.78539816339744828E+000
( 0.19631927674701910E+000, 0.34423418976414766E-017)
-0.15707963267948966E+001  0.00000000000000000E+000
( 0.17475206035047386E+000, 0.64485170291770469E-017)
-0.15707963267948966E+001  0.78539816339744828E+000
( 0.20046686683322407E+000,-0.40657581468206416E-017)
-0.15707963267948966E+001  0.15707963267948966E+001
( 0.26149050082035941E+000, 0.96083905443483407E-017)
-0.15707963267948966E+001  0.23561944901923448E+001
( 0.32383488619003675E+000, 0.98391347153059527E-017)
-0.15707963267948966E+001  0.31415926535897931E+001
( 0.33846683126939836E+000, 0.90050674003882852E-017)
-0.78539816339744828E+000 -0.23561944901923448E+001
( 0.26401874697335759E+000,-0.44994390158148434E-017)
-0.78539816339744828E+000 -0.15707963267948966E+001
( 0.20122366326751656E+000,-0.90388510547254640E-018)
-0.78539816339744828E+000 -0.78539816339744828E+000
( 0.11023255292070253E+000,-0.51770653736182837E-017)
-0.78539816339744828E+000  0.00000000000000000E+000
( 0.70554094326591460E-001, 0.14421131842613061E-016)
-0.78539816339744828E+000  0.78539816339744828E+000
( 0.11430910349050984E+000, 0.65865281978494394E-017)
-0.78539816339744828E+000  0.15707963267948966E+001
( 0.20179287934012202E+000,-0.17732678482062143E-018)
-0.78539816339744828E+000  0.23561944901923448E+001
( 0.26878998145610683E+000, 0.56378512969246231E-017)
-0.78539816339744828E+000  0.31415926535897931E+001
( 0.29654032971144306E+000, 0.11934042667229421E-016)
 0.00000000000000000E+000 -0.23561944901923448E+001
( 0.25279943673698824E+000, 0.44181238528784306E-017)
 0.00000000000000000E+000 -0.15707963267948966E+001
( 0.17614615009819054E+000, 0.18153559895404855E-016)
 0.00000000000000000E+000 -0.78539816339744828E+000
( 0.69981185913370283E-001,-0.17889335846010823E-017)
 0.00000000000000000E+000  0.00000000000000000E+000
(-0.59315892293579364E-003, 0.00000000000000000E+000)
 0.00000000000000000E+000  0.78539816339744828E+000
( 0.69981185913370283E-001, 0.17889335846010823E-017)
 0.00000000000000000E+000  0.15707963267948966E+001
( 0.17614615009819054E+000,-0.18153559895404855E-016)
 0.00000000000000000E+000  0.23561944901923448E+001
( 0.25279943673698824E+000,-0.44181238528784306E-017)
 0.00000000000000000E+000  0.31415926535897931E+001
( 0.27460807252855379E+000,-0.11789694022793671E-017)
 0.78539816339744828E+000 -0.23561944901923448E+001
( 0.26878998145610683E+000,-0.56378512969246231E-017)
 0.78539816339744828E+000 -0.15707963267948966E+001
( 0.20179287934012202E+000, 0.17732678482062143E-018)
 0.78539816339744828E+000 -0.78539816339744828E+000
( 0.11430910349050984E+000,-0.65865281978494394E-017)
 0.78539816339744828E+000  0.00000000000000000E+000
( 0.70554094326591460E-001,-0.14421131842613061E-016)
 0.78539816339744828E+000  0.78539816339744828E+000
( 0.11023255292070253E+000, 0.51770653736182837E-017)
 0.78539816339744828E+000  0.15707963267948966E+001
( 0.20122366326751656E+000, 0.90388510547254640E-018)
 0.78539816339744828E+000  0.23561944901923448E+001
( 0.26401874697335759E+000, 0.44994390158148434E-017)
 0.78539816339744828E+000  0.31415926535897931E+001
( 0.29654032971144306E+000,-0.71198992912205069E-017)
 0.15707963267948966E+001 -0.23561944901923448E+001
( 0.32383488619003675E+000,-0.98391347153059527E-017)
 0.15707963267948966E+001 -0.15707963267948966E+001
( 0.26149050082035941E+000,-0.96083905443483407E-017)
 0.15707963267948966E+001 -0.78539816339744828E+000
( 0.20046686683322407E+000, 0.40657581468206416E-017)
 0.15707963267948966E+001  0.00000000000000000E+000
( 0.17475206035047386E+000,-0.64485170291770469E-017)
 0.15707963267948966E+001  0.78539816339744828E+000
( 0.19631927674701910E+000,-0.34423418976414766E-017)
 0.15707963267948966E+001  0.15707963267948966E+001
( 0.25472967522331919E+000, 0.12660143805946310E-017)
 0.15707963267948966E+001  0.23561944901923448E+001
( 0.31886488391627732E+000,-0.28731357570865868E-016)
 0.15707963267948966E+001  0.31415926535897931E+001
( 0.33846683126939836E+000,-0.10783444693437789E-016)
 0.23561944901923448E+001 -0.23561944901923448E+001
( 0.37574735022373962E+000,-0.94596639549360262E-017)
 0.23561944901923448E+001 -0.15707963267948966E+001
( 0.31805702493410226E+000, 0.44298300296338882E-017)
 0.23561944901923448E+001 -0.78539816339744828E+000
( 0.27366351783318943E+000, 0.28704252516553730E-016)
 0.23561944901923448E+001  0.00000000000000000E+000
( 0.24876554234416196E+000, 0.87783087514650276E-017)
 0.23561944901923448E+001  0.78539816339744828E+000
( 0.26629261753439315E+000, 0.10110185258427329E-016)
 0.23561944901923448E+001  0.15707963267948966E+001
( 0.31964243313853724E+000, 0.15103943282840319E-016)
 0.23561944901923448E+001  0.23561944901923448E+001
( 0.37193566841992393E+000, 0.59902170029824120E-017)
 0.23561944901923448E+001  0.31415926535897931E+001
( 0.39666895562465365E+000,-0.43813775827117977E-017)
 0.31415926535897931E+001 -0.23561944901923448E+001
( 0.39806051562467426E+000,-0.12034644114589099E-016)
 0.31415926535897931E+001 -0.15707963267948966E+001
( 0.33782352545517313E+000, 0.22320328490580373E-017)
 0.31415926535897931E+001 -0.78539816339744828E+000
( 0.29993414818869768E+000,-0.14365678785432934E-017)
 0.31415926535897931E+001  0.00000000000000000E+000
( 0.26856186890163425E+000,-0.12960708127591971E-017)
 0.31415926535897931E+001  0.78539816339744828E+000
( 0.29993414818869768E+000, 0.64238978719766138E-017)
 0.31415926535897931E+001  0.15707963267948966E+001
( 0.33782352545517313E+000,-0.62316197584850549E-017)
 0.31415926535897931E+001  0.23561944901923448E+001
( 0.39806051562467426E+000, 0.15937771935536915E-016)
 0.31415926535897931E+001  0.31415926535897931E+001
( 0.42687920846981831E+000,-0.20144721272199535E-017)
 0.10000000000000000E+001          1         64
( 0.00000000000000000E+000, 0.00000000000000000E+000)
-0.23561944901923448E+001 -0.23561944901923448E+001
( 0.37708800564229628E+000,-0.23635607360183997E-016)
-0.23561944901923448E+001 -0.15707963267948966E+001
( 0.31946511772578962E+000,-0.27554310427779892E-016)
-0.23561944901923448E+001 -0.78539816339744828E+000
( 0.27803712468579533E+000,-0.37730235602495554E-016)
-0.23561944901923448E+001  0.00000000000000000E+000
( 0.24573012164197330E+000, 0.95427356987579436E-017)
-0.23561944901923448E+001  0.78539816339744828E+000
( 0.26653663336330408E+000, 0.14853569763051411E-016)
-0.23561944901923448E+001  0.15707963267948966E+001
( 0.31565552516272094E+000, 0.17781165675262869E-016)
-0.23561944901923448E+001  0.23561944901923448E+001
( 0.36404993052022516E+000,-0.23852447794681098E-016)
-0.23561944901923448E+001  0.31415926535897931E+001
( 0.39276447724307506E+000,-0.21518896367443831E-016)
-0.15707963267948966E+001 -0.23561944901923448E+001
( 0.32074850663447280E+000,-0.27755575615628914E-016)
-0.15707963267948966E+001 -0.15707963267948966E+001
( 0.26380011342707521E+000,-0.41638412413027968E-016)
-0.15707963267948966E+001 -0.78539816339744828E+000
( 0.20482717790217297E+000,-0.31225022567582528E-016)
-0.15707963267948966E+001  0.00000000000000000E+000
( 0.17259459969393204E+000,-0.46585724398384169E-016)
-0.15707963267948966E+001  0.78539816339744828E+000
( 0.19220225094416291E+000, 0.72641545556528797E-017)
-0.15707963267948966E+001  0.15707963267948966E+001
( 0.26282234555922479E+000,-0.20403875125460754E-016)
-0.15707963267948966E+001  0.23561944901923448E+001
( 0.32984812361335730E+000,-0.33827107781547738E-016)
-0.15707963267948966E+001  0.31415926535897931E+001
( 0.33947031875810468E+000,-0.30256193547657417E-016)
-0.78539816339744828E+000 -0.23561944901923448E+001
( 0.27526419071085628E+000,-0.38597597340483958E-016)
-0.78539816339744828E+000 -0.15707963267948966E+001
( 0.20342880425048795E+000,-0.34668796293718880E-016)
-0.78539816339744828E+000 -0.78539816339744828E+000
( 0.11185281941343810E+000,-0.30899761915836876E-016)
-0.78539816339744828E+000  0.00000000000000000E+000
( 0.72041699530751374E-001,-0.18557341658748381E-016)
-0.78539816339744828E+000  0.78539816339744828E+000
( 0.10971417008144363E+000,-0.57462715141731735E-017)
-0.78539816339744828E+000  0.15707963267948966E+001
( 0.19613209571366283E+000,-0.10692102988640553E-016)
-0.78539816339744828E+000  0.23561944901923448E+001
( 0.26283142378283436E+000,-0.13010426069826053E-016)
-0.78539816339744828E+000  0.31415926535897931E+001
( 0.29696041057077571E+000,-0.13980737100008937E-017)
 0.00000000000000000E+000 -0.23561944901923448E+001
( 0.24668291535945949E+000,-0.12359904766334751E-016)
 0.00000000000000000E+000 -0.15707963267948966E+001
( 0.17842989359843017E+000,-0.61477628787760059E-017)
 0.00000000000000000E+000 -0.78539816339744828E+000
( 0.70533811818224754E-001, 0.39031278209478160E-017)
 0.00000000000000000E+000  0.00000000000000000E+000
( 0.13518455345080949E-002, 0.00000000000000000E+000)
 0.00000000000000000E+000  0.78539816339744828E+000
( 0.70533811818224754E-001,-0.39031278209478160E-017)
 0.00000000000000000E+000  0.15707963267948966E+001
( 0.17842989359843017E+000, 0.61477628787760059E-017)
 0.00000000000000000E+000  0.23561944901923448E+001
( 0.24668291535945949E+000, 0.12359904766334751E-016)
 0.00000000000000000E+000  0.31415926535897931E+001
( 0.27162915958502465E+000,-0.28121944327983338E-018)
 0.78539816339744828E+000 -0.23561944901923448E+001
( 0.26283142378283436E+000, 0.13010426069826053E-016)
 0.78539816339744828E+000 -0.15707963267948966E+001
( 0.19613209571366283E+000, 0.10692102988640553E-016)
 0.78539816339744828E+000 -0.78539816339744828E+000
( 0.10971417008144363E+000, 0.57462715141731735E-017)
 0.78539816339744828E+000  0.00000000000000000E+000
( 0.72041699530751374E-001, 0.18557341658748381E-016)
 0.78539816339744828E+000  0.78539816339744828E+000
( 0.11185281941343810E+000, 0.30899761915836876E-016)
 0.78539816339744828E+000  0.15707963267948966E+001
( 0.20342880425048795E+000, 0.34668796293718880E-016)
 0.78539816339744828E+000  0.23561944901923448E+001
( 0.27526419071085628E+000, 0.38597597340483958E-016)
 0.78539816339744828E+000  0.31415926535897931E+001
( 0.29696041057077571E+000, 0.60917936379859128E-017)
 0.15707963267948966E+001 -0.23561944901923448E+001
( 0.32984812361335730E+000, 0.33827107781547738E-016)
 0.15707963267948966E+001 -0.15707963267948966E+001
( 0.26282234555922479E+000, 0.20403875125460754E-016)
 0.15707963267948966E+001 -0.78539816339744828E+000
( 0.19220225094416291E+000,-0.72641545556528797E-017)
 0.15707963267948966E+001  0.00000000000000000E+000
( 0.17259459969393204E+000, 0.46585724398384169E-016)
 0.15707963267948966E+001  0.78539816339744828E+000
( 0.20482717790217297E+000, 0.31225022567582528E-016)
 0.15707963267948966E+001  0.15707963267948966E+001
( 0.26380011342707521E+000, 0.41638412413027968E-016)
 0.15707963267948966E+001  0.23561944901923448E+001
( 0.32074850663447280E+000, 0.27755575615628914E-016)
 0.15707963267948966E+001  0.31415926535897931E+001
( 0.33947031875810468E+000, 0.29574021657868768E-016)
 0.23561944901923448E+001 -0.23561944901923448E+001
( 0.36404993052022516E+000, 0.23852447794681098E-016)
 0.23561944901923448E+001 -0.15707963267948966E+001
( 0.31565552516272094E+000,-0.17781165675262869E-016)
 0.23561944901923448E+001 -0.78539816339744828E+000
( 0.26653663336330408E+000,-0.14853569763051411E-016)
 0.23561944901923448E+001  0.00000000000000000E+000
( 0.24573012164197330E+000,-0.95427356987579436E-017)
 0.23561944901923448E+001  0.78539816339744828E+000
( 0.27803712468579533E+000, 0.37730235602495554E-016)
 0.23561944901923448E+001  0.15707963267948966E+001
( 0.31946511772578962E+000, 0.27554310427779892E-016)
 0.23561944901923448E+001  0.23561944901923448E+001
( 0.37708800564229628E+000, 0.23635607360183997E-016)
 0.23561944901923448E+001  0.31415926535897931E+001
( 0.39276447724307506E+000, 0.30441004768122311E-016)
 0.31415926535897931E+001 -0.23561944901923448E+001
( 0.39504555384975842E+000,-0.14419888894057209E-016)
 0.31415926535897931E+001 -0.15707963267948966E+001
( 0.34952955113769885E+000,-0.19159717857353403E-016)
 0.31415926535897931E+001 -0.78539816339744828E+000
( 0.29508030242725736E+000,-0.37947076036992655E-017)
 0.31415926535897931E+001  0.00000000000000000E+000
( 0.25598896526617487E+000,-0.20215019474589380E-017)
 0.31415926535897931E+001  0.78539816339744828E+000
( 0.29508030242725741E+000, 0.36862873864507151E-017)
 0.31415926535897931E+001  0.15707963267948966E+001
( 0.34952955113769885E+000, 0.18777883532994927E-016)
 0.31415926535897931E+001  0.23561944901923448E+001
( 0.39504555384975842E+000, 0.17455654977016621E-016)
 0.31415926535897931E+001  0.31415926535897931E+001
( 0.42504891229032360E+000,-0.24405979681506783E-018)
 0.10000000000000000E+001          1         64
( 0.00000000000000000E+000, 0.00000000000000000E+000)
-0.23561944901923448E+001 -0.23561944901923448E+001
( 0.37776537391761295E+000,-0.27376104855258987E-016)
-0.23561944901923448E+001 -0.15707963267948966E+001
( 0.31822383306310692E+000,-0.22196326519594211E-016)
-0.23561944901923448E+001 -0.78539816339744828E+000
( 0.26505418652014540E+000, 0.17997756063259374E-016)
-0.23561944901923448E+001  0.00000000000000000E+000
( 0.24593225995318563E+000, 0.12575027006589829E-016)
-0.23561944901923448E+001  0.78539816339744828E+000
( 0.26907852745121891E+000,-0.38489177123235407E-017)
-0.23561944901923448E+001  0.15707963267948966E+001
( 0.31141132614391354E+000,-0.34315699319221513E-016)
-0.23561944901923448E+001  0.23561944901923448E+001
( 0.37662027034536277E+000,-0.53125906451789717E-017)
-0.23561944901923448E+001  0.31415926535897931E+001
( 0.40948049302294348E+000,-0.28691578127733844E-016)
-0.15707963267948966E+001 -0.23561944901923448E+001
( 0.31714834680950449E+000,-0.53776427755281020E-016)
-0.15707963267948966E+001 -0.15707963267948966E+001
( 0.26290361303014154E+000,-0.28024486211412890E-016)
-0.15707963267948966E+001 -0.78539816339744828E+000
( 0.20307619804819010E+000,-0.29273458657108620E-016)
-0.15707963267948966E+001  0.00000000000000000E+000
( 0.17274468590358238E+000,-0.33428421522141700E-016)
-0.15707963267948966E+001  0.78539816339744828E+000
( 0.19792642742854377E+000,-0.86194072712597603E-017)
-0.15707963267948966E+001  0.15707963267948966E+001
( 0.25756592769960418E+000,-0.10389234859265591E-016)
-0.15707963267948966E+001  0.23561944901923448E+001
( 0.31506597187443486E+000,-0.43801767768414379E-016)
-0.15707963267948966E+001  0.31415926535897931E+001
( 0.34675911121265746E+000,-0.48281413481763087E-016)
-0.78539816339744828E+000 -0.23561944901923448E+001
( 0.27005948457143664E+000,-0.21196152472091612E-016)
-0.78539816339744828E+000 -0.15707963267948966E+001
( 0.19946604761801023E+000,-0.37005391992789130E-016)
-0.78539816339744828E+000 -0.78539816339744828E+000
( 0.11521413977501332E+000,-0.51228552649940085E-016)
-0.78539816339744828E+000  0.00000000000000000E+000
( 0.73456245488180846E-001,-0.15757644304870008E-016)
-0.78539816339744828E+000  0.78539816339744828E+000
( 0.11193578943183136E+000, 0.89446679230054116E-017)
-0.78539816339744828E+000  0.15707963267948966E+001
( 0.20500337014590223E+000, 0.11915817518517477E-016)
-0.78539816339744828E+000  0.23561944901923448E+001
( 0.26640024773809035E+000,-0.22117724318704290E-016)
-0.78539816339744828E+000  0.31415926535897931E+001
( 0.28995521313444556E+000,-0.84819328848269661E-017)
 0.00000000000000000E+000 -0.23561944901923448E+001
( 0.25193493520839350E+000,-0.27972416050126014E-016)
 0.00000000000000000E+000 -0.15707963267948966E+001
( 0.17354145506718424E+000,-0.25663034464283533E-016)
 0.00000000000000000E+000 -0.78539816339744828E+000
( 0.72539927435047974E-001,-0.39519169187096637E-016)
 0.00000000000000000E+000  0.00000000000000000E+000
( 0.21590377854221188E-002, 0.00000000000000000E+000)
 0.00000000000000000E+000  0.78539816339744828E+000
( 0.72539927435047974E-001, 0.39519169187096637E-016)
 0.00000000000000000E+000  0.15707963267948966E+001
( 0.17354145506718424E+000, 0.25663034464283533E-016)
 0.00000000000000000E+000  0.23561944901923448E+001
( 0.25193493520839350E+000, 0.27972416050126014E-016)
 0.00000000000000000E+000  0.31415926535897931E+001
( 0.27208483649709236E+000,-0.16914173059740972E-017)
 0.78539816339744828E+000 -0.23561944901923448E+001
( 0.26640024773809035E+000, 0.22117724318704290E-016)
 0.78539816339744828E+000 -0.15707963267948966E+001
( 0.20500337014590223E+000,-0.11915817518517477E-016)
 0.78539816339744828E+000 -0.78539816339744828E+000
( 0.11193578943183136E+000,-0.89446679230054116E-017)
 0.78539816339744828E+000  0.00000000000000000E+000
( 0.73456245488180846E-001, 0.15757644304870008E-016)
 0.78539816339744828E+000  0.78539816339744828E+000
( 0.11521413977501332E+000, 0.51228552649940085E-016)
 0.78539816339744828E+000  0.15707963267948966E+001
( 0.19946604761801023E+000, 0.37005391992789130E-016)
 0.78539816339744828E+000  0.23561944901923448E+001
( 0.27005948457143664E+000, 0.21196152472091612E-016)
 0.78539816339744828E+000  0.31415926535897931E+001
( 0.28995521313444556E+000, 0.15685050287652003E-016)
 0.15707963267948966E+001 -0.23561944901923448E+001
( 0.31506597187443486E+000, 0.43801767768414379E-016)
 0.15707963267948966E+001 -0.15707963267948966E+001
( 0.25756592769960418E+000, 0.10389234859265591E-016)
 0.15707963267948966E+001 -0.78539816339744828E+000
( 0.19792642742854377E+000, 0.86194072712597603E-017)
 0.15707963267948966E+001  0.00000000000000000E+000
( 0.17274468590358238E+000, 0.33428421522141700E-016)
 0.15707963267948966E+001  0.78539816339744828E+000
( 0.20307619804819010E+000, 0.29273458657108620E-016)
 0.15707963267948966E+001  0.15707963267948966E+001
( 0.26290361303014154E+000, 0.28024486211412890E-016)
 0.15707963267948966E+001  0.23561944901923448E+001
( 0.31714834680950449E+000, 0.53776427755281020E-016)
 0.15707963267948966E+001  0.31415926535897931E+001
( 0.34675911121265746E+000, 0.42487758903169200E-016)
 0.23561944901923448E+001 -0.23561944901923448E+001
( 0.37662027034536277E+000, 0.53125906451789717E-017)
 0.23561944901923448E+001 -0.15707963267948966E+001
( 0.31141132614391354E+000, 0.34315699319221513E-016)
 0.23561944901923448E+001 -0.78539816339744828E+000
( 0.26907852745121891E+000, 0.38489177123235407E-017)
 0.23561944901923448E+001  0.00000000000000000E+000
( 0.24593225995318563E+000,-0.12575027006589829E-016)
 0.23561944901923448E+001  0.78539816339744828E+000
( 0.26505418652014540E+000,-0.17997756063259374E-016)
 0.23561944901923448E+001  0.15707963267948966E+001
( 0.31822383306310692E+000, 0.22196326519594211E-016)
 0.23561944901923448E+001  0.23561944901923448E+001
( 0.37776537391761295E+000, 0.27376104855258987E-016)
 0.23561944901923448E+001  0.31415926535897931E+001
( 0.40948049302294348E+000, 0.25323724348825212E-016)
 0.31415926535897931E+001 -0.23561944901923448E+001
( 0.41020761732611954E+000,-0.64510029262887514E-017)
 0.31415926535897931E+001 -0.15707963267948966E+001
( 0.33509868771699935E+000, 0.10041486815724768E-016)
 0.31415926535897931E+001 -0.78539816339744828E+000
( 0.29215183196905348E+000, 0.37947076036992655E-018)
 0.31415926535897931E+001  0.00000000000000000E+000
( 0.28164779286898928E+000,-0.58053208431497165E-018)
 0.31415926535897931E+001  0.78539816339744828E+000
( 0.29215183196905348E+000,-0.68304736866586779E-017)
 0.31415926535897931E+001  0.15707963267948966E+001
( 0.33509868771699935E+000,-0.14014211578850007E-016)
 0.31415926535897931E+001  0.23561944901923448E+001
( 0.41020761732611960E+000, 0.43368086899420177E-017)
 0.31415926535897931E+001  0.31415926535897931E+001
( 0.45132503261042572E+000, 0.10108223377359477E-017)
 0.10000000000000000E+001          1         64
( 0.00000000000000000E+000, 0.00000000000000000E+000)
-0.23561944901923448E+001 -0.23561944901923448E+001
( 0.37274191496905962E+000,-0.23310346708438345E-017)
-0.23561944901923448E+001 -0.15707963267948966E+001
( 0.32065397209786378E+000,-0.20660310432119588E-016)
-0.23561944901923448E+001 -0.78539816339744828E+000
( 0.27253573915388057E+000,-0.33495070866224053E-016)
-0.23561944901923448E+001  0.00000000000000000E+000
( 0.25136302172797886E+000,-0.21212520480458101E-016)
-0.23561944901923448E+001  0.78539816339744828E+000
( 0.27164427982633044E+000,-0.51025264742599052E-017)
-0.23561944901923448E+001  0.15707963267948966E+001
( 0.32356825572545395E+000, 0.14492403187223168E-016)
-0.23561944901923448E+001  0.23561944901923448E+001
( 0.38114612430349415E+000, 0.11621292036329001E-016)
-0.23561944901923448E+001  0.31415926535897931E+001
( 0.40280392166929135E+000,-0.58232383767420694E-017)
-0.15707963267948966E+001 -0.23561944901923448E+001
( 0.31431097833669230E+000,-0.12190498176883890E-016)
-0.15707963267948966E+001 -0.15707963267948966E+001
( 0.25307531753227136E+000,-0.33493580560486196E-016)
-0.15707963267948966E+001 -0.78539816339744828E+000
( 0.19564822700933293E+000,-0.35277228187247101E-016)
-0.15707963267948966E+001  0.00000000000000000E+000
( 0.17226098286228292E+000, 0.25045770022943189E-017)
-0.15707963267948966E+001  0.78539816339744828E+000
( 0.20164971866532352E+000,-0.82670415652019713E-017)
-0.15707963267948966E+001  0.15707963267948966E+001
( 0.25649057922094082E+000, 0.10663094737485694E-016)
-0.15707963267948966E+001  0.23561944901923448E+001
( 0.31897170011285786E+000, 0.26495190590114515E-017)
-0.15707963267948966E+001  0.31415926535897931E+001
( 0.34379248637223619E+000, 0.71265776916804223E-017)
-0.78539816339744828E+000 -0.23561944901923448E+001
( 0.26563001935486658E+000,-0.11580634454860794E-016)
-0.78539816339744828E+000 -0.15707963267948966E+001
( 0.18926133433238712E+000,-0.23413087632048821E-017)
-0.78539816339744828E+000 -0.78539816339744828E+000
( 0.11228181598444760E+000,-0.24394548880923850E-017)
-0.78539816339744828E+000  0.00000000000000000E+000
( 0.71352982032682269E-001,-0.11118528270765251E-016)
-0.78539816339744828E+000  0.78539816339744828E+000
( 0.11515120901273088E+000,-0.48924623033408388E-017)
-0.78539816339744828E+000  0.15707963267948966E+001
( 0.19707752478470966E+000, 0.95552682563238041E-017)
-0.78539816339744828E+000  0.23561944901923448E+001
( 0.26150320189582799E+000, 0.19820570965750628E-016)
-0.78539816339744828E+000  0.31415926535897931E+001
( 0.28820238075326537E+000,-0.13959348086294845E-016)
 0.00000000000000000E+000 -0.23561944901923448E+001
( 0.24710524405297829E+000, 0.71625106019823637E-017)
 0.00000000000000000E+000 -0.15707963267948966E+001
( 0.16786524081993903E+000,-0.89662358916503463E-017)
 0.00000000000000000E+000 -0.78539816339744828E+000
( 0.70406176382899449E-001, 0.21704372240444192E-016)
 0.00000000000000000E+000  0.00000000000000000E+000
(-0.11249135332118687E-002, 0.00000000000000000E+000)
 0.00000000000000000E+000  0.78539816339744828E+000
( 0.70406176382899449E-001,-0.21704372240444192E-016)
 0.00000000000000000E+000  0.15707963267948966E+001
( 0.16786524081993903E+000, 0.89662358916503463E-017)
 0.00000000000000000E+000  0.23561944901923448E+001
( 0.24710524405297829E+000,-0.71625106019823637E-017)
 0.00000000000000000E+000  0.31415926535897931E+001
( 0.27102091526529887E+000,-0.18000077559354928E-017)
 0.78539816339744828E+000 -0.23561944901923448E+001
( 0.26150320189582799E+000,-0.19820570965750628E-016)
 0.78539816339744828E+000 -0.15707963267948966E+001
( 0.19707752478470966E+000,-0.95552682563238041E-017)
 0.78539816339744828E+000 -0.78539816339744828E+000
( 0.11515120901273088E+000, 0.48924623033408388E-017)
 0.78539816339744828E+000  0.00000000000000000E+000
( 0.71352982032682269E-001, 0.11118528270765251E-016)
 0.78539816339744828E+000  0.78539816339744828E+000
( 0.11228181598444760E+000, 0.24394548880923850E-017)
 0.78539816339744828E+000  0.15707963267948966E+001
( 0.18926133433238712E+000, 0.23413087632048821E-017)
 0.78539816339744828E+000  0.23561944901923448E+001
( 0.26563001935486658E+000, 0.11580634454860794E-016)
 0.78539816339744828E+000  0.31415926535897931E+001
( 0.28820238075326543E+000, 0.14008474547919678E-016)
 0.15707963267948966E+001 -0.23561944901923448E+001
( 0.31897170011285786E+000,-0.26495190590114515E-017)
 0.15707963267948966E+001 -0.15707963267948966E+001
( 0.25649057922094082E+000,-0.10663094737485694E-016)
 0.15707963267948966E+001 -0.78539816339744828E+000
( 0.20164971866532352E+000, 0.82670415652019713E-017)
 0.15707963267948966E+001  0.00000000000000000E+000
( 0.17226098286228292E+000,-0.25045770022943189E-017)
 0.15707963267948966E+001  0.78539816339744828E+000
( 0.19564822700933293E+000, 0.35277228187247101E-016)
 0.15707963267948966E+001  0.15707963267948966E+001
( 0.25307531753227136E+000, 0.33493580560486196E-016)
 0.15707963267948966E+001  0.23561944901923448E+001
( 0.31431097833669230E+000, 0.12190498176883890E-016)
 0.15707963267948966E+001  0.31415926535897931E+001
( 0.34379248637223619E+000,-0.89104276292820593E-017)
 0.23561944901923448E+001 -0.23561944901923448E+001
( 0.38114612430349415E+000,-0.11621292036329001E-016)
 0.23561944901923448E+001 -0.15707963267948966E+001
( 0.32356825572545395E+000,-0.14492403187223168E-016)
 0.23561944901923448E+001 -0.78539816339744828E+000
( 0.27164427982633044E+000, 0.51025264742599052E-017)
 0.23561944901923448E+001  0.00000000000000000E+000
( 0.25136302172797886E+000, 0.21212520480458101E-016)
 0.23561944901923448E+001  0.78539816339744828E+000
( 0.27253573915388057E+000, 0.33495070866224053E-016)
 0.23561944901923448E+001  0.15707963267948966E+001
( 0.32065397209786378E+000, 0.20660310432119588E-016)
 0.23561944901923448E+001  0.23561944901923448E+001
( 0.37274191496905962E+000, 0.23310346708438345E-017)
 0.23561944901923448E+001  0.31415926535897931E+001
( 0.40280392166929130E+000, 0.91249713558234157E-017)
 0.31415926535897931E+001 -0.23561944901923448E+001
( 0.39625519394962189E+000,-0.82331602473117993E-017)
 0.31415926535897931E+001 -0.15707963267948966E+001
( 0.34263727161302454E+000,-0.61698056512760622E-017)
 0.31415926535897931E+001 -0.78539816339744828E+000
( 0.29044260725016369E+000,-0.21060627200530924E-016)
 0.31415926535897931E+001  0.00000000000000000E+000
( 0.28397217699402888E+000,-0.11060261836408175E-017)
 0.31415926535897931E+001  0.78539816339744828E+000
( 0.29044260725016369E+000, 0.20044187663825763E-016)
 0.31415926535897931E+001  0.15707963267948966E+001
( 0.34263727161302454E+000, 0.88963712668510924E-017)
 0.31415926535897931E+001  0.23561944901923448E+001
( 0.39625519394962189E+000, 0.82263839837337649E-017)
 0.31415926535897931E+001  0.31415926535897931E+001
( 0.42355674918474084E+000, 0.11975759421356862E-017)
