          31           4   6.0000000000000000                1
     0.0000000        0.51195654        0.01952855
     0.1000000        0.43542938        0.01879511
     0.2000000        0.37553993        0.01696734
     0.3000000        0.32731010        0.01439314
     0.4000000        0.28809435        0.01140804
     0.5000000        0.25550706        0.00917209
     0.6000000        0.22863324        0.00743872
     0.7000000        0.20488969        0.00513553
     0.8000000        0.18425665        0.00435433
     0.9000000        0.16808112        0.00540708
     1.0000000        0.15363823        0.00620044
     1.1000000        0.14055484        0.00625330
     1.2000000        0.12835736        0.00618778
     1.3000000        0.11699996        0.00650590
     1.4000000        0.10686024        0.00749947
     1.5000000        0.09828854        0.00794214
     1.6000000        0.09197958        0.00760309
     1.7000000        0.08601335        0.00689852
     1.8000000        0.08072469        0.00663146
     1.9000000        0.07582422        0.00684019
     2.0000000        0.07085967        0.00732231
     2.1000000        0.06725880        0.00909481
     2.2000000        0.06480849        0.01103604
     2.3000000        0.06250562        0.01236738
     2.4000000        0.06075080        0.01376736
     2.5000000        0.05985518        0.01560281
     2.6000000        0.05997551        0.01643281
     2.7000000        0.06060501        0.01609307
     2.8000000        0.06122078        0.01550060
     2.9000000        0.06218491        0.01465775
     3.0000000        0.06278903        0.01432177
