          41           4   8.0000000000000000                1
     0.0000000        0.16015824        0.03512327
     0.1000000        0.11185097        0.01576468
     0.2000000        0.07596393        0.01291471
     0.3000000        0.04893749        0.01264296
     0.4000000        0.02991219        0.00342323
     0.5000000        0.03917276        0.01173952
     0.6000000        0.02616780        0.01296198
     0.7000000        0.00039045        0.01794187
     0.8000000        0.01377560        0.00889838
     0.9000000        0.01100810        0.01077494
     1.0000000       -0.00240694        0.01189572
     1.1000000        0.00935160        0.01658988
     1.2000000       -0.00604403        0.00398987
     1.3000000        0.00728217        0.00686602
     1.4000000        0.00703840        0.00976816
     1.5000000        0.00276890        0.00584898
     1.6000000        0.01395856        0.00281975
     1.7000000        0.00108631        0.00570313
     1.8000000        0.00947594        0.01479633
     1.9000000        0.00413394        0.00761698
     2.0000000        0.01276849        0.01792188
     2.1000000        0.01788308        0.01718301
     2.2000000        0.01043930        0.00956768
     2.3000000        0.00492973        0.01132126
     2.4000000        0.00955724        0.01805235
     2.5000000       -0.00693911        0.00631365
     2.6000000        0.00570438        0.00971974
     2.7000000       -0.00638318        0.00643954
     2.8000000       -0.00885126        0.00572549
     2.9000000       -0.00400850        0.00726494
     3.0000000       -0.00384689        0.00317733
     3.1000000       -0.00116230        0.01677443
     3.2000000       -0.00413069        0.00698941
     3.3000000        0.01400777        0.00344869
     3.4000000        0.00826822        0.01724676
     3.5000000        0.00800889        0.01102299
     3.6000000       -0.00173906        0.00507216
     3.7000000        0.00519432        0.00573818
     3.8000000        0.00189800        0.00437268
     3.9000000        0.00603672        0.00608620
     4.0000000       -0.00127555        0.00711630
