         101           4   10.000000000000000                1
     0.0000000        0.11177588        0.01403071
     0.1000000        0.07388844        0.01581840
     0.2000000        0.05046137        0.00819974
     0.3000000        0.02346954        0.00454810
     0.4000000        0.01735828        0.01621801
     0.5000000       -0.00566864        0.00857384
     0.6000000       -0.00496813        0.02342552
     0.7000000       -0.02703627        0.02429055
     0.8000000       -0.02330882        0.01375468
     0.9000000       -0.03196492        0.01672738
     1.0000000       -0.03482721        0.02953685
     1.1000000       -0.01897864        0.01371854
     1.2000000       -0.00534246        0.01013746
     1.3000000        0.00151717        0.01507618
     1.4000000        0.00294173        0.00942551
     1.5000000        0.00261013        0.00489866
     1.6000000       -0.00608094        0.00610717
     1.7000000        0.00091403        0.00714249
     1.8000000        0.00083534        0.00576704
     1.9000000        0.00144517        0.00485885
     2.0000000        0.00773548        0.00780368
     2.1000000        0.00543453        0.01008115
     2.2000000        0.00477502        0.00947910
     2.3000000        0.00205641        0.00625803
     2.4000000        0.00312803        0.01150129
     2.5000000        0.00909529        0.02385345
     2.6000000        0.01186931        0.02231904
     2.7000000        0.01709587        0.01449915
     2.8000000        0.01193633        0.00756542
     2.9000000        0.01219712        0.00624888
     3.0000000        0.00947627        0.00754139
     3.1000000        0.00476415        0.00630378
     3.2000000        0.00913454        0.00452135
     3.3000000        0.00946649        0.00609505
     3.4000000        0.01309217        0.00960432
     3.5000000        0.01009456        0.00678519
     3.6000000        0.00304721        0.00288952
     3.7000000       -0.00088825        0.00234032
     3.8000000        0.00218429        0.00375585
     3.9000000        0.00096474        0.00273129
     4.0000000       -0.00045563        0.00254036
     4.1000000       -0.00586860        0.00179239
     4.2000000       -0.01155342        0.00563029
     4.3000000       -0.01073136        0.00546137
     4.4000000       -0.01106296        0.00500541
     4.5000000       -0.00324196        0.00188444
     4.6000000       -0.00063011        0.00067481
     4.7000000       -0.00005887        0.00193910
     4.8000000        0.00126885        0.00466955
     4.9000000       -0.00180512        0.00155814
     5.0000000        0.00524870        0.00749547
     5.1000000        0.01213789        0.00961722
     5.2000000        0.00826632        0.00781207
     5.3000000        0.00512200        0.00782783
     5.4000000        0.00628942        0.00647082
     5.5000000        0.00138113        0.00306963
     5.6000000       -0.00242521        0.00780971
     5.7000000       -0.00047535        0.00911705
     5.8000000        0.00159884        0.00644291
     5.9000000        0.00370540        0.00352628
     6.0000000        0.00737682        0.00368641
     6.1000000        0.00760628        0.00386152
     6.2000000        0.00218786        0.00532233
     6.3000000       -0.00000987        0.00332921
     6.4000000        0.00052797        0.00185622
     6.5000000       -0.00350548        0.00393522
     6.6000000       -0.00458851        0.00703883
     6.7000000        0.00209240        0.00296696
     6.8000000        0.00007272        0.00408022
     6.9000000       -0.00472196        0.00578916
     7.0000000       -0.00171349        0.00442894
     7.1000000       -0.00252861        0.00151896
     7.2000000       -0.00052939        0.00049372
     7.3000000       -0.00284962        0.00535166
     7.4000000       -0.00230245        0.01011263
     7.5000000        0.00557454        0.01157697
     7.6000000        0.00435056        0.01133128
     7.7000000        0.00684254        0.00938687
     7.8000000        0.00676493        0.00901338
     7.9000000        0.01336356        0.00918213
     8.0000000        0.01192773        0.00634220
     8.1000000        0.00922728        0.00284067
     8.2000000        0.01621712        0.00476338
     8.3000000        0.01984780        0.00617902
     8.4000000        0.03149220        0.00495732
     8.5000000        0.04207826        0.00375554
     8.6000000        0.04561969        0.01381250
     8.7000000        0.05790533        0.02448125
     8.8000000        0.06043370        0.01840232
     8.9000000        0.07792282        0.01064774
     9.0000000        0.08562533        0.00648202
     9.1000000        0.11896947        0.01326645
     9.2000000        0.15462797        0.02005666
     9.3000000        0.21719774        0.01692808
     9.4000000        0.30209445        0.01826523
     9.5000000        0.39421063        0.02484087
     9.6000000        0.51624489        0.01027820
     9.7000000        0.74547238        0.00911198
     9.8000000        1.00229383        0.01034209
     9.9000000        1.38533057        0.01984831
    10.0000000        1.88822412        0.01403071
