          26           4   5.0000000000000000                1
     0.0000000        0.22719819        0.06620596
     0.1000000        0.12830571        0.05052839
     0.2000000        0.06631998        0.05636173
     0.3000000        0.04505248        0.04193049
     0.4000000        0.04718816        0.01578424
     0.5000000        0.00750133        0.04497209
     0.6000000        0.00597836        0.02894145
     0.7000000       -0.00099977        0.02978759
     0.8000000        0.00468406        0.02239903
     0.9000000        0.01421125        0.00540626
     1.0000000       -0.01250724        0.03769093
     1.1000000        0.00298958        0.01717302
     1.2000000        0.01549097        0.00160795
     1.3000000        0.00129517        0.00898571
     1.4000000       -0.00804815        0.02157902
     1.5000000       -0.02662893        0.03660283
     1.6000000       -0.00566257        0.01511789
     1.7000000        0.00537022        0.00250077
     1.8000000        0.00696677        0.00187523
     1.9000000       -0.00280307        0.00808451
     2.0000000        0.00159529        0.00905100
     2.1000000       -0.00535277        0.01345616
     2.2000000       -0.01348497        0.02149881
     2.3000000       -0.01003257        0.01671361
     2.4000000       -0.02564036        0.03463079
     2.5000000       -0.02734600        0.03808421
