          41           4   8.0000000000000000                1
     0.0000000        0.61980372        0.02078165
     0.1000000        0.43100108        0.01668813
     0.2000000        0.33142813        0.01569889
     0.3000000        0.26643163        0.01159752
     0.4000000        0.21355655        0.00915155
     0.5000000        0.16856506        0.00828632
     0.6000000        0.13403212        0.01066187
     0.7000000        0.12451642        0.01039410
     0.8000000        0.10113478        0.01555103
     0.9000000        0.07667125        0.02042004
     1.0000000        0.06175685        0.00978363
     1.1000000        0.05669847        0.00263464
     1.2000000        0.05930012        0.01957259
     1.3000000        0.04855544        0.01603109
     1.4000000        0.03135342        0.00950448
     1.5000000        0.01785564        0.01836965
     1.6000000        0.00928049        0.01881063
     1.7000000        0.02170751        0.02251597
     1.8000000        0.02441323        0.01882626
     1.9000000        0.00448863        0.01462432
     2.0000000        0.01673096        0.01281052
     2.1000000        0.01185029        0.01124557
     2.2000000        0.01520439        0.01080655
     2.3000000        0.03386642        0.00336571
     2.4000000        0.01864801        0.00977001
     2.5000000        0.01388630        0.00475361
     2.6000000        0.00772522        0.01093148
     2.7000000       -0.00473217        0.00932389
     2.8000000        0.00478229        0.01700300
     2.9000000        0.02076757        0.01166987
     3.0000000        0.02692909        0.00810171
     3.1000000        0.02891550        0.00651063
     3.2000000        0.01271206        0.00864179
     3.3000000        0.00870983        0.01154559
     3.4000000        0.02034723        0.00555789
     3.5000000        0.01813569        0.00455749
     3.6000000        0.01932087        0.00347416
     3.7000000        0.01661769        0.00978929
     3.8000000        0.01296486        0.00460164
     3.9000000        0.01154563        0.00703724
     4.0000000        0.01414862        0.01322670
