           9           4   2.0000000000000000                1
     0.0000000        1.73566424        0.02437384
     0.1250000        0.89503341        0.02215276
     0.2500000        0.52501824        0.01444603
     0.3750000        0.35161062        0.01657761
     0.5000000        0.27318109        0.01247078
     0.6250000        0.21895358        0.00698013
     0.7500000        0.18627958        0.00994470
     0.8750000        0.17900767        0.00917356
     1.0000000        0.17024177        0.00631764
