         101           5   10.000000000000000                1
     0.0000000        1.00000000        0.00000000
     0.1000000        0.87665256        0.00842924
     0.2000000        0.76972171        0.01180026
     0.3000000        0.68949303        0.00917848
     0.4000000        0.62382197        0.01646316
     0.5000000        0.56849274        0.01871073
     0.6000000        0.51593436        0.01444443
     0.7000000        0.46538229        0.01457280
     0.8000000        0.42668871        0.01001728
     0.9000000        0.38004477        0.02026716
     1.0000000        0.34345000        0.00915617
     1.1000000        0.30919994        0.00876143
     1.2000000        0.28266589        0.00878624
     1.3000000        0.25589976        0.00586905
     1.4000000        0.22074524        0.00764581
     1.5000000        0.19165292        0.01176511
     1.6000000        0.17491285        0.01037607
     1.7000000        0.15311477        0.01047773
     1.8000000        0.13876348        0.01178932
     1.9000000        0.12081598        0.00831928
     2.0000000        0.11996243        0.01069687
     2.1000000        0.11153951        0.01237221
     2.2000000        0.10522895        0.01440559
     2.3000000        0.09159983        0.01226654
     2.4000000        0.07804017        0.00540221
     2.5000000        0.07798193        0.00314495
     2.6000000        0.07183659        0.00841035
     2.7000000        0.06610254        0.00464996
     2.8000000        0.07220271        0.00704805
     2.9000000        0.06546315        0.01287507
     3.0000000        0.05646531        0.00918481
     3.1000000        0.05170304        0.00789074
     3.2000000        0.04391642        0.00625587
     3.3000000        0.04576727        0.00803932
     3.4000000        0.03791913        0.01263108
     3.5000000        0.03119940        0.01155713
     3.6000000        0.02997574        0.01244514
     3.7000000        0.02826311        0.00923764
     3.8000000        0.02745875        0.00742266
     3.9000000        0.03269875        0.01076556
     4.0000000        0.03041120        0.01110507
     4.1000000        0.03543759        0.01477339
     4.2000000        0.02754554        0.01342714
     4.3000000        0.02900164        0.01204173
     4.4000000        0.03331953        0.01075519
     4.5000000        0.02870547        0.01030250
     4.6000000        0.02566936        0.00666978
     4.7000000        0.02973941        0.00729792
     4.8000000        0.03088094        0.00694903
     4.9000000        0.03047639        0.00608686
     5.0000000        0.03149770        0.00685141
     5.1000000        0.03481099        0.00853726
     5.2000000        0.03482291        0.00803693
     5.3000000        0.03482442        0.00849764
     5.4000000        0.03304381        0.00878320
     5.5000000        0.03134517        0.00748950
     5.6000000        0.02983146        0.00523561
     5.7000000        0.02957868        0.00715674
     5.8000000        0.02877362        0.01291203
     5.9000000        0.03043095        0.01109409
     6.0000000        0.03368369        0.01427297
     6.1000000        0.03631172        0.01295704
     6.2000000        0.04159186        0.01584117
     6.3000000        0.04390041        0.01793683
     6.4000000        0.04166159        0.01701113
     6.5000000        0.03885271        0.01746277
     6.6000000        0.03855079        0.01960594
     6.7000000        0.04731203        0.01582815
     6.8000000        0.04692954        0.01471355
     6.9000000        0.05694220        0.01292692
     7.0000000        0.06353781        0.01458767
     7.1000000        0.06208765        0.01742984
     7.2000000        0.06438296        0.01764186
     7.3000000        0.06916599        0.01628109
     7.4000000        0.06855381        0.01510972
     7.5000000        0.08254860        0.01443072
     7.6000000        0.08771649        0.01494115
     7.7000000        0.09839381        0.01418586
     7.8000000        0.10305331        0.01821702
     7.9000000        0.11564807        0.02023022
     8.0000000        0.12100104        0.02191804
     8.1000000        0.13390654        0.01562831
     8.2000000        0.14522667        0.01860103
     8.3000000        0.14993609        0.01648961
     8.4000000        0.16344186        0.01581516
     8.5000000        0.17525210        0.01643240
     8.6000000        0.20181371        0.01952882
     8.7000000        0.21468701        0.01682007
     8.8000000        0.24000056        0.01164748
     8.9000000        0.27402918        0.01281506
     9.0000000        0.30830944        0.00954951
     9.1000000        0.33908666        0.01049216
     9.2000000        0.38648565        0.00501700
     9.3000000        0.43251520        0.00864953
     9.4000000        0.48428432        0.00881680
     9.5000000        0.54314517        0.01159135
     9.6000000        0.62268883        0.00754679
     9.7000000        0.69945719        0.00849836
     9.8000000        0.76679718        0.00563784
     9.9000000        0.87656455        0.00681570
    10.0000000        1.00000000        0.00000000
