          51           4   10.000000000000000                1
     0.0000000        1.05505520        0.04132658
     0.1000000        0.71302027        0.03313443
     0.2000000        0.47954068        0.04411388
     0.3000000        0.33414312        0.01707913
     0.4000000        0.25075695        0.01194881
     0.5000000        0.19087399        0.01653739
     0.6000000        0.14185289        0.01483584
     0.7000000        0.12790556        0.01241934
     0.8000000        0.09156051        0.01389664
     0.9000000        0.08280404        0.01042995
     1.0000000        0.07719060        0.00919384
     1.1000000        0.05547671        0.00535323
     1.2000000        0.04413593        0.00595584
     1.3000000        0.03802537        0.00953559
     1.4000000        0.02593657        0.01459472
     1.5000000        0.01644785        0.01629648
     1.6000000        0.01648946        0.02257915
     1.7000000        0.01391093        0.00584752
     1.8000000        0.03323444        0.01748489
     1.9000000        0.03367382        0.02229051
     2.0000000        0.02851780        0.02438016
     2.1000000        0.02078825        0.00809246
     2.2000000        0.02521808        0.01885853
     2.3000000        0.01435884        0.01752800
     2.4000000       -0.00706726        0.01293237
     2.5000000        0.00212932        0.03670282
     2.6000000       -0.00663633        0.01499862
     2.7000000       -0.00696608        0.00868780
     2.8000000       -0.00793635        0.01437038
     2.9000000       -0.01408010        0.01318078
     3.0000000       -0.00698814        0.01949247
     3.1000000       -0.01222917        0.01883261
     3.2000000        0.00022369        0.00861390
     3.3000000        0.00161153        0.01288735
     3.4000000        0.00810318        0.00540053
     3.5000000        0.00722553        0.00745831
     3.6000000       -0.01190370        0.01331562
     3.7000000        0.00190414        0.01282686
     3.8000000       -0.00267617        0.00926975
     3.9000000       -0.00084425        0.00361507
     4.0000000       -0.00928751        0.01713798
     4.1000000       -0.01077048        0.01714820
     4.2000000        0.00568630        0.01012486
     4.3000000       -0.00974565        0.01635505
     4.4000000       -0.00970431        0.01242916
     4.5000000       -0.00959947        0.00905555
     4.6000000       -0.00966713        0.01539818
     4.7000000       -0.00968040        0.01220854
     4.8000000       -0.00760703        0.01430274
     4.9000000       -0.01011679        0.00865692
     5.0000000        0.01414670        0.01365282
