          11           9   2.0000000000000000                1
     0.0000000        0.50464082        0.00546532
     0.1000000        0.44952143        0.00530098
     0.2000000        0.40635511        0.00511169
     0.3000000        0.37216277        0.00487154
     0.4000000        0.34509963        0.00464649
     0.5000000        0.32363225        0.00441941
     0.6000000        0.30680730        0.00415063
     0.7000000        0.29444573        0.00392947
     0.8000000        0.28624778        0.00387526
     0.9000000        0.28187736        0.00392094
     1.0000000        0.28064591        0.00395073
