          51           4   10.000000000000000                1
     0.0000000        0.67158531        0.03033638
     0.1000000        0.55407648        0.02898089
     0.2000000        0.46638769        0.02715568
     0.3000000        0.39873652        0.02472501
     0.4000000        0.34351763        0.02161428
     0.5000000        0.29710937        0.01797914
     0.6000000        0.25882447        0.01493450
     0.7000000        0.22616304        0.01287486
     0.8000000        0.19857387        0.01212037
     0.9000000        0.17703706        0.01176267
     1.0000000        0.15866831        0.01120414
     1.1000000        0.14284338        0.01112787
     1.2000000        0.12921616        0.01105915
     1.3000000        0.11775909        0.01013376
     1.4000000        0.10845638        0.00895585
     1.5000000        0.09941148        0.00815729
     1.6000000        0.09013010        0.00751571
     1.7000000        0.08184370        0.00695891
     1.8000000        0.07433985        0.00631471
     1.9000000        0.06676343        0.00511491
     2.0000000        0.05955548        0.00421594
     2.1000000        0.05362345        0.00461008
     2.2000000        0.04874017        0.00443561
     2.3000000        0.04540579        0.00490399
     2.4000000        0.04252049        0.00625513
     2.5000000        0.03957608        0.00703863
     2.6000000        0.03823892        0.00691208
     2.7000000        0.03598028        0.00617863
     2.8000000        0.03222686        0.00520005
     2.9000000        0.02973282        0.00439617
     3.0000000        0.02811427        0.00347574
     3.1000000        0.02648472        0.00285170
     3.2000000        0.02609231        0.00320965
     3.3000000        0.02653990        0.00334297
     3.4000000        0.02608455        0.00294961
     3.5000000        0.02554522        0.00407156
     3.6000000        0.02617127        0.00603779
     3.7000000        0.02579356        0.00724736
     3.8000000        0.02428335        0.00815527
     3.9000000        0.02344638        0.00948458
     4.0000000        0.02373321        0.01005669
     4.1000000        0.02452738        0.01054036
     4.2000000        0.02350943        0.01108419
     4.3000000        0.02156688        0.01155971
     4.4000000        0.02014275        0.01273827
     4.5000000        0.01843263        0.01313094
     4.6000000        0.01653152        0.01242350
     4.7000000        0.01352121        0.01134282
     4.8000000        0.00994039        0.01111945
     4.9000000        0.00910384        0.01079825
     5.0000000        0.00978610        0.01026984
