   -1.570796     -1.570796        1.18486071        0.07478514        0.01045211        0.02215945
   -1.570796      0.000000        0.57760906        0.00961568        0.02938037        0.01249702
   -1.570796      1.570796        1.05733977        0.06193986       -0.02006103        0.03289284
   -1.570796      3.141593        0.90059140        0.06960889        0.01264979        0.04125376
    0.000000     -1.570796        0.60075358        0.02656107       -0.02544847        0.01754750
    0.000000      0.000000        0.87889438        0.02971350        0.00000000        0.00000000
    0.000000      1.570796        0.60075358        0.02656107        0.02544847        0.01754750
    0.000000      3.141593        1.05403677        0.04451288        0.00000000        0.00000000
    1.570796     -1.570796        1.05733977        0.06193986        0.02006103        0.03289284
    1.570796      0.000000        0.57760906        0.00961568       -0.02938037        0.01249702
    1.570796      1.570796        1.18486071        0.07478514       -0.01045211        0.02215945
    1.570796      3.141593        0.90059140        0.06960889       -0.01264979        0.04125376
    3.141593     -1.570796        0.96014722        0.06355383       -0.00756366        0.02238523
    3.141593      0.000000        1.09349135        0.07685682        0.00000000        0.00000000
    3.141593      1.570796        0.96014722        0.06355383        0.00756366        0.02238523
    3.141593      3.141593       17.14325369        0.86365074        0.00000000        0.00000000
