   -1.000000     -1.000000
  1    1       -0.00968489        0.00478060        0.00000000        0.00000000
   -1.000000      0.000000
  1    1       -0.03992498        0.00655104       -0.00000000        0.00000000
   -1.000000      1.000000
  1    1       -0.00919322        0.00416424       -0.00000000        0.00000000
   -1.000000      2.000000
  1    1       -0.00173386        0.00269189        0.00000000        0.00000000
    0.000000     -1.000000
  1    1       -0.04161431        0.00468471       -0.00000000        0.00000000
    0.000000      0.000000
  1    1        0.23257770        0.01001875       -0.00000000        0.00000000
    0.000000      1.000000
  1    1       -0.04161431        0.00468471        0.00000000        0.00000000
    0.000000      2.000000
  1    1       -0.00753441        0.00244151       -0.00000000        0.00000000
    1.000000     -1.000000
  1    1       -0.00919322        0.00416424        0.00000000        0.00000000
    1.000000      0.000000
  1    1       -0.03992498        0.00655104        0.00000000        0.00000000
    1.000000      1.000000
  1    1       -0.00968489        0.00478060        0.00000000        0.00000000
    1.000000      2.000000
  1    1       -0.00173386        0.00269189        0.00000000        0.00000000
    2.000000     -1.000000
  1    1       -0.00062780        0.00404180        0.00000000        0.00000000
    2.000000      0.000000
  1    1       -0.00835056        0.00372814       -0.00000000        0.00000000
    2.000000      1.000000
  1    1       -0.00062780        0.00404180        0.00000000        0.00000000
    2.000000      2.000000
  1    1       -0.01015257        0.00367342        0.00000000        0.00000000
