           9           4   2.0000000000000000                1
     0.0000000        0.83400437        0.00860291
     0.1250000        0.68857083        0.00875741
     0.2500000        0.57299520        0.01043212
     0.3750000        0.51437667        0.01419202
     0.5000000        0.46042180        0.01802677
     0.6250000        0.39087956        0.01815592
     0.7500000        0.39294449        0.01385577
     0.8750000        0.37703821        0.02589565
     1.0000000        0.38980755        0.03961959
