          31           9   6.0000000000000000                1
     0.0000000        0.28306856        0.01010832
     0.1000000        0.17661745        0.00939933
     0.2000000        0.11326541        0.00835013
     0.3000000        0.07396749        0.00760183
     0.4000000        0.04871847        0.00715369
     0.5000000        0.03257012        0.00732096
     0.6000000        0.02210514        0.00744861
     0.7000000        0.01596002        0.00714172
     0.8000000        0.01325383        0.00694509
     0.9000000        0.01211471        0.00725018
     1.0000000        0.01133993        0.00739574
     1.1000000        0.00980666        0.00741107
     1.2000000        0.00664256        0.00739500
     1.3000000        0.00335637        0.00696125
     1.4000000        0.00155627        0.00601086
     1.5000000        0.00065722        0.00565408
     1.6000000        0.00032479        0.00614957
     1.7000000        0.00030101        0.00623065
     1.8000000       -0.00029393        0.00555223
     1.9000000       -0.00057924        0.00496601
     2.0000000        0.00051617        0.00501165
     2.1000000        0.00120818        0.00516253
     2.2000000        0.00184341        0.00524447
     2.3000000        0.00284465        0.00562630
     2.4000000        0.00358617        0.00657673
     2.5000000        0.00342237        0.00751367
     2.6000000        0.00310060        0.00790092
     2.7000000        0.00343357        0.00816461
     2.8000000        0.00279028        0.00838627
     2.9000000        0.00200768        0.00849396
     3.0000000        0.00197964        0.00857975
