   -1.570796     -1.570796
  1    1        0.23787050        0.00089413        0.00000000        0.00000000
   -1.570796      0.000000
  1    1        0.16053819        0.00223422        0.00000000        0.00000000
   -1.570796      1.570796
  1    1        0.23722870        0.00106259       -0.00000000        0.00000000
   -1.570796      3.141593
  1    1        0.32610521        0.00116641       -0.00000000        0.00000000
    0.000000     -1.570796
  1    1        0.16203827        0.00089865        0.00000000        0.00000000
    0.000000      0.000000
  1    1        0.00013177        0.00004683        0.00000000        0.00000000
    0.000000      1.570796
  1    1        0.16203827        0.00089865       -0.00000000        0.00000000
    0.000000      3.141593
  1    1        0.23881393        0.00070794        0.00000000        0.00000000
    1.570796     -1.570796
  1    1        0.23722870        0.00106259        0.00000000        0.00000000
    1.570796      0.000000
  1    1        0.16053819        0.00223422       -0.00000000        0.00000000
    1.570796      1.570796
  1    1        0.23787050        0.00089413       -0.00000000        0.00000000
    1.570796      3.141593
  1    1        0.32610521        0.00116641        0.00000000        0.00000000
    3.141593     -1.570796
  1    1        0.32348826        0.00133957        0.00000000        0.00000000
    3.141593      0.000000
  1    1        0.23635322        0.00150656        0.00000000        0.00000000
    3.141593      1.570796
  1    1        0.32348826        0.00133957        0.00000000        0.00000000
    3.141593      3.141593
  1    1        0.39314395        0.00096160       -0.00000000        0.00000000
