          51           9   10.000000000000000                1
     0.0000000        0.07452017        0.01002861
     0.1000000        0.05259885        0.00559228
     0.2000000        0.03934119        0.00353472
     0.3000000        0.02943340        0.00359052
     0.4000000        0.02579117        0.00217005
     0.5000000        0.02273253        0.00343703
     0.6000000        0.01702212        0.00195359
     0.7000000        0.01013486        0.00328965
     0.8000000        0.00874947        0.00303534
     0.9000000        0.01032226        0.00364170
     1.0000000        0.00515807        0.00169952
     1.1000000        0.00311167        0.00178000
     1.2000000        0.00236419        0.00146840
     1.3000000        0.00873843        0.00350522
     1.4000000        0.00162405        0.00170336
     1.5000000        0.00482931        0.00276489
     1.6000000        0.00365251        0.00437266
     1.7000000        0.00102210        0.00378287
     1.8000000        0.00240529        0.00314481
     1.9000000        0.00357528        0.00372038
     2.0000000        0.00443387        0.00259621
     2.1000000        0.00036463        0.00242971
     2.2000000       -0.00122403        0.00284048
     2.3000000        0.00003517        0.00243925
     2.4000000        0.00075072        0.00259227
     2.5000000        0.00081803        0.00250734
     2.6000000       -0.00015298        0.00231113
     2.7000000        0.00339688        0.00205999
     2.8000000        0.00224244        0.00236123
     2.9000000        0.00060119        0.00245389
     3.0000000       -0.00085473        0.00252446
     3.1000000        0.00493893        0.00234122
     3.2000000        0.00467105        0.00236970
     3.3000000        0.00580486        0.00152801
     3.4000000        0.00361834        0.00182618
     3.5000000        0.00524530        0.00356650
     3.6000000        0.00306427        0.00240123
     3.7000000        0.00227356        0.00286706
     3.8000000        0.00094358        0.00369466
     3.9000000        0.00468925        0.00401059
     4.0000000        0.00135341        0.00395766
     4.1000000        0.00213995        0.00267146
     4.2000000        0.00134377        0.00197900
     4.3000000        0.00185595        0.00167307
     4.4000000        0.00066939        0.00322292
     4.5000000        0.00141233        0.00475641
     4.6000000        0.00040015        0.00554124
     4.7000000        0.00172670        0.00498391
     4.8000000       -0.00125655        0.00344408
     4.9000000       -0.00438765        0.00297733
     5.0000000       -0.00086161        0.00211256
