          21           4   4.0000000000000000                1
     0.0000000        1.07120051        0.00904979
     0.1000000        0.73737474        0.01042835
     0.2000000        0.52602757        0.01094676
     0.3000000        0.39569013        0.00596242
     0.4000000        0.29743267        0.00756252
     0.5000000        0.22767075        0.00646117
     0.6000000        0.18319425        0.01210737
     0.7000000        0.15429767        0.00956527
     0.8000000        0.13975149        0.00989681
     0.9000000        0.11504536        0.00652084
     1.0000000        0.09058164        0.00578334
     1.1000000        0.08267999        0.00528706
     1.2000000        0.07937289        0.01174885
     1.3000000        0.06038377        0.00512435
     1.4000000        0.04906688        0.00427992
     1.5000000        0.05481098        0.00750041
     1.6000000        0.05021640        0.01569726
     1.7000000        0.04716988        0.01481574
     1.8000000        0.04770411        0.01992123
     1.9000000        0.04964020        0.01929072
     2.0000000        0.05090360        0.01542491
