          41           9   4.0000000000000000                1
     0.0000000        0.08665465        0.00199112
     0.1000000        0.05708371        0.00138425
     0.2000000        0.04133889        0.00136839
     0.3000000        0.02870685        0.00152334
     0.4000000        0.02339540        0.00229902
     0.5000000        0.01743788        0.00161368
     0.6000000        0.01234952        0.00194857
     0.7000000        0.01128944        0.00155481
     0.8000000        0.01157925        0.00168500
     0.9000000        0.01249413        0.00167959
     1.0000000        0.00743813        0.00111338
     1.1000000        0.00602543        0.00231316
     1.2000000        0.00530898        0.00257735
     1.3000000        0.00511562        0.00179406
     1.4000000        0.00497913        0.00215460
     1.5000000        0.00624845        0.00239970
     1.6000000        0.00809880        0.00171079
     1.7000000        0.00843399        0.00184277
     1.8000000        0.01163091        0.00108463
     1.9000000        0.01238579        0.00161275
     2.0000000        0.01148460        0.00284543
     2.1000000        0.01376526        0.00228163
     2.2000000        0.01736457        0.00224081
     2.3000000        0.01993342        0.00254619
     2.4000000        0.02310275        0.00225007
     2.5000000        0.02585165        0.00173543
     2.6000000        0.03509581        0.00141873
     2.7000000        0.04270911        0.00111927
     2.8000000        0.05457751        0.00191382
     2.9000000        0.07061647        0.00230915
     3.0000000        0.08649193        0.00160102
     3.1000000        0.11173126        0.00222875
     3.2000000        0.14677260        0.00186956
     3.3000000        0.19530219        0.00267551
     3.4000000        0.26279108        0.00147071
     3.5000000        0.35435644        0.00172130
     3.6000000        0.48447315        0.00229236
     3.7000000        0.67098364        0.00219151
     3.8000000        0.94215991        0.00316427
     3.9000000        1.33461798        0.00213469
     4.0000000        1.91334535        0.00199112
