          11           4   2.0000000000000000                1
     0.0000000        0.20247537        0.04126013
     0.1000000        0.14605783        0.01499761
     0.2000000        0.08486357        0.02615529
     0.3000000        0.12758983        0.04209658
     0.4000000        0.10362724        0.02513810
     0.5000000        0.04408897        0.03199868
     0.6000000        0.04001596        0.03738899
     0.7000000        0.04112074        0.02647769
     0.8000000        0.03686886        0.00811311
     0.9000000        0.02740757        0.01966005
     1.0000000        0.00023856        0.03944139
